18,141,36.658521242393846
18,153,7.570830462326933
18,154,0.08571217520762583
18,155,36.054393858345264
18,156,1.0861172733451965
18,157,1.3281587816807792
18,158,1.1873726872226849
18,159,36.439875879697915
18,160,34.96202524786212
18,161,0.015867937450610763
18,162,1.16647940677379
18,163,5.771386901318284
18,164,1.1514271263427067
18,165,35.40123842389426
18,166,3.2025949751988265
18,167,1.1012592894522062
18,168,0.021848588824373977
18,169,0.7151489495713453
18,170,1.1683144089522484
18,171,36.20415635371115
