12,215,34.073332230717384
12,230,1.1387049252688697
12,231,31.62921845741073
12,232,14.053905152810728
12,233,2.6174479915638886
12,234,5.8873676907870385
12,235,32.443616293363114
12,236,27.0229092340524
12,237,5.655292341428686
12,238,17.111928701708457
12,239,0.9651901192973565
12,240,18.666150008186317
12,241,25.896024259857874
12,242,32.88714541375689
12,243,1.1019438699899133
12,244,27.222116442881603
12,245,32.87897315203352
12,246,0.07508558865853932
12,247,0.7122148524447425
12,248,0.0888247029320164
