18,215,34.04081021711834
18,344,3.321169949614884
18,345,6.137426654711285
18,346,4.6891868080360295
18,347,13.049636833710377
18,348,28.955456092485463
18,349,30.947130454899785
18,350,18.45943804701115
18,351,2.8892382109043213
18,352,19.124181436694844
18,353,18.458050974886387
18,354,2.3470256606579474
18,355,18.739419241888342
18,356,19.33828896322294
18,357,0.05160202425428057
18,358,10.949958144756927
18,359,31.953044172824413
18,360,4.247146618014006
18,361,19.145235470285776
18,362,17.966214968054107
