0,1,THYMIO,0.995157774547042,0.9899427848408892,0.7625786163522013,0.779874213836478,0.7861635220125787,0.7908805031446541,0.809748427672956,0.0,0.0,134.0,0.20552147239263804,652.0,0.0,0.0,652.0,518.0,0.7944785276073619,652.0
0,2,THYMIO,0.3937492391022862,5.07435783420899e-05,0.0,0.00819672131147541,0.15737704918032788,0.28032786885245903,0.2836065573770492,0.003278688524590164,0.009836065573770493,610.0,1.0,610.0,0.0,0.0,610.0,0.0,0.0,610.0
0,3,THYMIO,0.01376808063642965,0.19478109276170189,0.19117647058823528,0.0,0.0,0.0,0.0,0.4264705882352941,0.45588235294117646,68.0,1.0,68.0,0.0,0.0,68.0,0.0,0.0,68.0
0,4,THYMIO,0.9213456768571736,0.4742934273054613,0.6521739130434783,0.6956521739130435,0.6630434782608695,0.6086956521739131,0.5108695652173914,0.0,0.0,92.0,1.0,92.0,0.0,0.0,92.0,0.0,0.0,92.0
0,5,THYMIO,0.9302777750439754,0.6167132299490563,0.6129032258064516,0.7096774193548387,0.6935483870967742,0.7419354838709677,0.6290322580645161,0.06451612903225806,0.06451612903225806,62.0,1.0,62.0,0.0,0.0,62.0,0.0,0.0,62.0
0,6,THYMIO,0.9998764604122086,0.6029455024561073,0.5555555555555556,0.6111111111111112,0.6666666666666666,0.7222222222222222,0.6944444444444444,0.0,0.0,36.0,1.0,36.0,0.0,0.0,36.0,0.0,0.0,36.0
0,7,THYMIO,0.9545726353928005,0.3532665741079837,0.13333333333333333,0.4095238095238095,0.38095238095238093,0.47619047619047616,0.4095238095238095,0.0,0.0,105.0,1.0,105.0,0.0,0.0,105.0,0.0,0.0,105.0
0,8,THYMIO,0.23579023677362776,0.026906138205958812,0.0,0.0,0.0,0.0,0.0,0.29411764705882354,0.3333333333333333,51.0,1.0,51.0,0.0,0.0,51.0,0.0,0.0,51.0
0,9,THYMIO,0.07896482476131889,0.033716672387990324,0.0,0.0,0.0,0.0,0.0,0.7027027027027027,0.8648648648648649,37.0,1.0,37.0,0.0,0.0,37.0,0.0,0.0,37.0
0,10,THYMIO,0.007736045079231866,0.009984065303506328,0.0,0.0,0.0,0.0,0.0,1.0,1.0,31.0,1.0,31.0,0.0,0.0,31.0,0.0,0.0,31.0
0,11,THYMIO,0.9121471223912314,0.00016179109035361852,0.08372093023255814,0.4046511627906977,0.24806201550387597,0.35658914728682173,0.16124031007751938,0.020155038759689922,0.023255813953488372,645.0,1.0,645.0,0.0,0.0,645.0,0.0,0.0,645.0
0,12,THYMIO,0.9997502439886945,0.6147262398589309,0.62,0.72,0.76,0.8,0.72,0.0,0.0,50.0,1.0,50.0,0.0,0.0,50.0,0.0,0.0,50.0
0,13,THYMIO,0.885468407736687,0.8360855967982834,0.0,0.0,0.0,0.8064516129032258,0.8387096774193549,0.0,0.0,62.0,1.0,62.0,0.0,0.0,62.0,0.0,0.0,62.0
0,14,THYMIO,0.0011824498166175775,0.8475879383047429,0.4111111111111111,0.46111111111111114,0.42777777777777776,0.4166666666666667,0.37222222222222223,0.26666666666666666,0.2777777777777778,180.0,1.0,180.0,0.0,0.0,180.0,0.0,0.0,180.0
0,15,THYMIO,0.42877288887227466,0.025761627547266172,0.0,0.0,0.0,0.0,0.0,0.72,1.0,25.0,1.0,25.0,0.0,0.0,25.0,0.0,0.0,25.0
0,16,THYMIO,0.9998437605428775,0.3002816059667041,0.5849056603773585,0.7169811320754716,0.6981132075471698,0.7924528301886793,0.6792452830188679,0.09433962264150944,0.1320754716981132,53.0,1.0,53.0,0.0,0.0,53.0,0.0,0.0,53.0
0,17,THYMIO,0.0810267342330197,0.2084694554608558,0.0,0.0,0.0,0.0,0.0,0.7317073170731707,0.7560975609756098,41.0,1.0,41.0,0.0,0.0,41.0,0.0,0.0,41.0
0,18,THYMIO,0.9746018174103757,0.6884509729433633,0.5,0.6153846153846154,0.6730769230769231,0.75,0.6153846153846154,0.11538461538461539,0.1346153846153846,52.0,1.0,52.0,0.0,0.0,52.0,0.0,0.0,52.0
0,19,THYMIO,0.49145803124989695,0.5192384455495378,0.6171328671328671,0.7027972027972028,0.0,0.0,0.0,0.0,0.0,572.0,1.0,572.0,0.0,0.0,572.0,0.0,0.0,572.0
0,20,THYMIO,0.0014818577531589146,0.8358008868614556,0.08709677419354839,0.2306451612903226,0.054838709677419356,0.03225806451612903,0.0,0.012903225806451613,0.00967741935483871,620.0,1.0,620.0,0.0,0.0,620.0,0.0,0.0,620.0
1,2,THYMIO,0.2679302266637819,4.514286877088838e-05,0.0,0.0,0.0,0.0,0.0,0.509090909090909,0.4909090909090909,55.0,1.0,55.0,0.0,0.0,55.0,0.0,0.0,55.0
1,21,THYMIO,0.5073748248731054,0.9988191583710642,0.7777777777777778,0.8356807511737089,0.8278560250391236,0.8309859154929577,0.03912363067292645,0.0,0.009389671361502348,639.0,1.0,639.0,0.0,0.0,639.0,0.0,0.0,639.0
1,22,THYMIO,0.2650180983751793,1.4262165524890085e-06,0.0,0.0,0.0,0.0,0.26,0.12,0.44,50.0,1.0,50.0,0.0,0.0,50.0,0.0,0.0,50.0
1,23,THYMIO,0.49826872442259956,0.4850464767532041,0.0,0.0,0.0,0.0,0.0,0.9624413145539906,0.009389671361502348,639.0,1.0,639.0,0.0,0.0,639.0,0.0,0.0,639.0
1,24,THYMIO,0.003895118527658747,0.0021752072003754465,0.0,0.0,0.0,0.0,0.0,0.8378378378378378,0.8918918918918919,37.0,1.0,37.0,0.0,0.0,37.0,0.0,0.0,37.0
1,25,THYMIO,0.012017073156799245,5.431728170933104e-08,0.0,0.0,0.0,0.0,0.0,1.0,1.0,31.0,1.0,31.0,0.0,0.0,31.0,0.0,0.0,31.0
1,26,THYMIO,0.01466510354864983,2.515015720348012e-06,0.0,0.0,0.0,0.0,0.0,1.0,1.0,26.0,1.0,26.0,0.0,0.0,26.0,0.0,0.0,26.0
1,27,THYMIO,0.20060673253034464,0.48363600784177424,0.45454545454545453,0.7613636363636364,0.0,0.0,0.0,0.19318181818181818,0.07954545454545454,88.0,1.0,88.0,0.0,0.0,88.0,0.0,0.0,88.0
1,28,THYMIO,0.22199609744997836,0.39631100395510444,0.0,0.0,0.0,0.0,0.0,0.8679245283018868,0.5660377358490566,53.0,1.0,53.0,0.0,0.0,53.0,0.0,0.0,53.0
1,29,THYMIO,0.7662053991398478,0.5655448345183047,0.1875,0.5416666666666666,0.5625,0.6041666666666666,0.6458333333333334,0.3333333333333333,0.3333333333333333,48.0,1.0,48.0,0.0,0.0,48.0,0.0,0.0,48.0
1,30,THYMIO,0.5734425379340703,0.5735043992188061,0.897196261682243,0.49221183800623053,0.001557632398753894,0.0,0.0,0.006230529595015576,0.006230529595015576,642.0,1.0,642.0,0.0,0.0,642.0,0.0,0.0,642.0
1,31,THYMIO,0.16874580606214395,0.3305198993451409,0.32941176470588235,0.3058823529411765,0.11764705882352941,0.058823529411764705,0.0,0.6,0.32941176470588235,85.0,1.0,85.0,0.0,0.0,85.0,0.0,0.0,85.0
1,32,THYMIO,0.17276878115230462,9.171302002119052e-05,0.0,0.0,0.0,0.0,0.0,0.8157894736842105,0.8157894736842105,38.0,1.0,38.0,0.0,0.0,38.0,0.0,0.0,38.0
1,33,THYMIO,0.008539239834830655,2.815242711948628e-10,0.0,0.0,0.0,0.0,0.0,1.0,1.0,25.0,1.0,25.0,0.0,0.0,25.0,0.0,0.0,25.0
1,34,THYMIO,0.010422494787180787,9.553894591455412e-05,0.0,0.0,0.0,0.0,0.0,1.0,1.0,25.0,1.0,25.0,0.0,0.0,25.0,0.0,0.0,25.0
1,35,THYMIO,0.015535277938733247,0.000884835444337112,0.0,0.0,0.0,0.0,0.0,1.0,1.0,23.0,1.0,23.0,0.0,0.0,23.0,0.0,0.0,23.0
1,36,THYMIO,0.010387616204804618,6.293664339129894e-06,0.0,0.0,0.0,0.0,0.0,1.0,1.0,24.0,1.0,24.0,0.0,0.0,24.0,0.0,0.0,24.0
1,37,THYMIO,0.3556504701311946,0.0299611065176192,0.0,0.0,0.0,0.0,0.0,1.0,1.0,25.0,1.0,25.0,0.0,0.0,25.0,0.0,0.0,25.0
1,38,THYMIO,0.508469375718964,0.4870930742482151,0.0,0.9729272419627749,0.8578680203045685,0.9763113367174281,0.9746192893401016,0.011844331641285956,0.01692047377326565,591.0,1.0,591.0,0.0,0.0,591.0,0.0,0.0,591.0
1,39,THYMIO,0.5387332826305539,0.5477049758289678,0.6017094017094017,0.8871794871794871,0.11965811965811966,0.0,0.0,0.0,0.0,585.0,1.0,585.0,0.0,0.0,585.0,0.0,0.0,585.0
2,39,THYMIO,0.9977438185032191,0.6424758351564759,0.7608695652173914,0.7701863354037267,0.7763975155279503,0.7857142857142857,0.6832298136645962,0.0,0.0,140.0,0.21212121212121213,660.0,0.0,0.0,660.0,520.0,0.7878787878787878,660.0
2,40,THYMIO,0.26563311609738766,1.4180479939753745e-08,0.0,0.0,0.0,0.0,0.0,0.17777777777777778,0.6888888888888889,45.0,1.0,45.0,0.0,0.0,45.0,0.0,0.0,45.0
2,41,THYMIO,0.006178775728132599,0.0004920203655537227,0.0,0.0,0.0,0.0,0.0,0.9117647058823529,0.9411764705882353,34.0,1.0,34.0,0.0,0.0,34.0,0.0,0.0,34.0
2,42,THYMIO,0.00030540670401332933,9.447838911710988e-05,0.0,0.0,0.0,0.0,0.0,0.8787878787878788,0.8484848484848485,33.0,1.0,33.0,0.0,0.0,33.0,0.0,0.0,33.0
2,43,THYMIO,0.8333918324902722,0.7898546902811029,0.31695721077654515,0.3058637083993661,0.49128367670364503,0.5150554675118859,0.06497622820919176,0.00792393026941363,0.009508716323296355,631.0,1.0,631.0,0.0,0.0,631.0,0.0,0.0,631.0
2,44,THYMIO,0.30400772956893257,0.017830694509523484,0.0,0.0,0.0,0.16279069767441862,0.23255813953488372,0.5116279069767442,0.6976744186046512,43.0,1.0,43.0,0.0,0.0,43.0,0.0,0.0,43.0
2,45,THYMIO,0.3647851929566779,0.502223510883555,0.1774193548387097,0.27419354838709675,0.0,0.0,0.0,0.8870967741935484,0.532258064516129,62.0,1.0,62.0,0.0,0.0,62.0,0.0,0.0,62.0
2,46,THYMIO,0.49327352060641805,0.5138296675234431,0.990228013029316,0.988599348534202,0.9837133550488599,0.9788273615635179,0.0,0.013029315960912053,0.008143322475570033,614.0,1.0,614.0,0.0,0.0,614.0,0.0,0.0,614.0
2,47,THYMIO,0.004549304231856201,0.7528265103067139,0.1664,0.368,0.1472,0.0592,0.0,0.0,0.0,625.0,1.0,625.0,0.0,0.0,625.0,0.0,0.0,625.0
2,48,THYMIO,0.9991527236509065,0.9976730683545413,0.736,0.76,0.7712,0.7792,0.7712,0.0,0.0,140.0,0.21806853582554517,642.0,0.0,0.0,642.0,502.0,0.7819314641744548,642.0
2,49,THYMIO,0.996736738814101,0.9888679290884828,0.24675324675324675,0.0,0.0,0.0,0.0,0.0,0.0,77.0,1.0,77.0,0.0,0.0,77.0,0.0,0.0,77.0
2,50,THYMIO,0.966729242537474,0.5525611240020892,0.9570552147239264,0.9366053169734151,0.03067484662576687,0.024539877300613498,0.0,0.0,0.0,489.0,1.0,489.0,0.0,0.0,489.0,0.0,0.0,489.0
2,51,THYMIO,0.015155927006334108,0.8476252886038731,0.058931860036832415,0.13996316758747698,0.009208103130755065,0.0,0.0,0.0,0.0,543.0,1.0,543.0,0.0,0.0,543.0,0.0,0.0,543.0
2,52,THYMIO,0.9874067773172006,0.8163738435365153,0.3283582089552239,0.21641791044776118,0.05223880597014925,0.04477611940298507,0.04477611940298507,0.0,0.0,134.0,1.0,134.0,0.0,0.0,134.0,0.0,0.0,134.0
2,53,THYMIO,0.9946413423059316,0.573748084869488,0.08828250401284109,0.1508828250401284,0.12841091492776885,0.1492776886035313,0.07704654895666131,0.0,0.0,623.0,1.0,623.0,0.0,0.0,623.0,0.0,0.0,623.0
2,54,THYMIO,0.06214556728954028,0.0021924730640313986,0.0,0.0,0.0,0.0,0.0,0.7209302325581395,0.6976744186046512,43.0,1.0,43.0,0.0,0.0,43.0,0.0,0.0,43.0
2,55,THYMIO,0.9996294873352622,0.9607727233682052,0.2625,0.25,0.0,0.0,0.0,0.05,0.05,80.0,1.0,80.0,0.0,0.0,80.0,0.0,0.0,80.0
2,56,THYMIO,0.8069071746156985,0.5837942047206296,0.3073089700996678,0.22591362126245848,0.07807308970099668,0.09634551495016612,0.059800664451827246,0.0,0.0,602.0,1.0,602.0,0.0,0.0,602.0,0.0,0.0,602.0
2,57,THYMIO,0.5946778299045029,0.00019641385828734884,0.56,0.48,0.32,0.3333333333333333,0.28,0.36,0.29333333333333333,75.0,1.0,75.0,0.0,0.0,75.0,0.0,0.0,75.0
2,58,THYMIO,0.5660485210969843,0.9687097638487769,0.028169014084507043,0.2112676056338028,0.1784037558685446,0.13145539906103287,0.09702660406885759,0.0,0.0,639.0,1.0,639.0,0.0,0.0,639.0,0.0,0.0,639.0
3,53,THYMIO,0.9946615843258805,0.5458218295945864,0.12480739599383667,0.17103235747303544,0.14021571648690292,0.14791987673343607,0.08628659476117104,0.0,0.0,649.0,1.0,649.0,0.0,0.0,649.0,0.0,0.0,649.0
3,59,THYMIO,0.558685979460106,0.5625676576258591,0.021346469622331693,0.029556650246305417,0.5648604269293924,0.8899835796387521,0.4614121510673235,0.0,0.0,609.0,1.0,609.0,0.0,0.0,609.0,0.0,0.0,609.0
3,60,THYMIO,0.5022226989303421,0.5335288570327285,0.024,0.9392,0.952,0.9392,0.0208,0.0,0.0,625.0,1.0,625.0,0.0,0.0,625.0,0.0,0.0,625.0
3,61,THYMIO,0.9911488823958481,0.44074719120195505,0.7105263157894737,0.8026315789473685,0.8289473684210527,0.5789473684210527,0.32894736842105265,0.0,0.0,76.0,1.0,76.0,0.0,0.0,76.0,0.0,0.0,76.0
3,62,THYMIO,0.9989159649146477,0.013489393024701457,0.3147286821705426,0.524031007751938,0.3937984496124031,0.4372093023255814,0.28837209302325584,0.04806201550387597,0.023255813953488372,645.0,1.0,645.0,0.0,0.0,645.0,0.0,0.0,645.0
3,63,THYMIO,0.0027879627034135485,0.3131445621629415,0.3584905660377358,0.07547169811320754,0.0,0.0,0.0,0.660377358490566,0.49056603773584906,53.0,1.0,53.0,0.0,0.0,53.0,0.0,0.0,53.0
3,64,THYMIO,0.8053534150886331,0.6192136190160182,0.0,0.912,0.9152,0.92,0.9264,0.0,0.0,625.0,1.0,625.0,0.0,0.0,625.0,0.0,0.0,625.0
3,65,THYMIO,0.9922828569080755,0.0,0.1529790660225443,0.32689210950080516,0.20772946859903382,0.26247987117552335,0.143317230273752,0.0,0.0,621.0,1.0,621.0,0.0,0.0,621.0,0.0,0.0,621.0
3,66,THYMIO,9.153167625376736e-06,0.08172553217254738,0.0,0.0,0.0,0.0,0.0,1.0,1.0,30.0,1.0,30.0,0.0,0.0,30.0,0.0,0.0,30.0
3,67,THYMIO,0.8775033453980521,0.978264719991713,0.05537459283387622,0.08306188925081433,0.8322475570032574,0.8257328990228013,0.11889250814332247,0.014657980456026058,0.013029315960912053,614.0,0.9792663476874003,627.0,13.0,0.02073365231259968,627.0,0.0,0.0,627.0
3,68,THYMIO,0.6226008731612404,0.6168895961521865,0.7556270096463023,0.7636655948553055,0.7717041800643086,0.7491961414790996,0.012861736334405145,0.0,0.0,140.0,0.21978021978021978,637.0,0.0,0.0,637.0,497.0,0.7802197802197802,637.0
3,69,THYMIO,0.5587465062571404,0.5614064100193088,0.0,0.26910828025477707,0.03980891719745223,0.07802547770700637,0.48089171974522293,0.0,0.0,628.0,1.0,628.0,0.0,0.0,628.0,0.0,0.0,628.0
3,70,THYMIO,0.8364300491420924,0.6084422923318177,0.05087440381558029,0.08267090620031796,0.22098569157392686,0.19554848966613672,0.05405405405405406,0.0,0.0,629.0,1.0,629.0,0.0,0.0,629.0,0.0,0.0,629.0
3,71,THYMIO,0.7332162397700354,0.9600387244969226,0.10679611650485436,0.0,0.0,0.0,0.0,0.0,0.0,103.0,0.7862595419847328,131.0,28.0,0.21374045801526717,131.0,0.0,0.0,131.0
3,72,THYMIO,0.9999840446914724,0.9981541174056416,0.7274220032840722,0.7553366174055829,0.7684729064039408,0.7766830870279147,0.7701149425287356,0.0,0.0,137.0,0.2202572347266881,622.0,0.0,0.0,622.0,485.0,0.7797427652733119,622.0
3,73,THYMIO,0.9997920766183104,0.009171755717532488,0.11186440677966102,0.3288135593220339,0.14067796610169492,0.21016949152542372,0.09491525423728814,0.0,0.0,590.0,1.0,590.0,0.0,0.0,590.0,0.0,0.0,590.0
3,74,THYMIO,0.9973077493173507,0.1849365163389193,0.5685279187817259,0.5854483925549916,0.3790186125211506,0.3993231810490694,0.34179357021996615,0.13874788494077833,0.15228426395939088,591.0,1.0,591.0,0.0,0.0,591.0,0.0,0.0,591.0
3,75,THYMIO,0.9973297241740191,0.7738801767863008,0.10965630114566285,0.1342062193126023,0.06873977086743044,0.07855973813420622,0.03436988543371522,0.0,0.0,611.0,1.0,611.0,0.0,0.0,611.0,0.0,0.0,611.0
3,76,THYMIO,0.994751413746962,0.5938677829068734,0.07241379310344828,0.11551724137931034,0.08620689655172414,0.10344827586206896,0.056896551724137934,0.0,0.0,580.0,1.0,580.0,0.0,0.0,580.0,0.0,0.0,580.0
3,77,THYMIO,0.5122286163939829,0.4960942265372278,0.0,0.0051813471502590676,0.9430051813471503,0.9602763385146805,0.015544041450777202,0.0,0.0,579.0,1.0,579.0,0.0,0.0,579.0,0.0,0.0,579.0
4,75,THYMIO,0.9994200652521774,0.7804529727685291,0.11019736842105263,0.13815789473684212,0.06085526315789474,0.07236842105263158,0.023026315789473683,0.0,0.0,608.0,1.0,608.0,0.0,0.0,608.0,0.0,0.0,608.0
4,78,THYMIO,0.9084595538917343,0.8315297805746736,0.0,0.0,0.19696969696969696,0.42424242424242425,0.5454545454545454,0.0,0.0,66.0,1.0,66.0,0.0,0.0,66.0,0.0,0.0,66.0
4,79,THYMIO,0.7714767436188752,0.037405439292434534,0.3577981651376147,0.3761467889908257,0.3761467889908257,0.3853211009174312,0.3944954128440367,0.27522935779816515,0.29357798165137616,109.0,1.0,109.0,0.0,0.0,109.0,0.0,0.0,109.0
4,80,THYMIO,0.5034160039759769,0.5052064456159783,0.0,0.0,0.006688963210702341,0.9782608695652174,0.08361204013377926,0.011705685618729096,0.013377926421404682,598.0,1.0,598.0,0.0,0.0,598.0,0.0,0.0,598.0
4,81,THYMIO,0.04551809784155038,0.001416549561767694,0.7407407407407407,0.0,0.0,0.0,0.0,1.0,1.0,27.0,1.0,27.0,0.0,0.0,27.0,0.0,0.0,27.0
4,82,THYMIO,0.9908487364468582,0.9763070912919238,0.03833333333333333,0.006666666666666667,0.79,0.12166666666666667,0.045,0.005,0.0,600.0,0.5725190839694656,1048.0,0.0,0.0,1048.0,448.0,0.42748091603053434,1048.0
4,83,THYMIO,0.997088337650981,0.12932976322983963,0.07768595041322314,0.22975206611570248,0.10909090909090909,0.16363636363636364,0.011570247933884297,0.0,0.0,605.0,1.0,605.0,0.0,0.0,605.0,0.0,0.0,605.0
4,84,THYMIO,0.7532571291503214,0.6662243723927493,0.1065989847715736,0.3942470389170897,0.05752961082910321,0.03553299492385787,0.3333333333333333,0.001692047377326565,0.0,591.0,1.0,591.0,0.0,0.0,591.0,0.0,0.0,591.0
4,85,THYMIO,0.8923176093911276,0.6724272273584486,0.03442340791738382,0.13769363166953527,0.14802065404475043,0.18760757314974183,0.09982788296041308,0.0,0.0,581.0,1.0,581.0,0.0,0.0,581.0,0.0,0.0,581.0
4,86,THYMIO,0.9633372250249128,0.8143715906087181,0.0,0.0,0.057692307692307696,0.4423076923076923,0.7115384615384616,0.0,0.0,52.0,1.0,52.0,0.0,0.0,52.0,0.0,0.0,52.0
4,87,THYMIO,0.9821539329298516,0.33556061560249784,0.09967320261437909,0.17483660130718953,0.119281045751634,0.12418300653594772,0.032679738562091505,0.0,0.0,612.0,1.0,612.0,0.0,0.0,612.0,0.0,0.0,612.0
4,88,THYMIO,0.4559855456700381,0.7077255965560142,0.01854974704890388,0.11298482293423272,0.08600337268128162,0.22765598650927488,0.1433389544688027,0.0,0.0,593.0,1.0,593.0,0.0,0.0,593.0,0.0,0.0,593.0
4,89,THYMIO,0.5997374783496224,0.6903877602119435,0.14468085106382977,0.0,0.0,0.0,0.0,0.0,0.0,228.0,0.7549668874172185,302.0,74.0,0.24503311258278146,302.0,0.0,0.0,302.0
4,90,THYMIO,0.6972423016758132,0.5602681690214023,0.01644736842105263,0.06578947368421052,0.25,0.49835526315789475,0.03782894736842105,0.0,0.0,608.0,1.0,608.0,0.0,0.0,608.0,0.0,0.0,608.0
4,91,THYMIO,0.9989594372652577,0.6030529657987651,0.08347529812606473,0.13458262350936967,0.06473594548551959,0.09028960817717206,0.05281090289608177,0.0,0.0,587.0,1.0,587.0,0.0,0.0,587.0,0.0,0.0,587.0
4,92,THYMIO,0.9910339162563125,0.002527127730310284,0.14067796610169492,0.376271186440678,0.20508474576271185,0.26610169491525426,0.10677966101694915,0.0,0.0,590.0,1.0,590.0,0.0,0.0,590.0,0.0,0.0,590.0
4,93,THYMIO,0.020786374382623988,0.4687436531527314,0.4583333333333333,0.4166666666666667,0.0,0.0,0.0,0.75,0.3333333333333333,48.0,1.0,48.0,0.0,0.0,48.0,0.0,0.0,48.0
4,94,THYMIO,0.9627235350989963,0.7406381016849491,0.20559210526315788,0.13980263157894737,0.07730263157894737,0.08388157894736842,0.029605263157894735,0.0,0.0,608.0,1.0,608.0,0.0,0.0,608.0,0.0,0.0,608.0
4,95,THYMIO,0.99306772827238,0.5912544686638265,0.1260647359454855,0.18057921635434412,0.17717206132879046,0.21294718909710392,0.10732538330494037,0.0,0.0,587.0,1.0,587.0,0.0,0.0,587.0,0.0,0.0,587.0
4,96,THYMIO,0.9922201249607552,0.8029310415119881,0.4882075471698113,0.17452830188679244,0.09433962264150944,0.09433962264150944,0.02830188679245283,0.02122641509433962,0.0,424.0,1.0,424.0,0.0,0.0,424.0,0.0,0.0,424.0
5,75,THYMIO,0.9943042969518382,0.759721116726866,0.13381555153707053,0.13381555153707053,0.06871609403254973,0.07775768535262206,0.05605786618444846,0.0,0.0,553.0,1.0,553.0,0.0,0.0,553.0,0.0,0.0,553.0
5,97,THYMIO,0.9998861585852118,0.7800621100988311,0.11655405405405406,0.13006756756756757,0.08952702702702703,0.0945945945945946,0.033783783783783786,0.0,0.0,592.0,1.0,592.0,0.0,0.0,592.0,0.0,0.0,592.0
5,98,THYMIO,0.6096271212754584,0.6171220735665801,0.013266998341625208,0.714759535655058,0.0,0.0,0.11442786069651742,0.0,0.0,161.0,0.26009693053311794,619.0,0.0,0.0,619.0,458.0,0.7399030694668821,619.0
5,99,THYMIO,0.9972504427222496,0.7757792895709541,0.18196994991652754,0.15358931552587646,0.0667779632721202,0.07846410684474124,0.03672787979966611,0.0,0.0,599.0,1.0,599.0,0.0,0.0,599.0,0.0,0.0,599.0
5,100,THYMIO,0.8592502745129041,0.142170130310259,0.0,0.1983739837398374,0.07154471544715447,0.17886178861788618,0.06016260162601626,0.0,0.0,615.0,1.0,615.0,0.0,0.0,615.0,0.0,0.0,615.0
5,101,THYMIO,0.9510614436335612,0.7650736730512665,0.13752122241086587,0.13752122241086587,0.06621392190152801,0.1494057724957555,0.09507640067911714,0.0,0.0,589.0,1.0,589.0,0.0,0.0,589.0,0.0,0.0,589.0
5,102,THYMIO,0.5594933167912894,0.5919272447825412,0.0,0.0,0.0,0.83,0.8333333333333334,0.0,0.0,83.0,0.13495934959349593,615.0,532.0,0.865040650406504,615.0,0.0,0.0,615.0
5,103,THYMIO,0.9999966053382324,0.7742223897444463,0.11001642036124795,0.12807881773399016,0.07717569786535304,0.09852216748768473,0.047619047619047616,0.0,0.0,609.0,1.0,609.0,0.0,0.0,609.0,0.0,0.0,609.0
5,104,THYMIO,0.6170878329850839,0.6096597099194787,0.7561374795417348,0.7643207855973814,0.03927986906710311,0.03436988543371522,0.03764320785597381,0.0,0.0,135.0,0.21565495207667731,626.0,0.0,0.0,626.0,491.0,0.7843450479233227,626.0
5,105,THYMIO,0.99967134267334,0.5994967669783032,0.09933774834437085,0.152317880794702,0.1291390728476821,0.1490066225165563,0.057947019867549666,0.0,0.0,604.0,1.0,604.0,0.0,0.0,604.0,0.0,0.0,604.0
5,106,THYMIO,0.9662424425105939,0.5605324017953547,0.13509060955518945,0.16803953871499178,0.128500823723229,0.13838550247116968,0.06754530477759473,0.0,0.0,607.0,1.0,607.0,0.0,0.0,607.0,0.0,0.0,607.0
5,107,THYMIO,0.9916399789689487,0.009731070856148456,0.0628099173553719,0.33884297520661155,0.12396694214876033,0.2644628099173554,0.02975206611570248,0.0,0.0,605.0,1.0,605.0,0.0,0.0,605.0,0.0,0.0,605.0
5,108,THYMIO,0.995684127153886,0.7433604880049484,0.05405405405405406,0.0945945945945946,0.13513513513513514,0.22972972972972974,0.44594594594594594,0.0,0.0,74.0,1.0,74.0,0.0,0.0,74.0,0.0,0.0,74.0
5,109,THYMIO,0.9928829920880803,0.8752156454143559,0.07679738562091504,0.09313725490196079,0.5277777777777778,0.5326797385620915,0.47058823529411764,0.0,0.0,612.0,1.0,612.0,0.0,0.0,612.0,0.0,0.0,612.0
5,110,THYMIO,0.9647444118345804,0.5349843060389173,0.29200652528548127,0.3719412724306688,0.2561174551386623,0.13539967373572595,0.022838499184339316,0.0,0.0,613.0,1.0,613.0,0.0,0.0,613.0,0.0,0.0,613.0
5,111,THYMIO,0.6337455866053915,0.6229647488085583,0.5734597156398105,0.3902053712480253,0.13428120063191154,0.12322274881516587,0.04897314375987362,0.0,0.0,633.0,0.5834101382488479,1085.0,0.0,0.0,1085.0,452.0,0.4165898617511521,1085.0
5,112,THYMIO,0.9856716402460161,0.2178399716762818,0.0867430441898527,0.20130932896890344,0.10310965630114566,0.11783960720130933,0.024549918166939442,0.0,0.0,611.0,1.0,611.0,0.0,0.0,611.0,0.0,0.0,611.0
5,113,THYMIO,0.9999729118609213,0.32075327140088494,0.09180327868852459,0.20163934426229507,0.13114754098360656,0.16065573770491803,0.05081967213114754,0.0,0.0,610.0,1.0,610.0,0.0,0.0,610.0,0.0,0.0,610.0
5,114,THYMIO,0.9952696684562503,0.7636508588331843,0.21649484536082475,0.27835051546391754,0.29896907216494845,0.3402061855670103,0.26804123711340205,0.0,0.0,97.0,1.0,97.0,0.0,0.0,97.0,0.0,0.0,97.0
5,115,THYMIO,0.999992586406716,0.8334403647271043,0.3620689655172414,0.14942528735632185,0.09195402298850575,0.11494252873563218,0.011494252873563218,0.0,0.0,174.0,1.0,174.0,0.0,0.0,174.0,0.0,0.0,174.0
6,103,THYMIO,0.9999964365117251,0.7713598862483296,0.13043478260869565,0.12709030100334448,0.07190635451505016,0.09364548494983277,0.043478260869565216,0.0,0.0,598.0,1.0,598.0,0.0,0.0,598.0,0.0,0.0,598.0
6,116,THYMIO,0.7848167154370027,0.6701205495784787,0.077834179357022,0.1455160744500846,0.05414551607445008,0.2131979695431472,0.4213197969543147,0.0,0.0,591.0,1.0,591.0,0.0,0.0,591.0,0.0,0.0,591.0
6,117,THYMIO,0.9802089099599011,0.8191236200363979,0.2412280701754386,0.15789473684210525,0.12719298245614036,0.13157894736842105,0.07456140350877193,0.05263157894736842,0.039473684210526314,120.0,0.49382716049382713,243.0,0.0,0.0,243.0,123.0,0.5061728395061729,243.0
6,118,THYMIO,0.993009002740798,0.7852184875441575,0.16940789473684212,0.14802631578947367,0.07072368421052631,0.08223684210526316,0.03289473684210526,0.003289473684210526,0.0,608.0,1.0,608.0,0.0,0.0,608.0,0.0,0.0,608.0
6,119,THYMIO,0.01625983941903121,0.716236298712697,0.0457516339869281,0.04738562091503268,0.0,0.0,0.0,0.0,0.0,612.0,1.0,612.0,0.0,0.0,612.0,0.0,0.0,612.0
6,120,THYMIO,0.9998828302711055,0.7460634750762531,0.16086235489220563,0.22056384742951907,0.13930348258706468,0.14925373134328357,0.15754560530679934,0.0,0.0,603.0,1.0,603.0,0.0,0.0,603.0,0.0,0.0,603.0
6,121,THYMIO,0.5697629919400723,0.5646285574131988,0.0,0.2504258943781942,0.0,0.005110732538330494,0.65587734241908,0.0,0.0034071550255536627,587.0,1.0,587.0,0.0,0.0,587.0,0.0,0.0,587.0
6,122,THYMIO,0.9999962046636378,0.7734001630665972,0.0864,0.1296,0.0768,0.0896,0.0512,0.0,0.0,625.0,1.0,625.0,0.0,0.0,625.0,0.0,0.0,625.0
6,123,THYMIO,0.999902296606434,0.8289219146167907,0.020202020202020204,0.1414141414141414,0.10101010101010101,0.16161616161616163,0.37373737373737376,0.0,0.0,99.0,1.0,99.0,0.0,0.0,99.0,0.0,0.0,99.0
6,124,THYMIO,0.9964929041808923,0.0893940340301039,0.09265734265734266,0.2202797202797203,0.11188811188811189,0.1381118881118881,0.0472027972027972,0.0,0.0,572.0,1.0,572.0,0.0,0.0,572.0,0.0,0.0,572.0
6,125,THYMIO,0.29305677563477456,0.11347406302301748,0.0,0.0,0.016666666666666666,0.13333333333333333,0.6,0.26666666666666666,0.48333333333333334,60.0,1.0,60.0,0.0,0.0,60.0,0.0,0.0,60.0
6,126,THYMIO,0.6319368140459517,0.6443851059527964,0.24172185430463577,0.3824503311258278,0.026490066225165563,0.36920529801324503,0.7168874172185431,0.0,0.0,163.0,0.26247987117552335,621.0,0.0,0.0,621.0,458.0,0.7375201288244766,621.0
6,127,THYMIO,0.9999989884815891,0.16251343510509605,0.07455429497568881,0.21555915721231766,0.10696920583468396,0.15721231766612642,0.014586709886547812,0.0,0.0,617.0,1.0,617.0,0.0,0.0,617.0,0.0,0.0,617.0
6,128,THYMIO,0.06962008457788861,0.5257801518554656,0.3584905660377358,0.4528301886792453,0.0,0.0,0.0,0.22641509433962265,0.1320754716981132,53.0,1.0,53.0,0.0,0.0,53.0,0.0,0.0,53.0
6,129,THYMIO,0.9999778176095899,0.8144187019826208,0.4115384615384615,0.4307692307692308,0.07307692307692308,0.07307692307692308,0.1076923076923077,0.0,0.0,138.0,0.5018181818181818,275.0,0.0,0.0,275.0,137.0,0.49818181818181817,275.0
6,130,THYMIO,0.9999295669270579,0.76564729760578,0.4805194805194805,0.14935064935064934,0.08441558441558442,0.08441558441558442,0.09740259740259741,0.05194805194805195,0.0,154.0,1.0,154.0,0.0,0.0,154.0,0.0,0.0,154.0
6,131,THYMIO,0.9942290188186585,0.19424103078845262,0.088,0.2432,0.1328,0.2016,0.0512,0.0096,0.0128,625.0,1.0,625.0,0.0,0.0,625.0,0.0,0.0,625.0
6,132,THYMIO,0.999807848061156,0.777451354276235,0.0888529886914378,0.1470113085621971,0.1050080775444265,0.11631663974151858,0.08723747980613894,0.0,0.0,619.0,1.0,619.0,0.0,0.0,619.0,0.0,0.0,619.0
6,133,THYMIO,0.9790927617887617,0.5406409445337829,0.31141868512110726,0.29411764705882354,0.1522491349480969,0.185121107266436,0.06920415224913495,0.005190311418685121,0.0,578.0,1.0,578.0,0.0,0.0,578.0,0.0,0.0,578.0
6,134,THYMIO,0.914135971134793,0.8068638097364842,0.3926174496644295,0.17785234899328858,0.11073825503355705,0.14093959731543623,0.1174496644295302,0.053691275167785234,0.03355704697986577,131.0,0.4212218649517685,311.0,0.0,0.0,311.0,180.0,0.5787781350482315,311.0
7,118,THYMIO,0.9926841518613954,0.7784039031206638,0.16790490341753342,0.1515601783060921,0.11589895988112928,0.1188707280832095,0.04606240713224369,0.0,0.0,673.0,1.0,673.0,0.0,0.0,673.0,0.0,0.0,673.0
7,135,THYMIO,0.9954076052574313,0.11089712687514268,0.06914893617021277,0.20567375886524822,0.09929078014184398,0.16489361702127658,0.01773049645390071,0.0,0.0,564.0,1.0,564.0,0.0,0.0,564.0,0.0,0.0,564.0
7,136,THYMIO,0.9999996962591075,0.8846971794839891,0.0,0.03278688524590164,0.19672131147540983,0.4262295081967213,0.5573770491803278,0.0,0.0,61.0,1.0,61.0,0.0,0.0,61.0,0.0,0.0,61.0
7,137,THYMIO,0.9985527454656982,0.865650170708293,0.23255813953488372,0.13023255813953488,0.09302325581395349,0.10697674418604651,0.04186046511627907,0.018604651162790697,0.018604651162790697,136.0,0.5964912280701754,228.0,0.0,0.0,228.0,92.0,0.40350877192982454,228.0
7,138,THYMIO,0.9999991854890726,0.8996059684219053,0.15656565656565657,0.23232323232323232,0.17676767676767677,0.20202020202020202,0.25757575757575757,0.0,0.0,130.0,0.625,208.0,0.0,0.0,208.0,78.0,0.375,208.0
7,139,THYMIO,0.9999998253711196,0.600712234498034,0.0,0.8436482084690554,0.8583061889250815,0.8680781758957655,0.8355048859934854,0.0,0.0,614.0,1.0,614.0,0.0,0.0,614.0,0.0,0.0,614.0
7,140,THYMIO,0.5596897270084814,0.5476401144229835,0.0,0.005,0.38666666666666666,0.8666666666666667,0.8883333333333333,0.0,0.0,600.0,1.0,600.0,0.0,0.0,600.0,0.0,0.0,600.0
7,141,THYMIO,0.929203511740712,0.7477162464730566,0.16666666666666666,0.20748299319727892,0.15476190476190477,0.11054421768707483,0.06802721088435375,0.00510204081632653,0.0,588.0,1.0,588.0,0.0,0.0,588.0,0.0,0.0,588.0
7,142,THYMIO,0.5006824704433952,0.5284339956852718,0.23743500866551126,0.1733102253032929,0.0,0.0,0.0,0.0,0.0,577.0,1.0,577.0,0.0,0.0,577.0,0.0,0.0,577.0
7,143,THYMIO,0.9999811567671554,0.8646395633883618,0.0,0.011363636363636364,0.06818181818181818,0.1590909090909091,0.4318181818181818,0.0,0.0,88.0,1.0,88.0,0.0,0.0,88.0,0.0,0.0,88.0
7,144,THYMIO,0.9953068380335122,0.1631702035549711,0.10801963993453355,0.2995090016366612,0.09819967266775777,0.15711947626841244,0.02127659574468085,0.0,0.0,611.0,1.0,611.0,0.0,0.0,611.0,0.0,0.0,611.0
7,145,THYMIO,0.9999934440382156,0.9969858004398713,0.0,0.0,0.8460236886632826,0.8544839255499154,0.8409475465313029,0.0,0.0,591.0,1.0,591.0,0.0,0.0,591.0,0.0,0.0,591.0
7,146,THYMIO,0.5272805539378259,0.5605776928200806,0.9102990033222591,0.09302325581395349,0.0,0.0,0.0,0.0,0.0,602.0,1.0,602.0,0.0,0.0,602.0,0.0,0.0,602.0
7,147,THYMIO,0.9996578301984498,0.9128247543687984,0.0,0.0,0.0,0.09917355371900827,0.256198347107438,0.0,0.0,121.0,1.0,121.0,0.0,0.0,121.0,0.0,0.0,121.0
7,148,THYMIO,0.5618701030987848,0.612129061733565,0.0,0.38202247191011235,0.0,0.028892455858747994,0.36757624398073835,0.0,0.0,109.0,0.17004680187207488,641.0,532.0,0.8299531981279251,641.0,0.0,0.0,641.0
7,149,THYMIO,0.9999997871834696,0.0031394055322724853,0.08609271523178808,0.34271523178807944,0.11092715231788079,0.25,0.05132450331125828,0.0,0.0,604.0,1.0,604.0,0.0,0.0,604.0,0.0,0.0,604.0
7,150,THYMIO,0.9999985237969239,0.6269741555191946,0.11519198664440734,0.1652754590984975,0.15859766277128548,0.17696160267111852,0.09348914858096828,0.011686143572621035,0.011686143572621035,599.0,1.0,599.0,0.0,0.0,599.0,0.0,0.0,599.0
7,151,THYMIO,0.9999999880642187,0.11986951982936907,0.08507223113964688,0.23434991974317818,0.12199036918138041,0.14446227929373998,0.048154093097913325,0.0,0.0,623.0,1.0,623.0,0.0,0.0,623.0,0.0,0.0,623.0
7,152,THYMIO,0.999999972701059,0.17863914769906653,0.0698051948051948,0.20292207792207792,0.09577922077922078,0.16233766233766234,0.006493506493506494,0.0,0.0,616.0,1.0,616.0,0.0,0.0,616.0,0.0,0.0,616.0
7,153,THYMIO,0.9999965123747168,0.5753634477967212,0.0,0.8367670364500792,0.8462757527733756,0.8621236133122029,0.017432646592709985,0.0,0.0,631.0,1.0,631.0,0.0,0.0,631.0,0.0,0.0,631.0
8,118,THYMIO,0.9924221672934169,0.7776680987090829,0.1564748201438849,0.1618705035971223,0.11510791366906475,0.11510791366906475,0.044964028776978415,0.0,0.0,556.0,1.0,556.0,0.0,0.0,556.0,0.0,0.0,556.0
8,1,THYMIO,0.9987724291409986,0.7787768918194887,0.1077943615257048,0.1724709784411277,0.10945273631840796,0.0812603648424544,0.029850746268656716,0.0,0.0,603.0,1.0,603.0,0.0,0.0,603.0,0.0,0.0,603.0
8,2,THYMIO,0.9999998676339468,0.05477424324718239,0.09822866344605476,0.31561996779388085,0.13043478260869565,0.17391304347826086,0.0853462157809984,0.0,0.0,621.0,1.0,621.0,0.0,0.0,621.0,0.0,0.0,621.0
8,3,THYMIO,0.49632073194066395,0.5240821905252481,0.6231404958677685,0.45454545454545453,0.0,0.0,0.0,0.0,0.0,605.0,1.0,605.0,0.0,0.0,605.0,0.0,0.0,605.0
8,4,THYMIO,0.9879921479803224,0.9921067334313535,0.0,0.0,0.0,0.0,0.15126050420168066,0.0,0.0,119.0,1.0,119.0,0.0,0.0,119.0,0.0,0.0,119.0
8,5,THYMIO,0.9999982583583761,0.011564661834945755,0.11348684210526316,0.3223684210526316,0.13651315789473684,0.17269736842105263,0.08881578947368421,0.0,0.0,608.0,1.0,608.0,0.0,0.0,608.0,0.0,0.0,608.0
8,6,THYMIO,0.6163647065887125,0.623318146874941,0.0,0.0,0.7461300309597523,0.7585139318885449,0.7569659442724458,0.0015479876160990713,0.0015479876160990713,152.0,0.229607250755287,662.0,0.0,0.0,662.0,510.0,0.770392749244713,662.0
8,7,THYMIO,0.9640454414422851,0.0020894807940007166,0.05647840531561462,0.3372093023255814,0.11794019933554817,0.27408637873754155,0.023255813953488372,0.0,0.0,602.0,1.0,602.0,0.0,0.0,602.0,0.0,0.0,602.0
8,8,THYMIO,0.7969998275552035,0.9831369203363732,0.12380952380952381,0.2015873015873016,0.18888888888888888,0.22698412698412698,0.23174603174603176,0.0,0.011111111111111112,349.0,0.5155096011816839,677.0,0.0,0.0,677.0,328.0,0.4844903988183161,677.0
8,9,THYMIO,0.9999929213704553,0.6353527560270331,0.1182108626198083,0.14536741214057508,0.1389776357827476,0.16932907348242812,0.10223642172523961,0.0,0.0,626.0,0.9660493827160493,648.0,22.0,0.033950617283950615,648.0,0.0,0.0,648.0
8,10,THYMIO,0.9938669519537858,0.08792487713700622,0.08530805687203792,0.22748815165876776,0.10900473933649289,0.15323854660347552,0.04107424960505529,0.0,0.0,633.0,1.0,633.0,0.0,0.0,633.0,0.0,0.0,633.0
8,11,THYMIO,0.6207375015932618,0.6330061415369387,0.4625199362041467,0.049441786283891544,0.025518341307814992,0.7145135566188198,0.6698564593301436,0.0,0.0,163.0,0.2542901716068643,641.0,0.0,0.0,641.0,478.0,0.7457098283931357,641.0
8,12,THYMIO,0.9998364457337563,0.9650726859788936,0.0,0.0,0.0,0.21238938053097345,0.26548672566371684,0.0,0.0,113.0,1.0,113.0,0.0,0.0,113.0,0.0,0.0,113.0
8,13,THYMIO,0.9673519872929904,0.2711076727400786,0.05853658536585366,0.1772357723577236,0.1008130081300813,0.16747967479674797,0.026016260162601626,0.0,0.0,615.0,1.0,615.0,0.0,0.0,615.0,0.0,0.0,615.0
8,14,THYMIO,0.9999907711877262,0.30674005686719696,0.0907563025210084,0.1915966386554622,0.11764705882352941,0.15798319327731092,0.0,0.0,0.0,595.0,1.0,595.0,0.0,0.0,595.0,0.0,0.0,595.0
8,15,THYMIO,0.9998764916079836,0.3065285749214705,0.08193979933110368,0.19230769230769232,0.09197324414715718,0.09364548494983277,0.03511705685618729,0.0,0.0,598.0,1.0,598.0,0.0,0.0,598.0,0.0,0.0,598.0
8,16,THYMIO,0.024837461041174274,0.7820772856932204,0.14429530201342283,0.28691275167785235,0.16946308724832215,0.23993288590604026,0.0050335570469798654,0.0,0.0,596.0,1.0,596.0,0.0,0.0,596.0,0.0,0.0,596.0
8,17,THYMIO,0.9026470501756132,0.0055312118369333614,0.0,0.17362270450751252,0.021702838063439065,0.10684474123539232,0.041736227045075125,0.0,0.0,599.0,1.0,599.0,0.0,0.0,599.0,0.0,0.0,599.0
8,18,THYMIO,0.9999230101605424,0.9985936870884755,0.0,0.0,0.0,0.0,0.14912280701754385,0.0,0.0,114.0,1.0,114.0,0.0,0.0,114.0,0.0,0.0,114.0
8,19,THYMIO,0.9999087235422399,0.746706119834511,0.14671814671814673,0.21428571428571427,0.19884169884169883,0.2471042471042471,0.23552123552123552,0.0,0.0,518.0,1.0,518.0,0.0,0.0,518.0,0.0,0.0,518.0
9,8,THYMIO,0.807210860990333,0.9916411555833127,0.09775641025641026,0.17467948717948717,0.16987179487179488,0.20352564102564102,0.23076923076923078,0.0,0.01282051282051282,333.0,0.4833091436865022,689.0,0.0,0.0,689.0,356.0,0.5166908563134979,689.0
9,20,THYMIO,0.9996880395204708,0.7899186106573926,0.1134185303514377,0.16773162939297126,0.09744408945686901,0.10383386581469649,0.036741214057507986,0.0,0.0,626.0,1.0,626.0,0.0,0.0,626.0,0.0,0.0,626.0
9,21,THYMIO,0.6240178878692397,0.999999605556554,0.02773246329526917,0.7585644371941273,0.7732463295269169,0.7814029363784666,0.7699836867862969,0.0,0.0,137.0,0.21815286624203822,628.0,0.0,0.0,628.0,491.0,0.7818471337579618,628.0
9,22,THYMIO,0.7937008709967285,0.9898523706398554,0.10845295055821372,0.17065390749601275,0.14992025518341306,0.19298245614035087,0.19138755980861244,0.0,0.004784688995215311,354.0,0.5137880986937591,689.0,0.0,0.0,689.0,335.0,0.4862119013062409,689.0
9,23,THYMIO,0.9999993273187668,0.5791281890935875,0.07865168539325842,0.12841091492776885,0.09309791332263243,0.10754414125200643,0.06260032102728733,0.0,0.0,623.0,1.0,623.0,0.0,0.0,623.0,0.0,0.0,623.0
9,24,THYMIO,0.9990164783743272,0.5550623417237801,0.17218543046357615,0.24668874172185432,0.22682119205298013,0.25496688741721857,0.06622516556291391,0.0,0.0,604.0,1.0,604.0,0.0,0.0,604.0,0.0,0.0,604.0
9,25,THYMIO,0.6565749925162726,0.9999636704257976,0.574750830564784,0.7757475083056479,0.7857142857142857,0.792358803986711,0.7840531561461794,0.0,0.0,128.0,0.20880913539967375,613.0,0.0,0.0,613.0,485.0,0.7911908646003263,613.0
9,26,THYMIO,0.9999783658583073,0.7520951020205073,0.23423423423423423,0.2972972972972973,0.22522522522522523,0.23423423423423423,0.26126126126126126,0.0,0.0,111.0,1.0,111.0,0.0,0.0,111.0,0.0,0.0,111.0
9,27,THYMIO,0.845949596759508,0.8023386600192848,0.09876543209876543,0.16049382716049382,0.19753086419753085,0.2222222222222222,0.0,0.0,0.0,81.0,1.0,81.0,0.0,0.0,81.0,0.0,0.0,81.0
9,28,THYMIO,0.9628338084452136,0.7818583268979387,0.185126582278481,0.19462025316455697,0.16455696202531644,0.1439873417721519,0.04430379746835443,0.0,0.0,632.0,1.0,632.0,0.0,0.0,632.0,0.0,0.0,632.0
9,29,THYMIO,0.9803656137923141,0.765822058323761,0.11717495987158909,0.1797752808988764,0.07223113964686999,0.08025682182985554,0.03210272873194221,0.0,0.0,623.0,1.0,623.0,0.0,0.0,623.0,0.0,0.0,623.0
9,30,THYMIO,0.37099367148023865,0.6544923585609297,0.03,0.6166666666666667,0.0,0.09333333333333334,0.0,0.0,0.0,600.0,1.0,600.0,0.0,0.0,600.0,0.0,0.0,600.0
9,31,THYMIO,0.999996571514689,0.8060707449743543,0.37254901960784315,0.16339869281045752,0.0915032679738562,0.09803921568627451,0.0915032679738562,0.0,0.0,153.0,1.0,153.0,0.0,0.0,153.0,0.0,0.0,153.0
9,32,THYMIO,0.6955007460608204,0.45554095548852125,0.046104928457869634,0.07631160572337042,0.09538950715421304,0.151033386327504,0.7424483306836248,0.0,0.0,629.0,1.0,629.0,0.0,0.0,629.0,0.0,0.0,629.0
9,33,THYMIO,0.999154863917208,0.14394571705302872,0.07980456026058631,0.21335504885993486,0.09446254071661238,0.1498371335504886,0.043973941368078175,0.0,0.0,614.0,1.0,614.0,0.0,0.0,614.0,0.0,0.0,614.0
9,34,THYMIO,0.9762568418930018,0.9544248346263673,0.1821247892074199,0.19561551433389546,0.8094435075885329,0.7622259696458684,0.0,0.006745362563237774,0.0,593.0,0.5718418514946962,1037.0,444.0,0.42815814850530376,1037.0,0.0,0.0,1037.0
9,35,THYMIO,0.999744442611343,0.15429786705330484,0.10666666666666667,0.27555555555555555,0.20444444444444446,0.25333333333333335,0.19111111111111112,0.013333333333333334,0.013333333333333334,225.0,1.0,225.0,0.0,0.0,225.0,0.0,0.0,225.0
9,36,THYMIO,0.9990353103944016,0.08331919974240151,0.05672609400324149,0.233387358184765,0.09076175040518639,0.15559157212317667,0.017828200972447326,0.0,0.0,617.0,1.0,617.0,0.0,0.0,617.0,0.0,0.0,617.0
9,37,THYMIO,0.8188789010259215,0.9408220969441937,0.12395309882747069,0.2646566164154104,0.25795644891122277,0.2629815745393635,0.27638190954773867,0.09715242881072027,0.12897822445561138,377.0,0.5918367346938775,637.0,0.0,0.0,637.0,260.0,0.40816326530612246,637.0
9,38,THYMIO,0.5021002390577872,0.9981679700757682,0.09348914858096828,0.18697829716193656,0.17529215358931552,0.2303839732888147,0.19699499165275458,0.08514190317195326,0.1352253756260434,87.0,0.14169381107491857,614.0,527.0,0.8583061889250815,614.0,0.0,0.0,614.0
10,8,THYMIO,0.844693633588046,0.9953879471612941,0.037037037037037035,0.11784511784511785,0.11784511784511785,0.19528619528619529,0.23905723905723905,0.0,0.016835016835016835,153.0,0.4811320754716981,318.0,0.0,0.0,318.0,165.0,0.5188679245283019,318.0
10,39,THYMIO,0.9316637916723802,0.9573570708991631,0.23595505617977527,0.0,0.0,0.0,0.0,0.0,0.0,89.0,1.0,89.0,0.0,0.0,89.0,0.0,0.0,89.0
10,40,THYMIO,0.9994907843441957,0.8419298445840183,0.21810699588477367,0.18106995884773663,0.12757201646090535,0.14814814814814814,0.102880658436214,0.0411522633744856,0.012345679012345678,137.0,0.5330739299610895,257.0,0.0,0.0,257.0,120.0,0.4669260700389105,257.0
10,41,THYMIO,0.6163429904778804,0.6155763245797574,0.7548701298701299,0.7678571428571429,0.775974025974026,0.7840909090909091,0.04383116883116883,0.0,0.0,135.0,0.21394611727416799,631.0,0.0,0.0,631.0,496.0,0.786053882725832,631.0
10,42,THYMIO,0.8245045354957313,0.6378903946773378,0.7365591397849462,0.7616487455197133,0.7813620071684588,0.8028673835125448,0.3279569892473118,0.0,0.0,85.0,0.14886164623467601,571.0,486.0,0.851138353765324,571.0,0.0,0.0,571.0
10,43,THYMIO,0.619999645746197,0.9998912999643423,0.7224025974025974,0.7678571428571429,0.7792207792207793,0.7840909090909091,0.7938311688311688,0.0,0.0,134.0,0.2120253164556962,632.0,0.0,0.0,632.0,498.0,0.7879746835443038,632.0
10,44,THYMIO,0.8752829765069521,0.9994831737446039,0.018050541516245487,0.16967509025270758,0.22021660649819494,0.26353790613718414,0.37906137184115524,0.05054151624548736,0.06859205776173286,134.0,0.45733788395904434,293.0,0.0,0.0,293.0,159.0,0.5426621160409556,293.0
10,45,THYMIO,0.932059891653344,0.8201884433368539,0.21285140562248997,0.25301204819277107,0.23694779116465864,0.24096385542168675,0.21686746987951808,0.07228915662650602,0.060240963855421686,133.0,0.5037878787878788,264.0,0.0,0.0,264.0,131.0,0.4962121212121212,264.0
10,46,THYMIO,0.6224886815753174,0.6419867239173143,0.0,0.7243066884176182,0.7177814029363785,0.732463295269168,0.7471451876019576,0.0,0.0,140.0,0.2218700475435816,631.0,0.0,0.0,631.0,491.0,0.7781299524564184,631.0
10,47,THYMIO,0.9999899472243498,0.7880149053892378,0.23613312202852615,0.11727416798732171,0.06656101426307448,0.07606973058637084,0.030110935023771792,0.001584786053882726,0.0,631.0,1.0,631.0,0.0,0.0,631.0,0.0,0.0,631.0
10,48,THYMIO,0.5655105129641343,0.5750563572327536,0.0,0.0,0.41479099678456594,0.8633440514469454,0.8504823151125402,0.0,0.0,622.0,1.0,622.0,0.0,0.0,622.0,0.0,0.0,622.0
10,49,THYMIO,0.6849473236668173,0.7347160619894911,0.49206349206349204,0.5349206349206349,0.526984126984127,0.546031746031746,0.04126984126984127,0.0,0.006349206349206349,491.0,0.7462006079027356,658.0,0.0,0.0,658.0,167.0,0.25379939209726443,658.0
10,50,THYMIO,0.9992643524217173,0.8821082830925066,0.0,0.057692307692307696,0.25,0.5769230769230769,0.6730769230769231,0.0,0.0,52.0,1.0,52.0,0.0,0.0,52.0,0.0,0.0,52.0
10,51,THYMIO,0.9487967602693246,0.7474371024589737,0.37254901960784315,0.10947712418300654,0.07516339869281045,0.24673202614379086,0.07352941176470588,0.04084967320261438,0.02287581699346405,149.0,0.22993827160493827,648.0,0.0,0.0,648.0,499.0,0.7700617283950617,648.0
10,52,THYMIO,0.7144767300094651,0.757108652258634,0.5238879736408567,0.5271828665568369,0.5403624382207578,0.3542009884678748,0.18945634266886327,0.0,0.0,437.0,0.6914556962025317,632.0,0.0,0.0,632.0,195.0,0.30854430379746833,632.0
10,53,THYMIO,0.9032586043596614,0.995000417426196,0.0,0.05128205128205128,0.2692307692307692,0.2692307692307692,0.0,0.0,0.0,78.0,1.0,78.0,0.0,0.0,78.0,0.0,0.0,78.0
10,54,THYMIO,0.8420378647952491,0.874727461180097,0.403921568627451,0.09803921568627451,0.07254901960784314,0.11372549019607843,0.2980392156862745,0.0,0.0,345.0,0.6509433962264151,530.0,0.0,0.0,530.0,185.0,0.3490566037735849,530.0
10,55,THYMIO,0.6973875290176663,0.5443825013288178,0.535958904109589,0.565068493150685,0.5616438356164384,0.5547945205479452,0.0702054794520548,0.00684931506849315,0.00684931506849315,477.0,0.7871287128712872,606.0,0.0,0.0,606.0,129.0,0.21287128712871287,606.0
10,56,THYMIO,0.8625014673101349,0.0994734365241686,0.0,0.25287356321839083,0.08866995073891626,0.16091954022988506,0.052545155993431854,0.0,0.0,609.0,1.0,609.0,0.0,0.0,609.0,0.0,0.0,609.0
10,57,THYMIO,0.9490061008625588,0.9815493293519622,0.8109854604200323,0.81421647819063,0.815831987075929,0.8174474959612278,0.8287560581583199,0.0,0.0,112.0,0.17777777777777778,630.0,0.0,0.0,630.0,518.0,0.8222222222222222,630.0
11,47,THYMIO,0.9999907716510349,0.7910782652754847,0.21196581196581196,0.12136752136752137,0.06495726495726496,0.07692307692307693,0.023931623931623933,0.008547008547008548,0.0,585.0,1.0,585.0,0.0,0.0,585.0,0.0,0.0,585.0
11,58,THYMIO,0.9891482920018215,0.9998389449855316,0.014900662251655629,0.9188741721854304,0.8956953642384106,0.8741721854304636,0.0,0.0,0.0,604.0,1.0,604.0,0.0,0.0,604.0,0.0,0.0,604.0
11,59,THYMIO,0.9297575089815401,0.6002523490741143,0.010067114093959731,0.9328859060402684,0.9261744966442953,0.8422818791946308,0.0,0.0,0.0,596.0,1.0,596.0,0.0,0.0,596.0,0.0,0.0,596.0
11,60,THYMIO,0.5561482228851402,0.8194102500033156,0.05834683954619125,0.07293354943273905,0.03727714748784441,0.059967585089141004,0.03889789303079417,0.0,0.0,617.0,1.0,617.0,0.0,0.0,617.0,0.0,0.0,617.0
11,61,THYMIO,0.7945601766946181,0.7985550184126716,0.1182108626198083,0.268370607028754,0.06869009584664537,0.11980830670926518,0.25878594249201275,0.0,0.012779552715654952,476.0,0.725609756097561,656.0,0.0,0.0,656.0,180.0,0.27439024390243905,656.0
11,62,THYMIO,0.9998749996270511,0.7536719452113906,0.07859531772575251,0.10535117056856187,0.056856187290969896,0.07859531772575251,0.0451505016722408,0.0,0.0,598.0,1.0,598.0,0.0,0.0,598.0,0.0,0.0,598.0
11,63,THYMIO,0.6949530136921577,0.998913243537263,0.19601328903654486,0.2823920265780731,0.2425249169435216,0.28903654485049834,0.21262458471760798,0.016611295681063124,0.019933554817275746,91.0,0.2870662460567823,317.0,226.0,0.7129337539432177,317.0,0.0,0.0,317.0
11,64,THYMIO,0.9940936555752834,0.7812565276827412,0.1419457735247209,0.11004784688995216,0.0733652312599681,0.06698564593301436,0.019138755980861243,0.0,0.0,627.0,1.0,627.0,0.0,0.0,627.0,0.0,0.0,627.0
11,65,THYMIO,0.7970250142097479,0.9601512687322129,0.1089588377723971,0.15738498789346247,0.12832929782082325,0.13801452784503632,0.14285714285714285,0.0,0.0,264.0,0.5906040268456376,447.0,0.0,0.0,447.0,183.0,0.40939597315436244,447.0
11,66,THYMIO,0.6418701392098032,0.8345640820022463,0.3248,0.4016,0.3792,0.4048,0.4096,0.0064,0.0304,308.0,0.4666666666666667,660.0,0.0,0.0,660.0,352.0,0.5333333333333333,660.0
11,67,THYMIO,0.6171286366333166,0.6376372073353694,0.0,0.711755233494364,0.0,0.02576489533011272,0.7471819645732689,0.0,0.0,151.0,0.23556942277691106,641.0,0.0,0.0,641.0,490.0,0.7644305772230889,641.0
11,68,THYMIO,0.9988228833890754,0.8491668967937627,0.2542372881355932,0.13983050847457626,0.08050847457627118,0.08050847457627118,0.038135593220338986,0.038135593220338986,0.038135593220338986,138.0,0.5476190476190477,252.0,0.0,0.0,252.0,114.0,0.4523809523809524,252.0
11,69,THYMIO,0.8329217162142457,0.9050454817662593,0.008241758241758242,0.08791208791208792,0.14560439560439561,0.18681318681318682,0.4807692307692308,0.005494505494505495,0.046703296703296704,185.0,0.4780361757105943,387.0,0.0,0.0,387.0,202.0,0.5219638242894057,387.0
11,70,THYMIO,0.961979121164497,0.8794493861523373,0.2872727272727273,0.2509090909090909,0.22181818181818183,0.21454545454545454,0.14909090909090908,0.05454545454545454,0.05090909090909091,138.0,0.47586206896551725,290.0,0.0,0.0,290.0,152.0,0.5241379310344828,290.0
11,71,THYMIO,0.8321446887449786,0.9632425551484589,0.12608695652173912,0.3217391304347826,0.3347826086956522,0.3347826086956522,0.26956521739130435,0.030434782608695653,0.0391304347826087,160.0,0.6694560669456067,239.0,0.0,0.0,239.0,79.0,0.3305439330543933,239.0
11,72,THYMIO,0.9999399361430217,0.7951980148753519,0.10998307952622674,0.1065989847715736,0.06429780033840947,0.07106598984771574,0.025380710659898477,0.001692047377326565,0.0,591.0,1.0,591.0,0.0,0.0,591.0,0.0,0.0,591.0
11,73,THYMIO,0.9856378936140081,0.6213005156747661,0.749185667752443,0.7654723127035831,0.7785016286644951,0.7850162866449512,0.7964169381107492,0.0,0.0,133.0,0.21144674085850557,629.0,0.0,0.0,629.0,496.0,0.7885532591414944,629.0
11,74,THYMIO,0.5326602838605737,0.5807622160835244,0.6835664335664335,0.0,0.0,0.0,0.0,0.0,0.0,540.0,0.6674907292954264,809.0,269.0,0.33250927070457353,809.0,0.0,0.0,809.0
11,75,THYMIO,0.9026943454693928,0.698324471924765,0.06040268456375839,0.09899328859060402,0.07046979865771812,0.11241610738255034,0.06711409395973154,0.0,0.0,596.0,1.0,596.0,0.0,0.0,596.0,0.0,0.0,596.0
11,76,THYMIO,0.9899277026403666,0.002028774428198507,0.05460750853242321,0.28668941979522183,0.09897610921501707,0.19283276450511946,0.010238907849829351,0.0,0.0,586.0,1.0,586.0,0.0,0.0,586.0,0.0,0.0,586.0
12,72,THYMIO,0.999944302592856,0.7917295727957786,0.1307300509337861,0.10865874363327674,0.06791171477079797,0.06621392190152801,0.01697792869269949,0.0,0.0,589.0,1.0,589.0,0.0,0.0,589.0,0.0,0.0,589.0
12,77,THYMIO,0.9997752721165485,0.6323892118706752,0.06688963210702341,0.12040133779264214,0.0903010033444816,0.08528428093645485,0.05518394648829431,0.0,0.0,598.0,1.0,598.0,0.0,0.0,598.0,0.0,0.0,598.0
12,78,THYMIO,0.9977592843969514,2.453643526392779e-07,0.11409395973154363,0.3238255033557047,0.13758389261744966,0.2214765100671141,0.09899328859060402,0.0,0.0,596.0,1.0,596.0,0.0,0.0,596.0,0.0,0.0,596.0
12,79,THYMIO,0.9414664772295727,0.7404743341320827,0.06924315619967794,0.13365539452495975,0.08051529790660225,0.0966183574879227,0.19162640901771336,0.004830917874396135,0.001610305958132045,621.0,1.0,621.0,0.0,0.0,621.0,0.0,0.0,621.0
12,80,THYMIO,0.986755752840637,0.8161508096100036,0.43577981651376146,0.11467889908256881,0.03669724770642202,0.05504587155963303,0.0,0.03211009174311927,0.0,218.0,1.0,218.0,0.0,0.0,218.0,0.0,0.0,218.0
12,81,THYMIO,0.6703898062917747,0.6538779078307796,0.13964686998394862,0.4462279293739968,0.02086677367576244,0.027287319422150885,0.5008025682182986,0.006420545746388443,0.0016051364365971107,164.0,0.25585023400936036,641.0,0.0,0.0,641.0,477.0,0.7441497659906396,641.0
12,82,THYMIO,0.9870253934420546,0.001219843003181772,0.1339712918660287,0.36044657097288674,0.2025518341307815,0.2503987240829346,0.10526315789473684,0.0,0.0,627.0,1.0,627.0,0.0,0.0,627.0,0.0,0.0,627.0
12,83,THYMIO,0.9999878909736951,0.23612102185440934,0.08448275862068966,0.1724137931034483,0.1,0.13620689655172413,0.04827586206896552,0.017241379310344827,0.03620689655172414,580.0,1.0,580.0,0.0,0.0,580.0,0.0,0.0,580.0
12,84,THYMIO,0.9992031754443168,0.7429524903145893,0.08376068376068375,0.12478632478632479,0.06837606837606838,0.08717948717948718,0.06666666666666667,0.0,0.0,585.0,1.0,585.0,0.0,0.0,585.0,0.0,0.0,585.0
12,85,THYMIO,0.05830455487701076,0.2913123445228224,0.41935483870967744,0.22580645161290322,0.0,0.0,0.0,0.532258064516129,0.43548387096774194,62.0,1.0,62.0,0.0,0.0,62.0,0.0,0.0,62.0
12,86,THYMIO,0.5732631058657978,0.5760155326542197,0.0,0.7941176470588235,0.7908496732026143,0.795751633986928,0.8333333333333334,0.0,0.0,612.0,1.0,612.0,0.0,0.0,612.0,0.0,0.0,612.0
12,87,THYMIO,0.9989540209244401,0.14891949341916808,0.059113300492610835,0.19704433497536947,0.10016420361247948,0.15763546798029557,0.009852216748768473,0.0,0.0,609.0,1.0,609.0,0.0,0.0,609.0,0.0,0.0,609.0
12,88,THYMIO,0.9998868162741497,0.0004840279023595702,0.3136,0.44,0.4272,0.4368,0.3392,0.0016,0.0352,625.0,1.0,625.0,0.0,0.0,625.0,0.0,0.0,625.0
12,89,THYMIO,0.9988938049029241,0.4312732245362415,0.10177705977382875,0.16155088852988692,0.11308562197092084,0.13893376413570274,0.07269789983844911,0.009693053311793215,0.017770597738287562,619.0,1.0,619.0,0.0,0.0,619.0,0.0,0.0,619.0
12,90,THYMIO,0.9995379876281284,0.2448844232854316,0.06844741235392321,0.19532554257095158,0.08514190317195326,0.13689482470784642,0.03005008347245409,0.0,0.0,599.0,1.0,599.0,0.0,0.0,599.0,0.0,0.0,599.0
12,91,THYMIO,0.9911211862308912,0.7754557585159403,0.07213114754098361,0.11639344262295082,0.04426229508196721,0.04590163934426229,0.004918032786885246,0.001639344262295082,0.0,610.0,1.0,610.0,0.0,0.0,610.0,0.0,0.0,610.0
12,92,THYMIO,0.0916497899426308,0.08489700436092228,0.0,0.0,0.0,0.0,0.0,0.6923076923076923,0.6730769230769231,52.0,1.0,52.0,0.0,0.0,52.0,0.0,0.0,52.0
12,93,THYMIO,0.9998965293228157,0.000516693704861982,0.43381180223285487,0.5358851674641149,0.4704944178628389,0.4784688995215311,0.45933014354066987,0.16586921850079744,0.1722488038277512,627.0,1.0,627.0,0.0,0.0,627.0,0.0,0.0,627.0
12,94,THYMIO,0.49932561057397995,3.7081625472559406e-05,0.0,0.0,0.5,0.6785714285714286,0.8928571428571429,0.6071428571428571,1.0,28.0,1.0,28.0,0.0,0.0,28.0,0.0,0.0,28.0
12,95,THYMIO,0.9936047993415643,0.0006809792121949056,0.3626373626373626,0.6138147566718996,0.4521193092621664,0.5525902668759811,0.33437990580847726,0.14756671899529042,0.13971742543171115,637.0,1.0,637.0,0.0,0.0,637.0,0.0,0.0,637.0
13,72,THYMIO,0.9999454451895178,0.789915587065756,0.12479201331114809,0.10981697171381032,0.064891846921797,0.064891846921797,0.016638935108153077,0.0,0.0,601.0,1.0,601.0,0.0,0.0,601.0,0.0,0.0,601.0
13,96,THYMIO,0.9773160461358711,0.08119030440326115,0.06890756302521009,0.22521008403361345,0.0957983193277311,0.15294117647058825,0.03529411764705882,0.0,0.0,595.0,1.0,595.0,0.0,0.0,595.0,0.0,0.0,595.0
13,97,THYMIO,0.9995165164465594,0.8535009281300128,0.1810344827586207,0.125,0.06465517241379311,0.07327586206896551,0.07758620689655173,0.034482758620689655,0.034482758620689655,136.0,0.5551020408163265,245.0,0.0,0.0,245.0,109.0,0.4448979591836735,245.0
13,98,THYMIO,0.9995318183654506,0.7914390267895135,0.07312925170068027,0.12244897959183673,0.06292517006802721,0.06802721088435375,0.0782312925170068,0.0,0.0,588.0,1.0,588.0,0.0,0.0,588.0,0.0,0.0,588.0
13,99,THYMIO,0.999565350482197,0.9734916076446098,0.0,0.0,0.0,0.04081632653061224,0.2755102040816326,0.0,0.0,98.0,1.0,98.0,0.0,0.0,98.0,0.0,0.0,98.0
13,100,THYMIO,0.00016104161887836238,0.240146846582836,0.0,0.0,0.0,0.0,0.0,0.5740740740740741,0.5925925925925926,54.0,1.0,54.0,0.0,0.0,54.0,0.0,0.0,54.0
13,101,THYMIO,0.9418862524075727,0.7856829502179147,0.23728813559322035,0.09491525423728814,0.0423728813559322,0.04745762711864407,0.03898305084745763,0.03389830508474576,0.03728813559322034,227.0,0.3393124065769806,669.0,0.0,0.0,669.0,442.0,0.6606875934230194,669.0
13,102,THYMIO,0.9740931076297737,0.7406208323994291,0.050488599348534204,0.10749185667752444,0.06351791530944625,0.0993485342019544,0.09771986970684039,0.0,0.0,614.0,1.0,614.0,0.0,0.0,614.0,0.0,0.0,614.0
13,103,THYMIO,0.9446307121092744,0.7704939699643182,0.22131147540983606,0.1180327868852459,0.05245901639344262,0.07540983606557378,0.08360655737704918,0.014754098360655738,0.003278688524590164,610.0,1.0,610.0,0.0,0.0,610.0,0.0,0.0,610.0
13,104,THYMIO,0.994650814169763,0.8280084668898073,0.18181818181818182,0.22469982847341338,0.15265866209262435,0.0823327615780446,0.0,0.025728987993138937,0.017152658662092625,583.0,1.0,583.0,0.0,0.0,583.0,0.0,0.0,583.0
13,105,THYMIO,0.9952775339618262,5.859229218694541e-05,0.1152542372881356,0.3694915254237288,0.1847457627118644,0.26101694915254237,0.07288135593220339,0.0,0.0,590.0,1.0,590.0,0.0,0.0,590.0,0.0,0.0,590.0
13,106,THYMIO,0.9943010599694028,0.47380406583260914,0.06745362563237774,0.1399662731871838,0.06239460370994941,0.10792580101180438,0.050590219224283306,0.0,0.0,593.0,1.0,593.0,0.0,0.0,593.0,0.0,0.0,593.0
13,107,THYMIO,0.9704765854044692,4.852641418998385e-06,0.0821256038647343,0.3462157809983897,0.15458937198067632,0.2785829307568438,0.030595813204508857,0.0,0.0,621.0,1.0,621.0,0.0,0.0,621.0,0.0,0.0,621.0
13,108,THYMIO,0.9989979367396477,0.5344056705522113,0.06655574043261231,0.1314475873544093,0.07653910149750416,0.08818635607321132,0.048252911813643926,0.0,0.0,601.0,1.0,601.0,0.0,0.0,601.0,0.0,0.0,601.0
13,109,THYMIO,0.9985987340299058,0.6721967748811492,0.08121019108280254,0.12261146496815287,0.09872611464968153,0.09872611464968153,0.07802547770700637,0.0,0.0,628.0,1.0,628.0,0.0,0.0,628.0,0.0,0.0,628.0
13,110,THYMIO,0.9430136853530796,0.7354438631103337,0.05161290322580645,0.10967741935483871,0.054838709677419356,0.1032258064516129,0.1693548387096774,0.0,0.0,620.0,1.0,620.0,0.0,0.0,620.0,0.0,0.0,620.0
13,111,THYMIO,0.9987096053689626,0.1388053169930705,0.05654281098546042,0.21809369951534732,0.08723747980613894,0.14378029079159935,0.025848142164781908,0.0,0.0,619.0,1.0,619.0,0.0,0.0,619.0,0.0,0.0,619.0
13,112,THYMIO,0.9938948119371135,0.04383566095902509,0.08922558922558922,0.3265993265993266,0.12794612794612795,0.2239057239057239,0.05723905723905724,0.0016835016835016834,0.006734006734006734,594.0,1.0,594.0,0.0,0.0,594.0,0.0,0.0,594.0
13,113,THYMIO,0.9999841532337583,0.7537995853073984,0.0657672849915683,0.11298482293423272,0.06239460370994941,0.07251264755480608,0.04047217537942664,0.0016863406408094434,0.0016863406408094434,593.0,1.0,593.0,0.0,0.0,593.0,0.0,0.0,593.0
13,114,THYMIO,0.9939173669956393,0.002177012179096172,0.1065989847715736,0.377326565143824,0.1353637901861252,0.20135363790186125,0.08629441624365482,0.0,0.0,591.0,1.0,591.0,0.0,0.0,591.0,0.0,0.0,591.0
14,72,THYMIO,0.9999433369482994,0.7896633827662697,0.1280120481927711,0.10391566265060241,0.061746987951807226,0.07530120481927711,0.024096385542168676,0.0,0.0,664.0,1.0,664.0,0.0,0.0,664.0,0.0,0.0,664.0
14,115,THYMIO,0.9998351336030751,0.7875184096433782,0.1073943661971831,0.10915492957746478,0.056338028169014086,0.051056338028169015,0.02640845070422535,0.0,0.0,568.0,1.0,568.0,0.0,0.0,568.0,0.0,0.0,568.0
14,116,THYMIO,0.08768761107885585,0.8729200642874478,0.0631911532385466,0.026856240126382307,0.0,0.0,0.0,0.0,0.0,633.0,1.0,633.0,0.0,0.0,633.0,0.0,0.0,633.0
14,117,THYMIO,0.725436173315615,0.6671125488905877,0.15439856373429084,0.18850987432675045,0.03052064631956912,0.0933572710951526,0.22980251346499103,0.11669658886894076,0.03411131059245961,167.0,0.2929824561403509,570.0,0.0,0.0,570.0,403.0,0.7070175438596491,570.0
14,118,THYMIO,0.9826468644168408,0.9263653175490734,0.305,0.07,0.03,0.04,0.02,0.0,0.0,143.0,0.6559633027522935,218.0,0.0,0.0,218.0,75.0,0.3440366972477064,218.0
14,119,THYMIO,0.9783883822737883,0.7749575986709952,0.232,0.312,0.28,0.192,0.112,0.0,0.0,125.0,1.0,125.0,0.0,0.0,125.0,0.0,0.0,125.0
14,120,THYMIO,0.9973929848447843,0.9180072738965488,0.0,0.128,0.16,0.2,0.144,0.0,0.0,125.0,1.0,125.0,0.0,0.0,125.0,0.0,0.0,125.0
14,121,THYMIO,0.9938193371895475,0.899067589099543,0.0,0.0,0.0,0.025210084033613446,0.25210084033613445,0.0,0.0,119.0,1.0,119.0,0.0,0.0,119.0,0.0,0.0,119.0
14,122,THYMIO,0.9987950793692354,0.7978931784086939,0.19005328596802842,0.20071047957371227,0.1349911190053286,0.06216696269982238,0.028419182948490232,0.03907637655417407,0.035523978685612786,563.0,1.0,563.0,0.0,0.0,563.0,0.0,0.0,563.0
14,123,THYMIO,0.999665926129786,0.7603546267426565,0.0554675118858954,0.09667194928684628,0.058637083993660855,0.06339144215530904,0.042789223454833596,0.0,0.0,631.0,1.0,631.0,0.0,0.0,631.0,0.0,0.0,631.0
14,124,THYMIO,0.9999987426674192,0.7965836056292424,0.3780290791599354,0.1631663974151858,0.061389337641357025,0.08077544426494346,0.024232633279483037,0.008077544426494346,0.0,619.0,0.9888178913738019,626.0,7.0,0.011182108626198083,626.0,0.0,0.0,626.0
14,125,THYMIO,0.9991892027936328,0.8036091843700276,0.19817073170731708,0.2606707317073171,0.16463414634146342,0.10975609756097561,0.0,0.019817073170731708,0.004573170731707317,656.0,1.0,656.0,0.0,0.0,656.0,0.0,0.0,656.0
14,126,THYMIO,0.9999943135326899,0.4254676166622565,0.38522012578616355,0.4858490566037736,0.07075471698113207,0.11320754716981132,0.01729559748427673,0.0,0.0,636.0,1.0,636.0,0.0,0.0,636.0,0.0,0.0,636.0
14,127,THYMIO,0.9996595645849597,0.7091799825884716,0.13412816691505217,0.19970193740685543,0.12369597615499255,0.08494783904619971,0.05812220566318927,0.0,0.0,671.0,0.9585714285714285,700.0,29.0,0.041428571428571426,700.0,0.0,0.0,700.0
14,128,THYMIO,0.9996618323391264,0.7887283864671756,0.33650793650793653,0.14285714285714285,0.05555555555555555,0.06190476190476191,0.009523809523809525,0.004761904761904762,0.0,630.0,1.0,630.0,0.0,0.0,630.0,0.0,0.0,630.0
14,129,THYMIO,0.0024787631580983605,0.9347174510390467,0.0960960960960961,0.3063063063063063,0.12012012012012012,0.2072072072072072,0.0,0.0,0.0,666.0,1.0,666.0,0.0,0.0,666.0,0.0,0.0,666.0
14,130,THYMIO,0.9810707061017441,0.6521073441343996,0.12422360248447205,0.18944099378881987,0.08540372670807453,0.09937888198757763,0.062111801242236024,0.013975155279503106,0.017080745341614908,644.0,1.0,644.0,0.0,0.0,644.0,0.0,0.0,644.0
14,131,THYMIO,0.7614056534682693,0.6877566932568029,0.2562893081761006,0.45440251572327045,0.040880503144654086,0.04874213836477988,0.18396226415094338,0.0031446540880503146,0.0,402.0,0.6213292117465224,647.0,245.0,0.3786707882534776,647.0,0.0,0.0,647.0
14,132,THYMIO,0.9999543366920504,0.783914221131065,0.25821596244131456,0.13458528951486698,0.06572769953051644,0.06103286384976526,0.03442879499217527,0.001564945226917058,0.0,639.0,1.0,639.0,0.0,0.0,639.0,0.0,0.0,639.0
14,133,THYMIO,0.9992637389219861,0.8310072562824542,0.0,0.03571428571428571,0.07142857142857142,0.21428571428571427,0.4523809523809524,0.0,0.0,84.0,1.0,84.0,0.0,0.0,84.0,0.0,0.0,84.0
15,72,THYMIO,0.9999427665138129,0.7857870480096256,0.14175654853620956,0.11710323574730354,0.0662557781201849,0.07087827426810478,0.023112480739599383,0.0,0.0,649.0,1.0,649.0,0.0,0.0,649.0,0.0,0.0,649.0
15,1,THYMIO,0.9995028803976995,0.7918169331104404,0.1890625,0.1875,0.13125,0.0671875,0.0171875,0.01875,0.0,640.0,1.0,640.0,0.0,0.0,640.0,0.0,0.0,640.0
15,2,THYMIO,0.999371179337398,0.9161089698650364,0.0,0.0,0.8153364632237872,0.8622848200312989,0.8560250391236307,0.0,0.0,639.0,1.0,639.0,0.0,0.0,639.0,0.0,0.0,639.0
15,3,THYMIO,0.9980017827767323,0.8271837969083105,0.39766081871345027,0.26900584795321636,0.07602339181286549,0.06432748538011696,0.0,0.0,0.0,171.0,1.0,171.0,0.0,0.0,171.0,0.0,0.0,171.0
15,4,THYMIO,0.09802787134463821,0.9413783743512734,0.08006279434850863,0.29827315541601257,0.17582417582417584,0.3139717425431711,0.15698587127158556,0.0,0.0,637.0,1.0,637.0,0.0,0.0,637.0,0.0,0.0,637.0
15,5,THYMIO,0.9999986653845401,0.0,0.2995319812792512,0.42121684867394693,0.4165366614664587,0.42589703588143524,0.31981279251170047,0.0,0.0,641.0,1.0,641.0,0.0,0.0,641.0,0.0,0.0,641.0
15,6,THYMIO,0.9999980853547003,0.6103280048265118,0.08530805687203792,0.13428120063191154,0.09636650868878358,0.11374407582938388,0.06635071090047394,0.009478672985781991,0.01263823064770932,633.0,1.0,633.0,0.0,0.0,633.0,0.0,0.0,633.0
15,7,THYMIO,0.9996424409971719,0.7536190788318129,0.08006279434850863,0.13971742543171115,0.07378335949764521,0.07692307692307693,0.054945054945054944,0.0,0.0,637.0,1.0,637.0,0.0,0.0,637.0,0.0,0.0,637.0
15,8,THYMIO,0.9997169986110329,0.0,0.470125786163522,0.6210691823899371,0.49842767295597484,0.6037735849056604,0.44654088050314467,0.20440251572327045,0.19654088050314467,636.0,1.0,636.0,0.0,0.0,636.0,0.0,0.0,636.0
15,9,THYMIO,0.9996823888577757,0.5254152445113548,0.11912225705329153,0.17084639498432602,0.13636363636363635,0.13479623824451412,0.05329153605015674,0.023510971786833857,0.029780564263322883,638.0,1.0,638.0,0.0,0.0,638.0,0.0,0.0,638.0
15,10,THYMIO,6.613102397694443e-05,0.9128127381301028,0.06050955414012739,0.24363057324840764,0.009554140127388535,0.06210191082802548,0.0,0.0,0.0,628.0,1.0,628.0,0.0,0.0,628.0,0.0,0.0,628.0
15,11,THYMIO,0.9999898054508748,0.835896404969634,0.34444444444444444,0.1,0.06666666666666667,0.06666666666666667,0.0,0.0,0.0,180.0,1.0,180.0,0.0,0.0,180.0,0.0,0.0,180.0
15,12,THYMIO,0.999994328306058,0.8381209422352672,0.47368421052631576,0.14979757085020243,0.04048582995951417,0.06072874493927125,0.0,0.032388663967611336,0.0,247.0,1.0,247.0,0.0,0.0,247.0,0.0,0.0,247.0
15,13,THYMIO,0.9991314101454996,0.799776787996573,0.3291338582677165,0.12125984251968504,0.07401574803149606,0.08976377952755905,0.03464566929133858,0.0,0.0,635.0,1.0,635.0,0.0,0.0,635.0,0.0,0.0,635.0
15,14,THYMIO,0.9985058032260767,0.805370155971959,0.45754716981132076,0.25,0.19339622641509435,0.07547169811320754,0.026729559748427674,0.02358490566037736,0.0110062893081761,636.0,1.0,636.0,0.0,0.0,636.0,0.0,0.0,636.0
15,15,THYMIO,0.9999980301368633,0.7808143128246826,0.09320695102685624,0.1263823064770932,0.07266982622432859,0.07266982622432859,0.03475513428120063,0.0,0.0,633.0,1.0,633.0,0.0,0.0,633.0,0.0,0.0,633.0
15,16,THYMIO,0.9999985938754944,0.6309942073261526,0.055379746835443035,0.11867088607594936,0.07911392405063292,0.09651898734177215,0.061708860759493674,0.0,0.0,632.0,1.0,632.0,0.0,0.0,632.0,0.0,0.0,632.0
15,17,THYMIO,0.9999985937389667,0.453668197251789,0.0754414125200642,0.13804173354735153,0.0898876404494382,0.12199036918138041,0.0449438202247191,0.0,0.0,623.0,1.0,623.0,0.0,0.0,623.0,0.0,0.0,623.0
15,18,THYMIO,0.9985947124287926,0.7094198247213276,0.11410459587955626,0.5499207606973059,0.5324881141045958,0.49920760697305866,0.0,0.028526148969889066,0.022187004754358162,631.0,1.0,631.0,0.0,0.0,631.0,0.0,0.0,631.0
15,19,THYMIO,0.9990715763029754,0.8149101900065359,0.37735849056603776,0.11949685534591195,0.05660377358490566,0.07547169811320754,0.050314465408805034,0.0,0.0,159.0,1.0,159.0,0.0,0.0,159.0,0.0,0.0,159.0
16,72,THYMIO,0.9999455476166815,0.7792973896598941,0.12376237623762376,0.12046204620462046,0.06435643564356436,0.07260726072607261,0.019801980198019802,0.0,0.0,606.0,1.0,606.0,0.0,0.0,606.0,0.0,0.0,606.0
16,20,THYMIO,0.7498662651761552,0.6777254253956728,0.0987460815047022,0.11755485893416928,0.03134796238244514,0.03761755485893417,0.23197492163009403,0.0,0.0,410.0,0.625,656.0,246.0,0.375,656.0,0.0,0.0,656.0
16,21,THYMIO,0.9999242739646974,0.9302355768786679,0.0,0.0,0.7885532591414944,0.14626391096979333,0.06836248012718601,0.0,0.0,629.0,0.573905109489051,1096.0,0.0,0.0,1096.0,467.0,0.4260948905109489,1096.0
16,22,THYMIO,0.999998038841933,0.8148840862217585,0.3836477987421384,0.18867924528301888,0.09433962264150944,0.07547169811320754,0.050314465408805034,0.0,0.0,159.0,1.0,159.0,0.0,0.0,159.0,0.0,0.0,159.0
16,23,THYMIO,0.9994963247516675,0.7973595608565578,0.3037156704361874,0.12277867528271405,0.06785137318255251,0.09531502423263329,0.029079159935379646,0.0,0.0,619.0,0.9983870967741936,620.0,1.0,0.0016129032258064516,620.0,0.0,0.0,620.0
16,24,THYMIO,0.9999912110449249,0.7908461226613674,0.37481031866464337,0.1274658573596358,0.06980273141122914,0.07890743550834597,0.03490136570561457,0.004552352048558422,0.0,659.0,1.0,659.0,0.0,0.0,659.0,0.0,0.0,659.0
16,25,THYMIO,0.9846983944502894,0.7795964096694806,0.1746031746031746,0.18571428571428572,0.1,0.0761904761904762,0.044444444444444446,0.015873015873015872,0.0,630.0,1.0,630.0,0.0,0.0,630.0,0.0,0.0,630.0
16,26,THYMIO,0.9999526650958691,0.7807029758250364,0.09662576687116564,0.1196319018404908,0.06134969325153374,0.0598159509202454,0.024539877300613498,0.0,0.0,652.0,1.0,652.0,0.0,0.0,652.0,0.0,0.0,652.0
16,27,THYMIO,0.9999897668928265,0.779232153750558,0.2785388127853881,0.1735159817351598,0.0776255707762557,0.0487062404870624,0.0106544901065449,0.0167427701674277,0.0,657.0,1.0,657.0,0.0,0.0,657.0,0.0,0.0,657.0
16,28,THYMIO,0.999995941117565,0.7923732284955419,0.3700787401574803,0.16692913385826771,0.08818897637795275,0.11653543307086614,0.06299212598425197,0.0,0.0,635.0,0.9650455927051672,658.0,23.0,0.034954407294832825,658.0,0.0,0.0,658.0
16,29,THYMIO,0.9999467706187141,0.7898262430839647,0.19724770642201836,0.1162079510703364,0.06574923547400612,0.08409785932721713,0.02599388379204893,0.0,0.0,654.0,1.0,654.0,0.0,0.0,654.0,0.0,0.0,654.0
16,30,THYMIO,0.9999986424965343,0.7528343510989584,0.24056603773584906,0.12735849056603774,0.06446540880503145,0.0770440251572327,0.03773584905660377,0.0031446540880503146,0.0,636.0,1.0,636.0,0.0,0.0,636.0,0.0,0.0,636.0
16,31,THYMIO,0.9999931345065552,0.8155505342843549,0.4168421052631579,0.2063157894736842,0.10736842105263159,0.09263157894736843,0.07368421052631578,0.037894736842105266,0.031578947368421054,136.0,0.278118609406953,489.0,0.0,0.0,489.0,353.0,0.721881390593047,489.0
16,32,THYMIO,0.602181300297097,0.5986224481516917,0.009478672985781991,0.7725118483412322,0.7772511848341233,0.3854660347551343,0.0,0.0,0.0,138.0,0.21263482280431434,649.0,0.0,0.0,649.0,511.0,0.7873651771956857,649.0
16,33,THYMIO,0.9999997900143669,0.30600802092289714,0.12710566615620214,0.20673813169984687,0.16845329249617153,0.21592649310872894,0.01225114854517611,0.0,0.0,653.0,1.0,653.0,0.0,0.0,653.0,0.0,0.0,653.0
16,34,THYMIO,0.9861134986606207,0.9912757399918348,0.2,0.2,0.2064516129032258,0.21935483870967742,0.23870967741935484,0.0,0.0,121.0,0.7245508982035929,167.0,0.0,0.0,167.0,46.0,0.2754491017964072,167.0
16,35,THYMIO,0.9998288726666897,0.018216202087081645,0.14701378254211334,0.31852986217457885,0.18529862174578868,0.24808575803981622,0.13169984686064318,0.0,0.0,653.0,1.0,653.0,0.0,0.0,653.0,0.0,0.0,653.0
16,36,THYMIO,0.9999987342961746,0.08230854681723587,0.18425196850393702,0.2692913385826772,0.2141732283464567,0.2551181102362205,0.1921259842519685,0.006299212598425197,0.028346456692913385,635.0,1.0,635.0,0.0,0.0,635.0,0.0,0.0,635.0
16,37,THYMIO,0.9999437362092284,0.42197873485279064,0.06655844155844155,0.11688311688311688,0.05844155844155844,0.08279220779220779,0.09740259740259741,0.025974025974025976,0.01461038961038961,616.0,1.0,616.0,0.0,0.0,616.0,0.0,0.0,616.0
16,38,THYMIO,0.999353745502096,0.8384938290871916,0.2222222222222222,0.15637860082304528,0.09876543209876543,0.12345679012345678,0.06584362139917696,0.06995884773662552,0.02880658436213992,139.0,0.5346153846153846,260.0,0.0,0.0,260.0,121.0,0.4653846153846154,260.0
17,29,THYMIO,0.9999363270224396,0.7924634136898645,0.1813953488372093,0.11472868217054263,0.06511627906976744,0.08372093023255814,0.040310077519379844,0.0015503875968992248,0.0,645.0,1.0,645.0,0.0,0.0,645.0,0.0,0.0,645.0
17,39,THYMIO,0.9752333188603144,0.9204646050809546,0.0,0.0,0.0,0.27906976744186046,0.4069767441860465,0.0,0.0,86.0,1.0,86.0,0.0,0.0,86.0,0.0,0.0,86.0
17,40,THYMIO,0.9997944532578861,0.7593238439343126,0.06929133858267716,0.11181102362204724,0.05511811023622047,0.05984251968503937,0.03307086614173228,0.0,0.0,635.0,1.0,635.0,0.0,0.0,635.0,0.0,0.0,635.0
17,41,THYMIO,0.943470064376399,0.7622628553453461,0.2222222222222222,0.23333333333333334,0.1619047619047619,0.050793650793650794,0.01746031746031746,0.026984126984126985,0.012698412698412698,630.0,1.0,630.0,0.0,0.0,630.0,0.0,0.0,630.0
17,42,THYMIO,0.9999080033488749,0.7746402800404731,0.07424960505529225,0.11374407582938388,0.06003159557661927,0.05845181674565561,0.018957345971563982,0.0,0.0,633.0,1.0,633.0,0.0,0.0,633.0,0.0,0.0,633.0
17,43,THYMIO,0.9457855938852999,0.758389990718648,0.15625,0.184375,0.0890625,0.0796875,0.03125,0.0265625,0.0,640.0,1.0,640.0,0.0,0.0,640.0,0.0,0.0,640.0
17,44,THYMIO,0.9999584140217217,0.8487896373125579,0.2217391304347826,0.11739130434782609,0.06956521739130435,0.07391304347826087,0.021739130434782608,0.0391304347826087,0.034782608695652174,133.0,0.5564853556485355,239.0,0.0,0.0,239.0,106.0,0.4435146443514644,239.0
17,45,THYMIO,0.9968981607129233,0.9922786667961384,0.0,0.0,0.8,0.09206349206349207,0.05873015873015873,0.0,0.0,630.0,0.5706521739130435,1104.0,0.0,0.0,1104.0,474.0,0.42934782608695654,1104.0
17,46,THYMIO,0.9146930977794542,0.9336286374757178,0.047058823529411764,0.23529411764705882,0.27058823529411763,0.12941176470588237,0.0,0.0,0.0,85.0,1.0,85.0,0.0,0.0,85.0,0.0,0.0,85.0
17,47,THYMIO,0.9999858472703643,0.7844880935833299,0.06487341772151899,0.0949367088607595,0.05379746835443038,0.05221518987341772,0.020569620253164556,0.0,0.0,632.0,1.0,632.0,0.0,0.0,632.0,0.0,0.0,632.0
17,48,THYMIO,0.9862137384876652,0.9147671878784098,0.19576719576719576,0.15873015873015872,0.12698412698412698,0.13227513227513227,0.08465608465608465,0.0,0.0,140.0,0.6896551724137931,203.0,0.0,0.0,203.0,63.0,0.3103448275862069,203.0
17,49,THYMIO,0.9999974926424462,0.7957522820400104,0.16455696202531644,0.11550632911392406,0.06487341772151899,0.08069620253164557,0.060126582278481014,0.0,0.0,632.0,1.0,632.0,0.0,0.0,632.0,0.0,0.0,632.0
17,50,THYMIO,0.9999976883608612,0.7997003750948068,0.38087774294670845,0.1536050156739812,0.06269592476489028,0.08150470219435736,0.04075235109717868,0.014106583072100314,0.0,638.0,0.9937694704049844,642.0,4.0,0.006230529595015576,642.0,0.0,0.0,642.0
17,51,THYMIO,0.9801097076126314,0.7819041324618354,0.3654320987654321,0.13580246913580246,0.05432098765432099,0.06419753086419754,0.03950617283950617,0.0049382716049382715,0.0,405.0,1.0,405.0,0.0,0.0,405.0,0.0,0.0,405.0
17,52,THYMIO,0.9997700548738467,0.8021807238891201,0.3386327503974563,0.13036565977742448,0.04451510333863275,0.06518282988871224,0.05405405405405406,0.0,0.0,629.0,1.0,629.0,0.0,0.0,629.0,0.0,0.0,629.0
17,53,THYMIO,0.9999973935117473,0.6681552525035057,0.06289308176100629,0.10534591194968554,0.07389937106918239,0.0880503144654088,0.05345911949685535,0.0,0.0,636.0,1.0,636.0,0.0,0.0,636.0,0.0,0.0,636.0
17,54,THYMIO,0.008947897267898948,0.9111566331911151,0.054838709677419356,0.24193548387096775,0.0,0.00967741935483871,0.0,0.0,0.0,620.0,1.0,620.0,0.0,0.0,620.0,0.0,0.0,620.0
17,55,THYMIO,0.9993146311223425,0.7965399415997546,0.21711568938193343,0.196513470681458,0.11727416798732171,0.060221870047543584,0.02694136291600634,0.020602218700475437,0.0,631.0,1.0,631.0,0.0,0.0,631.0,0.0,0.0,631.0
17,56,THYMIO,0.99998009794682,0.7705127306225811,0.07886435331230283,0.11829652996845426,0.06782334384858044,0.061514195583596214,0.014195583596214511,0.0,0.0,634.0,1.0,634.0,0.0,0.0,634.0,0.0,0.0,634.0
17,57,THYMIO,0.9445473338507568,0.788118224445366,0.27602523659305994,0.13564668769716087,0.03943217665615142,0.052050473186119876,0.02996845425867508,0.007886435331230283,0.00473186119873817,634.0,0.9533834586466166,665.0,31.0,0.04661654135338346,665.0,0.0,0.0,665.0
18,55,THYMIO,0.9993603940116574,0.7968766398716426,0.23015873015873015,0.21587301587301588,0.1126984126984127,0.05873015873015873,0.006349206349206349,0.01904761904761905,0.0031746031746031746,630.0,1.0,630.0,0.0,0.0,630.0,0.0,0.0,630.0
18,58,THYMIO,0.999676781973763,0.792061806036074,0.25588697017268447,0.15855572998430142,0.07221350078492936,0.08163265306122448,0.04081632653061224,0.012558869701726845,0.0015698587127158557,637.0,1.0,637.0,0.0,0.0,637.0,0.0,0.0,637.0
18,59,THYMIO,0.7349275012062332,0.8348778795822268,0.24324324324324326,0.20540540540540542,0.32432432432432434,0.41081081081081083,0.20540540540540542,0.0,0.0,185.0,1.0,185.0,0.0,0.0,185.0,0.0,0.0,185.0
18,60,THYMIO,0.999999257809245,0.944701129134938,0.0,0.0,0.0,0.04878048780487805,0.2682926829268293,0.0,0.0,123.0,1.0,123.0,0.0,0.0,123.0,0.0,0.0,123.0
18,61,THYMIO,0.9872140856525091,0.7781914838843135,0.06829268292682927,0.11544715447154472,0.05203252032520325,0.055284552845528454,0.01788617886178862,0.0,0.0,615.0,1.0,615.0,0.0,0.0,615.0,0.0,0.0,615.0
18,62,THYMIO,0.9984543328076698,0.7955676392327959,0.13153724247226625,0.14421553090332806,0.09667194928684628,0.10618066561014262,0.04754358161648178,0.0,0.0,631.0,1.0,631.0,0.0,0.0,631.0,0.0,0.0,631.0
18,63,THYMIO,0.9999969708314914,0.13930134588989634,0.06471494607087827,0.2172573189522342,0.09244992295839753,0.15562403697996918,0.02465331278890601,0.0,0.0,649.0,1.0,649.0,0.0,0.0,649.0,0.0,0.0,649.0
18,64,THYMIO,0.9993327171823496,0.7657180104737177,0.08074534161490683,0.14130434782608695,0.06677018633540373,0.06521739130434782,0.015527950310559006,0.0,0.0,644.0,1.0,644.0,0.0,0.0,644.0,0.0,0.0,644.0
18,65,THYMIO,0.999978320370823,0.9172102337512523,0.21393034825870647,0.23383084577114427,0.06467661691542288,0.05970149253731343,0.04975124378109453,0.0,0.0,147.0,0.6805555555555556,216.0,0.0,0.0,216.0,69.0,0.3194444444444444,216.0
18,66,THYMIO,0.02879676050826282,0.8869355893732627,0.04327666151468315,0.14528593508500773,0.0,0.0,0.0,0.0,0.0,647.0,1.0,647.0,0.0,0.0,647.0,0.0,0.0,647.0
18,67,THYMIO,0.02261618884487941,0.9120083775092052,0.07511737089201878,0.24726134585289514,0.006259780907668232,0.06885758998435054,0.0,0.0,0.0,639.0,1.0,639.0,0.0,0.0,639.0,0.0,0.0,639.0
18,68,THYMIO,0.9996773794482473,0.8160758803750977,0.44254658385093165,0.13354037267080746,0.06832298136645963,0.07608695652173914,0.046583850931677016,0.037267080745341616,0.026397515527950312,190.0,0.2679830747531735,709.0,0.0,0.0,709.0,519.0,0.7320169252468265,709.0
18,69,THYMIO,0.9743121531739891,0.00020995245994893957,0.07232704402515723,0.360062893081761,0.1761006289308176,0.2908805031446541,0.02358490566037736,0.0,0.0,636.0,1.0,636.0,0.0,0.0,636.0,0.0,0.0,636.0
18,70,THYMIO,0.9999984496605735,0.790839158819625,0.1445578231292517,0.20238095238095238,0.11564625850340136,0.061224489795918366,0.025510204081632654,0.01020408163265306,0.0,588.0,1.0,588.0,0.0,0.0,588.0,0.0,0.0,588.0
18,71,THYMIO,0.9999988312554774,0.7766105571394402,0.1706896551724138,0.15172413793103448,0.07931034482758621,0.09137931034482759,0.05517241379310345,0.03793103448275862,0.03620689655172414,143.0,0.23597359735973597,606.0,0.0,0.0,606.0,463.0,0.764026402640264,606.0
18,72,THYMIO,0.9754538175020016,0.8068171627416414,0.21264367816091953,0.2557471264367816,0.13793103448275862,0.040229885057471264,0.02586206896551724,0.022988505747126436,0.0,348.0,1.0,348.0,0.0,0.0,348.0,0.0,0.0,348.0
18,73,THYMIO,0.9999329690618605,0.8124182716680121,0.4730639730639731,0.21548821548821548,0.14309764309764308,0.08922558922558922,0.04377104377104377,0.030303030303030304,0.0,594.0,1.0,594.0,0.0,0.0,594.0,0.0,0.0,594.0
18,74,THYMIO,0.9999999307536351,0.9670384163317758,0.0,0.0,0.0,0.0,0.17525773195876287,0.0,0.0,97.0,1.0,97.0,0.0,0.0,97.0,0.0,0.0,97.0
18,75,THYMIO,0.994428148734028,0.7758859448107253,0.07332293291731669,0.12480499219968799,0.060842433697347896,0.0686427457098284,0.0483619344773791,0.0,0.0,641.0,1.0,641.0,0.0,0.0,641.0,0.0,0.0,641.0
18,76,THYMIO,0.988653062109633,6.291593838813917e-07,0.20436817472698907,0.3790951638065523,0.27769110764430577,0.3166926677067083,0.18876755070202808,0.0,0.0,641.0,1.0,641.0,0.0,0.0,641.0,0.0,0.0,641.0
19,62,THYMIO,0.9984757912511831,0.7926712031699874,0.12755905511811025,0.14645669291338584,0.09606299212598425,0.12440944881889764,0.04251968503937008,0.0,0.0,635.0,0.9709480122324159,654.0,19.0,0.0290519877675841,654.0,0.0,0.0,654.0
19,77,THYMIO,0.8978158015833778,0.734545030423473,0.12755905511811025,0.15590551181102363,0.023622047244094488,0.03779527559055118,0.012598425196850394,0.012598425196850394,0.0,635.0,1.0,635.0,0.0,0.0,635.0,0.0,0.0,635.0
19,78,THYMIO,0.9995965645378873,0.8089149154743237,0.25960061443932414,0.19969278033794163,0.10906298003072197,0.05069124423963134,0.016897081413210446,0.018433179723502304,0.0030721966205837174,651.0,1.0,651.0,0.0,0.0,651.0,0.0,0.0,651.0
19,79,THYMIO,0.9980433122670453,0.8368404107776529,0.21875,0.18303571428571427,0.125,0.10267857142857142,0.12053571428571429,0.04017857142857143,0.03125,137.0,0.5829787234042553,235.0,0.0,0.0,235.0,98.0,0.41702127659574467,235.0
19,80,THYMIO,0.997711163472668,0.9229241717047286,0.0,0.0,0.0,0.07142857142857142,0.2619047619047619,0.0,0.0,126.0,1.0,126.0,0.0,0.0,126.0,0.0,0.0,126.0
19,81,THYMIO,0.9998430238604802,0.9759320556586841,0.0,0.0,0.0,0.17886178861788618,0.2601626016260163,0.0,0.0,123.0,1.0,123.0,0.0,0.0,123.0,0.0,0.0,123.0
19,82,THYMIO,0.9896171558039123,0.9162618455492967,0.20100502512562815,0.20100502512562815,0.07537688442211055,0.09045226130653267,0.07537688442211055,0.0,0.0,146.0,0.6790697674418604,215.0,0.0,0.0,215.0,69.0,0.3209302325581395,215.0
19,83,THYMIO,0.9991201908127392,0.9951569798207605,0.0,0.0,0.0,0.0,0.16666666666666666,0.0,0.0,120.0,1.0,120.0,0.0,0.0,120.0,0.0,0.0,120.0
19,84,THYMIO,0.9986167786979823,0.9931292824729396,0.0,0.0,0.8043143297380585,0.8412942989214176,0.05701078582434515,0.0,0.0,649.0,0.5623916811091855,1154.0,0.0,0.0,1154.0,505.0,0.4376083188908146,1154.0
19,85,THYMIO,0.9918141223272827,0.8100230337532915,0.19377162629757785,0.157439446366782,0.11418685121107267,0.13667820069204153,0.08996539792387544,0.02249134948096886,0.02422145328719723,124.0,0.21016949152542372,590.0,0.0,0.0,590.0,466.0,0.7898305084745763,590.0
19,86,THYMIO,0.9999257326259282,0.8022721085556953,0.3036565977742448,0.17329093799682035,0.1271860095389507,0.07472178060413355,0.04451510333863275,0.019077901430842606,0.0,629.0,1.0,629.0,0.0,0.0,629.0,0.0,0.0,629.0
19,87,THYMIO,0.9996591797866206,0.0,0.11280487804878049,0.3094512195121951,0.1173780487804878,0.1524390243902439,0.08536585365853659,0.0,0.0,656.0,1.0,656.0,0.0,0.0,656.0,0.0,0.0,656.0
19,88,THYMIO,0.9813526307425187,0.7966221196235223,0.3805031446540881,0.2578616352201258,0.18867924528301888,0.11635220125786164,0.020440251572327043,0.0440251572327044,0.03930817610062893,153.0,0.23466257668711657,652.0,0.0,0.0,652.0,499.0,0.7653374233128835,652.0
19,89,THYMIO,0.9999163164064463,0.987493085993718,0.0,0.0,0.794912559618442,0.8553259141494436,0.06518282988871224,0.0,0.0,629.0,0.5641255605381166,1115.0,0.0,0.0,1115.0,486.0,0.4358744394618834,1115.0
19,90,THYMIO,0.9782403882350436,0.7753169210098649,0.16692913385826771,0.14488188976377953,0.06929133858267716,0.07086614173228346,0.03307086614173228,0.014173228346456693,0.0,635.0,1.0,635.0,0.0,0.0,635.0,0.0,0.0,635.0
19,91,THYMIO,0.9999199548597878,0.3972610692271069,0.13893129770992366,0.22900763358778625,0.08854961832061069,0.13129770992366413,0.015267175572519083,0.0,0.0,655.0,1.0,655.0,0.0,0.0,655.0,0.0,0.0,655.0
19,92,THYMIO,0.22818471910874563,0.7997595318332955,0.036585365853658534,0.22865853658536586,0.0,0.0,0.0,0.0,0.0,656.0,1.0,656.0,0.0,0.0,656.0,0.0,0.0,656.0
19,93,THYMIO,0.9996801219853888,0.2085178878811372,0.10291858678955453,0.20430107526881722,0.14285714285714285,0.19508448540706605,0.018433179723502304,0.0,0.0,651.0,1.0,651.0,0.0,0.0,651.0,0.0,0.0,651.0
19,94,THYMIO,0.9770038098030863,0.7909087581612944,0.24233128834355827,0.17638036809815952,0.11809815950920245,0.10122699386503067,0.04754601226993865,0.018404907975460124,0.0,652.0,1.0,652.0,0.0,0.0,652.0,0.0,0.0,652.0
19,95,THYMIO,0.9997836569194564,0.025629268583491568,0.08948194662480377,0.27472527472527475,0.10832025117739404,0.1664050235478807,0.0565149136577708,0.0,0.0,637.0,1.0,637.0,0.0,0.0,637.0,0.0,0.0,637.0
