8,135,6.855628754234304
8,154,1.4060634224109019
8,155,1.4160903230668265
8,156,1.1383460745695175
8,157,3.586046598800404
8,158,0.009386375289411726
8,159,0.03926003289466041
8,160,1.2393868022010035
8,161,1.3610259882804454
8,162,1.3268308693123954
8,163,1.4075473998173285
8,164,3.096683237719138
8,165,0.060568419849483114
8,166,0.05001089077409492
8,167,0.11523704096122639
8,168,1.3868870646928073
8,169,1.8941863684776559
8,170,0.02875295275276964
8,171,0.4689699680805371
8,172,0.011797844386109943
