13,72,6.403759464854431
13,96,0.05079388518322472
13,97,2.8118657233898707
13,98,5.460835754531998
13,99,1.1956464690029458
13,100,0.11343296767193643
13,101,5.243030042476365
13,102,5.285596304284578
13,103,5.728320907412841
13,104,6.075565986636133
13,105,8.023641906997365e-05
13,106,1.711934036963968
13,107,0.004358222864811049
13,108,2.4109470898078356
13,109,4.189224073110715
13,110,4.925918754372649
13,111,0.15958344843834174
13,112,0.023741967583231948
13,113,5.2345916637787635
13,114,0.0001129923307090947
