1,2,0.14391176446602386
1,21,0.38392437309613453
1,22,0.26300489453341025
1,23,0.09600656851941819
1,24,0.1653003546477899
1,25,0.07726090488888065
1,26,0.047766517964183526
1,27,0.2537693980607598
1,28,0.1539299469567528
1,29,0.060174983987209635
1,30,0.8614164366129808
1,31,0.15317534148517567
1,32,0.19490052733401975
1,33,0.029703898809630182
1,34,0.033383475263580306
1,35,0.021922721745965226
1,36,0.02694088301312448
1,37,0.020419578251929048
1,38,0.020450225608244898
1,39,0.9050301619353319
