14,72,6.987921744601796
14,115,5.487560733590152
14,116,0.23656616367087416
14,117,3.111937141253868
14,118,2.2689020559638555
14,119,0.986811627177501
14,120,1.4649042070104437
14,121,1.5750459246896051
14,122,5.507173394405921
14,123,5.600543594698985
14,124,5.723681448865676
14,125,6.755364662867153
14,126,0.893214946135581
14,127,5.047040957413483
14,128,5.6733510859585845
14,129,0.05214217746043634
14,130,4.190186964735874
14,131,2.8735882018921104
14,132,5.684688022056911
14,133,0.6061134888677121
