13,165,34.926273873234955
13,249,5.510689995055251
13,250,3.2798514212644223
13,251,0.6799534453804406
13,252,0.6524732917057409
13,253,7.936071023914694
13,254,19.274229411372218
13,255,34.55233203047965
13,256,16.981119641706673
13,257,6.059847283103767
13,258,4.950408109358599
13,259,33.609828141798104
13,260,13.43123094298394
13,261,5.900899123015091
13,262,5.336001329626681e-05
13,263,34.77506590314964
13,264,5.903824300085196
13,265,9.211164037395301
13,266,20.2563813505227
13,267,5.786494850896195
