14,252,16.453732086265003
14,268,14.144076085773003
14,269,15.847480753136148
14,270,15.324435676093836
14,271,14.652228657970642
14,272,10.942458209407421
14,273,14.571886714679769
14,274,11.00840049273619
14,275,15.80375051451147
14,276,15.558284693915331
14,277,6.929838798160538
14,278,1.014231767686485
14,279,14.612023496549151
14,280,15.610830620739803
14,281,15.502912277533698
14,282,14.158727030225638
14,283,6.9285285729750665
14,284,0.0013935726961516177
14,285,14.758665549601806
14,286,15.190315900797556
