11,165,34.92802491424766
11,211,0.8690798218903865
11,212,19.86491833937691
11,213,20.599574638819767
11,214,5.952395688346706
11,215,34.29772362300894
11,216,5.848904063445285
11,217,1.1907888102091084
11,218,1.275978668534978
11,219,0.001597892983479328
11,220,5.8124920699947795
11,221,0.9158251090840472
11,222,5.352622211190018
11,223,16.38975537346975
11,224,1.0067946049262217
11,225,5.200833207243611
11,226,34.13982675200993
11,227,34.56691390822695
11,228,18.422093693939438
11,229,5.830637088153636
