15,252,16.453732086265003
15,287,16.090374799696985
15,288,15.713599231218087
15,289,15.75830702985457
15,290,6.8733819594192385
15,291,6.875695789015282
15,292,0.2611109111635782
15,293,15.135932569730784
15,294,12.52730905392215
15,295,8.198343893109685
15,296,3.2125675137103533
15,297,15.111249425705306
15,298,0.025549680324774234
15,299,15.534995751737053
15,300,14.852023921347637
15,301,15.595100835180139
15,302,1.2952443562935094
15,303,0.0008402024738435893
15,304,15.901252362990192
15,305,14.539540035143654
