17,252,16.453732086265003
17,325,13.624076525540449
17,326,6.8288470804101165
17,327,3.1479279778378007
17,328,0.003918522792122533
17,329,0.16325809873833144
17,330,6.8760983045019834
17,331,15.873937812913216
17,332,16.76668702981272
17,333,0.05274671090928552
17,334,14.097444181944393
17,335,6.894320488343806
17,336,14.7169407325186
17,337,7.145628610452118
17,338,14.317012207800614
17,339,2.7153969272238405
17,340,15.66702819916394
17,341,14.704747277414727
17,342,3.992478514909544
17,343,15.24889512990504
