16,181,33.81391176826262
16,306,3.3069612077522548
16,307,19.48260744940082
16,308,20.76056339137584
16,309,3.5463468453473497
16,310,5.3957710334793
16,311,5.522552006604893
16,312,0.10960604745696857
16,313,5.550807714053406
16,314,4.320978144320336
16,315,2.2672852379051838
16,316,5.818063753530153
16,317,5.825886461062917
16,318,1.898861890833824
16,319,0.45294763110015274
16,320,0.5681419350088516
16,321,5.315400075117048
16,322,5.635981369873791
16,323,1.0140823752400046
16,324,15.50524908500456
