100,0.566,0.562,0.008,0.888,0.892,0.890,0.876,0.000,0.000,2945,1.000,2945,0,0.000,2945,0,0.000,2945
101,1.000,0.830,0.240,0.245,0.204,0.211,0.207,0.000,0.000,444,1.000,444,0,0.000,444,0,0.000,444
102,1.000,0.789,0.110,0.126,0.125,0.162,0.258,0.043,0.029,2946,1.000,2946,0,0.000,2946,0,0.000,2946
103,0.984,0.833,0.050,0.155,0.277,0.436,0.597,0.157,0.105,1806,0.605,2987,0,0.000,2987,1181,0.395,2987
104,1.000,0.405,0.000,0.000,0.014,0.022,0.081,0.000,0.000,2959,1.000,2959,0,0.000,2959,0,0.000,2959
105,1.000,0.776,0.111,0.140,0.158,0.205,0.271,0.031,0.023,2950,1.000,2950,0,0.000,2950,0,0.000,2950
106,1.000,0.747,0.184,0.174,0.158,0.155,0.218,0.014,0.010,2949,1.000,2949,0,0.000,2949,0,0.000,2949
107,0.017,0.970,0.000,0.000,0.000,0.000,0.000,0.000,0.000,2946,1.000,2946,0,0.000,2946,0,0.000,2946
108,1.000,0.835,0.042,0.166,0.253,0.322,0.568,0.162,0.129,1753,0.587,2987,0,0.000,2987,1234,0.413,2987
109,0.996,0.736,0.115,0.154,0.188,0.197,0.255,0.012,0.007,2960,1.000,2960,0,0.000,2960,0,0.000,2960
10,0.001,1.000,0.000,0.000,0.000,0.000,0.000,0.000,0.000,2955,1.000,2955,0,0.000,2955,0,0.000,2955
110,0.563,0.564,0.882,0.888,0.891,0.889,0.000,0.000,0.000,2946,1.000,2946,0,0.000,2946,0,0.000,2946
111,0.983,0.809,0.164,0.173,0.180,0.303,0.482,0.074,0.058,2955,1.000,2955,0,0.000,2955,0,0.000,2955
112,1.000,0.865,0.095,0.128,0.166,0.335,0.511,0.101,0.066,1675,0.997,1680,0,0.000,1680,5,0.003,1680
113,1.000,0.574,0.012,0.020,0.022,0.037,0.122,0.000,0.000,2959,1.000,2959,0,0.000,2959,0,0.000,2959
114,1.000,0.150,0.000,0.000,0.000,0.005,0.068,0.000,0.000,2958,1.000,2958,0,0.000,2958,0,0.000,2958
115,0.999,0.764,0.126,0.178,0.209,0.264,0.324,0.024,0.000,2531,1.000,2531,0,0.000,2531,0,0.000,2531
116,1.000,0.873,0.061,0.158,0.181,0.320,0.529,0.124,0.088,1697,1.000,1697,0,0.000,1697,0,0.000,1697
117,1.000,0.858,0.129,0.343,0.368,0.365,0.296,0.062,0.000,512,1.000,512,0,0.000,512,0,0.000,512
118,0.785,0.658,0.110,0.246,0.537,0.552,0.575,0.010,0.000,2954,1.000,2954,0,0.000,2954,0,0.000,2954
119,1.000,0.747,0.138,0.140,0.136,0.148,0.222,0.015,0.006,2935,1.000,2935,0,0.000,2935,0,0.000,2935
11,0.512,0.529,0.000,0.000,0.949,0.957,0.899,0.000,0.000,2951,1.000,2951,0,0.000,2951,0,0.000,2951
120,1.000,0.976,0.104,0.153,0.183,0.178,0.092,0.000,0.000,392,1.000,392,0,0.000,392,0,0.000,392
121,0.971,0.832,0.070,0.157,0.203,0.256,0.492,0.120,0.076,1765,1.000,1765,0,0.000,1765,0,0.000,1765
122,1.000,0.534,0.132,0.133,0.255,0.347,0.470,0.146,0.148,2918,1.000,2918,0,0.000,2918,0,0.000,2918
123,1.000,0.427,0.000,0.009,0.015,0.040,0.115,0.000,0.000,2950,1.000,2950,0,0.000,2950,0,0.000,2950
124,0.987,0.840,0.199,0.155,0.211,0.373,0.524,0.134,0.111,709,1.000,709,0,0.000,709,0,0.000,709
125,1.000,0.848,0.088,0.197,0.250,0.436,0.689,0.138,0.105,1171,1.000,1171,0,0.000,1171,0,0.000,1171
126,1.000,0.867,0.077,0.157,0.166,0.202,0.404,0.093,0.079,1614,1.000,1614,0,0.000,1614,0,0.000,1614
127,1.000,0.849,0.026,0.133,0.208,0.196,0.315,0.082,0.069,1594,1.000,1594,0,0.000,1594,0,0.000,1594
128,0.570,0.548,0.045,0.879,0.887,0.888,0.884,0.000,0.000,2961,1.000,2961,0,0.000,2961,0,0.000,2961
129,1.000,0.812,0.112,0.131,0.225,0.274,0.344,0.114,0.099,2950,1.000,2950,0,0.000,2950,0,0.000,2950
12,0.000,0.001,0.000,0.000,0.000,0.000,0.000,0.627,0.636,109,1.000,109,0,0.000,109,0,0.000,109
130,0.482,0.491,0.000,0.000,0.000,0.000,0.000,0.966,0.969,2957,1.000,2957,0,0.000,2957,0,0.000,2957
131,1.000,0.770,0.153,0.133,0.122,0.147,0.200,0.019,0.009,2964,1.000,2964,0,0.000,2964,0,0.000,2964
132,0.977,0.989,0.137,0.179,0.201,0.189,0.000,0.000,0.000,401,1.000,401,0,0.000,401,0,0.000,401
133,0.014,0.994,0.000,0.000,0.000,0.000,0.000,0.000,0.000,2952,1.000,2952,0,0.000,2952,0,0.000,2952
134,0.999,0.843,0.171,0.310,0.345,0.355,0.260,0.028,0.002,503,1.000,503,0,0.000,503,0,0.000,503
135,1.000,0.623,0.017,0.017,0.068,0.157,0.228,0.000,0.000,2958,1.000,2958,0,0.000,2958,0,0.000,2958
136,1.000,0.808,0.099,0.166,0.247,0.298,0.311,0.117,0.096,2944,1.000,2944,0,0.000,2944,0,0.000,2944
137,0.999,0.865,0.067,0.185,0.247,0.290,0.389,0.116,0.094,1707,1.000,1707,0,0.000,1707,0,0.000,1707
138,0.781,0.067,0.000,0.000,0.000,0.000,0.000,0.000,0.000,2966,1.000,2966,0,0.000,2966,0,0.000,2966
139,1.000,0.347,0.000,0.000,0.007,0.021,0.085,0.000,0.000,2955,1.000,2955,0,0.000,2955,0,0.000,2955
13,0.069,1.000,0.000,0.000,0.000,0.000,0.000,0.000,0.000,2945,1.000,2945,0,0.000,2945,0,0.000,2945
140,0.998,0.789,0.370,0.331,0.246,0.199,0.160,0.000,0.000,356,1.000,356,0,0.000,356,0,0.000,356
141,1.000,0.111,0.000,0.000,0.000,0.000,0.032,0.000,0.000,2948,1.000,2948,0,0.000,2948,0,0.000,2948
142,1.000,0.369,0.000,0.000,0.005,0.018,0.105,0.000,0.000,2945,1.000,2945,0,0.000,2945,0,0.000,2945
143,1.000,0.865,0.253,0.300,0.325,0.319,0.245,0.000,0.000,473,1.000,473,0,0.000,473,0,0.000,473
144,1.000,0.847,0.040,0.120,0.187,0.186,0.294,0.076,0.062,1568,1.000,1568,0,0.000,1568,0,0.000,1568
145,1.000,0.783,0.121,0.116,0.114,0.149,0.237,0.026,0.011,2957,1.000,2957,0,0.000,2957,0,0.000,2957
146,1.000,0.724,0.116,0.145,0.145,0.156,0.241,0.034,0.024,2960,1.000,2960,0,0.000,2960,0,0.000,2960
147,1.000,0.717,0.134,0.194,0.258,0.245,0.232,0.000,0.000,1319,1.000,1319,0,0.000,1319,0,0.000,1319
148,1.000,0.847,0.060,0.108,0.199,0.203,0.335,0.086,0.070,1573,1.000,1573,0,0.000,1573,0,0.000,1573
149,1.000,0.843,0.296,0.225,0.182,0.177,0.165,0.081,0.078,915,1.000,915,0,0.000,915,0,0.000,915
14,0.984,0.000,0.000,0.000,0.000,0.000,0.000,0.000,0.000,2961,1.000,2961,0,0.000,2961,0,0.000,2961
150,0.000,0.996,0.000,0.000,0.000,0.000,0.000,0.000,0.000,2966,1.000,2966,0,0.000,2966,0,0.000,2966
151,1.000,0.865,0.064,0.160,0.246,0.282,0.322,0.100,0.089,1647,1.000,1647,0,0.000,1647,0,0.000,1647
152,1.000,0.750,0.102,0.137,0.157,0.197,0.299,0.029,0.008,2966,1.000,2966,0,0.000,2966,0,0.000,2966
153,1.000,0.863,0.075,0.179,0.254,0.264,0.383,0.110,0.096,1671,1.000,1671,0,0.000,1671,0,0.000,1671
154,1.000,0.934,0.447,0.306,0.115,0.000,0.000,0.000,0.000,234,1.000,234,0,0.000,234,0,0.000,234
155,0.999,0.821,0.046,0.091,0.184,0.233,0.353,0.101,0.078,2961,1.000,2961,0,0.000,2961,0,0.000,2961
156,1.000,0.463,0.003,0.011,0.015,0.022,0.072,0.000,0.000,2964,1.000,2964,0,0.000,2964,0,0.000,2964
157,1.000,0.804,0.080,0.108,0.107,0.191,0.307,0.061,0.035,2962,1.000,2962,0,0.000,2962,0,0.000,2962
158,1.000,0.858,0.046,0.137,0.198,0.183,0.295,0.084,0.071,1579,1.000,1579,0,0.000,1579,0,0.000,1579
159,1.000,0.782,0.154,0.134,0.122,0.163,0.245,0.038,0.022,2955,1.000,2955,0,0.000,2955,0,0.000,2955
15,0.554,0.001,0.167,0.165,0.076,0.081,0.075,0.134,0.153,2939,1.000,2939,0,0.000,2939,0,0.000,2939
160,1.000,0.669,0.013,0.019,0.051,0.170,0.226,0.000,0.000,2961,1.000,2961,0,0.000,2961,0,0.000,2961
161,1.000,0.948,0.068,0.187,0.217,0.209,0.122,0.000,0.000,410,1.000,410,0,0.000,410,0,0.000,410
162,1.000,0.942,0.090,0.155,0.223,0.211,0.102,0.000,0.000,412,1.000,412,0,0.000,412,0,0.000,412
163,0.973,0.002,0.000,0.000,0.000,0.000,0.000,0.000,0.000,2964,1.000,2964,0,0.000,2964,0,0.000,2964
164,1.000,0.860,0.017,0.156,0.212,0.231,0.368,0.086,0.069,1645,1.000,1645,0,0.000,1645,0,0.000,1645
165,1.000,0.728,0.092,0.150,0.190,0.231,0.294,0.000,0.000,2959,1.000,2959,0,0.000,2959,0,0.000,2959
166,1.000,0.811,0.067,0.091,0.116,0.187,0.284,0.062,0.038,2964,1.000,2964,0,0.000,2964,0,0.000,2964
167,1.000,0.803,0.106,0.131,0.217,0.424,0.558,0.075,0.046,1936,1.000,1936,0,0.000,1936,0,0.000,1936
168,0.992,0.862,0.081,0.158,0.179,0.211,0.438,0.101,0.078,1656,1.000,1656,0,0.000,1656,0,0.000,1656
169,0.984,0.799,0.038,0.079,0.165,0.199,0.254,0.074,0.060,2935,1.000,2935,0,0.000,2935,0,0.000,2935
16,0.090,0.673,0.000,0.000,0.000,0.000,0.000,0.000,0.000,2944,1.000,2944,0,0.000,2944,0,0.000,2944
170,0.997,0.733,0.093,0.131,0.132,0.164,0.252,0.037,0.026,2968,1.000,2968,0,0.000,2968,0,0.000,2968
171,1.000,0.516,0.000,0.015,0.017,0.032,0.095,0.000,0.000,2961,1.000,2961,0,0.000,2961,0,0.000,2961
172,1.000,0.838,0.034,0.167,0.258,0.330,0.579,0.162,0.127,1769,0.589,3005,0,0.000,3005,1236,0.411,3005
173,1.000,0.788,0.163,0.143,0.130,0.180,0.284,0.044,0.023,2961,1.000,2961,0,0.000,2961,0,0.000,2961
174,0.998,0.714,0.107,0.153,0.173,0.193,0.273,0.024,0.014,2969,1.000,2969,0,0.000,2969,0,0.000,2969
175,0.558,0.559,0.883,0.888,0.892,0.811,0.000,0.000,0.000,2963,1.000,2963,0,0.000,2963,0,0.000,2963
176,0.000,0.950,0.000,0.000,0.000,0.000,0.000,0.000,0.000,2952,1.000,2952,0,0.000,2952,0,0.000,2952
177,0.977,0.998,0.135,0.170,0.193,0.033,0.000,0.000,0.000,393,1.000,393,0,0.000,393,0,0.000,393
178,0.508,0.533,0.000,0.936,0.942,0.014,0.001,0.000,0.000,2955,1.000,2955,0,0.000,2955,0,0.000,2955
179,1.000,0.082,0.000,0.000,0.000,0.000,0.000,0.000,0.000,2953,1.000,2953,0,0.000,2953,0,0.000,2953
17,0.009,1.000,0.000,0.000,0.000,0.000,0.000,0.000,0.000,2937,1.000,2937,0,0.000,2937,0,0.000,2937
180,0.987,0.799,0.111,0.115,0.144,0.192,0.234,0.079,0.065,2958,1.000,2958,0,0.000,2958,0,0.000,2958
180,0.987,0.799,0.111,0.115,0.144,0.192,0.234,0.079,0.065,2957,1.000,2957,0,0.000,2957,0,0.000,2957
181,0.998,0.815,0.280,0.265,0.209,0.172,0.143,0.000,0.000,406,1.000,406,0,0.000,406,0,0.000,406
182,0.997,0.814,0.081,0.090,0.148,0.191,0.293,0.076,0.041,2944,1.000,2944,0,0.000,2944,0,0.000,2944
183,1.000,0.839,0.044,0.092,0.173,0.335,0.588,0.126,0.079,2793,1.000,2793,0,0.000,2793,0,0.000,2793
184,0.745,0.670,0.030,0.554,0.585,0.541,0.132,0.033,0.020,2975,1.000,2975,0,0.000,2975,0,0.000,2975
185,0.996,0.839,0.027,0.162,0.277,0.453,0.591,0.173,0.117,1798,0.598,3005,0,0.000,3005,1207,0.402,3005
186,1.000,0.856,0.053,0.140,0.169,0.182,0.291,0.084,0.072,1606,1.000,1606,0,0.000,1606,0,0.000,1606
187,1.000,0.863,0.100,0.278,0.335,0.343,0.250,0.010,0.000,491,1.000,491,0,0.000,491,0,0.000,491
188,0.998,0.636,0.021,0.145,0.191,0.193,0.268,0.050,0.031,2958,1.000,2958,0,0.000,2958,0,0.000,2958
189,1.000,0.737,0.019,0.088,0.221,0.513,0.709,0.259,0.166,2961,1.000,2961,0,0.000,2961,0,0.000,2961
18,0.928,0.494,0.108,0.241,0.394,0.644,0.637,0.188,0.144,451,1.000,451,0,0.000,451,0,0.000,451
190,1.000,0.861,0.086,0.145,0.145,0.191,0.424,0.082,0.062,1616,1.000,1616,0,0.000,1616,0,0.000,1616
191,0.563,0.547,0.902,0.887,0.879,0.880,0.012,0.000,0.000,2972,1.000,2972,0,0.000,2972,0,0.000,2972
192,0.567,0.553,0.905,0.884,0.886,0.889,0.886,0.000,0.000,2960,1.000,2960,0,0.000,2960,0,0.000,2960
193,1.000,0.862,0.062,0.146,0.170,0.210,0.410,0.082,0.062,1615,1.000,1615,0,0.000,1615,0,0.000,1615
194,1.000,0.882,0.381,0.255,0.192,0.215,0.201,0.000,0.000,427,1.000,427,0,0.000,427,0,0.000,427
195,0.991,0.806,0.013,0.090,0.190,0.195,0.247,0.096,0.080,2972,1.000,2972,0,0.000,2972,0,0.000,2972
195,0.991,0.805,0.013,0.091,0.191,0.196,0.247,0.096,0.080,2961,1.000,2961,0,0.000,2961,0,0.000,2961
195,0.991,0.805,0.013,0.091,0.191,0.196,0.248,0.096,0.080,2957,1.000,2957,0,0.000,2957,0,0.000,2957
195,0.991,0.805,0.013,0.091,0.191,0.196,0.247,0.096,0.080,2964,1.000,2964,0,0.000,2964,0,0.000,2964
196,0.562,0.559,0.855,0.398,0.890,0.890,0.885,0.000,0.000,2950,1.000,2950,0,0.000,2950,0,0.000,2950
197,1.000,0.665,0.023,0.116,0.162,0.179,0.238,0.000,0.000,2965,1.000,2965,0,0.000,2965,0,0.000,2965
198,0.235,0.849,0.000,0.000,0.000,0.000,0.000,0.000,0.000,2964,1.000,2964,0,0.000,2964,0,0.000,2964
199,1.000,0.817,0.064,0.079,0.135,0.172,0.212,0.076,0.059,2972,1.000,2972,0,0.000,2972,0,0.000,2972
19,0.336,1.000,0.000,0.000,0.000,0.000,0.000,0.000,0.000,2940,1.000,2940,0,0.000,2940,0,0.000,2940
1,0.930,0.784,0.332,0.134,0.178,0.184,0.193,0.061,0.055,1119,1.000,1119,0,0.000,1119,0,0.000,1119
200,1.000,0.644,0.014,0.019,0.032,0.136,0.184,0.000,0.000,2970,1.000,2970,0,0.000,2970,0,0.000,2970
201,1.000,0.186,0.000,0.000,0.000,0.000,0.058,0.000,0.000,2947,1.000,2947,0,0.000,2947,0,0.000,2947
202,0.988,0.404,0.211,0.222,0.325,0.321,0.295,0.110,0.110,525,1.000,525,0,0.000,525,0,0.000,525
203,1.000,0.236,0.000,0.000,0.000,0.022,0.105,0.000,0.000,2966,1.000,2966,0,0.000,2966,0,0.000,2966
204,1.000,0.614,0.014,0.015,0.093,0.152,0.205,0.000,0.000,2956,1.000,2956,0,0.000,2956,0,0.000,2956
205,0.998,0.857,0.012,0.147,0.182,0.198,0.402,0.078,0.059,1634,1.000,1634,0,0.000,1634,0,0.000,1634
206,0.979,0.837,0.187,0.192,0.202,0.204,0.257,0.093,0.082,1541,1.000,1541,0,0.000,1541,0,0.000,1541
207,1.000,0.849,0.022,0.127,0.200,0.182,0.241,0.080,0.069,1573,1.000,1573,0,0.000,1573,0,0.000,1573
208,0.159,0.406,0.000,0.000,0.000,0.000,0.194,0.532,0.498,433,1.000,433,0,0.000,433,0,0.000,433
209,1.000,0.742,0.111,0.125,0.129,0.155,0.254,0.030,0.018,2960,1.000,2960,0,0.000,2960,0,0.000,2960
20,0.946,0.004,0.000,0.000,0.000,0.000,0.000,0.000,0.000,2955,1.000,2955,0,0.000,2955,0,0.000,2955
210,0.000,0.985,0.000,0.000,0.000,0.000,0.000,0.000,0.000,2971,1.000,2971,0,0.000,2971,0,0.000,2971
211,0.996,0.756,0.073,0.105,0.173,0.329,0.563,0.114,0.081,2972,1.000,2972,0,0.000,2972,0,0.000,2972
212,1.000,0.846,0.018,0.145,0.272,0.310,0.391,0.124,0.090,2964,1.000,2964,0,0.000,2964,0,0.000,2964
213,1.000,0.945,0.394,0.235,0.049,0.000,0.000,0.000,0.000,344,1.000,344,0,0.000,344,0,0.000,344
214,1.000,0.187,0.000,0.000,0.000,0.025,0.082,0.000,0.000,2965,1.000,2965,0,0.000,2965,0,0.000,2965
215,1.000,0.357,0.000,0.000,0.005,0.016,0.072,0.000,0.000,2968,1.000,2968,0,0.000,2968,0,0.000,2968
216,1.000,0.851,0.125,0.139,0.233,0.233,0.196,0.088,0.091,878,0.993,884,6,0.007,884,0,0.000,884
217,1.000,0.846,0.015,0.138,0.163,0.159,0.299,0.090,0.066,1580,1.000,1580,0,0.000,1580,0,0.000,1580
218,1.000,0.593,0.014,0.031,0.117,0.172,0.230,0.034,0.020,2966,1.000,2966,0,0.000,2966,0,0.000,2966
219,0.982,0.792,0.227,0.186,0.159,0.185,0.225,0.058,0.048,2959,1.000,2959,0,0.000,2959,0,0.000,2959
21,0.521,0.504,0.967,0.973,0.967,0.961,0.000,0.000,0.000,2926,1.000,2926,0,0.000,2926,0,0.000,2926
220,1.000,0.651,0.063,0.131,0.170,0.193,0.334,0.053,0.035,2969,1.000,2969,0,0.000,2969,0,0.000,2969
221,0.508,0.541,0.911,0.921,0.029,0.012,0.015,0.000,0.000,2954,1.000,2954,0,0.000,2954,0,0.000,2954
222,1.000,0.129,0.000,0.000,0.000,0.000,0.003,0.000,0.000,2965,1.000,2965,0,0.000,2965,0,0.000,2965
223,1.000,0.752,0.119,0.133,0.136,0.136,0.153,0.000,0.000,2959,0.992,2983,24,0.008,2983,0,0.000,2983
224,0.568,0.558,0.895,0.878,0.886,0.888,0.885,0.000,0.000,2959,1.000,2959,0,0.000,2959,0,0.000,2959
225,1.000,0.179,0.000,0.000,0.000,0.005,0.079,0.000,0.000,2919,1.000,2919,0,0.000,2919,0,0.000,2919
226,0.768,0.687,0.009,0.534,0.547,0.546,0.180,0.053,0.042,2948,1.000,2948,0,0.000,2948,0,0.000,2948
227,1.000,0.951,0.404,0.260,0.053,0.000,0.000,0.000,0.000,284,1.000,284,0,0.000,284,0,0.000,284
228,0.995,0.811,0.076,0.100,0.142,0.188,0.244,0.066,0.053,2974,1.000,2974,0,0.000,2974,0,0.000,2974
229,0.976,0.788,0.193,0.154,0.145,0.196,0.231,0.077,0.062,2959,1.000,2959,0,0.000,2959,0,0.000,2959
22,0.993,0.998,0.111,0.153,0.174,0.062,0.000,0.000,0.000,385,1.000,385,0,0.000,385,0,0.000,385
230,1.000,0.816,0.072,0.091,0.138,0.186,0.247,0.072,0.057,2967,1.000,2967,0,0.000,2967,0,0.000,2967
231,0.994,0.998,0.103,0.147,0.176,0.163,0.000,0.000,0.000,386,1.000,386,0,0.000,386,0,0.000,386
232,1.000,0.640,0.060,0.144,0.174,0.205,0.266,0.060,0.048,2962,1.000,2962,0,0.000,2962,0,0.000,2962
233,1.000,0.017,0.000,0.000,0.000,0.000,0.000,0.000,0.000,2963,1.000,2963,0,0.000,2963,0,0.000,2963
234,0.995,0.848,0.071,0.163,0.205,0.297,0.207,0.099,0.102,934,0.954,979,45,0.046,979,0,0.000,979
235,0.988,0.996,0.104,0.150,0.178,0.170,0.000,0.000,0.000,393,1.000,393,0,0.000,393,0,0.000,393
236,1.000,0.852,0.029,0.137,0.163,0.164,0.260,0.077,0.064,1586,1.000,1586,0,0.000,1586,0,0.000,1586
237,0.541,0.521,0.030,0.940,0.933,0.928,0.923,0.000,0.000,2973,1.000,2973,0,0.000,2973,0,0.000,2973
238,1.000,0.836,0.399,0.289,0.201,0.136,0.093,0.000,0.000,397,1.000,397,0,0.000,397,0,0.000,397
239,1.000,0.839,0.000,0.161,0.192,0.175,0.155,0.073,0.074,879,1.000,879,0,0.000,879,0,0.000,879
23,0.543,0.522,0.032,0.933,0.925,0.920,0.915,0.000,0.000,2935,1.000,2935,0,0.000,2935,0,0.000,2935
240,1.000,0.055,0.000,0.000,0.000,0.000,0.000,0.000,0.000,2955,1.000,2955,0,0.000,2955,0,0.000,2955
241,1.000,0.542,0.014,0.023,0.023,0.031,0.093,0.000,0.000,2968,1.000,2968,0,0.000,2968,0,0.000,2968
242,0.990,0.996,0.107,0.150,0.180,0.170,0.000,0.000,0.000,393,1.000,393,0,0.000,393,0,0.000,393
243,0.464,0.991,0.099,0.033,0.000,0.000,0.000,0.000,0.000,2962,1.000,2962,0,0.000,2962,0,0.000,2962
244,1.000,0.817,0.062,0.070,0.135,0.173,0.252,0.075,0.056,2965,1.000,2965,0,0.000,2965,0,0.000,2965
245,0.713,0.958,0.000,0.000,0.092,0.256,0.194,0.000,0.000,272,1.000,272,0,0.000,272,0,0.000,272
246,1.000,0.784,0.114,0.116,0.134,0.190,0.277,0.039,0.024,2971,1.000,2971,0,0.000,2971,0,0.000,2971
247,1.000,0.030,0.000,0.000,0.000,0.000,0.000,0.000,0.000,2959,1.000,2959,0,0.000,2959,0,0.000,2959
248,0.991,0.844,0.027,0.150,0.184,0.162,0.322,0.089,0.066,1656,1.000,1656,0,0.000,1656,0,0.000,1656
249,1.000,0.816,0.024,0.071,0.141,0.186,0.230,0.081,0.065,2965,1.000,2965,0,0.000,2965,0,0.000,2965
24,0.662,0.007,0.000,0.000,0.000,0.000,0.000,0.000,0.000,2946,1.000,2946,0,0.000,2946,0,0.000,2946
250,1.000,0.814,0.060,0.084,0.164,0.201,0.222,0.093,0.080,2960,1.000,2960,0,0.000,2960,0,0.000,2960
250,1.000,0.814,0.060,0.084,0.164,0.201,0.222,0.093,0.080,2961,1.000,2961,0,0.000,2961,0,0.000,2961
250,1.000,0.814,0.060,0.084,0.164,0.200,0.222,0.093,0.080,2968,1.000,2968,0,0.000,2968,0,0.000,2968
250,1.000,0.815,0.060,0.083,0.163,0.200,0.221,0.092,0.080,2972,1.000,2972,0,0.000,2972,0,0.000,2972
250,1.000,0.814,0.061,0.084,0.164,0.201,0.223,0.093,0.080,2954,1.000,2954,0,0.000,2954,0,0.000,2954
250,1.000,0.814,0.060,0.084,0.164,0.200,0.222,0.093,0.080,2967,1.000,2967,0,0.000,2967,0,0.000,2967
250,1.000,0.814,0.060,0.084,0.164,0.201,0.222,0.093,0.080,2958,1.000,2958,0,0.000,2958,0,0.000,2958
251,1.000,0.852,0.022,0.145,0.234,0.230,0.279,0.078,0.065,1604,1.000,1604,0,0.000,1604,0,0.000,1604
252,0.999,0.956,0.333,0.204,0.080,0.000,0.000,0.000,0.000,323,1.000,323,0,0.000,323,0,0.000,323
253,1.000,0.806,0.074,0.107,0.145,0.192,0.277,0.057,0.042,2966,1.000,2966,0,0.000,2966,0,0.000,2966
254,0.999,0.760,0.266,0.316,0.310,0.263,0.218,0.000,0.000,315,1.000,315,0,0.000,315,0,0.000,315
255,1.000,0.818,0.041,0.066,0.140,0.189,0.246,0.081,0.063,2970,1.000,2970,0,0.000,2970,0,0.000,2970
256,0.560,0.561,0.882,0.888,0.891,0.890,0.000,0.000,0.000,2965,1.000,2965,0,0.000,2965,0,0.000,2965
257,1.000,0.664,0.207,0.469,0.479,0.408,0.333,0.000,0.000,212,1.000,212,0,0.000,212,0,0.000,212
258,0.575,0.553,0.006,0.048,0.878,0.878,0.870,0.000,0.000,2958,1.000,2958,0,0.000,2958,0,0.000,2958
259,0.027,0.983,0.000,0.000,0.000,0.000,0.000,0.000,0.000,2965,1.000,2965,0,0.000,2965,0,0.000,2965
25,0.355,1.000,0.024,0.000,0.000,0.000,0.000,0.000,0.000,2952,1.000,2952,0,0.000,2952,0,0.000,2952
260,0.980,0.996,0.106,0.152,0.185,0.180,0.015,0.000,0.000,394,1.000,394,0,0.000,394,0,0.000,394
261,1.000,0.706,0.075,0.114,0.136,0.181,0.249,0.058,0.049,2969,1.000,2969,0,0.000,2969,0,0.000,2969
262,0.995,0.801,0.107,0.113,0.228,0.239,0.217,0.051,0.048,1172,0.979,1197,25,0.021,1197,0,0.000,1197
263,1.000,0.747,0.128,0.141,0.150,0.184,0.233,0.040,0.032,2959,1.000,2959,0,0.000,2959,0,0.000,2959
264,0.006,0.999,0.000,0.000,0.000,0.000,0.000,0.000,0.000,2964,1.000,2964,0,0.000,2964,0,0.000,2964
265,1.000,0.854,0.154,0.309,0.341,0.343,0.319,0.053,0.000,494,1.000,494,0,0.000,494,0,0.000,494
266,0.999,0.997,0.096,0.140,0.166,0.132,0.000,0.000,0.000,385,1.000,385,0,0.000,385,0,0.000,385
267,0.404,0.996,0.027,0.000,0.000,0.000,0.000,0.000,0.000,2963,1.000,2963,0,0.000,2963,0,0.000,2963
268,0.997,0.822,0.101,0.122,0.184,0.183,0.194,0.084,0.073,2640,1.000,2640,0,0.000,2640,0,0.000,2640
269,1.000,0.813,0.170,0.130,0.156,0.206,0.243,0.081,0.069,2967,1.000,2967,0,0.000,2967,0,0.000,2967
26,0.987,0.888,0.467,0.319,0.163,0.058,0.000,0.000,0.000,256,1.000,256,0,0.000,256,0,0.000,256
270,1.000,0.813,0.124,0.091,0.125,0.163,0.180,0.053,0.042,2967,1.000,2967,0,0.000,2967,0,0.000,2967
271,1.000,0.813,0.011,0.100,0.199,0.227,0.270,0.108,0.093,2959,1.000,2959,0,0.000,2959,0,0.000,2959
272,0.561,0.559,0.000,0.888,0.892,0.892,0.883,0.000,0.000,2990,1.000,2990,0,0.000,2990,0,0.000,2990
273,1.000,0.703,0.091,0.132,0.138,0.161,0.240,0.047,0.037,2969,1.000,2969,0,0.000,2969,0,0.000,2969
274,1.000,0.853,0.042,0.180,0.231,0.196,0.184,0.100,0.100,909,1.000,909,0,0.000,909,0,0.000,909
275,1.000,0.812,0.069,0.078,0.121,0.162,0.194,0.064,0.053,2973,1.000,2973,0,0.000,2973,0,0.000,2973
276,1.000,0.812,0.065,0.088,0.139,0.181,0.209,0.075,0.065,2965,1.000,2965,0,0.000,2965,0,0.000,2965
277,0.999,0.697,0.085,0.139,0.172,0.178,0.173,0.000,0.000,2959,0.938,3155,196,0.062,3155,0,0.000,3155
278,0.995,0.856,0.058,0.127,0.166,0.193,0.329,0.083,0.069,1627,1.000,1627,0,0.000,1627,0,0.000,1627
279,1.000,0.215,0.000,0.000,0.000,0.020,0.085,0.000,0.000,2965,1.000,2965,0,0.000,2965,0,0.000,2965
27,0.261,0.992,0.000,0.000,0.000,0.000,0.000,0.000,0.000,2949,1.000,2949,0,0.000,2949,0,0.000,2949
280,0.999,0.842,0.051,0.109,0.178,0.172,0.231,0.063,0.050,1514,1.000,1514,0,0.000,1514,0,0.000,1514
281,1.000,0.775,0.118,0.120,0.112,0.139,0.194,0.032,0.020,2933,1.000,2933,0,0.000,2933,0,0.000,2933
282,0.000,0.000,0.000,0.000,0.000,0.000,0.000,0.627,0.627,109,1.000,109,0,0.000,109,0,0.000,109
283,1.000,0.439,0.000,0.008,0.015,0.020,0.068,0.000,0.000,2970,1.000,2970,0,0.000,2970,0,0.000,2970
284,1.000,0.710,0.150,0.170,0.161,0.155,0.190,0.017,0.007,2964,1.000,2964,0,0.000,2964,0,0.000,2964
285,0.764,0.689,0.489,0.538,0.572,0.102,0.158,0.043,0.036,2962,1.000,2962,0,0.000,2962,0,0.000,2962
286,1.000,0.587,0.014,0.019,0.048,0.145,0.202,0.008,0.004,2956,1.000,2956,0,0.000,2956,0,0.000,2956
287,0.995,0.360,0.000,0.000,0.010,0.022,0.076,0.000,0.000,2957,1.000,2957,0,0.000,2957,0,0.000,2957
288,1.000,0.814,0.022,0.095,0.178,0.192,0.232,0.099,0.084,2944,1.000,2944,0,0.000,2944,0,0.000,2944
289,1.000,0.783,0.137,0.117,0.140,0.157,0.186,0.037,0.028,2970,1.000,2970,0,0.000,2970,0,0.000,2970
28,0.123,0.915,0.000,0.000,0.000,0.000,0.000,0.000,0.000,2947,1.000,2947,0,0.000,2947,0,0.000,2947
290,1.000,0.851,0.025,0.139,0.205,0.193,0.232,0.083,0.072,1571,1.000,1571,0,0.000,1571,0,0.000,1571
291,0.763,0.685,0.490,0.533,0.575,0.574,0.116,0.044,0.039,2953,1.000,2953,0,0.000,2953,0,0.000,2953
292,1.000,0.768,0.192,0.208,0.180,0.167,0.150,0.000,0.000,805,1.000,805,0,0.000,805,0,0.000,805
293,1.000,0.792,0.125,0.097,0.174,0.165,0.143,0.036,0.033,1673,1.000,1673,0,0.000,1673,0,0.000,1673
294,1.000,0.860,0.170,0.184,0.149,0.148,0.152,0.070,0.067,903,1.000,903,0,0.000,903,0,0.000,903
295,1.000,0.811,0.073,0.092,0.165,0.193,0.182,0.065,0.063,1877,1.000,1877,0,0.000,1877,0,0.000,1877
296,1.000,0.813,0.113,0.107,0.129,0.177,0.241,0.068,0.053,2962,1.000,2962,0,0.000,2962,0,0.000,2962
297,1.000,0.743,0.156,0.155,0.144,0.158,0.211,0.030,0.021,2958,1.000,2958,0,0.000,2958,0,0.000,2958
298,1.000,0.815,0.129,0.152,0.175,0.173,0.192,0.052,0.050,2473,1.000,2473,0,0.000,2473,0,0.000,2473
299,1.000,0.849,0.013,0.141,0.170,0.167,0.332,0.093,0.071,1591,1.000,1591,0,0.000,1591,0,0.000,1591
29,0.522,0.504,0.015,0.971,0.965,0.959,0.000,0.000,0.000,2947,1.000,2947,0,0.000,2947,0,0.000,2947
2,0.448,0.989,0.117,0.087,0.005,0.000,0.000,0.000,0.022,2931,1.000,2931,0,0.000,2931,0,0.000,2931
300,1.000,0.257,0.000,0.000,0.000,0.010,0.075,0.000,0.000,2955,1.000,2955,0,0.000,2955,0,0.000,2955
301,0.754,0.679,0.507,0.548,0.584,0.599,0.103,0.041,0.035,2959,1.000,2959,0,0.000,2959,0,0.000,2959
302,0.865,0.741,0.345,0.374,0.422,0.450,0.491,0.064,0.058,2968,1.000,2968,0,0.000,2968,0,0.000,2968
303,0.020,0.984,0.000,0.000,0.000,0.000,0.000,0.000,0.000,2961,1.000,2961,0,0.000,2961,0,0.000,2961
304,1.000,0.812,0.060,0.101,0.169,0.186,0.213,0.086,0.077,2963,1.000,2963,0,0.000,2963,0,0.000,2963
305,1.000,0.856,0.062,0.138,0.170,0.186,0.257,0.088,0.077,1605,1.000,1605,0,0.000,1605,0,0.000,1605
306,1.000,0.639,0.047,0.155,0.183,0.192,0.271,0.059,0.048,2959,1.000,2959,0,0.000,2959,0,0.000,2959
307,1.000,0.716,0.174,0.177,0.169,0.162,0.183,0.008,0.004,2950,1.000,2950,0,0.000,2950,0,0.000,2950
308,1.000,0.812,0.026,0.093,0.189,0.226,0.250,0.109,0.096,2958,1.000,2958,0,0.000,2958,0,0.000,2958
309,1.000,0.811,0.065,0.099,0.169,0.204,0.229,0.094,0.083,2980,1.000,2980,0,0.000,2980,0,0.000,2980
30,0.991,0.004,0.000,0.000,0.000,0.000,0.000,0.000,0.000,2954,1.000,2954,0,0.000,2954,0,0.000,2954
310,1.000,0.679,0.127,0.174,0.179,0.176,0.238,0.030,0.015,2955,1.000,2955,0,0.000,2955,0,0.000,2955
311,1.000,0.554,0.010,0.014,0.015,0.046,0.145,0.000,0.000,2952,1.000,2952,0,0.000,2952,0,0.000,2952
312,1.000,0.779,0.138,0.185,0.174,0.162,0.206,0.025,0.020,1730,1.000,1730,0,0.000,1730,0,0.000,1730
313,1.000,0.639,0.042,0.141,0.174,0.180,0.264,0.062,0.050,2970,1.000,2970,0,0.000,2970,0,0.000,2970
314,0.514,0.535,0.000,0.000,0.318,0.952,0.944,0.000,0.000,2956,1.000,2956,0,0.000,2956,0,0.000,2956
315,1.000,0.813,0.069,0.113,0.174,0.215,0.239,0.091,0.080,2964,1.000,2964,0,0.000,2964,0,0.000,2964
316,1.000,0.961,0.089,0.185,0.210,0.198,0.086,0.000,0.000,404,1.000,404,0,0.000,404,0,0.000,404
317,1.000,0.783,0.151,0.141,0.137,0.175,0.212,0.034,0.026,2956,1.000,2956,0,0.000,2956,0,0.000,2956
318,1.000,0.633,0.076,0.146,0.181,0.212,0.283,0.066,0.061,2942,1.000,2942,0,0.000,2942,0,0.000,2942
319,1.000,0.845,0.019,0.135,0.196,0.189,0.193,0.079,0.069,1527,1.000,1527,0,0.000,1527,0,0.000,1527
31,0.567,0.565,0.874,0.882,0.887,0.888,0.882,0.000,0.000,2918,1.000,2918,0,0.000,2918,0,0.000,2918
320,1.000,0.817,0.048,0.115,0.176,0.197,0.209,0.086,0.079,1971,1.000,1971,0,0.000,1971,0,0.000,1971
321,0.662,0.612,0.740,0.730,0.729,0.743,0.746,0.022,0.021,2965,1.000,2965,0,0.000,2965,0,0.000,2965
322,1.000,0.778,0.095,0.105,0.136,0.165,0.245,0.049,0.043,2968,1.000,2968,0,0.000,2968,0,0.000,2968
323,1.000,0.577,0.012,0.045,0.067,0.110,0.167,0.016,0.008,2963,1.000,2963,0,0.000,2963,0,0.000,2963
324,1.000,0.852,0.047,0.138,0.208,0.192,0.226,0.085,0.075,1580,1.000,1580,0,0.000,1580,0,0.000,1580
325,1.000,0.921,0.435,0.283,0.115,0.000,0.000,0.000,0.000,268,1.000,268,0,0.000,268,0,0.000,268
326,1.000,0.782,0.174,0.143,0.135,0.163,0.185,0.029,0.022,2959,1.000,2959,0,0.000,2959,0,0.000,2959
327,1.000,0.205,0.000,0.000,0.000,0.018,0.080,0.000,0.000,2964,1.000,2964,0,0.000,2964,0,0.000,2964
328,1.000,0.957,0.399,0.252,0.052,0.000,0.000,0.000,0.000,285,1.000,285,0,0.000,285,0,0.000,285
329,1.000,0.859,0.060,0.133,0.172,0.182,0.339,0.097,0.075,1631,1.000,1631,0,0.000,1631,0,0.000,1631
32,0.990,0.843,0.054,0.153,0.250,0.256,0.336,0.088,0.070,1636,1.000,1636,0,0.000,1636,0,0.000,1636
32,0.990,0.843,0.054,0.153,0.250,0.256,0.336,0.088,0.070,1636,1.000,1636,0,0.000,1636,0,0.000,1636
330,1.000,0.813,0.164,0.119,0.139,0.187,0.211,0.071,0.060,2977,1.000,2977,0,0.000,2977,0,0.000,2977
331,1.000,0.757,0.148,0.144,0.141,0.153,0.168,0.006,0.002,2954,1.000,2954,0,0.000,2954,0,0.000,2954
332,0.994,0.808,0.053,0.109,0.196,0.237,0.279,0.101,0.086,2962,1.000,2962,0,0.000,2962,0,0.000,2962
333,1.000,0.742,0.157,0.156,0.146,0.152,0.200,0.026,0.016,2959,1.000,2959,0,0.000,2959,0,0.000,2959
334,1.000,0.860,0.052,0.119,0.199,0.183,0.230,0.105,0.085,1602,1.000,1602,0,0.000,1602,0,0.000,1602
335,1.000,0.861,0.051,0.128,0.204,0.188,0.325,0.102,0.082,1603,1.000,1603,0,0.000,1603,0,0.000,1603
336,1.000,0.852,0.041,0.104,0.184,0.169,0.206,0.080,0.067,1541,1.000,1541,0,0.000,1541,0,0.000,1541
337,1.000,0.998,0.085,0.135,0.166,0.158,0.052,0.000,0.000,385,1.000,385,0,0.000,385,0,0.000,385
338,1.000,0.968,0.375,0.224,0.022,0.000,0.000,0.000,0.000,311,1.000,311,0,0.000,311,0,0.000,311
339,0.534,0.511,0.020,0.962,0.955,0.950,0.946,0.000,0.000,2956,1.000,2956,0,0.000,2956,0,0.000,2956
33,0.303,0.995,0.010,0.000,0.000,0.000,0.000,0.000,0.000,2958,1.000,2958,0,0.000,2958,0,0.000,2958
340,1.000,0.822,0.162,0.155,0.160,0.141,0.135,0.010,0.007,1374,1.000,1374,0,0.000,1374,0,0.000,1374
341,1.000,0.861,0.148,0.199,0.160,0.164,0.159,0.074,0.074,903,1.000,903,0,0.000,903,0,0.000,903
342,1.000,0.841,0.045,0.139,0.197,0.178,0.216,0.078,0.066,1553,1.000,1553,0,0.000,1553,0,0.000,1553
343,1.000,0.000,0.000,0.000,0.000,0.000,0.000,0.000,0.000,2956,1.000,2956,0,0.000,2956,0,0.000,2956
344,0.976,0.841,0.090,0.174,0.254,0.264,0.293,0.093,0.084,1674,1.000,1674,0,0.000,1674,0,0.000,1674
345,1.000,0.840,0.142,0.144,0.202,0.172,0.163,0.079,0.079,846,1.000,846,0,0.000,846,0,0.000,846
346,1.000,0.850,0.059,0.142,0.214,0.208,0.223,0.089,0.080,1572,1.000,1572,0,0.000,1572,0,0.000,1572
347,1.000,0.714,0.189,0.172,0.183,0.186,0.205,0.033,0.029,2672,0.855,3125,453,0.145,3125,0,0.000,3125
348,1.000,0.856,0.063,0.135,0.211,0.225,0.226,0.092,0.084,1592,1.000,1592,0,0.000,1592,0,0.000,1592
349,1.000,0.821,0.185,0.202,0.240,0.274,0.277,0.102,0.098,2250,1.000,2250,0,0.000,2250,0,0.000,2250
34,0.103,0.993,0.000,0.000,0.000,0.000,0.000,0.000,0.000,2936,1.000,2936,0,0.000,2936,0,0.000,2936
350,0.999,0.842,0.208,0.188,0.174,0.194,0.216,0.076,0.071,1480,1.000,1480,0,0.000,1480,0,0.000,1480
351,1.000,0.811,0.084,0.085,0.141,0.190,0.206,0.078,0.066,2957,1.000,2957,0,0.000,2957,0,0.000,2957
352,1.000,0.772,0.146,0.140,0.155,0.143,0.178,0.021,0.014,2432,1.000,2432,0,0.000,2432,0,0.000,2432
353,1.000,0.957,0.039,0.187,0.212,0.180,0.089,0.000,0.000,405,1.000,405,0,0.000,405,0,0.000,405
354,1.000,0.819,0.012,0.096,0.179,0.183,0.318,0.100,0.080,2958,1.000,2958,0,0.000,2958,0,0.000,2958
355,1.000,0.846,0.091,0.130,0.205,0.210,0.191,0.088,0.079,1540,1.000,1540,0,0.000,1540,0,0.000,1540
356,0.999,0.991,0.084,0.140,0.171,0.163,0.082,0.000,0.000,391,1.000,391,0,0.000,391,0,0.000,391
357,1.000,0.847,0.153,0.302,0.335,0.335,0.308,0.008,0.000,495,1.000,495,0,0.000,495,0,0.000,495
358,1.000,0.997,0.096,0.140,0.169,0.117,0.000,0.000,0.000,384,1.000,384,0,0.000,384,0,0.000,384
359,1.000,0.012,0.000,0.000,0.000,0.000,0.000,0.000,0.000,2958,1.000,2958,0,0.000,2958,0,0.000,2958
35,0.104,0.999,0.000,0.000,0.000,0.000,0.000,0.000,0.000,2952,1.000,2952,0,0.000,2952,0,0.000,2952
360,1.000,0.840,0.140,0.170,0.190,0.176,0.161,0.076,0.073,858,1.000,858,0,0.000,858,0,0.000,858
361,1.000,0.822,0.068,0.116,0.178,0.185,0.198,0.070,0.062,2605,1.000,2605,0,0.000,2605,0,0.000,2605
362,1.000,0.681,0.023,0.068,0.149,0.175,0.187,0.000,0.000,2942,1.000,2942,0,0.000,2942,0,0.000,2942
363,1.000,0.851,0.051,0.132,0.151,0.157,0.322,0.071,0.054,1550,1.000,1550,0,0.000,1550,0,0.000,1550
364,1.000,0.952,0.068,0.189,0.218,0.211,0.121,0.000,0.000,411,1.000,411,0,0.000,411,0,0.000,411
365,1.000,0.586,0.012,0.017,0.017,0.104,0.157,0.000,0.000,2963,1.000,2963,0,0.000,2963,0,0.000,2963
366,1.000,0.835,0.045,0.122,0.195,0.191,0.228,0.069,0.057,1535,1.000,1535,0,0.000,1535,0,0.000,1535
367,1.000,0.009,0.000,0.000,0.000,0.000,0.000,0.000,0.000,2956,1.000,2956,0,0.000,2956,0,0.000,2956
368,1.000,0.039,0.000,0.000,0.000,0.000,0.000,0.000,0.000,2952,1.000,2952,0,0.000,2952,0,0.000,2952
369,1.000,0.812,0.035,0.082,0.158,0.201,0.233,0.086,0.072,2953,1.000,2953,0,0.000,2953,0,0.000,2953
36,0.999,0.931,0.441,0.317,0.132,0.000,0.000,0.000,0.000,226,1.000,226,0,0.000,226,0,0.000,226
370,1.000,0.000,0.000,0.000,0.000,0.000,0.000,0.000,0.000,2961,1.000,2961,0,0.000,2961,0,0.000,2961
371,1.000,0.707,0.113,0.147,0.158,0.184,0.273,0.054,0.045,2963,1.000,2963,0,0.000,2963,0,0.000,2963
372,1.000,0.825,0.050,0.125,0.170,0.168,0.182,0.073,0.065,2634,1.000,2634,0,0.000,2634,0,0.000,2634
373,1.000,0.813,0.056,0.110,0.173,0.198,0.222,0.095,0.083,2963,1.000,2963,0,0.000,2963,0,0.000,2963
374,1.000,0.745,0.140,0.146,0.138,0.145,0.208,0.032,0.022,2961,1.000,2961,0,0.000,2961,0,0.000,2961
375,0.992,0.807,0.015,0.105,0.197,0.213,0.262,0.099,0.086,2956,1.000,2956,0,0.000,2956,0,0.000,2956
376,1.000,0.678,0.091,0.154,0.165,0.169,0.261,0.046,0.034,2957,1.000,2957,0,0.000,2957,0,0.000,2957
377,0.037,0.933,0.000,0.000,0.000,0.000,0.000,0.000,0.000,2950,1.000,2950,0,0.000,2950,0,0.000,2950
378,1.000,0.836,0.106,0.156,0.183,0.174,0.165,0.062,0.053,1463,1.000,1463,0,0.000,1463,0,0.000,1463
379,1.000,0.988,0.102,0.151,0.179,0.168,0.074,0.000,0.000,391,1.000,391,0,0.000,391,0,0.000,391
37,0.998,0.384,0.000,0.023,0.140,0.167,0.188,0.095,0.052,2947,1.000,2947,0,0.000,2947,0,0.000,2947
380,1.000,0.965,0.377,0.227,0.025,0.000,0.000,0.000,0.000,320,1.000,320,0,0.000,320,0,0.000,320
381,0.767,0.056,0.000,0.000,0.000,0.000,0.000,0.000,0.000,2952,1.000,2952,0,0.000,2952,0,0.000,2952
38,0.996,0.985,0.291,0.111,0.158,0.168,0.141,0.000,0.000,397,1.000,397,0,0.000,397,0,0.000,397
39,0.946,0.964,0.133,0.128,0.082,0.033,0.000,0.000,0.000,538,0.674,798,0,0.000,798,260,0.326,798
3,0.995,0.161,0.000,0.000,0.000,0.011,0.079,0.000,0.000,2942,1.000,2942,0,0.000,2942,0,0.000,2942
40,0.993,0.686,0.315,0.542,0.449,0.370,0.296,0.000,0.000,215,1.000,215,0,0.000,215,0,0.000,215
41,0.985,0.557,0.010,0.019,0.041,0.104,0.171,0.010,0.000,2942,1.000,2942,0,0.000,2942,0,0.000,2942
42,1.000,0.447,0.086,0.111,0.255,0.326,0.367,0.222,0.214,2926,1.000,2926,0,0.000,2926,0,0.000,2926
43,1.000,0.718,0.110,0.139,0.152,0.176,0.269,0.021,0.007,2946,1.000,2946,0,0.000,2946,0,0.000,2946
43,1.000,0.716,0.111,0.140,0.153,0.178,0.271,0.022,0.007,2926,1.000,2926,0,0.000,2926,0,0.000,2926
44,0.542,0.526,0.930,0.920,0.913,0.908,0.000,0.000,0.000,2945,1.000,2945,0,0.000,2945,0,0.000,2945
45,0.989,0.347,0.000,0.000,0.015,0.056,0.116,0.008,0.000,2927,1.000,2927,0,0.000,2927,0,0.000,2927
46,0.559,0.561,0.876,0.881,0.886,0.885,0.000,0.000,0.000,2940,1.000,2940,0,0.000,2940,0,0.000,2940
47,0.559,0.536,0.037,0.909,0.905,0.898,0.890,0.000,0.000,2936,1.000,2936,0,0.000,2936,0,0.000,2936
48,1.000,0.108,0.000,0.000,0.000,0.000,0.000,0.000,0.000,2961,1.000,2961,0,0.000,2961,0,0.000,2961
49,0.555,0.534,0.033,0.909,0.902,0.897,0.892,0.000,0.000,2930,1.000,2930,0,0.000,2930,0,0.000,2930
4,0.010,0.000,0.000,0.000,0.000,0.000,0.000,0.622,0.631,110,1.000,110,0,0.000,110,0,0.000,110
50,0.540,0.522,0.949,0.940,0.933,0.927,0.920,0.000,0.000,2955,1.000,2955,0,0.000,2955,0,0.000,2955
51,1.000,0.045,0.000,0.000,0.000,0.000,0.000,0.000,0.000,2933,1.000,2933,0,0.000,2933,0,0.000,2933
52,1.000,0.013,0.000,0.000,0.000,0.000,0.000,0.000,0.000,2958,1.000,2958,0,0.000,2958,0,0.000,2958
53,0.149,0.985,0.000,0.000,0.000,0.000,0.000,0.000,0.000,2936,1.000,2936,0,0.000,2936,0,0.000,2936
54,0.873,0.676,0.111,0.255,0.425,0.429,0.467,0.010,0.003,2932,1.000,2932,0,0.000,2932,0,0.000,2932
55,1.000,0.230,0.000,0.000,0.000,0.000,0.076,0.000,0.000,2959,1.000,2959,0,0.000,2959,0,0.000,2959
56,0.530,0.515,0.964,0.956,0.949,0.942,0.000,0.000,0.000,2934,1.000,2934,0,0.000,2934,0,0.000,2934
57,0.585,0.559,0.026,0.316,0.887,0.888,0.878,0.000,0.000,2933,1.000,2933,0,0.000,2933,0,0.000,2933
58,0.561,0.543,0.915,0.901,0.893,0.886,0.880,0.000,0.000,2929,1.000,2929,0,0.000,2929,0,0.000,2929
59,0.997,0.625,0.016,0.111,0.263,0.564,0.790,0.245,0.000,566,1.000,566,0,0.000,566,0,0.000,566
5,0.540,0.519,0.030,0.939,0.931,0.926,0.922,0.000,0.000,2948,1.000,2948,0,0.000,2948,0,0.000,2948
5,0.540,0.519,0.029,0.939,0.931,0.926,0.922,0.000,0.000,2952,1.000,2952,0,0.000,2952,0,0.000,2952
60,0.558,0.561,0.879,0.884,0.887,0.000,0.000,0.000,0.000,2942,1.000,2942,0,0.000,2942,0,0.000,2942
61,0.561,0.561,0.881,0.886,0.888,0.000,0.000,0.000,0.000,2947,1.000,2947,0,0.000,2947,0,0.000,2947
62,0.976,0.994,0.126,0.167,0.189,0.088,0.000,0.000,0.000,395,1.000,395,0,0.000,395,0,0.000,395
63,0.997,0.000,0.000,0.000,0.000,0.000,0.000,0.000,0.000,2937,1.000,2937,0,0.000,2937,0,0.000,2937
64,0.559,0.560,0.881,0.886,0.891,0.890,0.000,0.000,0.000,2951,1.000,2951,0,0.000,2951,0,0.000,2951
65,0.559,0.543,0.891,0.877,0.871,0.865,0.000,0.000,0.000,2912,1.000,2912,0,0.000,2912,0,0.000,2912
66,0.561,0.562,0.886,0.881,0.887,0.888,0.010,0.000,0.000,2954,1.000,2954,0,0.000,2954,0,0.000,2954
67,1.000,0.746,0.109,0.132,0.146,0.186,0.277,0.017,0.000,2952,1.000,2952,0,0.000,2952,0,0.000,2952
67,1.000,0.746,0.109,0.133,0.147,0.186,0.278,0.017,0.000,2940,1.000,2940,0,0.000,2940,0,0.000,2940
68,0.998,0.742,0.346,0.366,0.312,0.262,0.215,0.000,0.000,297,1.000,297,0,0.000,297,0,0.000,297
69,0.822,0.298,0.000,0.000,0.000,0.000,0.000,0.000,0.000,2930,1.000,2930,0,0.000,2930,0,0.000,2930
6,0.044,0.717,0.067,0.121,0.149,0.168,0.199,0.161,0.119,982,1.000,982,0,0.000,982,0,0.000,982
70,0.562,0.560,0.000,0.883,0.887,0.886,0.016,0.000,0.000,2952,1.000,2952,0,0.000,2952,0,0.000,2952
71,0.558,0.564,0.878,0.883,0.887,0.005,0.000,0.000,0.000,2929,1.000,2929,0,0.000,2929,0,0.000,2929
72,0.558,0.562,0.872,0.879,0.885,0.885,0.000,0.000,0.000,2869,1.000,2869,0,0.000,2869,0,0.000,2869
73,1.000,0.570,0.010,0.013,0.014,0.025,0.156,0.000,0.000,2884,1.000,2884,0,0.000,2884,0,0.000,2884
74,0.000,0.996,0.000,0.000,0.000,0.000,0.000,0.000,0.000,2941,1.000,2941,0,0.000,2941,0,0.000,2941
75,1.000,0.004,0.000,0.000,0.000,0.000,0.000,0.000,0.000,2936,1.000,2936,0,0.000,2936,0,0.000,2936
76,0.987,0.434,0.000,0.011,0.018,0.040,0.101,0.000,0.000,2880,1.000,2880,0,0.000,2880,0,0.000,2880
77,0.959,0.749,0.579,0.520,0.421,0.316,0.164,0.000,0.000,170,1.000,170,0,0.000,170,0,0.000,170
78,0.524,0.494,0.003,0.018,0.025,0.951,0.937,0.000,0.000,2956,1.000,2956,0,0.000,2956,0,0.000,2956
79,1.000,0.751,0.141,0.159,0.160,0.184,0.279,0.019,0.014,2939,1.000,2939,0,0.000,2939,0,0.000,2939
7,0.274,0.344,0.000,0.000,0.000,0.000,0.000,0.444,0.639,312,1.000,312,0,0.000,312,0,0.000,312
80,0.971,0.745,0.199,0.211,0.233,0.204,0.201,0.008,0.000,2416,1.000,2416,0,0.000,2416,0,0.000,2416
81,0.540,0.523,0.939,0.930,0.924,0.919,0.000,0.000,0.000,2929,1.000,2929,0,0.000,2929,0,0.000,2929
82,1.000,0.674,0.015,0.018,0.027,0.197,0.285,0.000,0.000,2945,1.000,2945,0,0.000,2945,0,0.000,2945
83,1.000,0.035,0.000,0.000,0.000,0.000,0.000,0.000,0.000,2941,1.000,2941,0,0.000,2941,0,0.000,2941
84,0.532,0.512,0.954,0.965,0.958,0.953,0.947,0.000,0.000,2946,1.000,2946,0,0.000,2946,0,0.000,2946
85,0.563,0.564,0.877,0.882,0.885,0.000,0.000,0.000,0.000,2894,1.000,2894,0,0.000,2894,0,0.000,2894
86,0.522,0.502,0.016,0.020,0.963,0.957,0.000,0.000,0.000,2944,1.000,2944,0,0.000,2944,0,0.000,2944
87,0.999,0.242,0.000,0.000,0.000,0.000,0.068,0.000,0.000,2942,1.000,2942,0,0.000,2942,0,0.000,2942
88,1.000,0.680,0.103,0.178,0.198,0.202,0.266,0.008,0.000,2949,1.000,2949,0,0.000,2949,0,0.000,2949
89,1.000,0.007,0.000,0.000,0.000,0.000,0.000,0.000,0.000,2932,1.000,2932,0,0.000,2932,0,0.000,2932
8,0.303,0.010,0.230,0.134,0.000,0.000,0.000,0.389,0.657,238,1.000,238,0,0.000,238,0,0.000,238
90,0.999,0.843,0.021,0.142,0.240,0.263,0.394,0.110,0.093,2944,1.000,2944,0,0.000,2944,0,0.000,2944
90,1.000,0.850,0.021,0.135,0.230,0.254,0.394,0.112,0.095,2908,1.000,2908,0,0.000,2908,0,0.000,2908
90,0.999,0.839,0.021,0.141,0.240,0.267,0.397,0.110,0.093,2959,1.000,2959,0,0.000,2959,0,0.000,2959
90,0.999,0.839,0.021,0.141,0.240,0.268,0.398,0.110,0.093,2963,1.000,2963,0,0.000,2963,0,0.000,2963
90,0.999,0.838,0.021,0.141,0.240,0.268,0.398,0.110,0.093,2964,1.000,2964,0,0.000,2964,0,0.000,2964
90,0.999,0.840,0.021,0.141,0.240,0.266,0.397,0.110,0.093,2958,1.000,2958,0,0.000,2958,0,0.000,2958
91,0.543,0.523,0.035,0.932,0.924,0.918,0.913,0.000,0.000,2928,1.000,2928,0,0.000,2928,0,0.000,2928
92,0.510,0.542,0.563,0.945,0.945,0.000,0.000,0.000,0.000,2959,1.000,2959,0,0.000,2959,0,0.000,2959
93,0.561,0.562,0.880,0.886,0.890,0.889,0.000,0.000,0.000,2935,1.000,2935,0,0.000,2935,0,0.000,2935
94,0.542,0.522,0.946,0.936,0.930,0.925,0.918,0.000,0.000,2937,1.000,2937,0,0.000,2937,0,0.000,2937
95,1.000,0.008,0.000,0.000,0.000,0.000,0.000,0.000,0.000,2941,1.000,2941,0,0.000,2941,0,0.000,2941
96,0.978,0.129,0.000,0.000,0.000,0.000,0.000,0.000,0.000,2957,1.000,2957,0,0.000,2957,0,0.000,2957
97,1.000,0.479,0.000,0.013,0.018,0.042,0.104,0.000,0.000,2950,1.000,2950,0,0.000,2950,0,0.000,2950
98,1.000,0.769,0.117,0.138,0.174,0.239,0.331,0.021,0.014,2613,1.000,2613,0,0.000,2613,0,0.000,2613
99,0.996,0.849,0.033,0.132,0.191,0.229,0.375,0.078,0.052,1608,1.000,1608,0,0.000,1608,0,0.000,1608
9,1.000,0.049,0.000,0.000,0.000,0.000,0.000,0.000,0.000,2928,1.000,2928,0,0.000,2928,0,0.000,2928
