13,232,14.88691570397172
13,249,6.903648913938158
13,250,13.830879677299853
13,251,13.799790225058208
13,252,14.201346812844536
13,253,3.5810265221662783
13,254,2.865496617748089e-05
13,255,13.366210489589191
13,256,14.479357570317543
13,257,11.728633207571423
13,258,6.3342741473453295
13,259,13.076886844687067
13,260,13.88491472146055
13,261,0.9333295484144581
13,262,14.362442968343826
13,263,0.035089276138459226
13,264,6.720974194567763
13,265,14.685718036995421
13,266,14.685398455508075
13,267,0.4125086398547124
