10,140,23.759750324315714
10,192,2.5341089254336984
10,193,2.447859129666612
10,194,2.896929652983756
10,195,25.034107439793786
10,196,1.3141638362128514
10,197,8.775479895393856
10,198,8.915373894700172
10,199,29.653378370016057
10,200,1.2075830617147576
10,201,0.018606702814428777
10,202,18.038308372900648
10,203,0.2831341814098298
10,204,2.5742399533455256
10,205,18.036485778531876
10,206,3.309560560004804
10,207,0.04523375748759838
10,208,1.112112517089865
10,209,4.645460969631618
10,210,5.3450964689514615
