18,121,7.365009177500953
18,153,5.4280239056678266
18,154,0.3678093709395303
18,155,7.429284193949212
18,156,0.4227613965662292
18,157,6.186511926542433
18,158,0.7180974924417097
18,159,0.016749626813130428
18,160,5.176781378815166
18,161,1.4632967255205829
18,162,0.09540975036733648
18,163,4.604044193901223
18,164,3.1521597078585093
18,165,3.779941472818176
18,166,1.4640700152646102
18,167,0.43963161352727587
18,168,6.6025712696560115
18,169,4.395742031788777
18,170,7.11236492944711
18,171,3.676350954127858
