8,126,6.8453077065343715
8,154,0.2229504532995051
8,155,0.08911661333820943
8,156,0.004794850253727683
8,157,0.02982903236220608
8,158,0.04640578873893771
8,159,0.004918960745458114
8,160,0.04992129371292751
8,161,0.017188758140172844
8,162,0.0017445573808532449
8,163,0.038385299208612104
8,164,0.035978808833745685
8,165,0.045457341601536146
8,166,0.038325952002349194
8,167,0.04211094710953313
8,168,0.014810381058816073
8,169,0.015275770459742115
8,170,0.0019449633180051546
8,171,5.108057311666198e-07
8,172,0.049941271862206066
