10,135,5.860378224043782
10,192,0.05145953092048769
10,193,3.0103429021824817
10,194,2.592329185669858
10,195,0.0063223711026157295
10,196,2.028547994783182
10,197,4.194719078844142
10,198,6.951837838068255
10,199,1.2727076448158925
10,200,4.122629690628305
10,201,1.530364683804808
10,202,1.4839941788157023
10,203,0.022606243350880673
10,204,6.783535776515166
10,205,0.29338815560043924
10,206,0.043001639690430915
10,207,4.983878321959654
10,208,5.979104673492539
10,209,0.054749436612383434
10,210,5.642540356491762
