1,8,21.559566817819043
1,21,3.0532104927614814
1,22,7.7188904112123335
1,23,17.165674287436747
1,24,9.02857493389037
1,25,2.6911019915350143
1,26,1.6462200651418655
1,27,2.9538740561830936
1,28,8.861017713189996
1,29,0.5341490395750225
1,30,1.1382159965472358
1,31,3.1274370032394385
1,32,0.06449870049045874
1,33,2.415642897449116
1,34,3.366538884009273
1,35,1.0958460712666802
1,36,2.743840414176258
1,37,13.139870869654366
1,38,4.934966794639776
1,39,10.926920092163186
1,10,24.282278435051307
1,21,8.025547284254433
1,22,16.589395147203486
1,23,0.5200474391755705
1,24,1.5973965543482636
1,25,10.190076174336548
1,26,0.030061616421190863
1,27,0.00014445675210824062
1,28,2.0403381128966744
1,29,16.758897114947324
1,30,3.37646133098127
1,31,3.1173225043285497
1,32,13.376352290529516
1,33,1.1366375092158298
1,34,3.418216411619122
1,35,14.862454196207562
1,36,5.133747990706193
1,37,17.593508152887942
1,38,0.41110557370652506
1,39,8.970006397843196
