12,108,7.554698072951224
12,153,0.5359232154965866
12,154,1.5007109550064146
12,155,6.30579049302069
12,156,4.416168537575578
12,157,0.4371902188979302
12,158,5.509054015949384
12,159,3.6701685032919236
12,160,2.3641846468268017
12,161,1.270401986005974
12,162,0.7046141249551854
12,163,0.54827319109241
12,164,6.071438177380224
12,165,4.437497407128736
12,166,2.8072436630328355
12,167,2.4882591462190438
12,168,0.6775779769816087
12,169,4.317669962942282
12,170,7.394673865476987
12,171,2.1159593373028187
