1,0.112,0.366,0.020,0.000,0.000,0.000,0.000,0.480,0.140,50,1.000,50,0,0.000,50,0,0.000,50
2,0.005,0.002,0.000,0.000,0.000,0.000,0.000,0.909,0.855,55,1.000,55,0,0.000,55,0,0.000,55
3,0.312,0.423,0.000,0.000,0.000,0.000,0.000,1.000,0.000,41,1.000,41,0,0.000,41,0,0.000,41
4,0.239,0.000,0.000,0.000,0.000,0.000,0.000,1.000,0.918,61,1.000,61,0,0.000,61,0,0.000,61
5,0.849,0.924,0.000,0.000,0.025,0.143,0.112,0.000,0.000,161,1.000,161,0,0.000,161,0,0.000,161
6,0.796,0.029,0.399,0.377,0.363,0.337,0.326,0.201,0.139,273,1.000,273,0,0.000,273,0,0.000,273
7,0.050,0.431,0.463,0.269,0.239,0.015,0.000,0.224,0.000,67,1.000,67,0,0.000,67,0,0.000,67
8,0.002,1.000,0.156,0.288,0.333,0.285,0.131,0.000,0.000,688,1.000,688,0,0.000,688,0,0.000,688
9,0.047,0.983,0.301,0.475,0.496,0.435,0.228,0.056,0.024,680,1.000,680,0,0.000,680,0,0.000,680
10,0.709,0.000,0.000,0.000,0.000,0.018,0.016,0.000,0.000,668,1.000,668,0,0.000,668,0,0.000,668
11,0.712,0.986,0.069,0.079,0.124,0.173,0.158,0.000,0.000,106,0.480,221,115,0.520,221,0,0.000,221
12,0.998,0.000,0.000,0.067,0.160,0.072,0.000,0.000,0.000,682,1.000,682,0,0.000,682,0,0.000,682
13,0.003,0.992,0.125,0.164,0.175,0.157,0.094,0.000,0.000,670,1.000,670,0,0.000,670,0,0.000,670
14,0.989,1.000,0.223,0.289,0.314,0.298,0.347,0.000,0.000,121,1.000,121,0,0.000,121,0,0.000,121
15,0.002,0.998,0.000,0.120,0.187,0.123,0.000,0.000,0.000,685,1.000,685,0,0.000,685,0,0.000,685
16,0.134,0.909,0.000,0.099,0.140,0.105,0.000,0.000,0.000,677,1.000,677,0,0.000,677,0,0.000,677
17,0.992,0.933,0.920,0.939,0.941,0.938,0.012,0.000,0.000,659,1.000,659,0,0.000,659,0,0.000,659
18,0.959,0.000,0.000,0.122,0.199,0.139,0.001,0.000,0.000,674,1.000,674,0,0.000,674,0,0.000,674
19,0.079,0.732,0.217,0.395,0.401,0.421,0.276,0.237,0.224,152,1.000,152,0,0.000,152,0,0.000,152
20,0.953,0.415,0.308,0.477,0.523,0.585,0.385,0.000,0.000,65,1.000,65,0,0.000,65,0,0.000,65
5,0.814,0.940,0.064,0.062,0.138,0.262,0.249,0.000,0.000,274,0.537,510,0,0.000,510,236,0.463,510
21,0.530,0.998,0.074,0.036,0.504,0.881,0.875,0.000,0.000,672,1.000,672,0,0.000,672,0,0.000,672
22,0.480,0.515,0.884,0.067,0.058,0.051,0.032,0.021,0.012,432,1.000,432,0,0.000,432,0,0.000,432
23,0.917,0.933,0.000,0.000,0.227,0.413,0.480,0.040,0.000,75,1.000,75,0,0.000,75,0,0.000,75
24,0.783,0.991,0.000,0.073,0.139,0.387,0.510,0.020,0.036,122,0.387,315,193,0.613,315,0,0.000,315
25,0.016,1.000,0.035,0.088,0.146,0.098,0.029,0.000,0.000,684,1.000,684,0,0.000,684,0,0.000,684
26,0.482,0.532,0.828,0.944,0.947,0.942,0.932,0.000,0.000,692,1.000,692,0,0.000,692,0,0.000,692
27,0.062,0.987,0.006,0.084,0.133,0.085,0.000,0.000,0.000,691,1.000,691,0,0.000,691,0,0.000,691
28,0.998,0.958,0.244,0.293,0.293,0.268,0.285,0.000,0.000,123,1.000,123,0,0.000,123,0,0.000,123
29,0.507,0.489,0.000,0.000,0.906,0.147,0.024,0.000,0.000,659,1.000,659,0,0.000,659,0,0.000,659
30,0.688,0.937,0.000,0.000,0.000,0.000,0.000,0.000,0.000,104,0.825,126,22,0.175,126,0,0.000,126
31,0.880,0.036,0.108,0.142,0.131,0.150,0.131,0.031,0.034,381,1.000,381,0,0.000,381,0,0.000,381
32,0.012,0.993,0.059,0.144,0.239,0.148,0.007,0.000,0.000,696,1.000,696,0,0.000,696,0,0.000,696
33,0.528,1.000,0.144,0.351,0.550,0.613,0.514,0.000,0.000,111,1.000,111,0,0.000,111,0,0.000,111
34,0.617,0.644,0.000,0.006,0.650,0.733,0.730,0.000,0.000,169,0.240,705,0,0.000,705,536,0.760,705
35,0.950,1.000,0.000,0.000,0.000,0.248,0.241,0.000,0.000,133,1.000,133,0,0.000,133,0,0.000,133
36,0.928,1.000,0.951,0.962,0.956,0.000,0.000,0.000,0.000,687,1.000,687,0,0.000,687,0,0.000,687
37,0.115,0.919,0.016,0.113,0.151,0.102,0.003,0.000,0.000,689,1.000,689,0,0.000,689,0,0.000,689
38,0.268,0.984,0.136,0.269,0.323,0.392,0.265,0.017,0.000,699,1.000,699,0,0.000,699,0,0.000,699
39,0.079,0.999,0.071,0.161,0.221,0.156,0.074,0.000,0.000,688,1.000,688,0,0.000,688,0,0.000,688
5,0.865,0.931,0.136,0.146,0.178,0.157,0.118,0.000,0.000,219,0.718,305,0,0.000,305,86,0.282,305
40,0.826,0.897,0.000,0.000,0.072,0.309,0.727,0.000,0.000,194,1.000,194,0,0.000,194,0,0.000,194
41,0.003,0.852,0.026,0.162,0.210,0.004,0.000,0.000,0.000,691,1.000,691,0,0.000,691,0,0.000,691
42,0.712,0.878,0.578,0.453,0.109,0.000,0.000,0.000,0.000,64,1.000,64,0,0.000,64,0,0.000,64
43,0.624,0.661,0.000,0.128,0.508,0.098,0.527,0.000,0.000,249,0.355,702,0,0.000,702,453,0.645,702
44,0.877,0.867,0.178,0.263,0.259,0.166,0.178,0.000,0.000,152,0.580,262,0,0.000,262,110,0.420,262
45,0.549,0.561,0.000,0.000,0.428,0.833,0.000,0.000,0.000,687,1.000,687,0,0.000,687,0,0.000,687
46,0.218,0.998,0.000,0.075,0.121,0.076,0.000,0.000,0.000,696,1.000,696,0,0.000,696,0,0.000,696
47,0.955,0.999,0.495,0.527,0.532,0.527,0.554,0.000,0.000,186,1.000,186,0,0.000,186,0,0.000,186
48,0.568,0.994,0.000,0.160,0.314,0.801,0.667,0.000,0.000,156,1.000,156,0,0.000,156,0,0.000,156
49,0.914,0.999,0.171,0.234,0.126,0.000,0.000,0.027,0.000,111,1.000,111,0,0.000,111,0,0.000,111
50,0.662,0.991,0.108,0.131,0.180,0.269,0.184,0.000,0.000,112,0.156,716,604,0.844,716,0,0.000,716
51,0.058,0.875,0.016,0.113,0.164,0.000,0.000,0.000,0.000,672,1.000,672,0,0.000,672,0,0.000,672
52,0.997,0.999,0.208,0.275,0.283,0.283,0.333,0.000,0.000,120,1.000,120,0,0.000,120,0,0.000,120
53,0.751,0.431,0.000,0.000,0.292,0.174,0.030,0.000,0.000,701,1.000,701,0,0.000,701,0,0.000,701
54,0.766,0.920,0.001,0.027,0.081,0.132,0.172,0.000,0.000,399,0.524,762,0,0.000,762,363,0.476,762
55,0.972,0.065,0.000,0.103,0.165,0.097,0.000,0.000,0.000,692,1.000,692,0,0.000,692,0,0.000,692
56,0.101,0.400,0.125,0.089,0.000,0.000,0.000,0.446,0.232,56,1.000,56,0,0.000,56,0,0.000,56
57,0.041,0.987,0.073,0.228,0.298,0.208,0.042,0.000,0.000,688,1.000,688,0,0.000,688,0,0.000,688
58,0.510,0.472,0.257,0.921,0.697,0.405,0.466,0.000,0.000,686,1.000,686,0,0.000,686,0,0.000,686
54,0.771,0.919,0.000,0.032,0.072,0.127,0.164,0.000,0.000,409,0.562,728,0,0.000,728,319,0.438,728
59,0.923,0.921,0.000,0.000,0.000,0.500,0.528,0.000,0.000,72,1.000,72,0,0.000,72,0,0.000,72
60,0.028,0.963,0.000,0.142,0.197,0.044,0.000,0.000,0.000,689,1.000,689,0,0.000,689,0,0.000,689
54,0.769,0.919,0.010,0.030,0.075,0.142,0.170,0.000,0.000,329,0.532,618,0,0.000,618,289,0.468,618
59,0.925,0.923,0.000,0.000,0.000,0.492,0.538,0.000,0.000,65,1.000,65,0,0.000,65,0,0.000,65
60,0.028,0.964,0.000,0.137,0.188,0.056,0.000,0.000,0.000,606,1.000,606,0,0.000,606,0,0.000,606
61,0.816,0.979,0.172,0.233,0.240,0.340,0.346,0.048,0.052,322,0.495,650,0,0.000,650,328,0.505,650
62,0.042,0.265,0.000,0.000,0.000,0.000,0.000,0.652,0.087,46,1.000,46,0,0.000,46,0,0.000,46
63,0.669,1.000,0.042,0.098,0.142,0.218,0.058,0.000,0.000,105,0.164,641,536,0.836,641,0,0.000,641
64,0.516,0.482,0.000,0.000,0.958,0.964,0.000,0.000,0.000,617,1.000,617,0,0.000,617,0,0.000,617
65,0.653,0.694,0.000,0.000,0.091,0.165,0.392,0.000,0.000,352,1.000,352,0,0.000,352,0,0.000,352
66,0.985,0.126,0.075,0.166,0.228,0.172,0.093,0.000,0.000,429,1.000,429,0,0.000,429,0,0.000,429
67,0.023,1.000,0.069,0.226,0.318,0.239,0.045,0.000,0.000,620,1.000,620,0,0.000,620,0,0.000,620
68,0.829,0.941,0.033,0.036,0.111,0.137,0.295,0.007,0.000,441,0.683,646,0,0.000,646,205,0.317,646
69,0.529,0.447,0.008,0.103,0.146,0.514,0.681,0.000,0.045,624,1.000,624,0,0.000,624,0,0.000,624
70,0.717,0.766,0.000,0.054,0.133,0.194,0.695,0.039,0.029,279,1.000,279,0,0.000,279,0,0.000,279
71,0.000,0.000,0.000,0.000,0.000,0.000,0.000,0.754,0.705,61,1.000,61,0,0.000,61,0,0.000,61
72,0.172,0.721,0.174,0.000,0.000,0.000,0.000,0.522,0.261,23,1.000,23,0,0.000,23,0,0.000,23
73,1.000,0.572,0.452,0.524,0.595,0.690,0.405,0.000,0.000,42,1.000,42,0,0.000,42,0,0.000,42
74,0.609,0.657,0.700,0.702,0.697,0.707,0.409,0.000,0.000,157,0.253,620,0,0.000,620,463,0.747,620
75,0.596,0.622,0.000,0.000,0.011,0.072,0.388,0.000,0.000,456,1.000,456,0,0.000,456,0,0.000,456
76,0.497,0.452,0.000,0.000,0.093,0.016,0.356,0.077,0.000,247,1.000,247,0,0.000,247,0,0.000,247
77,0.544,0.544,0.000,0.035,0.041,0.088,0.957,0.000,0.000,628,1.000,628,0,0.000,628,0,0.000,628
54,0.767,0.919,0.000,0.030,0.069,0.144,0.164,0.000,0.000,345,0.518,666,0,0.000,666,321,0.482,666
1,0.829,0.848,0.000,0.000,0.100,0.267,0.673,0.000,0.000,150,1.000,150,0,0.000,150,0,0.000,150
2,0.906,0.998,0.000,0.108,0.192,0.400,0.377,0.000,0.000,130,1.000,130,0,0.000,130,0,0.000,130
3,0.950,0.142,0.035,0.205,0.227,0.145,0.002,0.000,0.000,620,1.000,620,0,0.000,620,0,0.000,620
4,0.026,0.945,0.000,0.104,0.166,0.082,0.000,0.000,0.000,625,1.000,625,0,0.000,625,0,0.000,625
5,0.837,0.868,0.000,0.000,0.061,0.287,0.696,0.000,0.000,181,1.000,181,0,0.000,181,0,0.000,181
6,0.690,0.608,0.020,0.020,0.392,0.745,0.588,0.000,0.000,51,1.000,51,0,0.000,51,0,0.000,51
7,0.931,1.000,0.000,0.000,0.105,0.325,0.272,0.000,0.000,114,1.000,114,0,0.000,114,0,0.000,114
8,0.543,0.556,0.000,0.348,0.794,0.784,0.312,0.000,0.000,621,1.000,621,0,0.000,621,0,0.000,621
9,0.775,0.870,0.000,0.009,0.068,0.112,0.324,0.000,0.000,229,0.467,490,0,0.000,490,261,0.533,490
10,0.864,1.000,0.083,0.205,0.519,0.513,0.526,0.000,0.000,156,1.000,156,0,0.000,156,0,0.000,156
11,0.839,0.957,0.058,0.083,0.157,0.265,0.511,0.000,0.000,439,0.683,643,0,0.000,643,204,0.317,643
12,0.522,0.541,0.000,0.000,0.000,0.031,0.267,0.000,0.000,619,1.000,619,0,0.000,619,0,0.000,619
13,0.802,0.999,0.034,0.091,0.186,0.274,0.324,0.000,0.000,346,0.519,667,0,0.000,667,321,0.481,667
14,0.870,0.924,0.000,0.000,0.080,0.147,0.644,0.000,0.000,163,1.000,163,0,0.000,163,0,0.000,163
15,0.250,1.000,0.000,0.069,0.121,0.061,0.002,0.000,0.000,622,1.000,622,0,0.000,622,0,0.000,622
16,0.839,0.882,0.000,0.000,0.040,0.192,0.746,0.000,0.000,177,1.000,177,0,0.000,177,0,0.000,177
17,0.757,0.827,0.000,0.000,0.037,0.075,0.156,0.000,0.000,375,0.574,653,0,0.000,653,278,0.426,653
18,0.821,1.000,0.011,0.144,0.215,0.362,0.569,0.000,0.002,319,0.478,668,0,0.000,668,349,0.522,668
19,0.237,0.996,0.000,0.060,0.126,0.058,0.005,0.000,0.000,603,1.000,603,0,0.000,603,0,0.000,603
54,0.771,0.919,0.000,0.027,0.066,0.127,0.176,0.000,0.000,350,0.515,679,0,0.000,679,329,0.485,679
20,0.868,1.000,0.023,0.185,0.277,0.392,0.415,0.000,0.000,130,1.000,130,0,0.000,130,0,0.000,130
21,0.503,0.465,0.000,0.016,0.301,0.064,0.350,0.000,0.000,614,1.000,614,0,0.000,614,0,0.000,614
22,0.777,0.993,0.066,0.076,0.153,0.164,0.108,0.000,0.000,368,0.546,674,0,0.000,674,306,0.454,674
23,0.542,0.669,0.197,0.000,0.000,0.000,0.000,0.000,0.000,198,0.795,249,51,0.205,249,0,0.000,249
24,0.266,0.885,0.000,0.068,0.111,0.029,0.000,0.000,0.000,619,1.000,619,0,0.000,619,0,0.000,619
25,0.703,0.822,0.020,0.033,0.117,0.114,0.081,0.000,0.000,399,0.609,655,0,0.000,655,256,0.391,655
26,0.816,1.000,0.011,0.046,0.149,0.425,0.543,0.000,0.000,275,0.416,661,0,0.000,661,386,0.584,661
27,0.457,0.107,0.000,0.000,0.002,0.008,0.040,0.010,0.000,618,1.000,618,0,0.000,618,0,0.000,618
28,0.717,0.967,0.000,0.000,0.000,0.000,0.000,0.000,0.000,97,0.698,139,42,0.302,139,0,0.000,139
29,0.957,1.000,0.000,0.000,0.000,0.228,0.211,0.000,0.000,114,1.000,114,0,0.000,114,0,0.000,114
30,0.780,0.982,0.030,0.130,0.259,0.345,0.294,0.000,0.000,381,0.559,681,0,0.000,681,300,0.441,681
31,0.565,1.000,0.005,0.019,0.031,0.036,0.012,0.000,0.000,583,1.000,583,0,0.000,583,0,0.000,583
32,0.743,0.749,0.000,0.000,0.045,0.080,0.307,0.000,0.000,264,0.967,273,0,0.000,273,9,0.033,273
33,0.549,0.562,0.000,0.000,0.003,0.026,0.411,0.000,0.000,620,1.000,620,0,0.000,620,0,0.000,620
34,0.846,1.000,0.000,0.000,0.069,0.376,0.514,0.000,0.000,152,0.447,340,0,0.000,340,188,0.553,340
35,0.346,1.000,0.003,0.023,0.068,0.045,0.006,0.000,0.000,621,1.000,621,0,0.000,621,0,0.000,621
36,0.954,0.935,0.000,0.042,0.222,0.375,0.389,0.000,0.000,72,1.000,72,0,0.000,72,0,0.000,72
37,0.794,0.998,0.023,0.053,0.102,0.141,0.237,0.000,0.000,324,0.477,679,0,0.000,679,355,0.523,679
38,0.880,0.996,0.144,0.223,0.237,0.324,0.403,0.000,0.036,139,1.000,139,0,0.000,139,0,0.000,139
54,0.788,0.967,0.000,0.123,0.185,0.190,0.196,0.000,0.003,330,0.501,659,0,0.000,659,329,0.499,659
39,0.635,0.994,0.303,0.000,0.000,0.000,0.000,0.000,0.000,76,0.817,93,17,0.183,93,0,0.000,93
40,0.802,0.966,0.095,0.151,0.171,0.156,0.116,0.000,0.000,95,0.442,215,120,0.558,215,0,0.000,215
41,0.502,0.999,0.086,0.244,0.697,0.697,0.579,0.027,0.045,221,1.000,221,0,0.000,221,0,0.000,221
42,0.723,0.806,0.000,0.003,0.063,0.091,0.163,0.012,0.003,298,0.480,621,0,0.000,621,323,0.520,621
43,0.637,0.207,0.000,0.000,0.105,0.227,0.173,0.000,0.000,629,1.000,629,0,0.000,629,0,0.000,629
44,0.171,0.993,0.000,0.076,0.136,0.089,0.000,0.000,0.000,617,1.000,617,0,0.000,617,0,0.000,617
45,0.843,0.893,0.000,0.000,0.084,0.107,0.399,0.000,0.000,178,1.000,178,0,0.000,178,0,0.000,178
46,0.770,0.849,0.000,0.008,0.059,0.083,0.152,0.000,0.000,407,0.609,668,0,0.000,668,261,0.391,668
47,0.720,0.192,0.000,0.102,0.241,0.159,0.016,0.000,0.000,618,1.000,618,0,0.000,618,0,0.000,618
48,0.732,0.769,0.000,0.016,0.054,0.062,0.253,0.000,0.008,257,1.000,257,0,0.000,257,0,0.000,257
49,0.743,0.778,0.000,0.009,0.082,0.073,0.216,0.000,0.013,232,1.000,232,0,0.000,232,0,0.000,232
50,0.836,0.998,0.181,0.253,0.306,0.333,0.419,0.000,0.000,322,0.531,606,0,0.000,606,284,0.469,606
51,0.717,1.000,0.303,0.000,0.000,0.000,0.000,0.000,0.000,89,0.795,112,23,0.205,112,0,0.000,112
52,0.079,0.992,0.002,0.076,0.163,0.069,0.000,0.000,0.000,619,1.000,619,0,0.000,619,0,0.000,619
53,0.944,0.333,0.560,0.656,0.664,0.416,0.184,0.024,0.000,125,1.000,125,0,0.000,125,0,0.000,125
55,0.505,0.481,0.000,0.636,0.977,0.555,0.016,0.000,0.000,607,1.000,607,0,0.000,607,0,0.000,607
56,0.733,0.991,0.780,0.000,0.000,0.000,0.000,0.000,0.000,41,1.000,41,0,0.000,41,0,0.000,41
57,0.541,0.452,0.000,0.000,0.341,0.075,0.015,0.000,0.000,615,1.000,615,0,0.000,615,0,0.000,615
54,0.789,0.967,0.019,0.131,0.198,0.203,0.195,0.002,0.005,335,0.506,662,0,0.000,662,327,0.494,662
58,0.679,0.240,0.000,0.161,0.436,0.113,0.000,0.000,0.000,622,1.000,622,0,0.000,622,0,0.000,622
59,0.573,0.998,0.000,0.016,0.863,0.882,0.911,0.000,0.000,626,1.000,626,0,0.000,626,0,0.000,626
60,0.501,0.466,0.000,0.000,0.000,0.010,0.448,0.000,0.000,631,1.000,631,0,0.000,631,0,0.000,631
61,0.028,0.719,0.375,0.348,0.321,0.277,0.223,0.402,0.250,112,1.000,112,0,0.000,112,0,0.000,112
62,0.906,1.000,0.155,0.221,0.254,0.192,0.099,0.000,0.000,160,0.711,225,0,0.000,225,65,0.289,225
63,0.878,0.022,0.000,0.003,0.154,0.124,0.000,0.000,0.000,599,1.000,599,0,0.000,599,0,0.000,599
64,0.791,1.000,0.491,0.000,0.000,0.000,0.000,0.000,0.000,57,1.000,57,0,0.000,57,0,0.000,57
65,0.572,1.000,0.000,0.034,0.859,0.866,0.869,0.000,0.000,610,1.000,610,0,0.000,610,0,0.000,610
66,0.715,0.933,0.000,0.086,0.272,0.111,0.062,0.000,0.000,81,1.000,81,0,0.000,81,0,0.000,81
67,0.791,0.910,0.000,0.038,0.141,0.146,0.293,0.000,0.002,214,0.471,454,0,0.000,454,240,0.529,454
68,0.842,0.968,0.071,0.125,0.182,0.175,0.186,0.009,0.009,271,0.600,452,0,0.000,452,181,0.400,452
69,0.747,0.794,0.000,0.009,0.073,0.098,0.385,0.000,0.013,234,1.000,234,0,0.000,234,0,0.000,234
70,0.851,0.953,0.074,0.083,0.140,0.131,0.462,0.000,0.005,266,0.559,476,0,0.000,476,210,0.441,476
71,0.850,0.984,0.000,0.024,0.121,0.396,0.561,0.000,0.000,199,0.499,399,0,0.000,399,200,0.501,399
72,0.830,0.861,0.000,0.011,0.083,0.089,0.450,0.000,0.017,180,1.000,180,0,0.000,180,0,0.000,180
73,0.979,0.968,0.000,0.000,0.139,0.319,0.389,0.000,0.000,72,1.000,72,0,0.000,72,0,0.000,72
74,0.288,0.992,0.000,0.064,0.114,0.074,0.000,0.000,0.000,622,1.000,622,0,0.000,622,0,0.000,622
75,0.751,0.965,0.040,0.100,0.152,0.165,0.136,0.000,0.000,383,0.568,674,0,0.000,674,291,0.432,674
76,0.866,0.887,0.161,0.217,0.245,0.196,0.140,0.000,0.000,143,1.000,143,0,0.000,143,0,0.000,143
54,0.783,0.967,0.000,0.107,0.189,0.204,0.216,0.000,0.007,314,0.485,648,0,0.000,648,334,0.515,648
77,0.892,0.928,0.000,0.000,0.010,0.320,0.629,0.000,0.000,97,1.000,97,0,0.000,97,0,0.000,97
78,0.757,0.933,0.022,0.090,0.183,0.175,0.124,0.000,0.000,388,0.569,682,0,0.000,682,294,0.431,682
79,0.805,1.000,0.000,0.211,0.316,0.053,0.000,0.000,0.000,76,1.000,76,0,0.000,76,0,0.000,76
80,0.866,0.978,0.070,0.124,0.199,0.229,0.486,0.000,0.000,250,0.546,458,0,0.000,458,208,0.454,458
81,0.560,0.609,0.000,0.000,0.000,0.007,0.543,0.000,0.000,110,0.175,630,520,0.825,630,0,0.000,630
82,0.484,0.968,0.261,0.054,0.153,0.153,0.135,0.045,0.018,111,1.000,111,0,0.000,111,0,0.000,111
83,0.887,0.813,0.025,0.100,0.525,0.700,0.725,0.000,0.000,40,1.000,40,0,0.000,40,0,0.000,40
84,0.999,0.939,0.000,0.044,0.206,0.353,0.426,0.000,0.000,68,1.000,68,0,0.000,68,0,0.000,68
85,0.990,0.707,0.434,0.528,0.604,0.679,0.151,0.000,0.000,53,1.000,53,0,0.000,53,0,0.000,53
86,0.081,0.947,0.000,0.087,0.153,0.079,0.000,0.000,0.000,607,1.000,607,0,0.000,607,0,0.000,607
87,0.107,0.076,0.023,0.035,0.035,0.026,0.016,0.923,0.916,608,1.000,608,0,0.000,608,0,0.000,608
88,0.644,0.814,0.463,0.000,0.000,0.000,0.000,0.000,0.000,54,1.000,54,0,0.000,54,0,0.000,54
89,0.840,0.971,0.000,0.080,0.228,0.355,0.655,0.018,0.034,196,0.473,414,0,0.000,414,218,0.527,414
90,0.803,0.912,0.000,0.064,0.138,0.141,0.395,0.000,0.000,404,0.618,654,0,0.000,654,250,0.382,654
91,0.824,0.952,0.060,0.074,0.132,0.136,0.402,0.000,0.009,261,0.545,479,0,0.000,479,218,0.455,479
92,0.883,0.047,0.000,0.148,0.224,0.104,0.000,0.000,0.000,607,1.000,607,0,0.000,607,0,0.000,607
93,0.626,0.000,0.000,0.000,0.023,0.042,0.060,0.000,0.000,615,1.000,615,0,0.000,615,0,0.000,615
94,1.000,0.967,0.063,0.105,0.147,0.274,0.337,0.000,0.000,95,1.000,95,0,0.000,95,0,0.000,95
95,0.766,0.935,0.015,0.064,0.100,0.100,0.092,0.000,0.000,327,0.488,670,0,0.000,670,343,0.512,670
78,0.726,0.934,0.070,0.127,0.209,0.193,0.141,0.000,0.000,368,0.582,632,0,0.000,632,264,0.418,632
96,0.801,0.911,0.000,0.056,0.133,0.151,0.412,0.000,0.002,416,0.634,656,0,0.000,656,240,0.366,656
97,0.523,1.000,0.561,0.463,0.415,0.439,0.317,0.000,0.000,41,1.000,41,0,0.000,41,0,0.000,41
98,0.821,0.919,0.007,0.176,0.228,0.515,0.735,0.000,0.007,136,1.000,136,0,0.000,136,0,0.000,136
99,0.650,0.665,0.000,0.000,0.073,0.807,0.793,0.000,0.000,150,1.000,150,0,0.000,150,0,0.000,150
100,0.823,0.966,0.000,0.000,0.036,0.117,0.438,0.000,0.000,159,0.445,357,0,0.000,357,198,0.555,357
101,0.856,0.908,0.000,0.011,0.097,0.143,0.651,0.000,0.011,175,1.000,175,0,0.000,175,0,0.000,175
102,0.813,0.989,0.031,0.117,0.190,0.159,0.127,0.000,0.002,331,0.500,662,0,0.000,662,331,0.500,662
103,0.805,0.915,0.051,0.092,0.159,0.156,0.189,0.000,0.005,418,0.653,640,0,0.000,640,222,0.347,640
104,0.250,0.997,0.015,0.113,0.166,0.115,0.010,0.000,0.000,619,1.000,619,0,0.000,619,0,0.000,619
105,0.818,0.936,0.060,0.098,0.156,0.124,0.153,0.000,0.000,268,0.555,483,0,0.000,483,215,0.445,483
106,0.000,0.971,0.013,0.104,0.153,0.093,0.000,0.000,0.000,616,1.000,616,0,0.000,616,0,0.000,616
107,0.908,0.999,0.000,0.245,0.202,0.000,0.000,0.000,0.000,94,1.000,94,0,0.000,94,0,0.000,94
108,0.807,0.980,0.007,0.056,0.103,0.134,0.110,0.000,0.000,331,0.505,656,0,0.000,656,325,0.495,656
109,0.728,0.881,0.079,0.086,0.117,0.117,0.098,0.000,0.004,319,0.555,575,0,0.000,575,256,0.445,575
110,0.286,0.025,0.000,0.000,0.000,0.000,0.067,0.289,0.444,45,1.000,45,0,0.000,45,0,0.000,45
111,0.750,0.969,0.203,0.561,0.576,0.642,0.889,0.000,0.000,271,1.000,271,0,0.000,271,0,0.000,271
112,0.040,0.971,0.000,0.097,0.141,0.072,0.000,0.000,0.000,611,1.000,611,0,0.000,611,0,0.000,611
113,0.846,1.000,0.064,0.141,0.191,0.205,0.370,0.000,0.000,223,0.559,399,0,0.000,399,176,0.441,399
114,0.955,0.971,0.000,0.000,0.000,0.313,0.398,0.000,0.000,83,1.000,83,0,0.000,83,0,0.000,83
108,0.786,0.981,0.054,0.130,0.162,0.151,0.112,0.000,0.000,346,0.535,647,0,0.000,647,301,0.465,647
115,0.854,0.991,0.000,0.263,0.515,0.503,0.608,0.000,0.000,171,1.000,171,0,0.000,171,0,0.000,171
116,0.918,0.977,0.195,0.249,0.261,0.191,0.166,0.041,0.041,188,0.734,256,0,0.000,256,68,0.266,256
117,0.934,0.003,0.000,0.023,0.144,0.111,0.000,0.000,0.000,619,1.000,619,0,0.000,619,0,0.000,619
118,0.806,0.976,0.148,0.140,0.168,0.155,0.130,0.020,0.013,229,0.541,423,0,0.000,423,194,0.459,423
119,0.450,0.908,0.010,0.010,0.035,0.093,0.034,0.000,0.000,624,1.000,624,0,0.000,624,0,0.000,624
120,0.811,0.996,0.165,0.106,0.142,0.131,0.095,0.000,0.000,214,0.556,385,0,0.000,385,171,0.444,385
121,0.298,0.987,0.002,0.064,0.080,0.140,0.110,0.000,0.000,628,1.000,628,0,0.000,628,0,0.000,628
122,0.859,0.999,0.000,0.048,0.277,0.205,0.000,0.000,0.000,83,1.000,83,0,0.000,83,0,0.000,83
123,0.552,0.577,0.044,0.174,0.716,0.694,0.642,0.000,0.000,620,1.000,620,0,0.000,620,0,0.000,620
124,0.901,0.837,0.000,0.021,0.362,0.511,0.532,0.000,0.000,47,1.000,47,0,0.000,47,0,0.000,47
125,0.875,0.999,0.000,0.059,0.271,0.224,0.000,0.000,0.000,85,1.000,85,0,0.000,85,0,0.000,85
126,0.548,0.550,0.000,0.000,0.000,0.094,0.355,0.000,0.000,619,1.000,619,0,0.000,619,0,0.000,619
127,0.756,0.966,0.055,0.147,0.195,0.195,0.150,0.000,0.000,350,0.519,674,0,0.000,674,324,0.481,674
128,0.674,0.679,0.000,0.006,0.040,0.037,0.205,0.006,0.019,322,1.000,322,0,0.000,322,0,0.000,322
129,0.818,0.874,0.000,0.000,0.122,0.302,0.799,0.000,0.000,139,1.000,139,0,0.000,139,0,0.000,139
130,0.682,0.712,0.000,0.011,0.049,0.067,0.340,0.000,0.000,285,1.000,285,0,0.000,285,0,0.000,285
131,0.791,0.900,0.000,0.034,0.077,0.100,0.142,0.000,0.000,409,0.634,645,0,0.000,645,236,0.366,645
132,0.640,0.986,0.036,0.120,0.170,0.162,0.047,0.000,0.000,120,0.187,642,522,0.813,642,0,0.000,642
133,0.791,0.999,0.000,0.250,0.329,0.000,0.000,0.000,0.000,76,1.000,76,0,0.000,76,0,0.000,76
108,0.806,0.979,0.002,0.032,0.099,0.133,0.121,0.000,0.000,313,0.466,671,0,0.000,671,358,0.534,671
134,0.710,0.926,0.000,0.000,0.000,0.000,0.000,0.000,0.000,104,0.703,148,44,0.297,148,0,0.000,148
135,0.567,0.140,0.000,0.000,0.000,0.010,0.029,0.000,0.000,623,1.000,623,0,0.000,623,0,0.000,623
136,0.645,0.630,0.000,0.000,0.015,0.086,0.340,0.000,0.000,465,0.943,493,0,0.000,493,28,0.057,493
137,0.559,0.567,0.000,0.000,0.108,0.809,0.448,0.000,0.000,623,1.000,623,0,0.000,623,0,0.000,623
138,0.404,0.998,0.008,0.029,0.103,0.072,0.047,0.000,0.000,614,1.000,614,0,0.000,614,0,0.000,614
139,0.662,0.992,0.000,0.075,0.155,0.145,0.018,0.000,0.000,111,0.176,630,519,0.824,630,0,0.000,630
140,0.643,0.836,0.376,0.009,0.000,0.000,0.000,0.000,0.000,113,0.665,170,57,0.335,170,0,0.000,170
141,0.783,0.848,0.063,0.115,0.159,0.143,0.159,0.000,0.000,326,0.503,648,0,0.000,648,322,0.497,648
142,0.806,0.888,0.068,0.197,0.247,0.267,0.382,0.000,0.000,251,0.475,528,0,0.000,528,277,0.525,528
143,0.754,0.177,0.000,0.006,0.266,0.351,0.047,0.000,0.000,616,1.000,616,0,0.000,616,0,0.000,616
144,0.984,0.999,0.239,0.292,0.292,0.257,0.221,0.000,0.000,113,1.000,113,0,0.000,113,0,0.000,113
145,0.838,0.964,0.000,0.013,0.134,0.165,0.610,0.000,0.008,200,0.488,410,0,0.000,410,210,0.512,410
146,0.584,0.960,0.039,0.131,0.114,0.072,0.015,0.000,0.000,596,0.985,605,9,0.015,605,0,0.000,605
147,0.847,1.000,0.000,0.000,0.047,0.176,0.462,0.000,0.000,148,0.439,337,0,0.000,337,189,0.561,337
148,0.790,1.000,0.027,0.130,0.156,0.130,0.082,0.000,0.000,395,0.585,675,0,0.000,675,280,0.415,675
149,0.328,0.849,0.000,0.042,0.091,0.018,0.000,0.000,0.000,613,1.000,613,0,0.000,613,0,0.000,613
150,0.648,0.999,0.018,0.092,0.158,0.141,0.016,0.000,0.000,103,0.161,639,536,0.839,639,0,0.000,639
151,0.552,0.569,0.019,0.050,0.329,0.165,0.385,0.000,0.000,624,1.000,624,0,0.000,624,0,0.000,624
152,0.732,1.000,0.000,0.000,0.000,0.000,0.000,0.000,0.000,87,0.829,105,18,0.171,105,0,0.000,105
108,0.809,0.980,0.008,0.049,0.110,0.134,0.110,0.000,0.000,319,0.480,665,0,0.000,665,346,0.520,665
153,0.152,0.967,0.000,0.061,0.134,0.058,0.000,0.000,0.000,619,1.000,619,0,0.000,619,0,0.000,619
154,0.780,0.987,0.087,0.184,0.209,0.184,0.160,0.000,0.000,115,0.516,223,108,0.484,223,0,0.000,223
155,0.802,0.999,0.041,0.103,0.167,0.155,0.180,0.000,0.000,323,0.488,662,0,0.000,662,339,0.512,662
156,0.671,1.000,0.023,0.124,0.191,0.171,0.069,0.000,0.000,110,0.172,640,530,0.828,640,0,0.000,640
157,0.001,0.681,0.088,0.198,0.258,0.167,0.000,0.000,0.000,616,1.000,616,0,0.000,616,0,0.000,616
158,0.720,0.990,0.013,0.142,0.203,0.174,0.106,0.000,0.000,145,0.226,642,497,0.774,642,0,0.000,642
159,0.717,0.989,0.000,0.059,0.189,0.249,0.493,0.008,0.000,110,0.176,626,516,0.824,626,0,0.000,626
160,0.502,0.992,0.015,0.023,0.075,0.062,0.021,0.000,0.000,617,1.000,617,0,0.000,617,0,0.000,617
161,0.908,0.998,0.110,0.305,0.322,0.271,0.212,0.000,0.000,118,1.000,118,0,0.000,118,0,0.000,118
162,0.910,0.981,0.238,0.262,0.000,0.000,0.000,0.000,0.000,84,1.000,84,0,0.000,84,0,0.000,84
163,0.835,0.979,0.000,0.049,0.333,0.222,0.000,0.000,0.000,81,1.000,81,0,0.000,81,0,0.000,81
164,0.777,0.995,0.032,0.058,0.109,0.109,0.070,0.000,0.000,395,0.577,685,0,0.000,685,290,0.423,685
165,0.663,0.749,0.000,0.000,0.041,0.200,0.259,0.000,0.000,259,0.407,636,0,0.000,636,377,0.593,636
166,0.842,0.952,0.003,0.061,0.234,0.363,0.484,0.000,0.000,206,0.507,406,0,0.000,406,200,0.493,406
167,0.844,1.000,0.000,0.038,0.135,0.413,0.513,0.000,0.000,154,0.467,330,0,0.000,330,176,0.533,330
168,0.137,0.802,0.000,0.147,0.213,0.178,0.000,0.000,0.000,614,1.000,614,0,0.000,614,0,0.000,614
169,0.793,0.994,0.117,0.197,0.233,0.211,0.140,0.000,0.000,238,0.498,478,0,0.000,478,240,0.502,478
170,0.811,0.979,0.047,0.105,0.141,0.140,0.103,0.000,0.000,340,0.503,676,0,0.000,676,336,0.497,676
171,0.862,0.890,0.081,0.149,0.218,0.242,0.246,0.000,0.000,209,0.783,267,0,0.000,267,58,0.217,267
108,0.780,0.980,0.029,0.097,0.141,0.162,0.128,0.000,0.000,385,0.575,670,0,0.000,670,285,0.425,670
172,0.787,1.000,0.055,0.107,0.144,0.163,0.105,0.000,0.000,406,0.595,682,0,0.000,682,276,0.405,682
173,0.839,0.997,0.116,0.175,0.204,0.175,0.096,0.000,0.000,298,0.575,518,0,0.000,518,220,0.425,518
174,0.916,0.987,0.000,0.031,0.092,0.208,0.292,0.000,0.000,130,1.000,130,0,0.000,130,0,0.000,130
175,0.858,0.966,0.064,0.170,0.204,0.182,0.143,0.000,0.000,241,0.557,433,0,0.000,433,192,0.443,433
176,0.647,1.000,0.024,0.089,0.123,0.136,0.029,0.000,0.000,93,0.147,634,541,0.853,634,0,0.000,634
177,0.772,0.915,0.031,0.123,0.202,0.210,0.264,0.000,0.000,355,0.540,658,0,0.000,658,303,0.460,658
178,0.803,0.916,0.015,0.036,0.084,0.101,0.123,0.000,0.000,431,0.679,635,0,0.000,635,204,0.321,635
179,0.611,0.925,0.061,0.085,0.087,0.120,0.038,0.000,0.000,103,0.164,627,524,0.836,627,0,0.000,627
180,0.788,0.893,0.000,0.087,0.159,0.174,0.212,0.000,0.011,385,0.603,639,0,0.000,639,254,0.397,639
181,1.000,0.933,0.000,0.000,0.000,0.000,0.000,1.000,1.000,1,1.000,1,0,0.000,1,0,0.000,1
182,0.982,0.622,0.587,0.620,0.652,0.424,0.239,0.065,0.087,92,1.000,92,0,0.000,92,0,0.000,92
183,0.849,0.993,0.055,0.086,0.191,0.407,0.598,0.000,0.006,191,0.501,381,0,0.000,381,190,0.499,381
184,0.828,1.000,0.034,0.083,0.152,0.256,0.361,0.000,0.000,325,0.492,661,0,0.000,661,336,0.508,661
185,0.774,1.000,0.633,0.000,0.000,0.000,0.000,0.000,0.000,49,1.000,49,0,0.000,49,0,0.000,49
186,0.890,0.646,0.517,0.650,0.733,0.450,0.267,0.000,0.000,60,1.000,60,0,0.000,60,0,0.000,60
187,0.777,0.924,0.025,0.046,0.084,0.145,0.137,0.000,0.000,374,0.554,675,0,0.000,675,301,0.446,675
188,0.871,0.995,0.000,0.055,0.462,0.429,0.374,0.000,0.000,91,1.000,91,0,0.000,91,0,0.000,91
189,0.826,0.997,0.039,0.126,0.171,0.170,0.150,0.000,0.000,343,0.517,664,0,0.000,664,321,0.483,664
190,0.802,0.992,0.144,0.078,0.139,0.147,0.108,0.000,0.000,252,0.578,436,0,0.000,436,184,0.422,436
189,0.825,0.997,0.050,0.133,0.170,0.156,0.149,0.000,0.000,340,0.514,662,0,0.000,662,322,0.486,662
191,0.550,0.560,0.000,0.421,0.854,0.790,0.189,0.000,0.000,618,1.000,618,0,0.000,618,0,0.000,618
192,0.898,1.000,0.195,0.264,0.282,0.250,0.195,0.000,0.000,170,0.733,232,0,0.000,232,62,0.267,232
193,0.970,0.999,0.697,0.719,0.716,0.711,0.703,0.000,0.000,170,0.264,643,0,0.000,643,473,0.736,643
194,0.541,0.481,0.666,0.946,0.972,0.724,0.174,0.000,0.000,608,1.000,608,0,0.000,608,0,0.000,608
195,0.868,1.000,0.102,0.152,0.231,0.246,0.429,0.000,0.005,241,0.572,421,0,0.000,421,180,0.428,421
196,0.787,0.960,0.016,0.062,0.140,0.140,0.103,0.000,0.000,326,0.478,682,0,0.000,682,356,0.522,682
197,0.901,1.000,0.080,0.145,0.167,0.225,0.239,0.000,0.000,138,1.000,138,0,0.000,138,0,0.000,138
198,0.558,0.573,0.000,0.010,0.402,0.839,0.020,0.000,0.000,614,1.000,614,0,0.000,614,0,0.000,614
199,0.663,0.742,0.000,0.024,0.060,0.349,0.735,0.000,0.000,199,0.312,638,0,0.000,638,439,0.688,638
200,0.846,0.968,0.059,0.090,0.144,0.126,0.133,0.000,0.000,241,0.581,415,0,0.000,415,174,0.419,415
201,0.809,0.975,0.033,0.137,0.229,0.417,0.500,0.000,0.000,313,0.478,655,0,0.000,655,342,0.522,655
202,0.785,0.952,0.072,0.162,0.219,0.212,0.172,0.000,0.000,319,0.488,654,0,0.000,654,335,0.512,654
203,0.997,0.698,0.451,0.627,0.667,0.588,0.216,0.000,0.000,51,1.000,51,0,0.000,51,0,0.000,51
204,0.174,0.999,0.000,0.101,0.149,0.087,0.000,0.000,0.000,611,1.000,611,0,0.000,611,0,0.000,611
205,0.847,0.970,0.095,0.145,0.188,0.176,0.157,0.000,0.010,257,0.578,445,0,0.000,445,188,0.422,445
206,0.786,1.000,0.042,0.102,0.162,0.171,0.117,0.000,0.000,378,0.562,672,0,0.000,672,294,0.438,672
207,0.777,0.877,0.000,0.032,0.142,0.172,0.697,0.000,0.000,224,0.449,499,0,0.000,499,275,0.551,499
208,0.794,1.000,0.047,0.108,0.157,0.176,0.137,0.005,0.000,363,0.550,660,0,0.000,660,297,0.450,660
209,0.206,0.995,0.003,0.065,0.131,0.063,0.003,0.000,0.000,620,1.000,620,0,0.000,620,0,0.000,620
189,0.827,0.997,0.055,0.136,0.170,0.161,0.141,0.000,0.002,338,0.504,670,0,0.000,670,332,0.496,670
210,0.000,0.000,0.000,0.000,0.000,0.000,0.000,0.688,0.604,48,1.000,48,0,0.000,48,0,0.000,48
211,0.573,0.566,0.000,0.751,0.846,0.797,0.385,0.000,0.000,615,1.000,615,0,0.000,615,0,0.000,615
212,0.542,0.558,0.000,0.091,0.728,0.845,0.541,0.000,0.000,614,1.000,614,0,0.000,614,0,0.000,614
213,0.680,0.987,0.014,0.098,0.157,0.165,0.061,0.000,0.000,127,0.198,643,516,0.802,643,0,0.000,643
214,0.771,0.875,0.002,0.044,0.121,0.131,0.213,0.000,0.002,379,0.584,649,0,0.000,649,270,0.416,649
215,0.653,1.000,0.055,0.100,0.156,0.235,0.081,0.013,0.008,92,0.143,645,553,0.857,645,0,0.000,645
216,0.787,0.890,0.000,0.061,0.183,0.214,0.512,0.000,0.000,217,0.463,469,0,0.000,469,252,0.537,469
217,0.565,0.853,0.154,0.138,0.142,0.150,0.101,0.000,0.000,127,0.196,648,521,0.804,648,0,0.000,648
218,0.829,0.918,0.245,0.265,0.258,0.241,0.158,0.018,0.013,288,0.451,639,0,0.000,639,351,0.549,639
219,0.782,0.999,0.596,0.000,0.000,0.000,0.000,0.000,0.000,47,1.000,47,0,0.000,47,0,0.000,47
220,0.000,0.693,0.108,0.177,0.219,0.169,0.000,0.000,0.000,611,1.000,611,0,0.000,611,0,0.000,611
221,0.789,0.892,0.082,0.041,0.106,0.116,0.151,0.000,0.000,406,0.631,643,0,0.000,643,237,0.369,643
222,0.555,1.000,0.000,0.031,0.043,0.038,0.008,0.000,0.000,604,1.000,604,0,0.000,604,0,0.000,604
223,0.829,0.999,0.030,0.146,0.197,0.200,0.326,0.000,0.000,317,0.487,651,0,0.000,651,334,0.513,651
224,0.852,1.000,0.179,0.104,0.187,0.209,0.352,0.000,0.000,207,0.529,391,0,0.000,391,184,0.471,391
225,0.274,0.967,0.000,0.068,0.114,0.065,0.000,0.000,0.000,615,1.000,615,0,0.000,615,0,0.000,615
226,0.642,0.673,0.000,0.105,0.428,0.193,0.303,0.000,0.000,433,0.678,639,0,0.000,639,206,0.322,639
227,0.917,1.000,0.000,0.055,0.213,0.370,0.323,0.000,0.000,127,1.000,127,0,0.000,127,0,0.000,127
228,0.849,0.979,0.067,0.158,0.204,0.182,0.155,0.000,0.000,211,0.529,399,0,0.000,399,188,0.471,399
189,0.824,0.997,0.019,0.120,0.176,0.173,0.152,0.000,0.005,336,0.494,680,0,0.000,680,344,0.506,680
229,0.560,0.565,0.000,0.219,0.753,0.427,0.370,0.000,0.000,627,1.000,627,0,0.000,627,0,0.000,627
230,0.842,0.999,0.000,0.172,0.497,0.490,0.503,0.000,0.000,157,1.000,157,0,0.000,157,0,0.000,157
231,0.515,0.508,0.000,0.000,0.000,0.844,0.566,0.000,0.000,629,1.000,629,0,0.000,629,0,0.000,629
232,0.934,0.999,0.189,0.000,0.000,0.000,0.000,0.000,0.000,90,1.000,90,0,0.000,90,0,0.000,90
233,0.797,0.993,0.021,0.063,0.135,0.159,0.135,0.000,0.000,326,0.493,661,0,0.000,661,335,0.507,661
234,0.799,0.997,0.166,0.197,0.223,0.229,0.199,0.018,0.022,296,0.562,527,0,0.000,527,231,0.438,527
235,0.971,0.096,0.056,0.158,0.196,0.153,0.052,0.000,0.000,621,1.000,621,0,0.000,621,0,0.000,621
236,0.801,0.988,0.113,0.140,0.196,0.202,0.158,0.017,0.013,304,0.589,516,0,0.000,516,212,0.411,516
237,0.792,0.942,0.021,0.130,0.204,0.212,0.191,0.000,0.000,351,0.532,660,0,0.000,660,309,0.468,660
238,0.967,0.999,0.139,0.296,0.322,0.270,0.209,0.000,0.000,115,1.000,115,0,0.000,115,0,0.000,115
239,0.335,0.138,0.000,0.000,0.000,0.000,0.159,0.254,0.254,63,1.000,63,0,0.000,63,0,0.000,63
240,0.829,0.999,0.000,0.126,0.175,0.168,0.270,0.000,0.000,329,0.498,660,0,0.000,660,331,0.502,660
241,0.772,0.977,0.039,0.074,0.136,0.154,0.106,0.000,0.000,343,0.505,679,0,0.000,679,336,0.495,679
242,0.823,0.985,0.032,0.121,0.185,0.230,0.433,0.000,0.000,341,0.510,669,0,0.000,669,328,0.490,669
243,0.677,0.758,0.308,0.456,0.491,0.090,0.050,0.000,0.000,450,0.715,629,0,0.000,629,179,0.285,629
244,0.652,0.981,0.029,0.088,0.159,0.230,0.098,0.000,0.000,114,0.178,642,528,0.822,642,0,0.000,642
245,0.972,0.046,0.000,0.075,0.149,0.060,0.000,0.000,0.000,617,1.000,617,0,0.000,617,0,0.000,617
246,0.782,0.904,0.186,0.292,0.080,0.018,0.000,0.000,0.000,113,1.000,113,0,0.000,113,0,0.000,113
247,0.000,0.000,0.000,0.000,0.000,0.000,0.000,0.688,0.604,48,1.000,48,0,0.000,48,0,0.000,48
189,0.829,0.997,0.058,0.127,0.165,0.176,0.152,0.000,0.002,346,0.516,671,0,0.000,671,325,0.484,671
248,0.000,0.000,0.000,0.000,0.000,0.000,0.000,0.732,0.661,56,1.000,56,0,0.000,56,0,0.000,56
249,0.684,1.000,0.016,0.062,0.136,0.208,0.058,0.019,0.011,139,0.219,636,497,0.781,636,0,0.000,636
250,0.217,0.604,0.086,0.107,0.144,0.111,0.000,0.000,0.000,605,1.000,605,0,0.000,605,0,0.000,605
251,0.789,1.000,0.075,0.136,0.183,0.162,0.112,0.013,0.008,378,0.562,673,0,0.000,673,295,0.438,673
252,0.018,1.000,0.000,0.114,0.161,0.091,0.000,0.000,0.000,615,1.000,615,0,0.000,615,0,0.000,615
253,0.785,0.953,0.015,0.115,0.191,0.194,0.137,0.000,0.000,312,0.481,649,0,0.000,649,337,0.519,649
254,0.567,0.560,0.000,0.600,0.460,0.171,0.321,0.000,0.000,630,1.000,630,0,0.000,630,0,0.000,630
255,0.570,0.996,0.000,0.034,0.862,0.858,0.881,0.000,0.000,621,1.000,621,0,0.000,621,0,0.000,621
256,0.001,0.999,0.000,0.100,0.172,0.095,0.000,0.000,0.000,629,1.000,629,0,0.000,629,0,0.000,629
257,1.000,0.971,0.248,0.301,0.310,0.301,0.319,0.000,0.000,113,1.000,113,0,0.000,113,0,0.000,113
258,0.798,0.969,0.018,0.131,0.186,0.175,0.221,0.000,0.002,326,0.501,651,0,0.000,651,325,0.499,651
259,0.000,0.000,0.000,0.000,0.000,0.000,0.000,0.803,0.763,76,1.000,76,0,0.000,76,0,0.000,76
260,0.772,0.990,0.520,0.000,0.000,0.000,0.000,0.000,0.000,50,1.000,50,0,0.000,50,0,0.000,50
261,0.230,0.992,0.000,0.079,0.128,0.067,0.000,0.000,0.000,611,1.000,611,0,0.000,611,0,0.000,611
262,0.508,0.503,0.000,0.314,0.823,0.883,0.246,0.000,0.000,622,1.000,622,0,0.000,622,0,0.000,622
263,0.962,0.004,0.000,0.072,0.142,0.086,0.020,0.000,0.000,613,1.000,613,0,0.000,613,0,0.000,613
264,0.835,0.031,0.000,0.000,0.099,0.061,0.011,0.000,0.000,627,1.000,627,0,0.000,627,0,0.000,627
265,0.000,0.000,0.000,0.000,0.000,0.000,0.000,0.822,0.767,73,1.000,73,0,0.000,73,0,0.000,73
266,0.000,0.000,0.000,0.000,0.000,0.000,0.000,1.000,1.000,628,1.000,628,0,0.000,628,0,0.000,628
189,0.826,0.997,0.059,0.121,0.168,0.166,0.166,0.016,0.013,345,0.515,670,0,0.000,670,325,0.485,670
267,0.793,1.000,0.034,0.069,0.108,0.144,0.077,0.000,0.000,383,0.558,686,0,0.000,686,303,0.442,686
268,0.908,0.988,0.239,0.000,0.000,0.000,0.000,0.000,0.000,92,1.000,92,0,0.000,92,0,0.000,92
269,0.813,0.995,0.095,0.071,0.098,0.110,0.051,0.000,0.000,188,0.515,365,0,0.000,365,177,0.485,365
270,0.661,0.999,0.029,0.132,0.192,0.225,0.089,0.000,0.000,117,0.184,637,520,0.816,637,0,0.000,637
271,0.512,0.495,0.000,0.955,0.961,0.556,0.000,0.000,0.000,622,1.000,622,0,0.000,622,0,0.000,622
272,0.766,1.000,0.129,0.140,0.179,0.189,0.131,0.000,0.000,329,0.556,592,0,0.000,592,263,0.444,592
273,0.547,0.558,0.000,0.000,0.853,0.849,0.033,0.000,0.000,611,1.000,611,0,0.000,611,0,0.000,611
274,0.788,0.999,0.062,0.113,0.159,0.156,0.102,0.000,0.000,374,0.551,679,0,0.000,679,305,0.449,679
275,0.556,0.564,0.000,0.110,0.820,0.521,0.636,0.000,0.000,607,1.000,607,0,0.000,607,0,0.000,607
276,0.722,0.797,0.031,0.068,0.108,0.105,0.407,0.000,0.032,289,0.444,651,0,0.000,651,362,0.556,651
277,0.000,0.000,0.000,0.000,0.000,0.000,0.000,0.977,0.973,622,1.000,622,0,0.000,622,0,0.000,622
278,0.831,1.000,0.028,0.123,0.170,0.152,0.134,0.015,0.015,343,0.524,654,0,0.000,654,311,0.476,654
279,0.834,1.000,0.073,0.138,0.195,0.228,0.421,0.000,0.000,310,0.484,641,0,0.000,641,331,0.516,641
280,0.001,0.999,0.000,0.108,0.168,0.108,0.000,0.000,0.000,613,1.000,613,0,0.000,613,0,0.000,613
281,0.747,0.912,0.163,0.188,0.247,0.280,0.242,0.000,0.000,205,0.492,417,0,0.000,417,212,0.508,417
282,0.816,1.000,0.120,0.117,0.142,0.152,0.115,0.002,0.002,251,0.586,428,0,0.000,428,177,0.414,428
283,0.840,0.044,0.000,0.000,0.183,0.097,0.008,0.000,0.000,618,1.000,618,0,0.000,618,0,0.000,618
284,0.783,1.000,0.103,0.143,0.214,0.196,0.145,0.000,0.000,382,0.574,666,0,0.000,666,284,0.426,666
285,0.797,0.999,0.047,0.112,0.157,0.159,0.135,0.000,0.000,335,0.509,658,0,0.000,658,323,0.491,658
189,0.828,0.997,0.057,0.144,0.185,0.170,0.135,0.000,0.003,347,0.520,667,0,0.000,667,320,0.480,667
286,0.015,1.000,0.000,0.103,0.167,0.078,0.000,0.000,0.000,612,1.000,612,0,0.000,612,0,0.000,612
287,0.771,0.999,0.000,0.000,0.096,0.157,0.084,0.000,0.000,83,1.000,83,0,0.000,83,0,0.000,83
288,0.818,0.989,0.010,0.121,0.176,0.186,0.223,0.000,0.000,324,0.489,663,0,0.000,663,339,0.511,663
289,0.797,1.000,0.068,0.115,0.138,0.144,0.097,0.000,0.000,356,0.533,668,0,0.000,668,312,0.467,668
290,0.787,1.000,0.046,0.161,0.202,0.184,0.132,0.000,0.000,379,0.573,662,0,0.000,662,283,0.427,662
291,0.786,1.000,0.051,0.146,0.191,0.172,0.125,0.000,0.000,392,0.582,673,0,0.000,673,281,0.418,673
292,0.895,0.993,0.000,0.038,0.091,0.212,0.318,0.000,0.000,132,1.000,132,0,0.000,132,0,0.000,132
293,0.851,0.831,0.000,0.000,0.123,0.548,0.575,0.000,0.000,73,1.000,73,0,0.000,73,0,0.000,73
294,0.783,1.000,0.045,0.086,0.121,0.150,0.159,0.000,0.000,376,0.571,659,0,0.000,659,283,0.429,659
295,0.824,0.998,0.008,0.097,0.150,0.140,0.122,0.000,0.000,324,0.497,652,0,0.000,652,328,0.503,652
296,0.611,0.831,0.043,0.068,0.096,0.281,0.045,0.000,0.000,126,0.202,625,499,0.798,625,0,0.000,625
297,0.028,0.926,0.000,0.120,0.167,0.115,0.000,0.000,0.000,593,1.000,593,0,0.000,593,0,0.000,593
298,0.830,0.999,0.043,0.156,0.193,0.172,0.161,0.000,0.000,345,0.528,654,0,0.000,654,309,0.472,654
299,0.784,0.955,0.015,0.045,0.131,0.177,0.187,0.000,0.000,328,0.504,651,0,0.000,651,323,0.496,651
300,0.813,0.999,0.030,0.083,0.134,0.251,0.347,0.000,0.000,311,0.476,653,0,0.000,653,342,0.524,653
301,0.864,1.000,0.126,0.211,0.230,0.206,0.147,0.000,0.008,230,0.581,396,0,0.000,396,166,0.419,396
302,0.637,1.000,0.000,0.042,0.755,0.759,0.734,0.000,0.000,286,1.000,286,0,0.000,286,0,0.000,286
303,0.820,0.992,0.050,0.136,0.169,0.154,0.135,0.000,0.005,345,0.517,667,0,0.000,667,322,0.483,667
304,0.006,0.997,0.000,0.115,0.176,0.102,0.000,0.000,0.000,609,1.000,609,0,0.000,609,0,0.000,609
