14,61,7.153350340889253
14,96,0.24635641038150535
14,97,2.1839284300078154
14,98,7.014946413629337
14,99,3.4399409673419385
14,100,0.8332466411050693
14,101,6.141463408856373
14,102,0.7618532518876299
14,103,1.4022718925823345
14,104,1.4317978341565323
14,105,0.4708498332805674
14,106,7.528612046694367e-06
14,107,3.3881091382661523
14,108,5.9474953601329235
14,109,5.409578954000749
14,110,0.6507026148733318
14,111,0.1898087955623838
14,112,5.97413062895843
14,113,0.5913280805619022
14,114,0.6967570901216296
