14,254,34.412484924806634
14,268,1.0363048362501182
14,269,28.772316411300594
14,270,32.36365444553737
14,271,33.580675053700666
14,272,33.26049732231489
14,273,27.299883223681665
14,274,0.0032802465060407754
14,275,31.09596700873318
14,276,13.833822094666084
14,277,12.921818782613672
14,278,33.32470492668103
14,279,6.889365411496091
14,280,1.0181099720408155
14,281,1.1574563295696587
14,282,15.333856173835905
14,283,34.352707204356804
14,284,30.623865624455895
14,285,31.105168623489067
14,286,31.34833029214499
