0,3.7196957052547917,4.924591783055939,17.639043203396984,1.732712156787193
1,6.763803452174957,6.756556628790088,19.33114009413688,4.98396327186239
2,5.651211527393842,5.857079619663459,21.957612667149426,4.152087279194873
3,5.732826656941038,8.3093382590311,23.868409320842527,1.6716234755467037
4,6.920289036637632,8.616705297827563,25.77615402483828,1.9901659994730565
5,9.628394015152226,9.478782981441901,27.483738764711635,5.501516974939864
6,8.518427485980848,8.982081238734299,27.43358743424457,5.403360906688264
7,10.24171625449957,10.340224546232905,29.88914402807259,5.551896359496019
8,9.824025434914436,10.937221778901444,29.573025100802305,4.82466781646141
9,13.361349835425159,11.10955721526594,31.22232846023684,13.017491450689972
10,17.502553014861878,12.144136960269037,30.95417087549015,23.260835965512758
11,15.346040884281459,13.146552148898659,31.68004300481258,18.596309389216163
12,18.3936728658199,12.77711609576553,33.90659181811229,25.963224819169895
13,22.164135563819038,12.807474673498493,35.007987578463904,30.820817100295667
14,21.68671344540906,13.081417155988925,34.412484924806634,30.623865624455895
15,13.431652870661827,13.218425357002769,34.608085844866565,9.515497561738714
16,21.499419461856924,14.259156789889426,34.604122779399766,31.040440718754976
17,22.99698826776034,13.920244301829587,35.194632864052586,31.864041182367867
18,20.810808412565255,14.321402180287464,35.09050713029195,30.81999831748113
19,16.295453328648517,15.287540087190107,35.80585346888054,16.877848278285065
