0,1,0.574559169437073,0.2645854653221288,0.9805445901337294
0,2,0.04422412249029474,0.2645854653221288,1.1367322962101178
0,3,0.42745267386885394,0.2645854653221288,1.1350362161306946
0,4,0.33977112660415393,0.2645854653221288,1.0743260544317526
0,5,0.09433849733417704,0.2645854653221288,1.2020503321488418
0,6,0.21442137863278152,0.2645854653221288,1.0470412291332738
0,7,0.07051036462987878,0.2645854653221288,0.8829266074135744
0,8,0.03729576575980968,0.2645854653221288,1.091128297704506
0,9,1.0520346208368705,0.2645854653221288,1.404689611687932
0,10,0.9242073155651587,0.2645854653221288,1.4312827748315031
0,11,0.14239624165544978,0.2645854653221288,0.9447448044606035
0,12,0.11921592325347175,0.2645854653221288,1.0396386222616587
0,13,0.22871273339608816,0.2645854653221288,0.8044126394594084
0,14,0.0857420936513224,0.2645854653221288,1.0690815983720658
0,15,0.10449554448854383,0.2645854653221288,1.0556145331648428
0,16,0.037181799863566505,0.2645854653221288,1.1854897403892115
0,17,0.2528267031205394,0.2645854653221288,1.0474925336684695
0,18,0.25063771117033423,0.2645854653221288,0.8889938264267172
0,19,0.35400299793569245,0.2645854653221288,1.0313813201962214
0,20,0.05145970384928751,0.2645854653221288,0.8058251573093725
1,21,0.009383633423711442,0.2645854653221288,1.265333220767472
1,22,0.23005952306570457,0.2645854653221288,1.2036701120570927
1,23,4.145305627997749,0.2645854653221288,1.067696910753767
1,24,0.002172171951353015,0.2645854653221288,1.2821529617207768
1,25,0.030863637189037438,0.2645854653221288,1.1967170695943774
1,26,0.13794915155882392,0.2645854653221288,1.0656005314322061
1,27,0.14576235245743627,0.2645854653221288,0.9760598199212905
1,28,0.6627969901877646,0.2645854653221288,1.1939089394805735
1,29,0.19418921666327638,0.2645854653221288,1.213433415911126
1,30,4.167138707886544,0.2645854653221288,1.3533424036848494
1,31,1.8312903017170818,0.2645854653221288,1.2657330148186394
1,32,0.5149520629007219,0.2645854653221288,1.079195805157968
1,33,1.0711117811960515,0.2645854653221288,1.2743679873917397
1,34,0.6536997011995874,0.2645854653221288,1.1757719099529464
1,35,0.022639374997038584,0.2645854653221288,1.2371054855344878
1,36,0.05232924801663429,0.2645854653221288,1.2919675597180396
1,37,0.03180058369900182,0.2645854653221288,1.0340439140654967
1,38,0.1014196703045614,0.2645854653221288,1.0188000881036363
1,39,0.13018694989657167,0.2645854653221288,0.7745004628263491
1,40,0.331873392453096,0.2645854653221288,1.0286644094564417
2,41,0.4304632281346185,0.4868617677824763,0.6424235455675352
2,42,0.4007847269103039,0.4868617677824763,0.5122869819574689
2,43,0.16048992779698656,0.4868617677824763,0.4379672698755209
2,44,1.117243628930411,0.4868617677824763,0.5423435829120652
2,45,0.03118106532059454,0.4868617677824763,0.18072084729515023
2,46,5.755920112645744,0.4868617677824763,0.9140021545771367
2,47,0.07467251716882715,0.4868617677824763,0.42501969355354263
2,48,0.0136769791549105,0.4868617677824763,0.3979188269334479
2,49,0.8893784675794325,0.4868617677824763,0.5672351524942111
2,50,0.053003750388145844,0.4868617677824763,0.6138054445797919
2,51,0.00019967028472412708,0.4868617677824763,0.3187214508100497
2,52,5.632214689012916,0.4868617677824763,0.38562089647473374
2,53,5.86324545382898,0.4868617677824763,0.4548057612663072
2,54,1.1315124898099287,0.4868617677824763,0.707789826295223
2,55,0.3202586572509684,0.4868617677824763,0.4937612651728671
2,56,0.00776357591305155,0.4868617677824763,0.3690989239423189
2,57,0.00014835259472174524,0.4868617677824763,0.3093639420058993
2,58,0.26850072491514576,0.4868617677824763,0.3868335181412744
2,59,0.0010185792941638124,0.4868617677824763,0.32340542645743314
2,60,5.536663114940313,0.4868617677824763,0.3938455803023126
3,61,0.013680651573268884,0.8388272076458728,0.3470366786668495
3,62,7.614622110826675,0.8388272076458728,0.5818215748133423
3,63,0.5363310367347,0.8388272076458728,0.17842496939311503
3,64,2.901758955701254,0.8388272076458728,0.38545744875164045
3,65,0.7903152129740112,0.8388272076458728,0.4757608557746762
3,66,0.963003547490398,0.8388272076458728,0.5892297949275458
3,67,0.00042810661631845643,0.8388272076458728,0.3219686837178842
3,68,1.3974399788973282,0.8388272076458728,0.7109053978288669
3,69,0.002195067774527697,0.8388272076458728,0.32089298405858635
3,70,0.18839774951512706,0.8388272076458728,0.3793534925285322
3,71,2.2743792912554355,0.8388272076458728,0.6071678507068223
3,72,1.1462182191844685,0.8388272076458728,0.6300619833687239
3,73,0.5690405234036183,0.8388272076458728,0.3640353742282888
3,74,0.2362840500303269,0.8388272076458728,0.34914830882145564
3,75,3.2751786192169976,0.8388272076458728,0.4933745197515217
3,76,0.0014730775428210268,0.8388272076458728,0.3363598740481653
3,77,5.566038432222906,0.8388272076458728,0.46880347633843367
3,78,2.797121323594562,0.8388272076458728,0.45119693683068296
3,79,5.6040224047436995,0.8388272076458728,0.43824862702340195
3,80,0.636088436991867,0.8388272076458728,0.580856084680042
4,81,5.710954263147985,0.7506238560060444,0.43412407124365243
4,82,9.602684011243218,0.7506238560060444,0.5339918451839736
4,83,5.29363387793287,0.7506238560060444,0.48341006297539296
4,84,2.509968601543639,0.7506238560060444,0.5329390995302233
4,85,3.425134467377068,0.7506238560060444,0.49358492778887003
4,86,0.6298222711522522,0.7506238560060444,0.49755183359827565
4,87,0.2444738808176467,0.7506238560060444,0.33823951210302144
4,88,0.12370695800216017,0.7506238560060444,0.44670596976799753
4,89,0.12809978623636284,0.7506238560060444,0.4693026818045188
4,90,0.09545802557569459,0.7506238560060444,0.46116369787630457
4,91,0.1019621518701223,0.7506238560060444,0.4446842284109798
4,92,3.157745790491054e-06,0.7506238560060444,0.3118617662260253
4,93,1.1601078400067697,0.7506238560060444,0.44950893712439766
4,94,0.14487467062647036,0.7506238560060444,0.44354525192304184
4,95,2.720171913628121,0.7506238560060444,0.5909710330658421
4,96,3.25736893653986,0.7506238560060444,0.5347859301724265
4,97,5.582902378432836,0.7506238560060444,0.4397863874033761
4,98,0.26147754404621126,0.7506238560060444,0.3299798386411009
4,99,5.548602660657208,0.7506238560060444,0.40752345833041415
4,100,2.797672252134303,0.7506238560060444,0.44252817141878076
5,101,3.808404485131651,1.087935056603724,0.5329714001823724
5,102,0.9884339959566096,1.087935056603724,0.7327211334823142
5,103,5.727895139543141,1.087935056603724,0.45415823013555645
5,104,5.461301146936878,1.087935056603724,0.44488340355504397
5,105,1.108074362118003,1.087935056603724,0.4916007710197699
5,106,3.328030504637705,1.087935056603724,0.27537730622828344
5,107,0.5348943135631056,1.087935056603724,0.43576651744530864
5,108,5.412900215049942,1.087935056603724,0.46452348445337893
5,109,5.829111387694174,1.087935056603724,0.44213387450327707
5,110,0.08930053368699763,1.087935056603724,0.4436213510904264
5,111,5.985246923831454,1.087935056603724,0.43838594345293075
5,112,1.4092118176883923,1.087935056603724,0.7220538056765843
5,113,0.1653392869249638,1.087935056603724,0.41247103607163693
5,114,5.512165863325686,1.087935056603724,0.44027643040143105
5,115,3.3904845463771585,1.087935056603724,0.5366026528515668
5,116,5.788176945576952,1.087935056603724,0.461271852622288
5,117,3.2365324063015324,1.087935056603724,0.5190485251082876
5,118,5.722754962067643,1.087935056603724,0.44066154561960896
5,119,0.9681364890907961,1.087935056603724,0.426789726980966
5,120,1.6151237338374032,1.087935056603724,0.6835505383183699
6,121,0.09989454097725398,1.4321454320934677,0.44071790431699476
6,122,2.4177082890042905,1.4321454320934677,0.5915919172401016
6,123,0.0005998177141441282,1.4321454320934677,0.32479696726396495
6,124,5.285877419440023,1.4321454320934677,0.4412167203227589
6,125,3.3220509294136407,1.4321454320934677,0.4049987968713412
6,126,0.23809991244607007,1.4321454320934677,0.2985918972790482
6,127,1.3551601253356373,1.4321454320934677,0.30216475261719417
6,128,0.11385522424246129,1.4321454320934677,0.4626587494093017
6,129,1.5867390572424374,1.4321454320934677,0.5569930967229717
6,130,0.5110059198741296,1.4321454320934677,0.22499313804279195
6,131,0.8195205232486541,1.4321454320934677,0.46219902495845205
6,132,4.913424338394931,1.4321454320934677,0.4176242919269299
6,133,1.5728592230921865,1.4321454320934677,0.5888322987108623
6,134,5.3136797987802655,1.4321454320934677,0.3997790630867999
6,135,7.472039299626685,1.4321454320934677,0.25837195504873084
6,136,5.505048253437993,1.4321454320934677,0.43085479015127154
6,137,6.314471871545573,1.4321454320934677,0.858850113463515
6,138,2.930464481825953,1.4321454320934677,0.39347207977834026
6,139,5.670545626109628,1.4321454320934677,0.39710836270442684
6,140,3.270356481434658,1.4321454320934677,0.561989470983526
7,141,0.39298400136355427,1.3871789847749438,0.2440308864543859
7,142,5.465109990126093,1.3871789847749438,0.43769359753147763
7,143,5.83508632640276,1.3871789847749438,0.43742827102602183
7,144,5.842965348159672,1.3871789847749438,0.4380619314539984
7,145,3.470476239799412,1.3871789847749438,0.4486388177711352
7,146,4.927659298158824,1.3871789847749438,0.6958790679810545
7,147,1.1804041332609705,1.3871789847749438,0.49481510523894356
7,148,0.02821140171014932,1.3871789847749438,0.3820985161826853
7,149,0.7903046482826196,1.3871789847749438,0.40008396578176497
7,150,0.44187393381346174,1.3871789847749438,0.20486056236878722
7,151,0.04226768889094279,1.3871789847749438,0.590840317030764
7,152,0.13148658855062906,1.3871789847749438,0.45322018497072464
7,153,5.101263128465932,1.3871789847749438,0.34372589961985306
7,154,3.092540981998897,1.3871789847749438,0.3853881562725198
7,155,1.1348972090987919,1.3871789847749438,0.5952604117360601
7,156,0.2028982184714603,1.3871789847749438,0.36469200938091784
7,157,1.3492021979490783,1.3871789847749438,0.5991353612173684
7,158,5.342026605631698,1.3871789847749438,0.3804599973899226
7,159,5.693725665516434,1.3871789847749438,0.43894027283136705
7,160,5.462640416886592,1.3871789847749438,0.3846517742718312
8,161,3.2489504106438845,1.9352664910800734,0.38930557353864254
8,162,0.10823853509817714,1.9352664910800734,0.5286333555958147
8,163,5.035847330390863,1.9352664910800734,0.3588885915971362
8,164,0.04713934301307721,1.9352664910800734,0.7707943646973775
8,165,2.9543343825284873,1.9352664910800734,0.5465854311870936
8,166,5.67709480979396,1.9352664910800734,0.4399365137877378
8,167,5.363281707674045,1.9352664910800734,0.4306491831552489
8,168,5.688085893236794,1.9352664910800734,0.4397262264936292
8,169,0.22075261802566473,1.9352664910800734,0.3492517189833015
8,170,5.9478617660454995,1.9352664910800734,0.4425658514344762
8,171,5.55472571410783,1.9352664910800734,0.426779040481078
8,172,5.641324624685438,1.9352664910800734,0.4397909648616433
8,173,0.038068022746043484,1.9352664910800734,0.3796177946134732
8,174,2.482219128940278,1.9352664910800734,0.30647503463956843
8,175,5.764532436216964,1.9352664910800734,0.43538557766052216
8,176,0.05084671768948935,1.9352664910800734,0.4336290911717651
8,177,5.194282467564017,1.9352664910800734,0.37050253003274997
8,178,2.530447112976005,1.9352664910800734,0.4447029970316847
8,179,5.620000349604021,1.9352664910800734,0.4348950923956049
8,180,3.715827169349182,1.9352664910800734,0.4050356523319738
9,181,0.16309520621193588,1.3483188807299276,0.38032594928753344
9,182,5.8347654052536875,1.3483188807299276,0.44255632388930677
9,183,0.18141637227678434,1.3483188807299276,0.4091495945712021
9,184,4.1625933527667245,1.3483188807299276,0.5015711330121945
9,185,1.4653721431287707,1.3483188807299276,0.5087232149145309
9,186,5.603570308402779,1.3483188807299276,0.8900949444953559
9,187,0.8310044359629634,1.3483188807299276,0.3919942190870906
9,188,5.923813376648216,1.3483188807299276,0.4402291488110117
9,189,0.17390017464568824,1.3483188807299276,0.49813074516664624
9,190,2.304315600005619e-06,1.3483188807299276,0.3119158671048752
9,191,0.9081766968480028,1.3483188807299276,0.35656810944789674
9,192,0.058215258839060986,1.3483188807299276,0.5361188823867498
9,193,0.5438211406416179,1.3483188807299276,0.23181829363251713
9,194,5.693083828982403,1.3483188807299276,0.42447888351216095
9,195,1.9643635187995754,1.3483188807299276,0.5122070332981914
9,196,8.946859865983551,1.3483188807299276,0.48653733130694615
9,197,0.7965230225163912,1.3483188807299276,0.29964126933759394
9,198,0.008691406022416656,1.3483188807299276,0.38280502412323025
9,199,5.7671398076522715,1.3483188807299276,0.42720487297460014
9,200,5.613779651020403,1.3483188807299276,0.4417768995571721
10,201,7.699675540558967,1.5418338866844352,0.2771693526161196
10,202,2.7868315432839696,1.5418338866844352,0.26807476474243636
10,203,4.913250240082722,1.5418338866844352,0.7498055073170943
10,204,2.1015209788232267,1.5418338866844352,0.5045128309953855
10,205,4.678625024451189,1.5418338866844352,0.3452049400395551
10,206,7.715685684541756,1.5418338866844352,0.3751849855428157
10,207,0.12787363237684957,1.5418338866844352,0.38967592137699525
10,208,3.267127871408735,1.5418338866844352,0.2693295843001596
10,209,1.8086677946679122,1.5418338866844352,0.4400568501299813
10,210,0.5305962646687146,1.5418338866844352,0.3063763736379627
10,211,0.4268943809151126,1.5418338866844352,0.22101272032076874
10,212,0.3551169543240756,1.5418338866844352,0.24039965906807456
10,213,3.864943234207694,1.5418338866844352,0.2588505389665042
10,214,5.6795798343396,1.5418338866844352,0.22825582633676547
10,215,5.611142328725602,1.5418338866844352,0.3264976345241286
10,216,0.8093638881870011,1.5418338866844352,0.4530738734624961
10,217,0.9057815155195552,1.5418338866844352,0.45386921078413356
10,218,4.206483042087363,1.5418338866844352,0.3838264099557448
10,219,0.9785589729514687,1.5418338866844352,0.5207021074133308
10,220,0.25571810424993496,1.5418338866844352,0.37516459973854094
11,221,7.498501132528749,1.2942801295684159,0.47905659140079043
11,222,5.660404824969608,1.2942801295684159,0.32694766646948653
11,223,6.046442284988797,1.2942801295684159,0.3149236905375589
11,224,0.006220348413641012,1.2942801295684159,0.367172764022809
11,225,0.4888308887722612,1.2942801295684159,0.17761220819948867
11,226,0.12072287162804635,1.2942801295684159,0.4783739275845212
11,227,0.23214872915973914,1.2942801295684159,0.29555071783338843
11,228,0.07311792316315271,1.2942801295684159,0.7270191946546866
11,229,4.75428658246963,1.2942801295684159,0.3629353543881534
11,230,5.772075820571456,1.2942801295684159,0.28904782208544033
11,231,0.011393726833822256,1.2942801295684159,0.3340517378868529
11,232,2.7721426109842855,1.2942801295684159,0.23148930363254042
11,233,2.3909302956074447,1.2942801295684159,0.4562523574261592
11,234,3.3626071427898485,1.2942801295684159,0.471110689691143
11,235,5.73229856418438,1.2942801295684159,0.3273200187964741
11,236,4.537744123162181,1.2942801295684159,0.3143419199151099
11,237,1.1425725496543464,1.2942801295684159,0.45104458999476316
11,238,2.786863056187577,1.2942801295684159,0.4233049577242876
11,239,4.286379239107248,1.2942801295684159,0.5521412324843679
11,240,5.400415707265338,1.2942801295684159,0.16636532384910688
12,241,0.12327930527093132,1.8638092926932979,0.6612897316996226
12,242,2.574131907793485,1.8638092926932979,0.3458108990137852
12,243,5.238803314832612,1.8638092926932979,0.20347085931726058
12,244,1.3669609278322676,1.8638092926932979,0.41285211790317206
12,245,0.3136169863624103,1.8638092926932979,0.2835749431981549
12,246,4.583615829686619,1.8638092926932979,0.41916012815604015
12,247,0.20393819884914097,1.8638092926932979,0.5815637759767368
12,248,0.3415670955679057,1.8638092926932979,0.2562205360786252
12,249,5.406654161709698,1.8638092926932979,0.3482084549712046
12,250,2.637238442462933,1.8638092926932979,0.3076939006188909
12,251,1.7555587656879952,1.8638092926932979,0.40242179454163846
12,252,2.47774084314819,1.8638092926932979,0.8212958331142778
12,253,0.3179886373283154,1.8638092926932979,0.2645479808058952
12,254,5.946635715472178,1.8638092926932979,0.2651439714226546
12,255,3.133119840859364,1.8638092926932979,0.2109772733309288
12,256,1.1283042875673588,1.8638092926932979,0.4228979206781242
12,257,1.2937581828182578,1.8638092926932979,0.45748876253249215
12,258,1.875181007581816,1.8638092926932979,0.46046052778802454
12,259,5.44355178012155,1.8638092926932979,0.16121124614737514
12,260,3.523936523492041,1.8638092926932979,0.25266023117242403
13,261,0.9972109840372592,2.0388292019676,0.4462715925514606
13,262,1.9545555339532166,2.0388292019676,0.36997412494425186
13,263,0.12828249114718746,2.0388292019676,0.3369481206545967
13,264,9.783376272709976,2.0388292019676,0.48395982458396347
13,265,5.3118052939751825,2.0388292019676,0.2792092289511234
13,266,5.942342479616474,2.0388292019676,0.288733370808649
13,267,0.07374733671282159,2.0388292019676,0.6011022873366613
13,268,5.957984387889176,2.0388292019676,0.2749579653340811
13,269,0.07984326644714536,2.0388292019676,0.422781117198617
13,270,5.596313382226709,2.0388292019676,0.2066779151685421
13,271,5.898475785732783,2.0388292019676,0.2606334838634459
13,272,3.2218376922267344,2.0388292019676,0.300941978407554
13,273,0.6179192419751841,2.0388292019676,0.2537377444524496
13,274,2.7984449102334508,2.0388292019676,0.2380057510956498
13,275,1.6798621912911225,2.0388292019676,0.45287636649633584
13,276,5.800235905328248,2.0388292019676,0.3264456259474703
13,277,0.040725097514371575,2.0388292019676,0.28750414498263827
13,278,0.2754232273212848,2.0388292019676,0.3363887745364258
13,279,0.8955681459368582,2.0388292019676,0.37869187419219985
13,280,0.002794107023992474,2.0388292019676,0.5080451836192948
14,281,1.3719833311482048,1.1414317646495113,0.6253922794194384
14,282,5.65744226030596,1.1414317646495113,0.2361845928893912
14,283,0.1828247011514031,1.1414317646495113,0.35230705336822404
14,284,0.2776336989425421,1.1414317646495113,0.44299025102842565
14,285,0.05570010457673951,1.1414317646495113,0.370894014743342
14,286,0.2873403422129225,1.1414317646495113,0.46934347318214287
14,287,5.3389645818280425,1.1414317646495113,0.28789126461089526
14,288,4.91310461861792,1.1414317646495113,0.26062495430217886
14,289,0.0601350826765116,1.1414317646495113,0.4446286088613383
14,290,1.009890389595825,1.1414317646495113,0.3966448354563168
14,291,5.680809238234207,1.1414317646495113,0.25648240439450876
14,292,0.041968191640958476,1.1414317646495113,0.1636805262940648
14,293,5.808872878334109,1.1414317646495113,0.3179401397594836
14,294,5.9645608337302605,1.1414317646495113,0.3168236456138682
14,295,5.7373624746686325,1.1414317646495113,0.2734036201865824
14,296,0.226602768789751,1.1414317646495113,0.4342860693662946
14,297,2.7722598843373647,1.1414317646495113,0.295975405889655
14,298,5.596727809804057,1.1414317646495113,0.2642782394276552
14,299,3.753881151821712,1.1414317646495113,0.31706405474581467
14,300,5.606884688215403,1.1414317646495113,0.33995233836620603
15,301,2.822953714379379,2.0295084069103013,0.4590583550169199
15,302,0.06098619699219596,2.0295084069103013,0.38507132297394764
15,303,0.671477675193112,2.0295084069103013,0.4986639808271163
15,304,5.914376924670544,2.0295084069103013,0.327148921002576
15,305,5.1185348241627935,2.0295084069103013,0.15124117817568916
15,306,1.4350456734996422,2.0295084069103013,0.4573863765901665
15,307,0.9308001210881099,2.0295084069103013,0.42596069397103486
15,308,0.029637155235202762,2.0295084069103013,0.5258520988259346
15,309,5.56570447627088,2.0295084069103013,0.2658402089903938
15,310,2.402763116848629,2.0295084069103013,0.4724920073231596
15,311,5.661154051558951,2.0295084069103013,0.22822558633903428
15,312,0.11947511340821677,2.0295084069103013,0.40409291893899346
15,313,0.029774955482456948,2.0295084069103013,0.358622277216814
15,314,1.7840087483219451,2.0295084069103013,0.3534636805013666
15,315,0.9042109728904528,2.0295084069103013,0.5210485151731744
15,316,0.020241374997204856,2.0295084069103013,0.24190893815467646
15,317,5.7628674433491005,2.0295084069103013,0.414007459239283
15,318,0.15050884738648615,2.0295084069103013,0.4071661213696682
15,319,5.913117134586607,2.0295084069103013,0.3219016353094198
15,320,0.044386793419111635,2.0295084069103013,0.3864210641286947
16,321,2.9841199306134096,1.5712069732545904,0.4603082558995997
16,322,0.1462560852262307,1.5712069732545904,0.38690174214985495
16,323,0.42410480984286913,1.5712069732545904,0.21149871400946088
16,324,1.0843499826475822,1.5712069732545904,0.38880458040410715
16,325,0.47830272324544154,1.5712069732545904,0.18455750190348327
16,326,5.8113814825613614,1.5712069732545904,0.28918373662034497
16,327,0.21515294751146896,1.5712069732545904,0.37093304587159764
16,328,8.032708189667796,1.5712069732545904,0.4126812777360992
16,329,0.001809265710942709,1.5712069732545904,0.34492227743104575
16,330,0.10960342976072206,1.5712069732545904,0.4497687790453145
16,331,0.7586984761564476,1.5712069732545904,0.42095608624269015
16,332,9.37729081491138,1.5712069732545904,0.5717508204509202
16,333,0.026861080496267554,1.5712069732545904,0.35667789354997204
16,334,2.7500975424996104,1.5712069732545904,0.2981646659642465
16,335,2.962190771197302,1.5712069732545904,0.4593801583516455
16,336,2.969250462345538,1.5712069732545904,0.2243579450087595
16,337,0.48062694468180756,1.5712069732545904,0.3400419561072824
16,338,6.314831504665782,1.5712069732545904,0.5536691672330787
16,339,5.8124529608197975,1.5712069732545904,0.3256760810180289
16,340,0.07270232175307512,1.5712069732545904,0.45724467955331627
17,341,1.7674352818760226,2.388686435465985,0.542278186739367
17,342,5.669792052223149,2.388686435465985,0.17316883266300076
17,343,4.233043761537636,2.388686435465985,0.37651946460975094
17,344,5.517806106450471,2.388686435465985,0.3171939112822372
17,345,1.3513833097633219,2.388686435465985,0.6240383522514394
17,346,4.254157637207231,2.388686435465985,0.40032047082492994
17,347,3.3520383183581517,2.388686435465985,0.28455018094814355
17,348,0.08395946634428864,2.388686435465985,0.1523143177264607
17,349,5.934670145932199,2.388686435465985,0.2725385413089527
17,350,3.869354305402388,2.388686435465985,0.6715344507235879
17,351,3.0355986023974206,2.388686435465985,0.23984641003800555
17,352,5.388915283729943,2.388686435465985,0.2705610453677248
17,353,7.644883345142654,2.388686435465985,0.2358485970860977
17,354,1.5616245662833719,2.388686435465985,0.35616213169368716
17,355,0.07025359253434328,2.388686435465985,0.3833508622875184
17,356,5.830386956777913,2.388686435465985,0.3059973822902124
17,357,3.458663002556287,2.388686435465985,0.5776391680342595
17,358,0.20346971968974945,2.388686435465985,0.3695569656925289
17,359,3.43813457246854,2.388686435465985,0.26796264509383094
17,360,3.1110585958717127,2.388686435465985,0.21601711410833607
18,361,5.502431254914132,2.0606828413092786,0.2030817600724287
18,362,0.0012573170772178456,2.0606828413092786,0.5192909111560761
18,363,3.775762617815597e-05,2.0606828413092786,0.5146379525099262
18,364,0.007332123953775734,2.0606828413092786,0.33218257509308435
18,365,1.0700559902263747,2.0606828413092786,0.37469647571837084
18,366,3.004909097629716,2.0606828413092786,0.22595834228958003
18,367,3.0420061150916524,2.0606828413092786,0.45267716715580797
18,368,5.517284823312555,2.0606828413092786,0.23619979615258935
18,369,7.156518659220945,2.0606828413092786,0.22423012406466306
18,370,0.00020578215567614534,2.0606828413092786,0.30952627196267757
18,371,0.3659711602681535,2.0606828413092786,0.31767773670459465
18,372,0.015448012410644264,2.0606828413092786,0.39574355377276565
18,373,0.17835023809557277,2.0606828413092786,0.38305364281500665
18,374,5.850518763351766,2.0606828413092786,0.31609931972506367
18,375,6.014023809925683,2.0606828413092786,0.24866597217802883
18,376,5.671107530449224,2.0606828413092786,0.2777946389732598
18,377,0.44435514226259953,2.0606828413092786,0.2676313479994976
18,378,0.12263603332883553,2.0606828413092786,0.3007005719615274
18,379,4.83851641795294,2.0606828413092786,0.4122527595360456
18,380,5.943034835613884,2.0606828413092786,0.3120058399161516
19,381,5.900660862550789,1.3869277794649364,0.3082791284158921
19,382,4.383214202907395,1.3869277794649364,0.1940478582275591
19,383,3.4619152075762205,1.3869277794649364,0.24935592835025908
19,384,7.578385135586476,1.3869277794649364,0.31821698826204825
19,385,0.6964348640681757,1.3869277794649364,0.39869849337214974
19,386,0.46526743757987965,1.3869277794649364,0.21868653413609576
19,387,0.1629649843956903,1.3869277794649364,0.2761766331010421
19,388,0.3560726362345033,1.3869277794649364,0.2534250116304241
19,389,5.511496966781803,1.3869277794649364,0.33955965222448636
19,390,2.6299480702082247,1.3869277794649364,0.43485835674681955
19,391,0.5150597222872321,1.3869277794649364,0.16960488365893808
19,392,1.5375891059296756,1.3869277794649364,0.4704786161882805
19,393,0.06086926686781569,1.3869277794649364,0.4521939756529667
19,394,0.15651919685477753,1.3869277794649364,0.3849403368675022
19,395,8.910374148834888,1.3869277794649364,0.5540634724442773
19,396,5.461340801785313,1.3869277794649364,0.24700413781208208
19,397,3.3975997426266002,1.3869277794649364,0.47445863257285986
19,398,4.108926798074633,1.3869277794649364,0.2278582877861906
19,399,2.646286012808719,1.3869277794649364,0.46894259240758834
19,400,5.78516753881969,1.3869277794649364,0.32478293314589257
20,401,4.1758895599503205,1.9708063596082401,0.40513794178414064
20,402,4.114128087567187,1.9708063596082401,0.6069928900394582
20,403,0.9578527436138831,1.9708063596082401,0.39406364320979226
20,404,7.284235068418972,1.9708063596082401,0.27195474503385086
20,405,2.1426467962032048,1.9708063596082401,0.457015653680534
20,406,1.029708371522613,1.9708063596082401,0.3868593235949548
20,407,5.9240761046103305,1.9708063596082401,0.29522179392830067
20,408,0.052175307101616754,1.9708063596082401,0.1800141490104918
20,409,1.467410730509885,1.9708063596082401,0.43546883890570154
20,410,0.3638329180746977,1.9708063596082401,0.3056487124112882
20,411,0.019742793361254278,1.9708063596082401,0.2692038046630021
20,412,0.8117964236308585,1.9708063596082401,0.35548447198547617
20,413,4.778426853070832,1.9708063596082401,0.24190903396909666
20,414,0.05078693009533091,1.9708063596082401,0.3401321606873006
20,415,2.7793956984988957,1.9708063596082401,0.466047215654934
20,416,3.1688954943232983,1.9708063596082401,0.2178405022028193
20,417,5.961920120224215,1.9708063596082401,0.3259701504288678
20,418,3.1925296197083157,1.9708063596082401,0.4463947594890421
20,419,0.8239349865123388,1.9708063596082401,0.3789781891286366
20,420,0.0025418250697733704,1.9708063596082401,0.33880165607193236
21,421,2.9278657694193813,2.037492407657665,0.23665394482544358
21,422,3.2728690159617915,2.037492407657665,0.23488389896705114
21,423,0.9878146633286938,2.037492407657665,0.3971139132671034
21,424,0.1361284508888326,2.037492407657665,0.40353254154393414
21,425,2.1981040579786906,2.037492407657665,0.43968540594025357
21,426,2.8345970032413903,2.037492407657665,0.28535664114262455
21,427,3.4241237578546864,2.037492407657665,0.4213887743356182
21,428,7.850371792681766,2.037492407657665,0.28823550322669333
21,429,5.805173193305132,2.037492407657665,0.3250913106378429
21,430,1.0188627213924828,2.037492407657665,0.38113226893909713
21,431,1.166641427173987,2.037492407657665,0.40804257362619206
21,432,4.916601628276326,2.037492407657665,0.24960225845336795
21,433,3.3935890961653943,2.037492407657665,0.46813529904419127
21,434,0.04612004396859433,2.037492407657665,0.3625435818528937
21,435,5.660759024729064,2.037492407657665,0.3271543508213203
21,436,0.19479188014335852,2.037492407657665,0.3144880659557701
21,437,5.504502154670609,2.037492407657665,0.349648535140488
21,438,0.16641290442830847,2.037492407657665,0.36593171489548426
21,439,0.7646930996463707,2.037492407657665,0.38976135498191194
21,440,1.0173982733884683,2.037492407657665,0.36889363117090557
22,441,2.7031366053244947,2.037492407657665,0.3567634284127279
22,442,4.641111002623867,2.037492407657665,0.4403094809142418
22,443,5.721481498693124,2.037492407657665,0.32418617716373455
22,444,0.5285579214310205,2.037492407657665,0.5201526973726908
22,445,0.6783246181538144,2.037492407657665,0.31533588722382144
22,446,4.19054797918327,2.037492407657665,0.3755624807951792
22,447,5.881483008619995,2.037492407657665,0.27301564385051386
22,448,0.3690242852145657,2.037492407657665,0.2632333216288198
22,449,0.48187070923632597,2.037492407657665,0.24762225318357747
22,450,5.667391662516225,2.037492407657665,0.3436344994581756
22,451,2.849715218472073,2.037492407657665,0.2386822030852527
22,452,0.06293348307583313,2.037492407657665,0.29824261091011584
22,453,1.5892740714848774,2.037492407657665,0.4946114069207627
22,454,7.260909490787086,2.037492407657665,0.26973133560332474
22,455,0.04415071026913877,2.037492407657665,0.4274116437915775
22,456,0.13643979488667357,2.037492407657665,0.42961847098740935
22,457,1.5849298383691344,2.037492407657665,0.4249118107300491
22,458,5.78912709446684,2.037492407657665,0.32622916583222183
22,459,4.18658313729311,2.037492407657665,0.6019880196045237
22,460,0.04534639065895149,2.037492407657665,0.3758417567137299
23,461,1.4415033223431748,2.0403588306572518,0.48369865278127105
23,462,0.06110994354361017,2.0403588306572518,0.40462343103151743
23,463,5.538697668552965,2.0403588306572518,0.21100053341309202
23,464,2.7307466769891553,2.0403588306572518,0.5925455825437276
23,465,3.155963056233419,2.0403588306572518,0.345338566726021
23,466,0.8976511709861728,2.0403588306572518,0.4080660019089823
23,467,2.7544678635502304,2.0403588306572518,0.45820673382318566
23,468,4.0143011335364465,2.0403588306572518,0.420107725512561
23,469,0.3688446844028072,2.0403588306572518,0.3936368423785802
23,470,5.543229526458834,2.0403588306572518,0.3235559678652023
23,471,4.453595670604614,2.0403588306572518,0.4052003597428033
23,472,2.827781578912796,2.0403588306572518,0.24922242136171904
23,473,0.5445375219892381,2.0403588306572518,0.35088124453883723
23,474,6.258317689178535,2.0403588306572518,0.28300105440216894
23,475,0.42146541180692254,2.0403588306572518,0.3357803046890747
23,476,0.19905808290379148,2.0403588306572518,0.27621835847680243
23,477,0.0877561435122191,2.0403588306572518,0.3775953556342695
23,478,5.7210072652473265,2.0403588306572518,0.2871170759965191
23,479,2.3926084251493047,2.0403588306572518,0.3134468555327073
23,480,5.2922402607354915,2.0403588306572518,0.2008310291063348
24,481,0.443544241049582,1.8579747719998343,0.577577991060669
24,482,1.1441742021426085,1.8579747719998343,0.3352823455590109
24,483,1.8487463026330828,1.8579747719998343,0.36092927139024394
24,484,0.13293511026300578,1.8579747719998343,0.40459083827949116
24,485,4.291416975399399,1.8579747719998343,0.4313095601374845
24,486,1.8062991848147547,1.8579747719998343,0.4537843953905235
24,487,4.596332468107358,1.8579747719998343,0.32582366556000475
24,488,0.667714524669067,1.8579747719998343,0.30697054558000975
24,489,5.010742901418014,1.8579747719998343,0.2775046585678925
24,490,0.5215019579764585,1.8579747719998343,0.17688188010427525
24,491,0.16562583633855507,1.8579747719998343,0.42033739462039094
24,492,5.843439160994923,1.8579747719998343,0.3118604367859323
24,493,0.8776376986166899,1.8579747719998343,0.43573389500947757
24,494,4.777439550129283,1.8579747719998343,0.25482811740466005
24,495,0.005623739221282883,1.8579747719998343,0.36168372409785865
24,496,1.116143538127872,1.8579747719998343,0.4327232738490139
24,497,0.6117439806997073,1.8579747719998343,0.293197714263217
24,498,0.36663847581001685,1.8579747719998343,0.2971300696085011
24,499,0.11351753166517499,1.8579747719998343,0.40624004310401785
24,500,8.213891628426682,1.8579747719998343,0.5806662610717721
25,501,0.3548693690059475,1.990337352359562,0.23922655410456456
25,502,4.5157909634631,1.990337352359562,0.458231833434193
25,503,5.745581437407783,1.990337352359562,0.32625915743658895
25,504,2.9966986558858717,1.990337352359562,0.4520046693741176
25,505,5.769135546288768,1.990337352359562,0.254781841875982
25,506,2.7530624050044668,1.990337352359562,0.254492340305105
25,507,2.80984793023567,1.990337352359562,0.241730323244054
25,508,5.54771211778101,1.990337352359562,0.33203946151248925
25,509,5.355665220387147,1.990337352359562,0.20257498739688654
25,510,2.695613030226166,1.990337352359562,0.46052632281017714
25,511,4.602868363017645,1.990337352359562,0.3176815078247472
25,512,3.340006315724192,1.990337352359562,0.26566083319132167
25,513,0.013908771281662886,1.990337352359562,0.38940724546093397
25,514,0.04593805416118597,1.990337352359562,0.391139013223162
25,515,0.31022259367595967,1.990337352359562,0.3321742910146973
25,516,5.790972870444926,1.990337352359562,0.4850133311781779
25,517,0.7289896627476363,1.990337352359562,0.25310055754488986
25,518,2.6662209505172325,1.990337352359562,0.29166510978447935
25,519,0.5035975385824645,1.990337352359562,0.30316139872062814
25,520,7.399148131783415,1.990337352359562,0.2508592846741542
26,521,0.30130508822376123,1.990337352359562,0.28513559726701293
26,522,1.3995945749701357,1.990337352359562,0.32546022800696717
26,523,0.6101186768513017,1.990337352359562,0.34566280357517765
26,524,0.7460628369254105,1.990337352359562,0.4235498731719525
26,525,5.813467078749985,1.990337352359562,0.2771659739540723
26,526,5.720734160136525,1.990337352359562,0.2973411011178475
26,527,5.59605612640764,1.990337352359562,0.23768463912229254
26,528,5.882315723818313,1.990337352359562,0.3026328030775527
26,529,0.0004084976195943987,1.990337352359562,0.3099782753023205
26,530,2.5893951154128088,1.990337352359562,0.309204057966076
26,531,5.650434299145785,1.990337352359562,0.26886719669246095
26,532,5.431257315178075,1.990337352359562,0.3464630136272492
26,533,0.4007014616132382,1.990337352359562,0.4171366864074579
26,534,0.03953467509182639,1.990337352359562,0.3444714810118196
26,535,0.12709758771866222,1.990337352359562,0.32001307584029354
26,536,4.1448996380494965,1.990337352359562,0.5408319306891876
26,537,5.246198292635537,1.990337352359562,0.16167542447640904
26,538,2.986425143840799,1.990337352359562,0.4442283848101695
26,539,0.14308119196596836,1.990337352359562,0.3957212222835455
26,540,2.9905882169966485,1.990337352359562,0.24248389471729512
27,541,0.14638007724653532,2.0950273891719995,0.39160922108602547
27,542,4.818242747628487,2.0950273891719995,0.34259823685939766
27,543,5.421020159758572,2.0950273891719995,0.3224697437576083
27,544,5.54683327450681,2.0950273891719995,0.3282319105471237
27,545,3.417245589134318,2.0950273891719995,0.3336198077831154
27,546,4.8121211248310845,2.0950273891719995,0.5640129972851445
27,547,0.06376111345033199,2.0950273891719995,0.3356310908508642
27,548,5.85272678818574,2.0950273891719995,0.3071095855169076
27,549,0.07930869724327669,2.0950273891719995,0.2663591732201285
27,550,2.5881664680088945,2.0950273891719995,0.3212514194660819
27,551,3.0404021277827438,2.0950273891719995,0.22973915778731466
27,552,5.539499578250903,2.0950273891719995,0.24272843320804846
27,553,5.561704786464958,2.0950273891719995,0.20891573424858184
27,554,0.0032250517678727923,2.0950273891719995,0.4511993548949166
27,555,1.2179871972028369,2.0950273891719995,0.42880769412169434
27,556,0.059115077994728156,2.0950273891719995,0.40841042953523277
27,557,3.1855563283090897,2.0950273891719995,0.24107735030825117
27,558,2.1837019286161876,2.0950273891719995,0.4349924388138692
27,559,4.118920984634101,2.0950273891719995,0.23446230347835395
27,560,0.057142418309709044,2.0950273891719995,0.2589198967703716
28,561,0.6372102633917144,1.9724304227077565,0.34915931424487745
28,562,3.689046472500872,1.9724304227077565,0.3074272357588953
28,563,0.10735418159472498,1.9724304227077565,0.3573183437226387
28,564,3.4233311371022532,1.9724304227077565,0.226130013308256
28,565,0.05205113954045613,1.9724304227077565,0.401977701453166
28,566,2.3505404627252147,1.9724304227077565,0.4486509152537024
28,567,5.901520192871786,1.9724304227077565,0.29682943608253953
28,568,3.516569746617169,1.9724304227077565,0.24999964592095228
28,569,0.033764533523662404,1.9724304227077565,0.3451589736705235
28,570,0.2608393120008193,1.9724304227077565,0.3320273321898888
28,571,5.167777263369112,1.9724304227077565,0.23571905768582477
28,572,5.919377935258245,1.9724304227077565,0.2870059324335882
28,573,5.702865074626871,1.9724304227077565,0.3327677063282806
28,574,0.2704158691814677,1.9724304227077565,0.3646667203530485
28,575,0.37644051458787364,1.9724304227077565,0.1484498859332589
28,576,0.05990799796307981,1.9724304227077565,0.36288103948273476
28,577,5.864825877272603,1.9724304227077565,0.27186342420759674
28,578,0.2549947722585423,1.9724304227077565,0.3461737121808165
28,579,0.31651284737852514,1.9724304227077565,0.3585904100874497
28,580,0.23309563985535045,1.9724304227077565,0.36140892037875944
29,581,0.14525526661734595,1.9724304227077565,0.38718984867789136
29,582,0.0006397783523461672,1.9724304227077565,0.44536287322932555
29,583,3.754495998662792,1.9724304227077565,0.6023640096057875
29,584,1.3639339576394838,1.9724304227077565,0.443066522514783
29,585,0.19617918005057008,1.9724304227077565,0.37800582643018216
29,586,0.15281089061655412,1.9724304227077565,0.3319688139482862
29,587,5.089383697809683,1.9724304227077565,0.2460074353539961
29,588,2.5235304046463027,1.9724304227077565,0.5236032790095482
29,589,5.779958206789067,1.9724304227077565,0.2858388604179811
29,590,0.3444746384761167,1.9724304227077565,0.27488149331629647
29,591,5.355048187236265,1.9724304227077565,0.16195206019854472
29,592,0.23008679707848373,1.9724304227077565,0.40330095416913586
29,593,5.143014124275663,1.9724304227077565,0.3124065332705244
29,594,0.0006255295442121794,1.9724304227077565,0.46065776917560497
29,595,2.272344678643045,1.9724304227077565,0.4600842233862767
29,596,5.467246902004563,1.9724304227077565,0.253240137842059
29,597,2.7871305014242314,1.9724304227077565,0.28494751112206324
29,598,0.1565134084536116,1.9724304227077565,0.38528308866583183
29,599,0.01727248897111459,1.9724304227077565,0.3414080802425893
29,600,0.43283030228,1.9724304227077565,0.3733326705313141
