100,0.8513769507408142,0.9350612163543701,1.4055078029632568,1.7402448654174805,[0.1000 0.1000 0.1000 0.1000 0.1000 0.1000 0.1000],[0.0000 0.0000 0.0000 0.0000 0.0000 0.0000 0.0000],0.7864381670951843,0.7107176714461184,1.0,0.0,0.5589355028542428,None
100,0.8513769507408142,0.9350612163543701,1.4055078029632568,1.7402448654174805,[0.1000 0.1000 0.1000 0.1000 0.1000 0.1000 0.1000],[0.0000 0.0000 0.0000 0.0000 0.0000 0.0000 0.0000],0.7864381670951843,0.7107176714461184,1.0,0.0,0.5589355028542428,None
100,0.8513769507408142,0.9350612163543701,1.4055078029632568,1.7402448654174805,[0.1000 0.1000 0.1000 0.1000 0.1000 0.1000 0.1000],[0.0000 0.0000 0.0000 0.0000 0.0000 0.0000 0.0000],0.7864381670951843,0.7107176714461184,1.0,0.0,0.5589355028542428,None
100,0.8513769507408142,0.9350612163543701,1.4055078029632568,1.7402448654174805,[0.1000 0.1000 0.1000 0.1000 0.1000 0.1000 0.1000],[0.0000 0.0000 0.0000 0.0000 0.0000 0.0000 0.0000],0.7864381670951843,0.7107176714461184,1.0,0.0,0.5589355028542428,None
100,0.8513769507408142,0.9350612163543701,1.4055078029632568,1.7402448654174805,[0.1000 0.1000 0.1000 0.1000 0.1000 0.1000 0.1000],[0.0000 0.0000 0.0000 0.0000 0.0000 0.0000 0.0000],0.7864381670951843,0.7107176714461184,1.0,0.0,0.5589355028542428,None
100,0.8513769507408142,0.9350612163543701,1.4055078029632568,1.7402448654174805,[0.1000 0.1000 0.1000 0.1000 0.1000 0.1000 0.1000],[0.0000 0.0000 0.0000 0.0000 0.0000 0.0000 0.0000],0.7864381670951843,0.7107176714461184,1.0,0.0,0.5589355028542428,None
100,0.8513769507408142,0.9350612163543701,1.4055078029632568,1.7402448654174805,[0.1000 0.1000 0.1000 0.1000 0.1000 0.1000 0.1000],[0.0000 0.0000 0.0000 0.0000 0.0000 0.0000 0.0000],0.7864381670951843,0.7107176714461184,1.0,0.0,0.5589355028542428,None
100,0.8513769507408142,0.9350612163543701,1.4055078029632568,1.7402448654174805,[0.1000 0.1000 0.1000 0.1000 0.1000 0.1000 0.1000],[0.0000 0.0000 0.0000 0.0000 0.0000 0.0000 0.0000],0.7864381670951843,0.7107176714461184,1.0,0.0,0.5589355028542428,None
100,0.8513769507408142,0.9350612163543701,1.4055078029632568,1.7402448654174805,[0.1000 0.1000 0.1000 0.1000 0.1000 0.1000 0.1000],[0.0000 0.0000 0.0000 0.0000 0.0000 0.0000 0.0000],0.7864381670951843,0.7107176714461184,1.0,0.0,0.5589355028542428,None
100,0.8513769507408142,0.9350612163543701,1.4055078029632568,1.7402448654174805,[0.1000 0.1000 0.1000 0.1000 0.1000 0.1000 0.1000],[0.0000 0.0000 0.0000 0.0000 0.0000 0.0000 0.0000],0.7864381670951843,0.7107176714461184,1.0,0.0,0.5589355028542428,None
100,0.8513769507408142,0.9350612163543701,1.4055078029632568,1.7402448654174805,[0.1000 0.1000 0.1000 0.1000 0.1000 0.1000 0.1000],[0.0000 0.0000 0.0000 0.0000 0.0000 0.0000 0.0000],0.7864381670951843,0.7107176714461184,1.0,0.0,0.5589355028542428,None
100,0.8513769507408142,0.9350612163543701,1.4055078029632568,1.7402448654174805,[0.1000 0.1000 0.1000 0.1000 0.1000 0.1000 0.1000],[0.0000 0.0000 0.0000 0.0000 0.0000 0.0000 0.0000],0.7864381670951843,0.7107176714461184,1.0,0.0,0.5589355028542428,None
100,0.8513769507408142,0.9350612163543701,1.4055078029632568,1.7402448654174805,[0.1000 0.1000 0.1000 0.1000 0.1000 0.1000 0.1000],[0.0000 0.0000 0.0000 0.0000 0.0000 0.0000 0.0000],0.7864381670951843,0.7107176714461184,1.0,0.0,0.5589355028542428,None
100,0.8513769507408142,0.9350612163543701,1.4055078029632568,1.7402448654174805,[0.1000 0.1000 0.1000 0.1000 0.1000 0.1000 0.1000],[0.0000 0.0000 0.0000 0.0000 0.0000 0.0000 0.0000],0.7864381670951843,0.7107176714461184,1.0,0.0,0.5589355028542428,None
100,0.8513769507408142,0.9350612163543701,1.4055078029632568,1.7402448654174805,[0.1000 0.1000 0.1000 0.1000 0.1000 0.1000 0.1000],[0.0000 0.0000 0.0000 0.0000 0.0000 0.0000 0.0000],0.7864381670951843,0.7107176714461184,1.0,0.0,0.5589355028542428,None
100,0.8513769507408142,0.9350612163543701,1.4055078029632568,1.7402448654174805,[0.1000 0.1000 0.1000 0.1000 0.1000 0.1000 0.1000],[0.0000 0.0000 0.0000 0.0000 0.0000 0.0000 0.0000],0.7864381670951843,0.7107176714461184,1.0,0.0,0.5589355028542428,None
100,0.8513769507408142,0.9350612163543701,1.4055078029632568,1.7402448654174805,[0.1000 0.1000 0.1000 0.1000 0.1000 0.1000 0.1000],[0.0000 0.0000 0.0000 0.0000 0.0000 0.0000 0.0000],0.7864381670951843,0.7107176714461184,1.0,0.0,0.5589355028542428,None
100,0.8513769507408142,0.9350612163543701,1.4055078029632568,1.7402448654174805,[0.1000 0.1000 0.1000 0.1000 0.1000 0.1000 0.1000],[0.0000 0.0000 0.0000 0.0000 0.0000 0.0000 0.0000],0.7864381670951843,0.7107176714461184,1.0,0.0,0.5589355028542428,None
100,0.8513769507408142,0.9350612163543701,1.4055078029632568,1.7402448654174805,[0.1000 0.1000 0.1000 0.1000 0.1000 0.1000 0.1000],[0.0000 0.0000 0.0000 0.0000 0.0000 0.0000 0.0000],0.7864381670951843,0.7107176714461184,1.0,0.0,0.5589355028542428,None
100,0.8513769507408142,0.9350612163543701,1.4055078029632568,1.7402448654174805,[0.1000 0.1000 0.1000 0.1000 0.1000 0.1000 0.1000],[0.0000 0.0000 0.0000 0.0000 0.0000 0.0000 0.0000],0.7864381670951843,0.7107176714461184,1.0,0.0,0.5589355028542428,None
100,0.8513769507408142,0.9350612163543701,1.4055078029632568,1.7402448654174805,[0.1000 0.1000 0.1000 0.1000 0.1000 0.1000 0.1000],[0.0000 0.0000 0.0000 0.0000 0.0000 0.0000 0.0000],0.7864381670951843,0.7107176714461184,1.0,0.0,0.5589355028542428,None
100,0.8513769507408142,0.9350612163543701,1.4055078029632568,1.7402448654174805,[0.1000 0.1000 0.1000 0.1000 0.1000 0.1000 0.1000],[0.0000 0.0000 0.0000 0.0000 0.0000 0.0000 0.0000],0.7864381670951843,0.7107176714461184,1.0,0.0,0.5589355028542428,None
100,0.8513769507408142,0.9350612163543701,1.4055078029632568,1.7402448654174805,[0.1000 0.1000 0.1000 0.1000 0.1000 0.1000 0.1000],[0.0000 0.0000 0.0000 0.0000 0.0000 0.0000 0.0000],0.7864381670951843,0.7107176714461184,1.0,0.0,0.5589355028542428,None
100,0.8513769507408142,0.9350612163543701,1.4055078029632568,1.7402448654174805,[0.1000 0.1000 0.1000 0.1000 0.1000 0.1000 0.1000],[0.0000 0.0000 0.0000 0.0000 0.0000 0.0000 0.0000],0.7864381670951843,0.7107176714461184,1.0,0.0,0.5589355028542428,None
100,0.8513769507408142,0.9350612163543701,1.4055078029632568,1.7402448654174805,[0.1000 0.1000 0.1000 0.1000 0.1000 0.1000 0.1000],[0.0000 0.0000 0.0000 0.0000 0.0000 0.0000 0.0000],0.7864381670951843,0.7107176714461184,1.0,0.0,0.5589355028542428,None
100,0.8513769507408142,0.9350612163543701,1.4055078029632568,1.7402448654174805,[0.1000 0.1000 0.1000 0.1000 0.1000 0.1000 0.1000],[0.0000 0.0000 0.0000 0.0000 0.0000 0.0000 0.0000],0.7864381670951843,0.7107176714461184,1.0,0.0,0.5589355028542428,None
100,0.8513769507408142,0.9350612163543701,1.4055078029632568,1.7402448654174805,[0.1000 0.1000 0.1000 0.1000 0.1000 0.1000 0.1000],[0.0000 0.0000 0.0000 0.0000 0.0000 0.0000 0.0000],0.7864381670951843,0.7107176714461184,1.0,0.0,0.5589355028542428,None
100,0.8513769507408142,0.9350612163543701,1.4055078029632568,1.7402448654174805,[0.1000 0.1000 0.1000 0.1000 0.1000 0.1000 0.1000],[0.0000 0.0000 0.0000 0.0000 0.0000 0.0000 0.0000],0.7864381670951843,0.7107176714461184,1.0,0.0,0.5589355028542428,None
100,0.8513769507408142,0.9350612163543701,1.4055078029632568,1.7402448654174805,[0.1000 0.1000 0.1000 0.1000 0.1000 0.1000 0.1000],[0.0000 0.0000 0.0000 0.0000 0.0000 0.0000 0.0000],0.7864381670951843,0.7107176714461184,1.0,0.0,0.5589355028542428,None
100,0.8513769507408142,0.9350612163543701,1.4055078029632568,1.7402448654174805,[0.1000 0.1000 0.1000 0.1000 0.1000 0.1000 0.1000],[0.0000 0.0000 0.0000 0.0000 0.0000 0.0000 0.0000],0.7864381670951843,0.7107176714461184,1.0,0.0,0.5589355028542428,None
100,0.8513769507408142,0.9350612163543701,1.4055078029632568,1.7402448654174805,[0.1000 0.1000 0.1000 0.1000 0.1000 0.1000 0.1000],[0.0000 0.0000 0.0000 0.0000 0.0000 0.0000 0.0000],0.7864381670951843,0.7107176714461184,1.0,0.0,0.5589355028542428,None
100,0.8513769507408142,0.9350612163543701,1.4055078029632568,1.7402448654174805,[0.1000 0.1000 0.1000 0.1000 0.1000 0.1000 0.1000],[0.0000 0.0000 0.0000 0.0000 0.0000 0.0000 0.0000],0.7864381670951843,0.7107176714461184,1.0,0.0,0.5589355028542428,None
100,0.8513769507408142,0.9350612163543701,1.4055078029632568,1.7402448654174805,[0.1000 0.1000 0.1000 0.1000 0.1000 0.1000 0.1000],[0.0000 0.0000 0.0000 0.0000 0.0000 0.0000 0.0000],0.7864381670951843,0.7107176714461184,1.0,0.0,0.5589355028542428,None
100,0.8513769507408142,0.9350612163543701,1.4055078029632568,1.7402448654174805,[0.1000 0.1000 0.1000 0.1000 0.1000 0.1000 0.1000],[0.0000 0.0000 0.0000 0.0000 0.0000 0.0000 0.0000],0.7864381670951843,0.7107176714461184,1.0,0.0,0.5589355028542428,None
100,0.8513769507408142,0.9350612163543701,1.4055078029632568,1.7402448654174805,[0.1000 0.1000 0.1000 0.1000 0.1000 0.1000 0.1000],[0.0000 0.0000 0.0000 0.0000 0.0000 0.0000 0.0000],0.7864381670951843,0.7107176714461184,1.0,0.0,0.5589355028542428,None
100,0.8513769507408142,0.9350612163543701,1.4055078029632568,1.7402448654174805,[0.1000 0.1000 0.1000 0.1000 0.1000 0.1000 0.1000],[0.0000 0.0000 0.0000 0.0000 0.0000 0.0000 0.0000],0.7864381670951843,0.7107176714461184,1.0,0.0,0.5589355028542428,None
100,0.8513769507408142,0.9350612163543701,1.4055078029632568,1.7402448654174805,[0.1000 0.1000 0.1000 0.1000 0.1000 0.1000 0.1000],[0.0000 0.0000 0.0000 0.0000 0.0000 0.0000 0.0000],0.7864381670951843,0.7107176714461184,1.0,0.0,0.5589355028542428,None
100,0.8513769507408142,0.9350612163543701,1.4055078029632568,1.7402448654174805,[0.1000 0.1000 0.1000 0.1000 0.1000 0.1000 0.1000],[0.0000 0.0000 0.0000 0.0000 0.0000 0.0000 0.0000],0.7864381670951843,0.7107176714461184,1.0,0.0,0.5589355028542428,None
100,0.8513769507408142,0.9350612163543701,1.4055078029632568,1.7402448654174805,[0.1000 0.1000 0.1000 0.1000 0.1000 0.1000 0.1000],[0.0000 0.0000 0.0000 0.0000 0.0000 0.0000 0.0000],0.7864381670951843,0.7107176714461184,1.0,0.0,0.5589355028542428,None
100,0.8513769507408142,0.9350612163543701,1.4055078029632568,1.7402448654174805,[0.1000 0.1000 0.1000 0.1000 0.1000 0.1000 0.1000],[0.0000 0.0000 0.0000 0.0000 0.0000 0.0000 0.0000],0.7864381670951843,0.7107176714461184,1.0,0.0,0.5589355028542428,None
100,0.8513769507408142,0.9350612163543701,1.4055078029632568,1.7402448654174805,[0.1000 0.1000 0.1000 0.1000 0.1000 0.1000 0.1000],[0.0000 0.0000 0.0000 0.0000 0.0000 0.0000 0.0000],0.7864381670951843,0.7107176714461184,1.0,0.0,0.5589355028542428,None
100,0.8513769507408142,0.9350612163543701,1.4055078029632568,1.7402448654174805,[0.1000 0.1000 0.1000 0.1000 0.1000 0.1000 0.1000],[0.0000 0.0000 0.0000 0.0000 0.0000 0.0000 0.0000],0.7864381670951843,0.7107176714461184,1.0,0.0,0.5589355028542428,None
100,0.8513769507408142,0.9350612163543701,1.4055078029632568,1.7402448654174805,[0.1000 0.1000 0.1000 0.1000 0.1000 0.1000 0.1000],[0.0000 0.0000 0.0000 0.0000 0.0000 0.0000 0.0000],0.7864381670951843,0.7107176714461184,1.0,0.0,0.5589355028542428,None
100,0.8513769507408142,0.9350612163543701,1.4055078029632568,1.7402448654174805,[0.1000 0.1000 0.1000 0.1000 0.1000 0.1000 0.1000],[0.0000 0.0000 0.0000 0.0000 0.0000 0.0000 0.0000],0.7864381670951843,0.7107176714461184,1.0,0.0,0.5589355028542428,None
100,0.8513769507408142,0.9350612163543701,1.4055078029632568,1.7402448654174805,[0.1000 0.1000 0.1000 0.1000 0.1000 0.1000 0.1000],[0.0000 0.0000 0.0000 0.0000 0.0000 0.0000 0.0000],0.7864381670951843,0.7107176714461184,1.0,0.0,0.5589355028542428,None
100,0.8513769507408142,0.9350612163543701,1.4055078029632568,1.7402448654174805,[0.1000 0.1000 0.1000 0.1000 0.1000 0.1000 0.1000],[0.0000 0.0000 0.0000 0.0000 0.0000 0.0000 0.0000],0.7864381670951843,0.7107176714461184,1.0,0.0,0.5589355028542428,None
100,0.8513769507408142,0.9350612163543701,1.4055078029632568,1.7402448654174805,[0.1000 0.1000 0.1000 0.1000 0.1000 0.1000 0.1000],[0.0000 0.0000 0.0000 0.0000 0.0000 0.0000 0.0000],0.7864381670951843,0.7107176714461184,1.0,0.0,0.5589355028542428,None
100,0.8513769507408142,0.9350612163543701,1.4055078029632568,1.7402448654174805,[0.1000 0.1000 0.1000 0.1000 0.1000 0.1000 0.1000],[0.0000 0.0000 0.0000 0.0000 0.0000 0.0000 0.0000],0.7864381670951843,0.7107176714461184,1.0,0.0,0.5589355028542428,None
100,0.8513769507408142,0.9350612163543701,1.4055078029632568,1.7402448654174805,[0.1000 0.1000 0.1000 0.1000 0.1000 0.1000 0.1000],[0.0000 0.0000 0.0000 0.0000 0.0000 0.0000 0.0000],0.7864381670951843,0.7107176714461184,1.0,0.0,0.5589355028542428,None
100,0.8513769507408142,0.9350612163543701,1.4055078029632568,1.7402448654174805,[0.1000 0.1000 0.1000 0.1000 0.1000 0.1000 0.1000],[0.0000 0.0000 0.0000 0.0000 0.0000 0.0000 0.0000],0.7864381670951843,0.7107176714461184,1.0,0.0,0.5589355028542428,None
100,0.8513769507408142,0.9350612163543701,1.4055078029632568,1.7402448654174805,[0.1000 0.1000 0.1000 0.1000 0.1000 0.1000 0.1000],[0.0000 0.0000 0.0000 0.0000 0.0000 0.0000 0.0000],0.7864381670951843,0.7107176714461184,1.0,0.0,0.5589355028542428,None
100,0.8513769507408142,0.9350612163543701,1.4055078029632568,1.7402448654174805,[0.1000 0.1000 0.1000 0.1000 0.1000 0.1000 0.1000],[0.0000 0.0000 0.0000 0.0000 0.0000 0.0000 0.0000],0.7864381670951843,0.7107176714461184,1.0,0.0,0.5589355028542428,None
100,0.8513769507408142,0.9350612163543701,1.4055078029632568,1.7402448654174805,[0.1000 0.1000 0.1000 0.1000 0.1000 0.1000 0.1000],[0.0000 0.0000 0.0000 0.0000 0.0000 0.0000 0.0000],0.7864381670951843,0.7107176714461184,1.0,0.0,0.5589355028542428,None
100,0.8513769507408142,0.9350612163543701,1.4055078029632568,1.7402448654174805,[0.1000 0.1000 0.1000 0.1000 0.1000 0.1000 0.1000],[0.0000 0.0000 0.0000 0.0000 0.0000 0.0000 0.0000],0.7864381670951843,0.7107176714461184,1.0,0.0,0.5589355028542428,None
100,0.8513769507408142,0.9350612163543701,1.4055078029632568,1.7402448654174805,[0.1000 0.1000 0.1000 0.1000 0.1000 0.1000 0.1000],[0.0000 0.0000 0.0000 0.0000 0.0000 0.0000 0.0000],0.7864381670951843,0.7107176714461184,1.0,0.0,0.5589355028542428,None
100,0.8513769507408142,0.9350612163543701,1.4055078029632568,1.7402448654174805,[0.1000 0.1000 0.1000 0.1000 0.1000 0.1000 0.1000],[0.0000 0.0000 0.0000 0.0000 0.0000 0.0000 0.0000],0.7864381670951843,0.7107176714461184,1.0,0.0,0.5589355028542428,None
100,0.8513769507408142,0.9350612163543701,1.4055078029632568,1.7402448654174805,[0.1000 0.1000 0.1000 0.1000 0.1000 0.1000 0.1000],[0.0000 0.0000 0.0000 0.0000 0.0000 0.0000 0.0000],0.7864381670951843,0.7107176714461184,1.0,0.0,0.5589355028542428,None
100,0.8513769507408142,0.9350612163543701,1.4055078029632568,1.7402448654174805,[0.1000 0.1000 0.1000 0.1000 0.1000 0.1000 0.1000],[0.0000 0.0000 0.0000 0.0000 0.0000 0.0000 0.0000],0.7864381670951843,0.7107176714461184,1.0,0.0,0.5589355028542428,None
100,0.8513769507408142,0.9350612163543701,1.4055078029632568,1.7402448654174805,[0.1000 0.1000 0.1000 0.1000 0.1000 0.1000 0.1000],[0.0000 0.0000 0.0000 0.0000 0.0000 0.0000 0.0000],0.7864381670951843,0.7107176714461184,1.0,0.0,0.5589355028542428,None
100,0.8513769507408142,0.9350612163543701,1.4055078029632568,1.7402448654174805,[0.1000 0.1000 0.1000 0.1000 0.1000 0.1000 0.1000],[0.0000 0.0000 0.0000 0.0000 0.0000 0.0000 0.0000],0.7864381670951843,0.7107176714461184,1.0,0.0,0.5589355028542428,None
100,0.8513769507408142,0.9350612163543701,1.4055078029632568,1.7402448654174805,[0.1000 0.1000 0.1000 0.1000 0.1000 0.1000 0.1000],[0.0000 0.0000 0.0000 0.0000 0.0000 0.0000 0.0000],0.7864381670951843,0.7107176714461184,1.0,0.0,0.5589355028542428,None
100,0.8513769507408142,0.9350612163543701,1.4055078029632568,1.7402448654174805,[0.1000 0.1000 0.1000 0.1000 0.1000 0.1000 0.1000],[0.0000 0.0000 0.0000 0.0000 0.0000 0.0000 0.0000],0.7864381670951843,0.7107176714461184,1.0,0.0,0.5589355028542428,None
100,0.8513769507408142,0.9350612163543701,1.4055078029632568,1.7402448654174805,[0.1000 0.1000 0.1000 0.1000 0.1000 0.1000 0.1000],[0.0000 0.0000 0.0000 0.0000 0.0000 0.0000 0.0000],0.7864381670951843,0.7107176714461184,1.0,0.0,0.5589355028542428,None
100,0.8513769507408142,0.9350612163543701,1.4055078029632568,1.7402448654174805,[0.1000 0.1000 0.1000 0.1000 0.1000 0.1000 0.1000],[0.0000 0.0000 0.0000 0.0000 0.0000 0.0000 0.0000],0.7864381670951843,0.7107176714461184,1.0,0.0,0.5589355028542428,None
100,0.8513769507408142,0.9350612163543701,1.4055078029632568,1.7402448654174805,[0.1000 0.1000 0.1000 0.1000 0.1000 0.1000 0.1000],[0.0000 0.0000 0.0000 0.0000 0.0000 0.0000 0.0000],0.7864381670951843,0.7107176714461184,1.0,0.0,0.5589355028542428,None
100,0.8513769507408142,0.9350612163543701,1.4055078029632568,1.7402448654174805,[0.1000 0.1000 0.1000 0.1000 0.1000 0.1000 0.1000],[0.0000 0.0000 0.0000 0.0000 0.0000 0.0000 0.0000],0.7864381670951843,0.7107176714461184,1.0,0.0,0.5589355028542428,None
100,0.8513769507408142,0.9350612163543701,1.4055078029632568,1.7402448654174805,[0.1000 0.1000 0.1000 0.1000 0.1000 0.1000 0.1000],[0.0000 0.0000 0.0000 0.0000 0.0000 0.0000 0.0000],0.7864381670951843,0.7107176714461184,1.0,0.0,0.5589355028542428,None
100,0.8513769507408142,0.9350612163543701,1.4055078029632568,1.7402448654174805,[0.1000 0.1000 0.1000 0.1000 0.1000 0.1000 0.1000],[0.0000 0.0000 0.0000 0.0000 0.0000 0.0000 0.0000],0.7864381670951843,0.7107176714461184,1.0,0.0,0.5589355028542428,None
100,0.8513769507408142,0.9350612163543701,1.4055078029632568,1.7402448654174805,[0.1000 0.1000 0.1000 0.1000 0.1000 0.1000 0.1000],[0.0000 0.0000 0.0000 0.0000 0.0000 0.0000 0.0000],0.7864381670951843,0.7107176714461184,1.0,0.0,0.5589355028542428,None
100,0.8513769507408142,0.9350612163543701,1.4055078029632568,1.7402448654174805,[0.1000 0.1000 0.1000 0.1000 0.1000 0.1000 0.1000],[0.0000 0.0000 0.0000 0.0000 0.0000 0.0000 0.0000],0.7864381670951843,0.7107176714461184,1.0,0.0,0.5589355028542428,None
100,0.8513769507408142,0.9350612163543701,1.4055078029632568,1.7402448654174805,[0.1000 0.1000 0.1000 0.1000 0.1000 0.1000 0.1000],[0.0000 0.0000 0.0000 0.0000 0.0000 0.0000 0.0000],0.7864381670951843,0.7107176714461184,1.0,0.0,0.5589355028542428,None
100,0.8513769507408142,0.9350612163543701,1.4055078029632568,1.7402448654174805,[0.1000 0.1000 0.1000 0.1000 0.1000 0.1000 0.1000],[0.0000 0.0000 0.0000 0.0000 0.0000 0.0000 0.0000],0.7864381670951843,0.7107176714461184,1.0,0.0,0.5589355028542428,None
100,0.8513769507408142,0.9350612163543701,1.4055078029632568,1.7402448654174805,[0.1000 0.1000 0.1000 0.1000 0.1000 0.1000 0.1000],[0.0000 0.0000 0.0000 0.0000 0.0000 0.0000 0.0000],0.7864381670951843,0.7107176714461184,1.0,0.0,0.5589355028542428,None
100,0.8513769507408142,0.9350612163543701,1.4055078029632568,1.7402448654174805,[0.1000 0.1000 0.1000 0.1000 0.1000 0.1000 0.1000],[0.0000 0.0000 0.0000 0.0000 0.0000 0.0000 0.0000],0.7864381670951843,0.7107176714461184,1.0,0.0,0.5589355028542428,None
100,0.8513769507408142,0.9350612163543701,1.4055078029632568,1.7402448654174805,[0.1000 0.1000 0.1000 0.1000 0.1000 0.1000 0.1000],[0.0000 0.0000 0.0000 0.0000 0.0000 0.0000 0.0000],0.7864381670951843,0.7107176714461184,1.0,0.0,0.5589355028542428,None
100,0.8513769507408142,0.9350612163543701,1.4055078029632568,1.7402448654174805,[0.1000 0.1000 0.1000 0.1000 0.1000 0.1000 0.1000],[0.0000 0.0000 0.0000 0.0000 0.0000 0.0000 0.0000],0.7864381670951843,0.7107176714461184,1.0,0.0,0.5589355028542428,None
100,0.8513769507408142,0.9350612163543701,1.4055078029632568,1.7402448654174805,[0.1000 0.1000 0.1000 0.1000 0.1000 0.1000 0.1000],[0.0000 0.0000 0.0000 0.0000 0.0000 0.0000 0.0000],0.7864381670951843,0.7107176714461184,1.0,0.0,0.5589355028542428,None
100,0.8513769507408142,0.9350612163543701,1.4055078029632568,1.7402448654174805,[0.1000 0.1000 0.1000 0.1000 0.1000 0.1000 0.1000],[0.0000 0.0000 0.0000 0.0000 0.0000 0.0000 0.0000],0.7864381670951843,0.7107176714461184,1.0,0.0,0.5589355028542428,None
100,0.8513769507408142,0.9350612163543701,1.4055078029632568,1.7402448654174805,[0.1000 0.1000 0.1000 0.1000 0.1000 0.1000 0.1000],[0.0000 0.0000 0.0000 0.0000 0.0000 0.0000 0.0000],0.7864381670951843,0.7107176714461184,1.0,0.0,0.5589355028542428,None
100,0.8513769507408142,0.9350612163543701,1.4055078029632568,1.7402448654174805,[0.1000 0.1000 0.1000 0.1000 0.1000 0.1000 0.1000],[0.0000 0.0000 0.0000 0.0000 0.0000 0.0000 0.0000],0.7864381670951843,0.7107176714461184,1.0,0.0,0.5589355028542428,None
100,0.8513769507408142,0.9350612163543701,1.4055078029632568,1.7402448654174805,[0.1000 0.1000 0.1000 0.1000 0.1000 0.1000 0.1000],[0.0000 0.0000 0.0000 0.0000 0.0000 0.0000 0.0000],0.7864381670951843,0.7107176714461184,1.0,0.0,0.5589355028542428,None
100,0.8513769507408142,0.9350612163543701,1.4055078029632568,1.7402448654174805,[0.1000 0.1000 0.1000 0.1000 0.1000 0.1000 0.1000],[0.0000 0.0000 0.0000 0.0000 0.0000 0.0000 0.0000],0.7864381670951843,0.7107176714461184,1.0,0.0,0.5589355028542428,None
100,0.8513769507408142,0.9350612163543701,1.4055078029632568,1.7402448654174805,[0.1000 0.1000 0.1000 0.1000 0.1000 0.1000 0.1000],[0.0000 0.0000 0.0000 0.0000 0.0000 0.0000 0.0000],0.7864381670951843,0.7107176714461184,1.0,0.0,0.5589355028542428,None
100,0.8513769507408142,0.9350612163543701,1.4055078029632568,1.7402448654174805,[0.1000 0.1000 0.1000 0.1000 0.1000 0.1000 0.1000],[0.0000 0.0000 0.0000 0.0000 0.0000 0.0000 0.0000],0.7864381670951843,0.7107176714461184,1.0,0.0,0.5589355028542428,None
100,0.8513769507408142,0.9350612163543701,1.4055078029632568,1.7402448654174805,[0.1000 0.1000 0.1000 0.1000 0.1000 0.1000 0.1000],[0.0000 0.0000 0.0000 0.0000 0.0000 0.0000 0.0000],0.7864381670951843,0.7107176714461184,1.0,0.0,0.5589355028542428,None
100,0.8513769507408142,0.9350612163543701,1.4055078029632568,1.7402448654174805,[0.1000 0.1000 0.1000 0.1000 0.1000 0.1000 0.1000],[0.0000 0.0000 0.0000 0.0000 0.0000 0.0000 0.0000],0.7864381670951843,0.7107176714461184,1.0,0.0,0.5589355028542428,None
100,0.8513769507408142,0.9350612163543701,1.4055078029632568,1.7402448654174805,[0.1000 0.1000 0.1000 0.1000 0.1000 0.1000 0.1000],[0.0000 0.0000 0.0000 0.0000 0.0000 0.0000 0.0000],0.7864381670951843,0.7107176714461184,1.0,0.0,0.5589355028542428,None
100,0.8513769507408142,0.9350612163543701,1.4055078029632568,1.7402448654174805,[0.1000 0.1000 0.1000 0.1000 0.1000 0.1000 0.1000],[0.0000 0.0000 0.0000 0.0000 0.0000 0.0000 0.0000],0.7864381670951843,0.7107176714461184,1.0,0.0,0.5589355028542428,None
100,0.8513769507408142,0.9350612163543701,1.4055078029632568,1.7402448654174805,[0.1000 0.1000 0.1000 0.1000 0.1000 0.1000 0.1000],[0.0000 0.0000 0.0000 0.0000 0.0000 0.0000 0.0000],0.7864381670951843,0.7107176714461184,1.0,0.0,0.5589355028542428,None
100,0.8513769507408142,0.9350612163543701,1.4055078029632568,1.7402448654174805,[0.1000 0.1000 0.1000 0.1000 0.1000 0.1000 0.1000],[0.0000 0.0000 0.0000 0.0000 0.0000 0.0000 0.0000],0.7864381670951843,0.7107176714461184,1.0,0.0,0.5589355028542428,None
100,0.8513769507408142,0.9350612163543701,1.4055078029632568,1.7402448654174805,[0.1000 0.1000 0.1000 0.1000 0.1000 0.1000 0.1000],[0.0000 0.0000 0.0000 0.0000 0.0000 0.0000 0.0000],0.7864381670951843,0.7107176714461184,1.0,0.0,0.5589355028542428,None
100,0.8513769507408142,0.9350612163543701,1.4055078029632568,1.7402448654174805,[0.1000 0.1000 0.1000 0.1000 0.1000 0.1000 0.1000],[0.0000 0.0000 0.0000 0.0000 0.0000 0.0000 0.0000],0.7864381670951843,0.7107176714461184,1.0,0.0,0.5589355028542428,None
100,0.8513769507408142,0.9350612163543701,1.4055078029632568,1.7402448654174805,[0.1000 0.1000 0.1000 0.1000 0.1000 0.1000 0.1000],[0.0000 0.0000 0.0000 0.0000 0.0000 0.0000 0.0000],0.7864381670951843,0.7107176714461184,1.0,0.0,0.5589355028542428,None
100,0.8513769507408142,0.9350612163543701,1.4055078029632568,1.7402448654174805,[0.1000 0.1000 0.1000 0.1000 0.1000 0.1000 0.1000],[0.0000 0.0000 0.0000 0.0000 0.0000 0.0000 0.0000],0.7864381670951843,0.7107176714461184,1.0,0.0,0.5589355028542428,None
100,0.8513769507408142,0.9350612163543701,1.4055078029632568,1.7402448654174805,[0.1000 0.1000 0.1000 0.1000 0.1000 0.1000 0.1000],[0.0000 0.0000 0.0000 0.0000 0.0000 0.0000 0.0000],0.7864381670951843,0.7107176714461184,1.0,0.0,0.5589355028542428,None
100,0.8513769507408142,0.9350612163543701,1.4055078029632568,1.7402448654174805,[0.1000 0.1000 0.1000 0.1000 0.1000 0.1000 0.1000],[0.0000 0.0000 0.0000 0.0000 0.0000 0.0000 0.0000],0.7864381670951843,0.7107176714461184,1.0,0.0,0.5589355028542428,None
100,0.8513769507408142,0.9350612163543701,1.4055078029632568,1.7402448654174805,[0.1000 0.1000 0.1000 0.1000 0.1000 0.1000 0.1000],[0.0000 0.0000 0.0000 0.0000 0.0000 0.0000 0.0000],0.7864381670951843,0.7107176714461184,1.0,0.0,0.5589355028542428,None
100,0.8513769507408142,0.9350612163543701,1.4055078029632568,1.7402448654174805,[0.1000 0.1000 0.1000 0.1000 0.1000 0.1000 0.1000],[0.0000 0.0000 0.0000 0.0000 0.0000 0.0000 0.0000],0.7864381670951843,0.7107176714461184,1.0,0.0,0.5589355028542428,None
100,0.8513769507408142,0.9350612163543701,1.4055078029632568,1.7402448654174805,[0.1000 0.1000 0.1000 0.1000 0.1000 0.1000 0.1000],[0.0000 0.0000 0.0000 0.0000 0.0000 0.0000 0.0000],0.7864381670951843,0.7107176714461184,1.0,0.0,0.5589355028542428,None
100,0.8513769507408142,0.9350612163543701,1.4055078029632568,1.7402448654174805,[0.1000 0.1000 0.1000 0.1000 0.1000 0.1000 0.1000],[0.0000 0.0000 0.0000 0.0000 0.0000 0.0000 0.0000],0.7864381670951843,0.7107176714461184,1.0,0.0,0.5589355028542428,None
100,0.8513769507408142,0.9350612163543701,1.4055078029632568,1.7402448654174805,[0.1000 0.1000 0.1000 0.1000 0.1000 0.1000 0.1000],[0.0000 0.0000 0.0000 0.0000 0.0000 0.0000 0.0000],0.7864381670951843,0.7107176714461184,1.0,0.0,0.5589355028542428,None
100,0.8513769507408142,0.9350612163543701,1.4055078029632568,1.7402448654174805,[0.1000 0.1000 0.1000 0.1000 0.1000 0.1000 0.1000],[0.0000 0.0000 0.0000 0.0000 0.0000 0.0000 0.0000],0.7864381670951843,0.7107176714461184,1.0,0.0,0.5589355028542428,None
100,0.8513769507408142,0.9350612163543701,1.4055078029632568,1.7402448654174805,[0.1000 0.1000 0.1000 0.1000 0.1000 0.1000 0.1000],[0.0000 0.0000 0.0000 0.0000 0.0000 0.0000 0.0000],0.7864381670951843,0.7107176714461184,1.0,0.0,0.5589355028542428,None
100,0.8513769507408142,0.9350612163543701,1.4055078029632568,1.7402448654174805,[0.1000 0.1000 0.1000 0.1000 0.1000 0.1000 0.1000],[0.0000 0.0000 0.0000 0.0000 0.0000 0.0000 0.0000],0.7864381670951843,0.7107176714461184,1.0,0.0,0.5589355028542428,None
100,0.8513769507408142,0.9350612163543701,1.4055078029632568,1.7402448654174805,[0.1000 0.1000 0.1000 0.1000 0.1000 0.1000 0.1000],[0.0000 0.0000 0.0000 0.0000 0.0000 0.0000 0.0000],0.7864381670951843,0.7107176714461184,1.0,0.0,0.5589355028542428,None
100,0.8513769507408142,0.9350612163543701,1.4055078029632568,1.7402448654174805,[0.1000 0.1000 0.1000 0.1000 0.1000 0.1000 0.1000],[0.0000 0.0000 0.0000 0.0000 0.0000 0.0000 0.0000],0.7864381670951843,0.7107176714461184,1.0,0.0,0.5589355028542428,None
100,0.8513769507408142,0.9350612163543701,1.4055078029632568,1.7402448654174805,[0.1000 0.1000 0.1000 0.1000 0.1000 0.1000 0.1000],[0.0000 0.0000 0.0000 0.0000 0.0000 0.0000 0.0000],0.7864381670951843,0.7107176714461184,1.0,0.0,0.5589355028542428,None
100,0.8513769507408142,0.9350612163543701,1.4055078029632568,1.7402448654174805,[0.1000 0.1000 0.1000 0.1000 0.1000 0.1000 0.1000],[0.0000 0.0000 0.0000 0.0000 0.0000 0.0000 0.0000],0.7864381670951843,0.7107176714461184,1.0,0.0,0.5589355028542428,None
100,0.8513769507408142,0.9350612163543701,1.4055078029632568,1.7402448654174805,[0.1000 0.1000 0.1000 0.1000 0.1000 0.1000 0.1000],[0.0000 0.0000 0.0000 0.0000 0.0000 0.0000 0.0000],0.7864381670951843,0.7107176714461184,1.0,0.0,0.5589355028542428,None
100,0.8513769507408142,0.9350612163543701,1.4055078029632568,1.7402448654174805,[0.1000 0.1000 0.1000 0.1000 0.1000 0.1000 0.1000],[0.0000 0.0000 0.0000 0.0000 0.0000 0.0000 0.0000],0.7864381670951843,0.7107176714461184,1.0,0.0,0.5589355028542428,None
100,0.8513769507408142,0.9350612163543701,1.4055078029632568,1.7402448654174805,[0.1000 0.1000 0.1000 0.1000 0.1000 0.1000 0.1000],[0.0000 0.0000 0.0000 0.0000 0.0000 0.0000 0.0000],0.7864381670951843,0.7107176714461184,1.0,0.0,0.5589355028542428,None
100,0.8513769507408142,0.9350612163543701,1.4055078029632568,1.7402448654174805,[0.1000 0.1000 0.1000 0.1000 0.1000 0.1000 0.1000],[0.0000 0.0000 0.0000 0.0000 0.0000 0.0000 0.0000],0.7864381670951843,0.7107176714461184,1.0,0.0,0.5589355028542428,None
100,0.8513769507408142,0.9350612163543701,1.4055078029632568,1.7402448654174805,[0.1000 0.1000 0.1000 0.1000 0.1000 0.1000 0.1000],[0.0000 0.0000 0.0000 0.0000 0.0000 0.0000 0.0000],0.7864381670951843,0.7107176714461184,1.0,0.0,0.5589355028542428,None
100,0.8513769507408142,0.9350612163543701,1.4055078029632568,1.7402448654174805,[0.1000 0.1000 0.1000 0.1000 0.1000 0.1000 0.1000],[0.0000 0.0000 0.0000 0.0000 0.0000 0.0000 0.0000],0.7864381670951843,0.7107176714461184,1.0,0.0,0.5589355028542428,None
100,0.8513769507408142,0.9350612163543701,1.4055078029632568,1.7402448654174805,[0.1000 0.1000 0.1000 0.1000 0.1000 0.1000 0.1000],[0.0000 0.0000 0.0000 0.0000 0.0000 0.0000 0.0000],0.7864381670951843,0.7107176714461184,1.0,0.0,0.5589355028542428,None
100,0.8513769507408142,0.9350612163543701,1.4055078029632568,1.7402448654174805,[0.1000 0.1000 0.1000 0.1000 0.1000 0.1000 0.1000],[0.0000 0.0000 0.0000 0.0000 0.0000 0.0000 0.0000],0.7864381670951843,0.7107176714461184,1.0,0.0,0.5589355028542428,None
100,0.8513769507408142,0.9350612163543701,1.4055078029632568,1.7402448654174805,[0.1000 0.1000 0.1000 0.1000 0.1000 0.1000 0.1000],[0.0000 0.0000 0.0000 0.0000 0.0000 0.0000 0.0000],0.7864381670951843,0.7107176714461184,1.0,0.0,0.5589355028542428,None
100,0.8513769507408142,0.9350612163543701,1.4055078029632568,1.7402448654174805,[0.1000 0.1000 0.1000 0.1000 0.1000 0.1000 0.1000],[0.0000 0.0000 0.0000 0.0000 0.0000 0.0000 0.0000],0.7864381670951843,0.7107176714461184,1.0,0.0,0.5589355028542428,None
100,0.8513769507408142,0.9350612163543701,1.4055078029632568,1.7402448654174805,[0.1000 0.1000 0.1000 0.1000 0.1000 0.1000 0.1000],[0.0000 0.0000 0.0000 0.0000 0.0000 0.0000 0.0000],0.7864381670951843,0.7107176714461184,1.0,0.0,0.5589355028542428,None
100,0.8513769507408142,0.9350612163543701,1.4055078029632568,1.7402448654174805,[0.1000 0.1000 0.1000 0.1000 0.1000 0.1000 0.1000],[0.0000 0.0000 0.0000 0.0000 0.0000 0.0000 0.0000],0.7864381670951843,0.7107176714461184,1.0,0.0,0.5589355028542428,None
100,0.8513769507408142,0.9350612163543701,1.4055078029632568,1.7402448654174805,[0.1000 0.1000 0.1000 0.1000 0.1000 0.1000 0.1000],[0.0000 0.0000 0.0000 0.0000 0.0000 0.0000 0.0000],0.7864381670951843,0.7107176714461184,1.0,0.0,0.5589355028542428,None
100,0.8513769507408142,0.9350612163543701,1.4055078029632568,1.7402448654174805,[0.1000 0.1000 0.1000 0.1000 0.1000 0.1000 0.1000],[0.0000 0.0000 0.0000 0.0000 0.0000 0.0000 0.0000],0.7864381670951843,0.7107176714461184,1.0,0.0,0.5589355028542428,None
100,0.8513769507408142,0.9350612163543701,1.4055078029632568,1.7402448654174805,[0.1000 0.1000 0.1000 0.1000 0.1000 0.1000 0.1000],[0.0000 0.0000 0.0000 0.0000 0.0000 0.0000 0.0000],0.7864381670951843,0.7107176714461184,1.0,0.0,0.5589355028542428,None
100,0.8513769507408142,0.9350612163543701,1.4055078029632568,1.7402448654174805,[0.1000 0.1000 0.1000 0.1000 0.1000 0.1000 0.1000],[0.0000 0.0000 0.0000 0.0000 0.0000 0.0000 0.0000],0.7864381670951843,0.7107176714461184,1.0,0.0,0.5589355028542428,None
100,0.8513769507408142,0.9350612163543701,1.4055078029632568,1.7402448654174805,[0.1000 0.1000 0.1000 0.1000 0.1000 0.1000 0.1000],[0.0000 0.0000 0.0000 0.0000 0.0000 0.0000 0.0000],0.7864381670951843,0.7107176714461184,1.0,0.0,0.5589355028542428,None
100,0.8513769507408142,0.9350612163543701,1.4055078029632568,1.7402448654174805,[0.1000 0.1000 0.1000 0.1000 0.1000 0.1000 0.1000],[0.0000 0.0000 0.0000 0.0000 0.0000 0.0000 0.0000],0.7864381670951843,0.7107176714461184,1.0,0.0,0.5589355028542428,None
100,0.8513769507408142,0.9350612163543701,1.4055078029632568,1.7402448654174805,[0.1000 0.1000 0.1000 0.1000 0.1000 0.1000 0.1000],[0.0000 0.0000 0.0000 0.0000 0.0000 0.0000 0.0000],0.7864381670951843,0.7107176714461184,1.0,0.0,0.5589355028542428,None
100,0.8513769507408142,0.9350612163543701,1.4055078029632568,1.7402448654174805,[0.1000 0.1000 0.1000 0.1000 0.1000 0.1000 0.1000],[0.0000 0.0000 0.0000 0.0000 0.0000 0.0000 0.0000],0.7864381670951843,0.7107176714461184,1.0,0.0,0.5589355028542428,None
100,0.8513769507408142,0.9350612163543701,1.4055078029632568,1.7402448654174805,[0.1000 0.1000 0.1000 0.1000 0.1000 0.1000 0.1000],[0.0000 0.0000 0.0000 0.0000 0.0000 0.0000 0.0000],0.7864381670951843,0.7107176714461184,1.0,0.0,0.5589355028542428,None
100,0.8513769507408142,0.9350612163543701,1.4055078029632568,1.7402448654174805,[0.1000 0.1000 0.1000 0.1000 0.1000 0.1000 0.1000],[0.0000 0.0000 0.0000 0.0000 0.0000 0.0000 0.0000],0.7864381670951843,0.7107176714461184,1.0,0.0,0.5589355028542428,None
100,0.8513769507408142,0.9350612163543701,1.4055078029632568,1.7402448654174805,[0.1000 0.1000 0.1000 0.1000 0.1000 0.1000 0.1000],[0.0000 0.0000 0.0000 0.0000 0.0000 0.0000 0.0000],0.7864381670951843,0.7107176714461184,1.0,0.0,0.5589355028542428,None
100,0.8513769507408142,0.9350612163543701,1.4055078029632568,1.7402448654174805,[0.1000 0.1000 0.1000 0.1000 0.1000 0.1000 0.1000],[0.0000 0.0000 0.0000 0.0000 0.0000 0.0000 0.0000],0.7864381670951843,0.7107176714461184,1.0,0.0,0.5589355028542428,None
100,0.8513769507408142,0.9350612163543701,1.4055078029632568,1.7402448654174805,[0.1000 0.1000 0.1000 0.1000 0.1000 0.1000 0.1000],[0.0000 0.0000 0.0000 0.0000 0.0000 0.0000 0.0000],0.7864381670951843,0.7107176714461184,1.0,0.0,0.5589355028542428,None
100,0.8513769507408142,0.9350612163543701,1.4055078029632568,1.7402448654174805,[0.1000 0.1000 0.1000 0.1000 0.1000 0.1000 0.1000],[0.0000 0.0000 0.0000 0.0000 0.0000 0.0000 0.0000],0.7864381670951843,0.7107176714461184,1.0,0.0,0.5589355028542428,None
100,0.8513769507408142,0.9350612163543701,1.4055078029632568,1.7402448654174805,[0.1000 0.1000 0.1000 0.1000 0.1000 0.1000 0.1000],[0.0000 0.0000 0.0000 0.0000 0.0000 0.0000 0.0000],0.7864381670951843,0.7107176714461184,1.0,0.0,0.5589355028542428,None
100,0.8513769507408142,0.9350612163543701,1.4055078029632568,1.7402448654174805,[0.1000 0.1000 0.1000 0.1000 0.1000 0.1000 0.1000],[0.0000 0.0000 0.0000 0.0000 0.0000 0.0000 0.0000],0.7864381670951843,0.7107176714461184,1.0,0.0,0.5589355028542428,None
100,0.8513769507408142,0.9350612163543701,1.4055078029632568,1.7402448654174805,[0.1000 0.1000 0.1000 0.1000 0.1000 0.1000 0.1000],[0.0000 0.0000 0.0000 0.0000 0.0000 0.0000 0.0000],0.7864381670951843,0.7107176714461184,1.0,0.0,0.5589355028542428,None
100,0.8513769507408142,0.9350612163543701,1.4055078029632568,1.7402448654174805,[0.1000 0.1000 0.1000 0.1000 0.1000 0.1000 0.1000],[0.0000 0.0000 0.0000 0.0000 0.0000 0.0000 0.0000],0.7864381670951843,0.7107176714461184,1.0,0.0,0.5589355028542428,None
100,0.8513769507408142,0.9350612163543701,1.4055078029632568,1.7402448654174805,[0.1000 0.1000 0.1000 0.1000 0.1000 0.1000 0.1000],[0.0000 0.0000 0.0000 0.0000 0.0000 0.0000 0.0000],0.7864381670951843,0.7107176714461184,1.0,0.0,0.5589355028542428,None
100,0.8513769507408142,0.9350612163543701,1.4055078029632568,1.7402448654174805,[0.1000 0.1000 0.1000 0.1000 0.1000 0.1000 0.1000],[0.0000 0.0000 0.0000 0.0000 0.0000 0.0000 0.0000],0.7864381670951843,0.7107176714461184,1.0,0.0,0.5589355028542428,None
100,0.8513769507408142,0.9350612163543701,1.4055078029632568,1.7402448654174805,[0.1000 0.1000 0.1000 0.1000 0.1000 0.1000 0.1000],[0.0000 0.0000 0.0000 0.0000 0.0000 0.0000 0.0000],0.7864381670951843,0.7107176714461184,1.0,0.0,0.5589355028542428,None
100,0.8513769507408142,0.9350612163543701,1.4055078029632568,1.7402448654174805,[0.1000 0.1000 0.1000 0.1000 0.1000 0.1000 0.1000],[0.0000 0.0000 0.0000 0.0000 0.0000 0.0000 0.0000],0.7864381670951843,0.7107176714461184,1.0,0.0,0.5589355028542428,None
100,0.8513769507408142,0.9350612163543701,1.4055078029632568,1.7402448654174805,[0.1000 0.1000 0.1000 0.1000 0.1000 0.1000 0.1000],[0.0000 0.0000 0.0000 0.0000 0.0000 0.0000 0.0000],0.7864381670951843,0.7107176714461184,1.0,0.0,0.5589355028542428,None
100,0.8513769507408142,0.9350612163543701,1.4055078029632568,1.7402448654174805,[0.1000 0.1000 0.1000 0.1000 0.1000 0.1000 0.1000],[0.0000 0.0000 0.0000 0.0000 0.0000 0.0000 0.0000],0.7864381670951843,0.7107176714461184,1.0,0.0,0.5589355028542428,None
100,0.8513769507408142,0.9350612163543701,1.4055078029632568,1.7402448654174805,[0.1000 0.1000 0.1000 0.1000 0.1000 0.1000 0.1000],[0.0000 0.0000 0.0000 0.0000 0.0000 0.0000 0.0000],0.7864381670951843,0.7107176714461184,1.0,0.0,0.5589355028542428,None
100,0.8513769507408142,0.9350612163543701,1.4055078029632568,1.7402448654174805,[0.1000 0.1000 0.1000 0.1000 0.1000 0.1000 0.1000],[0.0000 0.0000 0.0000 0.0000 0.0000 0.0000 0.0000],0.7864381670951843,0.7107176714461184,1.0,0.0,0.5589355028542428,None
100,0.8513769507408142,0.9350612163543701,1.4055078029632568,1.7402448654174805,[0.1000 0.1000 0.1000 0.1000 0.1000 0.1000 0.1000],[0.0000 0.0000 0.0000 0.0000 0.0000 0.0000 0.0000],0.7864381670951843,0.7107176714461184,1.0,0.0,0.5589355028542428,None
100,0.8513769507408142,0.9350612163543701,1.4055078029632568,1.7402448654174805,[0.1000 0.1000 0.1000 0.1000 0.1000 0.1000 0.1000],[0.0000 0.0000 0.0000 0.0000 0.0000 0.0000 0.0000],0.7864381670951843,0.7107176714461184,1.0,0.0,0.5589355028542428,None
100,0.8513769507408142,0.9350612163543701,1.4055078029632568,1.7402448654174805,[0.1000 0.1000 0.1000 0.1000 0.1000 0.1000 0.1000],[0.0000 0.0000 0.0000 0.0000 0.0000 0.0000 0.0000],0.7864381670951843,0.7107176714461184,1.0,0.0,0.5589355028542428,None
100,0.8513769507408142,0.9350612163543701,1.4055078029632568,1.7402448654174805,[0.1000 0.1000 0.1000 0.1000 0.1000 0.1000 0.1000],[0.0000 0.0000 0.0000 0.0000 0.0000 0.0000 0.0000],0.7864381670951843,0.7107176714461184,1.0,0.0,0.5589355028542428,None
100,0.8513769507408142,0.9350612163543701,1.4055078029632568,1.7402448654174805,[0.1000 0.1000 0.1000 0.1000 0.1000 0.1000 0.1000],[0.0000 0.0000 0.0000 0.0000 0.0000 0.0000 0.0000],0.7864381670951843,0.7107176714461184,1.0,0.0,0.5589355028542428,None
100,0.8513769507408142,0.9350612163543701,1.4055078029632568,1.7402448654174805,[0.1000 0.1000 0.1000 0.1000 0.1000 0.1000 0.1000],[0.0000 0.0000 0.0000 0.0000 0.0000 0.0000 0.0000],0.7864381670951843,0.7107176714461184,1.0,0.0,0.5589355028542428,None
100,0.8513769507408142,0.9350612163543701,1.4055078029632568,1.7402448654174805,[0.1000 0.1000 0.1000 0.1000 0.1000 0.1000 0.1000],[0.0000 0.0000 0.0000 0.0000 0.0000 0.0000 0.0000],0.7864381670951843,0.7107176714461184,1.0,0.0,0.5589355028542428,None
100,0.8513769507408142,0.9350612163543701,1.4055078029632568,1.7402448654174805,[0.1000 0.1000 0.1000 0.1000 0.1000 0.1000 0.1000],[0.0000 0.0000 0.0000 0.0000 0.0000 0.0000 0.0000],0.7864381670951843,0.7107176714461184,1.0,0.0,0.5589355028542428,None
100,0.8513769507408142,0.9350612163543701,1.4055078029632568,1.7402448654174805,[0.1000 0.1000 0.1000 0.1000 0.1000 0.1000 0.1000],[0.0000 0.0000 0.0000 0.0000 0.0000 0.0000 0.0000],0.7864381670951843,0.7107176714461184,1.0,0.0,0.5589355028542428,None
100,0.8513769507408142,0.9350612163543701,1.4055078029632568,1.7402448654174805,[0.1000 0.1000 0.1000 0.1000 0.1000 0.1000 0.1000],[0.0000 0.0000 0.0000 0.0000 0.0000 0.0000 0.0000],0.7864381670951843,0.7107176714461184,1.0,0.0,0.5589355028542428,None
100,0.8513769507408142,0.9350612163543701,1.4055078029632568,1.7402448654174805,[0.1000 0.1000 0.1000 0.1000 0.1000 0.1000 0.1000],[0.0000 0.0000 0.0000 0.0000 0.0000 0.0000 0.0000],0.7864381670951843,0.7107176714461184,1.0,0.0,0.5589355028542428,None
100,0.8513769507408142,0.9350612163543701,1.4055078029632568,1.7402448654174805,[0.1000 0.1000 0.1000 0.1000 0.1000 0.1000 0.1000],[0.0000 0.0000 0.0000 0.0000 0.0000 0.0000 0.0000],0.7864381670951843,0.7107176714461184,1.0,0.0,0.5589355028542428,None
100,0.8513769507408142,0.9350612163543701,1.4055078029632568,1.7402448654174805,[0.1000 0.1000 0.1000 0.1000 0.1000 0.1000 0.1000],[0.0000 0.0000 0.0000 0.0000 0.0000 0.0000 0.0000],0.7864381670951843,0.7107176714461184,1.0,0.0,0.5589355028542428,None
100,0.8513769507408142,0.9350612163543701,1.4055078029632568,1.7402448654174805,[0.1000 0.1000 0.1000 0.1000 0.1000 0.1000 0.1000],[0.0000 0.0000 0.0000 0.0000 0.0000 0.0000 0.0000],0.7864381670951843,0.7107176714461184,1.0,0.0,0.5589355028542428,None
100,0.8513769507408142,0.9350612163543701,1.4055078029632568,1.7402448654174805,[0.1000 0.1000 0.1000 0.1000 0.1000 0.1000 0.1000],[0.0000 0.0000 0.0000 0.0000 0.0000 0.0000 0.0000],0.7864381670951843,0.7107176714461184,1.0,0.0,0.5589355028542428,None
100,0.8513769507408142,0.9350612163543701,1.4055078029632568,1.7402448654174805,[0.1000 0.1000 0.1000 0.1000 0.1000 0.1000 0.1000],[0.0000 0.0000 0.0000 0.0000 0.0000 0.0000 0.0000],0.7864381670951843,0.7107176714461184,1.0,0.0,0.5589355028542428,None
100,0.8513769507408142,0.9350612163543701,1.4055078029632568,1.7402448654174805,[0.1000 0.1000 0.1000 0.1000 0.1000 0.1000 0.1000],[0.0000 0.0000 0.0000 0.0000 0.0000 0.0000 0.0000],0.7864381670951843,0.7107176714461184,1.0,0.0,0.5589355028542428,None
100,0.8513769507408142,0.9350612163543701,1.4055078029632568,1.7402448654174805,[0.1000 0.1000 0.1000 0.1000 0.1000 0.1000 0.1000],[0.0000 0.0000 0.0000 0.0000 0.0000 0.0000 0.0000],0.7864381670951843,0.7107176714461184,1.0,0.0,0.5589355028542428,None
100,0.8513769507408142,0.9350612163543701,1.4055078029632568,1.7402448654174805,[0.1000 0.1000 0.1000 0.1000 0.1000 0.1000 0.1000],[0.0000 0.0000 0.0000 0.0000 0.0000 0.0000 0.0000],0.7864381670951843,0.7107176714461184,1.0,0.0,0.5589355028542428,None
100,0.8513769507408142,0.9350612163543701,1.4055078029632568,1.7402448654174805,[0.1000 0.1000 0.1000 0.1000 0.1000 0.1000 0.1000],[0.0000 0.0000 0.0000 0.0000 0.0000 0.0000 0.0000],0.7864381670951843,0.7107176714461184,1.0,0.0,0.5589355028542428,None
100,0.8513769507408142,0.9350612163543701,1.4055078029632568,1.7402448654174805,[0.1000 0.1000 0.1000 0.1000 0.1000 0.1000 0.1000],[0.0000 0.0000 0.0000 0.0000 0.0000 0.0000 0.0000],0.7864381670951843,0.7107176714461184,1.0,0.0,0.5589355028542428,None
100,0.8513769507408142,0.9350612163543701,1.4055078029632568,1.7402448654174805,[0.1000 0.1000 0.1000 0.1000 0.1000 0.1000 0.1000],[0.0000 0.0000 0.0000 0.0000 0.0000 0.0000 0.0000],0.7864381670951843,0.7107176714461184,1.0,0.0,0.5589355028542428,None
100,0.8513769507408142,0.9350612163543701,1.4055078029632568,1.7402448654174805,[0.1000 0.1000 0.1000 0.1000 0.1000 0.1000 0.1000],[0.0000 0.0000 0.0000 0.0000 0.0000 0.0000 0.0000],0.7864381670951843,0.7107176714461184,1.0,0.0,0.5589355028542428,None
100,0.8513769507408142,0.9350612163543701,1.4055078029632568,1.7402448654174805,[0.1000 0.1000 0.1000 0.1000 0.1000 0.1000 0.1000],[0.0000 0.0000 0.0000 0.0000 0.0000 0.0000 0.0000],0.7864381670951843,0.7107176714461184,1.0,0.0,0.5589355028542428,None
100,0.8513769507408142,0.9350612163543701,1.4055078029632568,1.7402448654174805,[0.1000 0.1000 0.1000 0.1000 0.1000 0.1000 0.1000],[0.0000 0.0000 0.0000 0.0000 0.0000 0.0000 0.0000],0.7864381670951843,0.7107176714461184,1.0,0.0,0.5589355028542428,None
100,0.8513769507408142,0.9350612163543701,1.4055078029632568,1.7402448654174805,[0.1000 0.1000 0.1000 0.1000 0.1000 0.1000 0.1000],[0.0000 0.0000 0.0000 0.0000 0.0000 0.0000 0.0000],0.7864381670951843,0.7107176714461184,1.0,0.0,0.5589355028542428,None
100,0.8513769507408142,0.9350612163543701,1.4055078029632568,1.7402448654174805,[0.1000 0.1000 0.1000 0.1000 0.1000 0.1000 0.1000],[0.0000 0.0000 0.0000 0.0000 0.0000 0.0000 0.0000],0.7864381670951843,0.7107176714461184,1.0,0.0,0.5589355028542428,None
100,0.8513769507408142,0.9350612163543701,1.4055078029632568,1.7402448654174805,[0.1000 0.1000 0.1000 0.1000 0.1000 0.1000 0.1000],[0.0000 0.0000 0.0000 0.0000 0.0000 0.0000 0.0000],0.7864381670951843,0.7107176714461184,1.0,0.0,0.5589355028542428,None
100,0.8513769507408142,0.9350612163543701,1.4055078029632568,1.7402448654174805,[0.1000 0.1000 0.1000 0.1000 0.1000 0.1000 0.1000],[0.0000 0.0000 0.0000 0.0000 0.0000 0.0000 0.0000],0.7864381670951843,0.7107176714461184,1.0,0.0,0.5589355028542428,None
100,0.8513769507408142,0.9350612163543701,1.4055078029632568,1.7402448654174805,[0.1000 0.1000 0.1000 0.1000 0.1000 0.1000 0.1000],[0.0000 0.0000 0.0000 0.0000 0.0000 0.0000 0.0000],0.7864381670951843,0.7107176714461184,1.0,0.0,0.5589355028542428,None
100,0.8513769507408142,0.9350612163543701,1.4055078029632568,1.7402448654174805,[0.1000 0.1000 0.1000 0.1000 0.1000 0.1000 0.1000],[0.0000 0.0000 0.0000 0.0000 0.0000 0.0000 0.0000],0.7864381670951843,0.7107176714461184,1.0,0.0,0.5589355028542428,None
100,0.8513769507408142,0.9350612163543701,1.4055078029632568,1.7402448654174805,[0.1000 0.1000 0.1000 0.1000 0.1000 0.1000 0.1000],[0.0000 0.0000 0.0000 0.0000 0.0000 0.0000 0.0000],0.7864381670951843,0.7107176714461184,1.0,0.0,0.5589355028542428,None
100,0.8513769507408142,0.9350612163543701,1.4055078029632568,1.7402448654174805,[0.1000 0.1000 0.1000 0.1000 0.1000 0.1000 0.1000],[0.0000 0.0000 0.0000 0.0000 0.0000 0.0000 0.0000],0.7864381670951843,0.7107176714461184,1.0,0.0,0.5589355028542428,None
100,0.8513769507408142,0.9350612163543701,1.4055078029632568,1.7402448654174805,[0.1000 0.1000 0.1000 0.1000 0.1000 0.1000 0.1000],[0.0000 0.0000 0.0000 0.0000 0.0000 0.0000 0.0000],0.7864381670951843,0.7107176714461184,1.0,0.0,0.5589355028542428,None
100,0.8513769507408142,0.9350612163543701,1.4055078029632568,1.7402448654174805,[0.1000 0.1000 0.1000 0.1000 0.1000 0.1000 0.1000],[0.0000 0.0000 0.0000 0.0000 0.0000 0.0000 0.0000],0.7864381670951843,0.7107176714461184,1.0,0.0,0.5589355028542428,None
100,0.8513769507408142,0.9350612163543701,1.4055078029632568,1.7402448654174805,[0.1000 0.1000 0.1000 0.1000 0.1000 0.1000 0.1000],[0.0000 0.0000 0.0000 0.0000 0.0000 0.0000 0.0000],0.7864381670951843,0.7107176714461184,1.0,0.0,0.5589355028542428,None
100,0.8513769507408142,0.9350612163543701,1.4055078029632568,1.7402448654174805,[0.1000 0.1000 0.1000 0.1000 0.1000 0.1000 0.1000],[0.0000 0.0000 0.0000 0.0000 0.0000 0.0000 0.0000],0.7864381670951843,0.7107176714461184,1.0,0.0,0.5589355028542428,None
100,0.8513769507408142,0.9350612163543701,1.4055078029632568,1.7402448654174805,[0.1000 0.1000 0.1000 0.1000 0.1000 0.1000 0.1000],[0.0000 0.0000 0.0000 0.0000 0.0000 0.0000 0.0000],0.7864381670951843,0.7107176714461184,1.0,0.0,0.5589355028542428,None
100,0.8513769507408142,0.9350612163543701,1.4055078029632568,1.7402448654174805,[0.1000 0.1000 0.1000 0.1000 0.1000 0.1000 0.1000],[0.0000 0.0000 0.0000 0.0000 0.0000 0.0000 0.0000],0.7864381670951843,0.7107176714461184,1.0,0.0,0.5589355028542428,None
100,0.8513769507408142,0.9350612163543701,1.4055078029632568,1.7402448654174805,[0.1000 0.1000 0.1000 0.1000 0.1000 0.1000 0.1000],[0.0000 0.0000 0.0000 0.0000 0.0000 0.0000 0.0000],0.7864381670951843,0.7107176714461184,1.0,0.0,0.5589355028542428,None
100,0.8513769507408142,0.9350612163543701,1.4055078029632568,1.7402448654174805,[0.1000 0.1000 0.1000 0.1000 0.1000 0.1000 0.1000],[0.0000 0.0000 0.0000 0.0000 0.0000 0.0000 0.0000],0.7864381670951843,0.7107176714461184,1.0,0.0,0.5589355028542428,None
100,0.8513769507408142,0.9350612163543701,1.4055078029632568,1.7402448654174805,[0.1000 0.1000 0.1000 0.1000 0.1000 0.1000 0.1000],[0.0000 0.0000 0.0000 0.0000 0.0000 0.0000 0.0000],0.7864381670951843,0.7107176714461184,1.0,0.0,0.5589355028542428,None
100,0.8513769507408142,0.9350612163543701,1.4055078029632568,1.7402448654174805,[0.1000 0.1000 0.1000 0.1000 0.1000 0.1000 0.1000],[0.0000 0.0000 0.0000 0.0000 0.0000 0.0000 0.0000],0.7864381670951843,0.7107176714461184,1.0,0.0,0.5589355028542428,None
100,0.8513769507408142,0.9350612163543701,1.4055078029632568,1.7402448654174805,[0.1000 0.1000 0.1000 0.1000 0.1000 0.1000 0.1000],[0.0000 0.0000 0.0000 0.0000 0.0000 0.0000 0.0000],0.7864381670951843,0.7107176714461184,1.0,0.0,0.5589355028542428,None
100,0.8513769507408142,0.9350612163543701,1.4055078029632568,1.7402448654174805,[0.1000 0.1000 0.1000 0.1000 0.1000 0.1000 0.1000],[0.0000 0.0000 0.0000 0.0000 0.0000 0.0000 0.0000],0.7864381670951843,0.7107176714461184,1.0,0.0,0.5589355028542428,None
100,0.8513769507408142,0.9350612163543701,1.4055078029632568,1.7402448654174805,[0.1000 0.1000 0.1000 0.1000 0.1000 0.1000 0.1000],[0.0000 0.0000 0.0000 0.0000 0.0000 0.0000 0.0000],0.7864381670951843,0.7107176714461184,1.0,0.0,0.5589355028542428,None
100,0.8513769507408142,0.9350612163543701,1.4055078029632568,1.7402448654174805,[0.1000 0.1000 0.1000 0.1000 0.1000 0.1000 0.1000],[0.0000 0.0000 0.0000 0.0000 0.0000 0.0000 0.0000],0.7864381670951843,0.7107176714461184,1.0,0.0,0.5589355028542428,None
100,0.8513769507408142,0.9350612163543701,1.4055078029632568,1.7402448654174805,[0.1000 0.1000 0.1000 0.1000 0.1000 0.1000 0.1000],[0.0000 0.0000 0.0000 0.0000 0.0000 0.0000 0.0000],0.7864381670951843,0.7107176714461184,1.0,0.0,0.5589355028542428,None
100,0.8513769507408142,0.9350612163543701,1.4055078029632568,1.7402448654174805,[0.1000 0.1000 0.1000 0.1000 0.1000 0.1000 0.1000],[0.0000 0.0000 0.0000 0.0000 0.0000 0.0000 0.0000],0.7864381670951843,0.7107176714461184,1.0,0.0,0.5589355028542428,None
100,0.8513769507408142,0.9350612163543701,1.4055078029632568,1.7402448654174805,[0.1000 0.1000 0.1000 0.1000 0.1000 0.1000 0.1000],[0.0000 0.0000 0.0000 0.0000 0.0000 0.0000 0.0000],0.7864381670951843,0.7107176714461184,1.0,0.0,0.5589355028542428,None
100,0.8513769507408142,0.9350612163543701,1.4055078029632568,1.7402448654174805,[0.1000 0.1000 0.1000 0.1000 0.1000 0.1000 0.1000],[0.0000 0.0000 0.0000 0.0000 0.0000 0.0000 0.0000],0.7864381670951843,0.7107176714461184,1.0,0.0,0.5589355028542428,None
100,0.8513769507408142,0.9350612163543701,1.4055078029632568,1.7402448654174805,[0.1000 0.1000 0.1000 0.1000 0.1000 0.1000 0.1000],[0.0000 0.0000 0.0000 0.0000 0.0000 0.0000 0.0000],0.7864381670951843,0.7107176714461184,1.0,0.0,0.5589355028542428,None
100,0.8513769507408142,0.9350612163543701,1.4055078029632568,1.7402448654174805,[0.1000 0.1000 0.1000 0.1000 0.1000 0.1000 0.1000],[0.0000 0.0000 0.0000 0.0000 0.0000 0.0000 0.0000],0.7864381670951843,0.7107176714461184,1.0,0.0,0.5589355028542428,None
100,0.8513769507408142,0.9350612163543701,1.4055078029632568,1.7402448654174805,[0.1000 0.1000 0.1000 0.1000 0.1000 0.1000 0.1000],[0.0000 0.0000 0.0000 0.0000 0.0000 0.0000 0.0000],0.7864381670951843,0.7107176714461184,1.0,0.0,0.5589355028542428,None
100,0.8513769507408142,0.9350612163543701,1.4055078029632568,1.7402448654174805,[0.1000 0.1000 0.1000 0.1000 0.1000 0.1000 0.1000],[0.0000 0.0000 0.0000 0.0000 0.0000 0.0000 0.0000],0.7864381670951843,0.7107176714461184,1.0,0.0,0.5589355028542428,None
100,0.8513769507408142,0.9350612163543701,1.4055078029632568,1.7402448654174805,[0.1000 0.1000 0.1000 0.1000 0.1000 0.1000 0.1000],[0.0000 0.0000 0.0000 0.0000 0.0000 0.0000 0.0000],0.7864381670951843,0.7107176714461184,1.0,0.0,0.5589355028542428,None
100,0.8513769507408142,0.9350612163543701,1.4055078029632568,1.7402448654174805,[0.1000 0.1000 0.1000 0.1000 0.1000 0.1000 0.1000],[0.0000 0.0000 0.0000 0.0000 0.0000 0.0000 0.0000],0.7864381670951843,0.7107176714461184,1.0,0.0,0.5589355028542428,None
100,0.8513769507408142,0.9350612163543701,1.4055078029632568,1.7402448654174805,[0.1000 0.1000 0.1000 0.1000 0.1000 0.1000 0.1000],[0.0000 0.0000 0.0000 0.0000 0.0000 0.0000 0.0000],0.7864381670951843,0.7107176714461184,1.0,0.0,0.5589355028542428,None
100,0.8513769507408142,0.9350612163543701,1.4055078029632568,1.7402448654174805,[0.1000 0.1000 0.1000 0.1000 0.1000 0.1000 0.1000],[0.0000 0.0000 0.0000 0.0000 0.0000 0.0000 0.0000],0.7864381670951843,0.7107176714461184,1.0,0.0,0.5589355028542428,None
100,0.8513769507408142,0.9350612163543701,1.4055078029632568,1.7402448654174805,[0.1000 0.1000 0.1000 0.1000 0.1000 0.1000 0.1000],[0.0000 0.0000 0.0000 0.0000 0.0000 0.0000 0.0000],0.7864381670951843,0.7107176714461184,1.0,0.0,0.5589355028542428,None
100,0.8513769507408142,0.9350612163543701,1.4055078029632568,1.7402448654174805,[0.1000 0.1000 0.1000 0.1000 0.1000 0.1000 0.1000],[0.0000 0.0000 0.0000 0.0000 0.0000 0.0000 0.0000],0.7864381670951843,0.7107176714461184,1.0,0.0,0.5589355028542428,None
100,0.8513769507408142,0.9350612163543701,1.4055078029632568,1.7402448654174805,[0.1000 0.1000 0.1000 0.1000 0.1000 0.1000 0.1000],[0.0000 0.0000 0.0000 0.0000 0.0000 0.0000 0.0000],0.7864381670951843,0.7107176714461184,1.0,0.0,0.5589355028542428,None
100,0.8513769507408142,0.9350612163543701,1.4055078029632568,1.7402448654174805,[0.1000 0.1000 0.1000 0.1000 0.1000 0.1000 0.1000],[0.0000 0.0000 0.0000 0.0000 0.0000 0.0000 0.0000],0.7864381670951843,0.7107176714461184,1.0,0.0,0.5589355028542428,None
100,0.8513769507408142,0.9350612163543701,1.4055078029632568,1.7402448654174805,[0.1000 0.1000 0.1000 0.1000 0.1000 0.1000 0.1000],[0.0000 0.0000 0.0000 0.0000 0.0000 0.0000 0.0000],0.7864381670951843,0.7107176714461184,1.0,0.0,0.5589355028542428,None
100,0.8513769507408142,0.9350612163543701,1.4055078029632568,1.7402448654174805,[0.1000 0.1000 0.1000 0.1000 0.1000 0.1000 0.1000],[0.0000 0.0000 0.0000 0.0000 0.0000 0.0000 0.0000],0.7864381670951843,0.7107176714461184,1.0,0.0,0.5589355028542428,None
100,0.8513769507408142,0.9350612163543701,1.4055078029632568,1.7402448654174805,[0.1000 0.1000 0.1000 0.1000 0.1000 0.1000 0.1000],[0.0000 0.0000 0.0000 0.0000 0.0000 0.0000 0.0000],0.7864381670951843,0.7107176714461184,1.0,0.0,0.5589355028542428,None
100,0.8513769507408142,0.9350612163543701,1.4055078029632568,1.7402448654174805,[0.1000 0.1000 0.1000 0.1000 0.1000 0.1000 0.1000],[0.0000 0.0000 0.0000 0.0000 0.0000 0.0000 0.0000],0.7864381670951843,0.7107176714461184,1.0,0.0,0.5589355028542428,None
100,0.8513769507408142,0.9350612163543701,1.4055078029632568,1.7402448654174805,[0.1000 0.1000 0.1000 0.1000 0.1000 0.1000 0.1000],[0.0000 0.0000 0.0000 0.0000 0.0000 0.0000 0.0000],0.7864381670951843,0.7107176714461184,1.0,0.0,0.5589355028542428,None
100,0.8513769507408142,0.9350612163543701,1.4055078029632568,1.7402448654174805,[0.1000 0.1000 0.1000 0.1000 0.1000 0.1000 0.1000],[0.0000 0.0000 0.0000 0.0000 0.0000 0.0000 0.0000],0.7864381670951843,0.7107176714461184,1.0,0.0,0.5589355028542428,None
100,0.8513769507408142,0.9350612163543701,1.4055078029632568,1.7402448654174805,[0.1000 0.1000 0.1000 0.1000 0.1000 0.1000 0.1000],[0.0000 0.0000 0.0000 0.0000 0.0000 0.0000 0.0000],0.7864381670951843,0.7107176714461184,1.0,0.0,0.5589355028542428,None
100,0.8513769507408142,0.9350612163543701,1.4055078029632568,1.7402448654174805,[0.1000 0.1000 0.1000 0.1000 0.1000 0.1000 0.1000],[0.0000 0.0000 0.0000 0.0000 0.0000 0.0000 0.0000],0.7864381670951843,0.7107176714461184,1.0,0.0,0.5589355028542428,None
100,0.8513769507408142,0.9350612163543701,1.4055078029632568,1.7402448654174805,[0.1000 0.1000 0.1000 0.1000 0.1000 0.1000 0.1000],[0.0000 0.0000 0.0000 0.0000 0.0000 0.0000 0.0000],0.7864381670951843,0.7107176714461184,1.0,0.0,0.5589355028542428,None
100,0.8513769507408142,0.9350612163543701,1.4055078029632568,1.7402448654174805,[0.1000 0.1000 0.1000 0.1000 0.1000 0.1000 0.1000],[0.0000 0.0000 0.0000 0.0000 0.0000 0.0000 0.0000],0.7864381670951843,0.7107176714461184,1.0,0.0,0.5589355028542428,None
100,0.8513769507408142,0.9350612163543701,1.4055078029632568,1.7402448654174805,[0.1000 0.1000 0.1000 0.1000 0.1000 0.1000 0.1000],[0.0000 0.0000 0.0000 0.0000 0.0000 0.0000 0.0000],0.7864381670951843,0.7107176714461184,1.0,0.0,0.5589355028542428,None
100,0.8513769507408142,0.9350612163543701,1.4055078029632568,1.7402448654174805,[0.1000 0.1000 0.1000 0.1000 0.1000 0.1000 0.1000],[0.0000 0.0000 0.0000 0.0000 0.0000 0.0000 0.0000],0.7864381670951843,0.7107176714461184,1.0,0.0,0.5589355028542428,None
100,0.8513769507408142,0.9350612163543701,1.4055078029632568,1.7402448654174805,[0.1000 0.1000 0.1000 0.1000 0.1000 0.1000 0.1000],[0.0000 0.0000 0.0000 0.0000 0.0000 0.0000 0.0000],0.7864381670951843,0.7107176714461184,1.0,0.0,0.5589355028542428,None
100,0.8513769507408142,0.9350612163543701,1.4055078029632568,1.7402448654174805,[0.1000 0.1000 0.1000 0.1000 0.1000 0.1000 0.1000],[0.0000 0.0000 0.0000 0.0000 0.0000 0.0000 0.0000],0.7864381670951843,0.7107176714461184,1.0,0.0,0.5589355028542428,None
100,0.8513769507408142,0.9350612163543701,1.4055078029632568,1.7402448654174805,[0.1000 0.1000 0.1000 0.1000 0.1000 0.1000 0.1000],[0.0000 0.0000 0.0000 0.0000 0.0000 0.0000 0.0000],0.7864381670951843,0.7107176714461184,1.0,0.0,0.5589355028542428,None
100,0.8513769507408142,0.9350612163543701,1.4055078029632568,1.7402448654174805,[0.1000 0.1000 0.1000 0.1000 0.1000 0.1000 0.1000],[0.0000 0.0000 0.0000 0.0000 0.0000 0.0000 0.0000],0.7864381670951843,0.7107176714461184,1.0,0.0,0.5589355028542428,None
100,0.8513769507408142,0.9350612163543701,1.4055078029632568,1.7402448654174805,[0.1000 0.1000 0.1000 0.1000 0.1000 0.1000 0.1000],[0.0000 0.0000 0.0000 0.0000 0.0000 0.0000 0.0000],0.7864381670951843,0.7107176714461184,1.0,0.0,0.5589355028542428,None
100,0.8513769507408142,0.9350612163543701,1.4055078029632568,1.7402448654174805,[0.1000 0.1000 0.1000 0.1000 0.1000 0.1000 0.1000],[0.0000 0.0000 0.0000 0.0000 0.0000 0.0000 0.0000],0.7864381670951843,0.7107176714461184,1.0,0.0,0.5589355028542428,None
100,0.8513769507408142,0.9350612163543701,1.4055078029632568,1.7402448654174805,[0.1000 0.1000 0.1000 0.1000 0.1000 0.1000 0.1000],[0.0000 0.0000 0.0000 0.0000 0.0000 0.0000 0.0000],0.7864381670951843,0.7107176714461184,1.0,0.0,0.5589355028542428,None
100,0.8513769507408142,0.9350612163543701,1.4055078029632568,1.7402448654174805,[0.1000 0.1000 0.1000 0.1000 0.1000 0.1000 0.1000],[0.0000 0.0000 0.0000 0.0000 0.0000 0.0000 0.0000],0.7864381670951843,0.7107176714461184,1.0,0.0,0.5589355028542428,None
100,0.8513769507408142,0.9350612163543701,1.4055078029632568,1.7402448654174805,[0.1000 0.1000 0.1000 0.1000 0.1000 0.1000 0.1000],[0.0000 0.0000 0.0000 0.0000 0.0000 0.0000 0.0000],0.7864381670951843,0.7107176714461184,1.0,0.0,0.5589355028542428,None
100,0.8513769507408142,0.9350612163543701,1.4055078029632568,1.7402448654174805,[0.1000 0.1000 0.1000 0.1000 0.1000 0.1000 0.1000],[0.0000 0.0000 0.0000 0.0000 0.0000 0.0000 0.0000],0.7864381670951843,0.7107176714461184,1.0,0.0,0.5589355028542428,None
100,0.8513769507408142,0.9350612163543701,1.4055078029632568,1.7402448654174805,[0.1000 0.1000 0.1000 0.1000 0.1000 0.1000 0.1000],[0.0000 0.0000 0.0000 0.0000 0.0000 0.0000 0.0000],0.7864381670951843,0.7107176714461184,1.0,0.0,0.5589355028542428,None
100,0.8513769507408142,0.9350612163543701,1.4055078029632568,1.7402448654174805,[0.1000 0.1000 0.1000 0.1000 0.1000 0.1000 0.1000],[0.0000 0.0000 0.0000 0.0000 0.0000 0.0000 0.0000],0.7864381670951843,0.7107176714461184,1.0,0.0,0.5589355028542428,None
100,0.8513769507408142,0.9350612163543701,1.4055078029632568,1.7402448654174805,[0.1000 0.1000 0.1000 0.1000 0.1000 0.1000 0.1000],[0.0000 0.0000 0.0000 0.0000 0.0000 0.0000 0.0000],0.7864381670951843,0.7107176714461184,1.0,0.0,0.5589355028542428,None
100,0.8513769507408142,0.9350612163543701,1.4055078029632568,1.7402448654174805,[0.1000 0.1000 0.1000 0.1000 0.1000 0.1000 0.1000],[0.0000 0.0000 0.0000 0.0000 0.0000 0.0000 0.0000],0.7864381670951843,0.7107176714461184,1.0,0.0,0.5589355028542428,None
100,0.8513769507408142,0.9350612163543701,1.4055078029632568,1.7402448654174805,[0.1000 0.1000 0.1000 0.1000 0.1000 0.1000 0.1000],[0.0000 0.0000 0.0000 0.0000 0.0000 0.0000 0.0000],0.7864381670951843,0.7107176714461184,1.0,0.0,0.5589355028542428,None
100,0.8513769507408142,0.9350612163543701,1.4055078029632568,1.7402448654174805,[0.1000 0.1000 0.1000 0.1000 0.1000 0.1000 0.1000],[0.0000 0.0000 0.0000 0.0000 0.0000 0.0000 0.0000],0.7864381670951843,0.7107176714461184,1.0,0.0,0.5589355028542428,None
100,0.8513769507408142,0.9350612163543701,1.4055078029632568,1.7402448654174805,[0.1000 0.1000 0.1000 0.1000 0.1000 0.1000 0.1000],[0.0000 0.0000 0.0000 0.0000 0.0000 0.0000 0.0000],0.7864381670951843,0.7107176714461184,1.0,0.0,0.5589355028542428,None
100,0.8513769507408142,0.9350612163543701,1.4055078029632568,1.7402448654174805,[0.1000 0.1000 0.1000 0.1000 0.1000 0.1000 0.1000],[0.0000 0.0000 0.0000 0.0000 0.0000 0.0000 0.0000],0.7864381670951843,0.7107176714461184,1.0,0.0,0.5589355028542428,None
100,0.8513769507408142,0.9350612163543701,1.4055078029632568,1.7402448654174805,[0.1000 0.1000 0.1000 0.1000 0.1000 0.1000 0.1000],[0.0000 0.0000 0.0000 0.0000 0.0000 0.0000 0.0000],0.7864381670951843,0.7107176714461184,1.0,0.0,0.5589355028542428,None
100,0.8513769507408142,0.9350612163543701,1.4055078029632568,1.7402448654174805,[0.1000 0.1000 0.1000 0.1000 0.1000 0.1000 0.1000],[0.0000 0.0000 0.0000 0.0000 0.0000 0.0000 0.0000],0.7864381670951843,0.7107176714461184,1.0,0.0,0.5589355028542428,None
100,0.8513769507408142,0.9350612163543701,1.4055078029632568,1.7402448654174805,[0.1000 0.1000 0.1000 0.1000 0.1000 0.1000 0.1000],[0.0000 0.0000 0.0000 0.0000 0.0000 0.0000 0.0000],0.7864381670951843,0.7107176714461184,1.0,0.0,0.5589355028542428,None
100,0.8513769507408142,0.9350612163543701,1.4055078029632568,1.7402448654174805,[0.1000 0.1000 0.1000 0.1000 0.1000 0.1000 0.1000],[0.0000 0.0000 0.0000 0.0000 0.0000 0.0000 0.0000],0.7864381670951843,0.7107176714461184,1.0,0.0,0.5589355028542428,None
100,0.8513769507408142,0.9350612163543701,1.4055078029632568,1.7402448654174805,[0.1000 0.1000 0.1000 0.1000 0.1000 0.1000 0.1000],[0.0000 0.0000 0.0000 0.0000 0.0000 0.0000 0.0000],0.7864381670951843,0.7107176714461184,1.0,0.0,0.5589355028542428,None
100,0.8513769507408142,0.9350612163543701,1.4055078029632568,1.7402448654174805,[0.1000 0.1000 0.1000 0.1000 0.1000 0.1000 0.1000],[0.0000 0.0000 0.0000 0.0000 0.0000 0.0000 0.0000],0.7864381670951843,0.7107176714461184,1.0,0.0,0.5589355028542428,None
100,0.8513769507408142,0.9350612163543701,1.4055078029632568,1.7402448654174805,[0.1000 0.1000 0.1000 0.1000 0.1000 0.1000 0.1000],[0.0000 0.0000 0.0000 0.0000 0.0000 0.0000 0.0000],0.7864381670951843,0.7107176714461184,1.0,0.0,0.5589355028542428,None
100,0.8513769507408142,0.9350612163543701,1.4055078029632568,1.7402448654174805,[0.1000 0.1000 0.1000 0.1000 0.1000 0.1000 0.1000],[0.0000 0.0000 0.0000 0.0000 0.0000 0.0000 0.0000],0.7864381670951843,0.7107176714461184,1.0,0.0,0.5589355028542428,None
100,0.8513769507408142,0.9350612163543701,1.4055078029632568,1.7402448654174805,[0.1000 0.1000 0.1000 0.1000 0.1000 0.1000 0.1000],[0.0000 0.0000 0.0000 0.0000 0.0000 0.0000 0.0000],0.7864381670951843,0.7107176714461184,1.0,0.0,0.5589355028542428,None
100,0.8513769507408142,0.9350612163543701,1.4055078029632568,1.7402448654174805,[0.1000 0.1000 0.1000 0.1000 0.1000 0.1000 0.1000],[0.0000 0.0000 0.0000 0.0000 0.0000 0.0000 0.0000],0.7864381670951843,0.7107176714461184,1.0,0.0,0.5589355028542428,None
100,0.8513769507408142,0.9350612163543701,1.4055078029632568,1.7402448654174805,[0.1000 0.1000 0.1000 0.1000 0.1000 0.1000 0.1000],[0.0000 0.0000 0.0000 0.0000 0.0000 0.0000 0.0000],0.7864381670951843,0.7107176714461184,1.0,0.0,0.5589355028542428,None
100,0.8513769507408142,0.9350612163543701,1.4055078029632568,1.7402448654174805,[0.1000 0.1000 0.1000 0.1000 0.1000 0.1000 0.1000],[0.0000 0.0000 0.0000 0.0000 0.0000 0.0000 0.0000],0.7864381670951843,0.7107176714461184,1.0,0.0,0.5589355028542428,None
100,0.8513769507408142,0.9350612163543701,1.4055078029632568,1.7402448654174805,[0.1000 0.1000 0.1000 0.1000 0.1000 0.1000 0.1000],[0.0000 0.0000 0.0000 0.0000 0.0000 0.0000 0.0000],0.7864381670951843,0.7107176714461184,1.0,0.0,0.5589355028542428,None
100,0.8493205308914185,0.9341773390769958,1.3972821235656738,1.7367093563079834,[0.1000 0.1000 0.1079 0.1000 0.1000 0.1000 0.1000],[0.0000 0.0000 -0.0792 0.0000 0.0000 0.0000 0.0000],0.7834978699684143,0.7086980807039243,1.0,0.0,0.555263436682228,None
100,0.8494395613670349,0.9342286586761475,1.3977582454681396,1.7369146347045898,[0.1000 0.1000 0.1075 0.1000 0.1000 0.1000 0.1000],[0.0000 0.0000 -0.0747 0.0000 0.0000 0.0000 0.0000],0.7836682200431824,0.7088143250276338,1.0,0.0,0.5554752604355154,None
100,0.8495639562606812,0.934282124042511,1.3982558250427246,1.737128496170044,[0.1000 0.1000 0.1070 0.1000 0.1000 0.1000 0.1000],[0.0000 0.0000 -0.0700 0.0000 0.0000 0.0000 0.0000],0.7838460803031921,0.7089361448378899,1.0,0.0,0.5556968183164361,None
100,0.8496872782707214,0.9343351125717163,1.3987491130828857,1.7373404502868652,[0.1000 0.1000 0.1065 0.1000 0.1000 0.1000 0.1000],[0.0000 0.0000 -0.0653 0.0000 0.0000 0.0000 0.0000],0.7840223908424377,0.7090569913178959,1.0,0.0,0.5559165575766024,None
100,0.8498640656471252,0.9344111680984497,1.399456262588501,1.7376446723937988,[0.1000 0.1000 0.1059 0.1000 0.1000 0.1000 0.1000],[0.0000 0.0000 -0.0586 0.0000 0.0000 0.0000 0.0000],0.784275233745575,0.7092301555330669,1.0,0.0,0.5562316460101066,None
100,0.8499723076820374,0.9344577193260193,1.3998892307281494,1.7378308773040771,[0.1000 0.1000 0.1054 0.1000 0.1000 0.1000 0.1000],[0.0000 0.0000 -0.0545 0.0000 0.0000 0.0000 0.0000],0.7844300270080566,0.7093362567433257,1.0,0.0,0.5564246590349607,None
100,0.8500779271125793,0.9345029592514038,1.4003117084503174,1.7380118370056152,[0.1000 0.1000 0.1050 0.1000 0.1000 0.1000 0.1000],[0.0000 0.0000 -0.0504 0.0000 0.0000 0.0000 0.0000],0.7845808863639832,0.7094401401796449,1.0,0.0,0.5566131740043342,None
100,0.8501854538917542,0.9345492124557495,1.4007418155670166,1.738196849822998,[0.1000 0.1000 0.1046 0.1000 0.1000 0.1000 0.1000],[0.0000 0.0000 -0.0463 0.0000 0.0000 0.0000 0.0000],0.7847346663475037,0.7095455998543052,1.0,0.0,0.5568050295600075,None
100,0.850288450717926,0.9345934391021729,1.401153802871704,1.7383737564086914,[0.1000 0.1000 0.1042 0.1000 0.1000 0.1000 0.1000],[0.0000 0.0000 -0.0424 0.0000 0.0000 0.0000 0.0000],0.7848818898200989,0.7096467868539306,1.0,0.0,0.556988911170674,None
100,0.8504835963249207,0.9346773624420166,1.4019343852996826,1.7387094497680664,[0.1000 0.1000 0.1035 0.1000 0.1000 0.1000 0.1000],[0.0000 0.0000 -0.0348 0.0000 0.0000 0.0000 0.0000],0.7851609587669373,0.7098383793174984,1.0,0.0,0.5573373824744959,None
100,0.8506006002426147,0.934727668762207,1.402402400970459,1.7389106750488281,[0.1000 0.1000 0.1030 0.1000 0.1000 0.1000 0.1000],[0.0000 0.0000 -0.0303 0.0000 0.0000 0.0000 0.0000],0.7853282690048218,0.7099533338933331,1.0,0.0,0.5575464227806536,None
100,0.8506959080696106,0.9347686171531677,1.4027836322784424,1.739074468612671,[0.1000 0.1000 0.1027 0.1000 0.1000 0.1000 0.1000],[0.0000 0.0000 -0.0266 0.0000 0.0000 0.0000 0.0000],0.7854645252227783,0.7100470571220958,1.0,0.0,0.557716774608238,None
100,0.8507716059684753,0.9348011016845703,1.4030864238739014,1.7392044067382812,[0.1000 0.1000 0.1024 0.1000 0.1000 0.1000 0.1000],[0.0000 0.0000 -0.0237 0.0000 0.0000 0.0000 0.0000],0.7855727076530457,0.7101215845977922,1.0,0.0,0.5578521359753589,None
100,0.8509392142295837,0.934873104095459,1.403756856918335,1.739492416381836,[0.1000 0.1000 0.1017 0.1000 0.1000 0.1000 0.1000],[0.0000 0.0000 -0.0172 0.0000 0.0000 0.0000 0.0000],0.7858123183250427,0.7102865383419762,1.0,0.0,0.5581519113695776,None
100,0.8510389924049377,0.9349160194396973,1.404155969619751,1.739664077758789,[0.1000 0.1000 0.1013 0.1000 0.1000 0.1000 0.1000],[0.0000 0.0000 -0.0133 0.0000 0.0000 0.0000 0.0000],0.785955011844635,0.7103846912976465,1.0,0.0,0.5583304084630891,None
100,0.8511586785316467,0.9349673986434937,1.404634714126587,1.7398695945739746,[0.1000 0.1000 0.1009 0.1000 0.1000 0.1000 0.1000],[0.0000 0.0000 -0.0086 0.0000 0.0000 0.0000 0.0000],0.7861260771751404,0.7105026423059324,1.0,0.0,0.5585446550185346,None
100,0.8512763977050781,0.9350179433822632,1.4051055908203125,1.7400717735290527,[0.1000 0.1000 0.1004 0.1000 0.1000 0.1000 0.1000],[0.0000 0.0000 -0.0040 0.0000 0.0000 0.0000 0.0000],0.7862943410873413,0.7106186846439717,1.0,0.0,0.5587554504064849,None
100,0.8513989448547363,0.9350705742835999,1.4055957794189453,1.7402822971343994,[0.1000 0.1000 0.0999 0.1000 0.1000 0.1000 0.1000],[0.0000 0.0000 0.0009 0.0000 0.0000 0.0000 0.0000],0.7864695191383362,0.7107395128454916,0.9991329163312912,0.0008670836687088568,0.5584902848386613,None
100,0.8515175580978394,0.9351215362548828,1.4060702323913574,1.7404861450195312,[0.1000 0.1000 0.0994 0.1000 0.1000 0.1000 0.1000],[0.0000 0.0000 0.0056 0.0000 0.0000 0.0000 0.0000],0.7866390943527222,0.7108564748139024,0.9944479167461395,0.005552083253860529,0.5560828380436009,None
100,0.8516281247138977,0.935168981552124,1.4065124988555908,1.740675926208496,[0.1000 0.1000 0.0990 0.1000 0.1000 0.1000 0.1000],[0.0000 0.0000 0.0099 0.0000 0.0000 0.0000 0.0000],0.7867971062660217,0.7109656476502727,0.9900681674480438,0.009931832551956232,0.5538299889801357,None
100,0.8517268300056458,0.9352114200592041,1.406907320022583,1.7408456802368164,[0.1000 0.1000 0.0986 0.1000 0.1000 0.1000 0.1000],[0.0000 0.0000 0.0138 0.0000 0.0000 0.0000 0.0000],0.7869382500648499,0.7110629998536734,0.9861505031585693,0.01384949684143072,0.5518130113213149,None
100,0.8518311381340027,0.9352561831474304,1.4073245525360107,1.7410247325897217,[0.1000 0.1000 0.0982 0.1000 0.1000 0.1000 0.1000],[0.0000 0.0000 0.0180 0.0000 0.0000 0.0000 0.0000],0.7870873212814331,0.7111660597965888,0.9819973260164261,0.01800267398357397,0.549672796027979,None
100,0.8520013689994812,0.935329258441925,1.4080054759979248,1.7413170337677002,[0.1000 0.1000 0.0975 0.1000 0.1000 0.1000 0.1000],[0.0000 0.0000 0.0248 0.0000 0.0000 0.0000 0.0000],0.7873306274414062,0.7113342946547965,0.9751997143030167,0.024800285696983393,0.5461657456670755,None
100,0.8521479964256287,0.9353922605514526,1.4085919857025146,1.7415690422058105,[0.1000 0.1000 0.0969 0.1000 0.1000 0.1000 0.1000],[0.0000 0.0000 0.0307 0.0000 0.0000 0.0000 0.0000],0.7875402569770813,0.7114791790427873,0.9693197160959244,0.030680283904075678,0.543127764978641,None
100,0.8522723913192749,0.9354456663131714,1.4090895652770996,1.7417826652526855,[0.1000 0.1000 0.0964 0.1000 0.1000 0.1000 0.1000],[0.0000 0.0000 0.0357 0.0000 0.0000 0.0000 0.0000],0.7877180576324463,0.7116022278277856,0.964316800236702,0.03568319976329809,0.5405399952362435,None
100,0.8523895740509033,0.935495913028717,1.4095582962036133,1.7419836521148682,[0.1000 0.1000 0.0960 0.1000 0.1000 0.1000 0.1000],[0.0000 0.0000 0.0404 0.0000 0.0000 0.0000 0.0000],0.7878854870796204,0.7117182992664749,0.9595897048711777,0.04041029512882238,0.538092344098832,None
100,0.8525140881538391,0.9355493783950806,1.4100563526153564,1.7421975135803223,[0.1000 0.1000 0.0955 0.1000 0.1000 0.1000 0.1000],[0.0000 0.0000 0.0454 0.0000 0.0000 0.0000 0.0000],0.7880634665489197,0.7118415535833775,0.9545514732599258,0.04544852674007421,0.5354807749635905,None
100,0.85263991355896,0.9356033802032471,1.4105596542358398,1.7424135208129883,[0.1000 0.1000 0.0949 0.1000 0.1000 0.1000 0.1000],[0.0000 0.0000 0.0506 0.0000 0.0000 0.0000 0.0000],0.788243293762207,0.711966205725288,0.949443131685257,0.0505568683147431,0.532829941756989,None
100,0.8527429699897766,0.9356475472450256,1.4109718799591064,1.7425901889801025,[0.1000 0.1000 0.0945 0.1000 0.1000 0.1000 0.1000],[0.0000 0.0000 0.0547 0.0000 0.0000 0.0000 0.0000],0.7883905172348022,0.712068450399667,0.945250615477562,0.054749384522438105,0.5306523656769383,None
100,0.8528535962104797,0.9356951713562012,1.411414384841919,1.7427806854248047,[0.1000 0.1000 0.0941 0.1000 0.1000 0.1000 0.1000],[0.0000 0.0000 0.0593 0.0000 0.0000 0.0000 0.0000],0.7885487675666809,0.7121778758578114,0.9407316148281097,0.059268385171890314,0.5283026324846254,None
100,0.8529730439186096,0.9357463717460632,1.4118921756744385,1.742985486984253,[0.1000 0.1000 0.0936 0.1000 0.1000 0.1000 0.1000],[0.0000 0.0000 0.0642 0.0000 0.0000 0.0000 0.0000],0.7887194156646729,0.7122964584377633,0.9358421713113785,0.06415782868862158,0.5257580470241289,None
100,0.8530837297439575,0.9357938766479492,1.41233491897583,1.7431755065917969,[0.1000 0.1000 0.0931 0.1000 0.1000 0.1000 0.1000],[0.0000 0.0000 0.0687 0.0000 0.0000 0.0000 0.0000],0.7888776063919067,0.7124062815289741,0.9312935173511505,0.06870648264884954,0.5233882253138692,None
100,0.8532511591911316,0.935865581035614,1.4130046367645264,1.743462324142456,[0.1000 0.1000 0.0924 0.1000 0.1000 0.1000 0.1000],[0.0000 0.0000 0.0756 0.0000 0.0000 0.0000 0.0000],0.7891167402267456,0.7125727538237155,0.9243978559970856,0.07560214400291448,0.5197917695887193,None
100,0.8533967137336731,0.9359281659126282,1.4135868549346924,1.7437126636505127,[0.1000 0.1000 0.0918 0.1000 0.1000 0.1000 0.1000],[0.0000 0.0000 0.0816 0.0000 0.0000 0.0000 0.0000],0.7893248796463013,0.7127171216745505,0.918375700712204,0.08162429928779608,0.5166463532770563,None
100,0.8535569906234741,0.9359968900680542,1.4142279624938965,1.7439875602722168,[0.1000 0.1000 0.0912 0.1000 0.1000 0.1000 0.1000],[0.0000 0.0000 0.0883 0.0000 0.0000 0.0000 0.0000],0.7895538806915283,0.7128765083721291,0.9117170423269272,0.08828295767307287,0.5131639612636436,None
100,0.8537079095840454,0.9360616207122803,1.4148316383361816,1.744246482849121,[0.1000 0.1000 0.0905 0.1000 0.1000 0.1000 0.1000],[0.0000 0.0000 0.0946 0.0000 0.0000 0.0000 0.0000],0.7897695302963257,0.7130266369012015,0.9054217487573624,0.09457825124263769,0.5098671724544506,None
100,0.8539358377456665,0.9361594319343567,1.415743350982666,1.7446377277374268,[0.1000 0.1000 0.0896 0.1000 0.1000 0.1000 0.1000],[0.0000 0.0000 0.1041 0.0000 0.0000 0.0000 0.0000],0.7900952696800232,0.713253432123957,0.8958647400140762,0.10413525998592382,0.5048539697085768,None
100,0.8540399074554443,0.9362040162086487,1.4161596298217773,1.7448160648345947,[0.1000 0.1000 0.0891 0.1000 0.1000 0.1000 0.1000],[0.0000 0.0000 0.1085 0.0000 0.0000 0.0000 0.0000],0.790243923664093,0.7133571756467566,0.891483873128891,0.10851612687110906,0.5025527924976008,None
100,0.8541797399520874,0.9362639784812927,1.4167189598083496,1.745055913925171,[0.1000 0.1000 0.0886 0.1000 0.1000 0.1000 0.1000],[0.0000 0.0000 0.1144 0.0000 0.0000 0.0000 0.0000],0.7904437184333801,0.7134965296384609,0.8855737000703812,0.11442629992961889,0.49944483693533775,None
100,0.8543251156806946,0.936326265335083,1.4173004627227783,1.745305061340332,[0.1000 0.1000 0.0879 0.1000 0.1000 0.1000 0.1000],[0.0000 0.0000 0.1206 0.0000 0.0000 0.0000 0.0000],0.7906513810157776,0.7136415713578725,0.8794090151786804,0.12059098482131964,0.49619923239437014,None
100,0.854455828666687,0.9363822937011719,1.417823314666748,1.7455291748046875,[0.1000 0.1000 0.0874 0.1000 0.1000 0.1000 0.1000],[0.0000 0.0000 0.1262 0.0000 0.0000 0.0000 0.0000],0.7908381223678589,0.7137720051523875,0.873844102025032,0.126155897974968,0.4932658692022907,None
100,0.8546217083930969,0.9364534020423889,1.4184868335723877,1.7458136081695557,[0.1000 0.1000 0.0867 0.1000 0.1000 0.1000 0.1000],[0.0000 0.0000 0.1332 0.0000 0.0000 0.0000 0.0000],0.7910751104354858,0.7139376053213355,0.8667545765638351,0.1332454234361649,0.4895241502434419,None
100,0.8547294735908508,0.9364995956420898,1.4189178943634033,1.7459983825683594,[0.1000 0.1058 0.0862 0.1000 0.1000 0.1000 0.1000],[0.0000 -0.0582 0.1379 0.0000 0.0000 0.0000 0.0000],0.7912290692329407,0.7140452447479864,0.8621325343847275,0.13786746561527258,0.48708190988195077,None
100,0.8548515439033508,0.9365519881248474,1.4194061756134033,1.7462079524993896,[0.1000 0.1034 0.0857 0.1000 0.1000 0.1000 0.1000],[0.0000 -0.0343 0.1431 0.0000 0.0000 0.0000 0.0000],0.7914035320281982,0.7141671043747824,0.8568739891052246,0.14312601089477545,0.48430035346535233,None
100,0.8549922704696655,0.9366121888160706,1.419969081878662,1.7464487552642822,[0.1000 0.1012 0.0851 0.1000 0.1000 0.1000 0.1000],[0.0000 -0.0122 0.1492 0.0000 0.0000 0.0000 0.0000],0.7916044592857361,0.7143080009058619,0.8507973700761795,0.14920262992382055,0.48108286142768913,None
100,0.8551486730575562,0.9366792440414429,1.4205946922302246,1.7467169761657715,[0.1000 0.0987 0.0844 0.1000 0.1000 0.1000 0.1000],[0.0000 0.0128 0.1560 0.0000 0.0000 0.0000 0.0000],0.791827917098999,0.714464413804712,0.8440126478672028,0.1559873521327973,0.47748569643313965,None
100,0.8552237153053284,0.9367114305496216,1.4208948612213135,1.7468457221984863,[0.1000 0.0966 0.0841 0.1000 0.1000 0.1000 0.1000],[0.0000 0.0341 0.1593 0.0000 0.0000 0.0000 0.0000],0.79193514585495,0.7145394681496351,0.8407449722290039,0.15925502777099615,0.4757514476888007,None
100,0.8552829027175903,0.9367367625236511,1.4211316108703613,1.7469470500946045,[0.1000 0.0941 0.0838 0.1000 0.1000 0.1000 0.1000],[0.0000 0.0589 0.1618 0.0000 0.0000 0.0000 0.0000],0.7920196652412415,0.7145987739934168,0.8381640911102295,0.16183590888977056,0.47438099579137416,None
100,0.8553653955459595,0.9367721080780029,1.421461582183838,1.7470884323120117,[0.1000 0.0917 0.0835 0.1000 0.1000 0.1000 0.1000],[0.0000 0.0827 0.1654 0.0000 0.0000 0.0000 0.0000],0.7921375036239624,0.7146813841824486,0.8345597982406616,0.16544020175933843,0.4724659398772746,None
100,0.8554513454437256,0.9368089437484741,1.4218053817749023,1.7472357749938965,[0.1000 0.0894 0.0831 0.1000 0.1000 0.1000 0.1000],[0.0000 0.1062 0.1692 0.0000 0.0000 0.0000 0.0000],0.7922602891921997,0.7147674662582325,0.8307952433824539,0.16920475661754614,0.47046429192132033,None
100,0.8555319309234619,0.9368435740470886,1.4221277236938477,1.7473742961883545,[0.1000 0.0868 0.0827 0.1000 0.1000 0.1000 0.1000],[0.0000 0.1318 0.1727 0.0000 0.0000 0.0000 0.0000],0.7923755049705505,0.7148480350346035,0.8272531628608704,0.1727468371391297,0.46857941470549064,None
100,0.8556890487670898,0.93691086769104,1.4227561950683594,1.7476434707641602,[0.1000 0.0853 0.0820 0.1000 0.1000 0.1000 0.1000],[0.0000 0.1466 0.1797 0.0000 0.0000 0.0000 0.0000],0.7925999164581299,0.7150055808898178,0.8203328400850296,0.17966715991497045,0.46489358314205503,None
100,0.8558007478713989,0.9369586706161499,1.4232029914855957,1.7478346824645996,[0.1000 0.0834 0.0815 0.1000 0.1000 0.1000 0.1000],[0.0000 0.1663 0.1846 0.0000 0.0000 0.0000 0.0000],0.7927594184875488,0.7151177037007197,0.8153892308473587,0.18461076915264135,0.4622574416826454,None
100,0.8559032082557678,0.9370025396347046,1.4236128330230713,1.7480101585388184,[0.1000 0.0812 0.0811 0.1000 0.1000 0.1000 0.1000],[0.0000 0.1875 0.1892 0.0000 0.0000 0.0000 0.0000],0.7929057478904724,0.7152205566075094,0.8108446002006531,0.18915539979934698,0.45983199205538394,None
100,0.8559963703155518,0.9370425343513489,1.423985481262207,1.7481701374053955,[0.1000 0.0790 0.0807 0.1000 0.1000 0.1000 0.1000],[0.0000 0.2096 0.1933 0.0000 0.0000 0.0000 0.0000],0.7930389046669006,0.7153139201931413,0.7903607934713364,0.2096392065286637,0.44834936448301727,None
100,0.8561391234397888,0.9371036291122437,1.4245564937591553,1.7484145164489746,[0.1000 0.0771 0.0800 0.1000 0.1000 0.1000 0.1000],[0.0000 0.2291 0.1997 0.0000 0.0000 0.0000 0.0000],0.7932427525520325,0.7154573745948511,0.7709130644798279,0.22908693552017217,0.43751735315276824,None
100,0.8562671542167664,0.9371585249900818,1.4250686168670654,1.7486340999603271,[0.1000 0.0751 0.0795 0.1000 0.1000 0.1000 0.1000],[0.0000 0.2487 0.2054 0.0000 0.0000 0.0000 0.0000],0.7934256792068481,0.7155859167106604,0.7513362914323807,0.24866370856761938,0.42658187998995084,None
100,0.8564280867576599,0.9372273087501526,1.4257123470306396,1.7489092350006104,[0.1000 0.0733 0.0787 0.1000 0.1000 0.1000 0.1000],[0.0000 0.2673 0.2127 0.0000 0.0000 0.0000 0.0000],0.7936553955078125,0.7157479604426862,0.7326626032590866,0.26733739674091345,0.41619428939282727,None
100,0.8565654754638672,0.9372861385345459,1.4262619018554688,1.7491445541381836,[0.1000 0.0713 0.0781 0.1000 0.1000 0.1000 0.1000],[0.0000 0.2870 0.2189 0.0000 0.0000 0.0000 0.0000],0.7938516139984131,0.7158861793740425,0.7130120694637299,0.2869879305362702,0.40521003460636573,None
100,0.8566989898681641,0.9373433589935303,1.4267959594726562,1.749373435974121,[0.1000 0.0693 0.0775 0.1000 0.1000 0.1000 0.1000],[0.0000 0.3071 0.2249 0.0000 0.0000 0.0000 0.0000],0.7940423488616943,0.7160204776302238,0.6929369270801544,0.30706307291984564,0.39396969310488883,None
100,0.856816828250885,0.937393844127655,1.42726731300354,1.7495753765106201,[0.1000 0.0672 0.0770 0.1000 0.1000 0.1000 0.1000],[0.0000 0.3280 0.2303 0.0000 0.0000 0.0000 0.0000],0.79421067237854,0.7161390906151923,0.6720158457756042,0.3279841542243958,0.382219299956413,None
100,0.8569469451904297,0.93744957447052,1.4277877807617188,1.74979829788208,[0.1000 0.0653 0.0764 0.1000 0.1000 0.1000 0.1000],[0.0000 0.3473 0.2363 0.0000 0.0000 0.0000 0.0000],0.7943965196609497,0.7162701473582832,0.6527206301689148,0.34727936983108526,0.3713996783298717,None
100,0.8570787906646729,0.9375059008598328,1.4283151626586914,1.750023603439331,[0.1000 0.0633 0.0758 0.1000 0.1000 0.1000 0.1000],[0.0000 0.3674 0.2423 0.0000 0.0000 0.0000 0.0000],0.7945846915245056,0.7164032613107831,0.632602646946907,0.367397353053093,0.3601046692929381,None
100,0.8572273254394531,0.9375694990158081,1.4289093017578125,1.7502779960632324,[0.1000 0.0614 0.0751 0.1000 0.1000 0.1000 0.1000],[0.0000 0.3863 0.2492 0.0000 0.0000 0.0000 0.0000],0.7947968244552612,0.7165530498023396,0.6137453019618988,0.38625469803810125,0.34953659624047084,None
100,0.8573710322380066,0.9376310706138611,1.4294841289520264,1.7505242824554443,[0.1000 0.0594 0.0744 0.1000 0.1000 0.1000 0.1000],[0.0000 0.4056 0.2559 0.0000 0.0000 0.0000 0.0000],0.7950021028518677,0.7166979732231792,0.594361275434494,0.40563872456550604,0.3386530253332919,None
100,0.857545018196106,0.9377054572105408,1.4301800727844238,1.750821828842163,[0.1000 0.0576 0.0736 0.1000 0.1000 0.1000 0.1000],[0.0000 0.4240 0.2640 0.0000 0.0000 0.0000 0.0000],0.7952504754066467,0.7168738107937827,0.5759819969534874,0.42401800304651266,0.3283640181389318,None
100,0.8576688766479492,0.9377585053443909,1.4306755065917969,1.7510340213775635,[0.1000 0.0557 0.0730 0.1000 0.1000 0.1000 0.1000],[0.0000 0.4431 0.2698 0.0000 0.0000 0.0000 0.0000],0.7954273819923401,0.7169988892310816,0.556863360106945,0.443136639893055,0.3175906174504692,None
100,0.8577790260314941,0.9378056526184082,1.4311161041259766,1.7512226104736328,[0.1000 0.0537 0.0725 0.1000 0.1000 0.1000 0.1000],[0.0000 0.4629 0.2749 0.0000 0.0000 0.0000 0.0000],0.7955846786499023,0.7171102218408836,0.5370701476931572,0.46292985230684286,0.30641028399527326,None
100,0.8578873872756958,0.9378520250320435,1.4315495491027832,1.7514081001281738,[0.1000 0.0518 0.0720 0.1000 0.1000 0.1000 0.1000],[0.0000 0.4820 0.2801 0.0000 0.0000 0.0000 0.0000],0.7957394123077393,0.7172198066406565,0.5179872363805771,0.48201276361942297,0.2956257104758862,None
100,0.8580413460731506,0.937917947769165,1.4321653842926025,1.7516717910766602,[0.1000 0.0500 0.0713 0.1000 0.1000 0.1000 0.1000],[0.0000 0.5003 0.2873 0.0000 0.0000 0.0000 0.0000],0.7959592938423157,0.7173755111530241,0.49973882734775543,0.5002611726522446,0.2853517226087623,None
100,0.8581562042236328,0.93796706199646,1.4326248168945312,1.7518682479858398,[0.1000 0.0482 0.0707 0.1000 0.1000 0.1000 0.1000],[0.0000 0.5184 0.2928 0.0000 0.0000 0.0000 0.0000],0.7961232662200928,0.7174918447675764,0.4815637692809105,0.5184362307190895,0.2750749801542416,None
100,0.8582838773727417,0.938021719455719,1.4331355094909668,1.752086877822876,[0.1000 0.0463 0.0701 0.1000 0.1000 0.1000 0.1000],[0.0000 0.5368 0.2989 0.0000 0.0000 0.0000 0.0000],0.7963055968284607,0.7176211019162776,0.46319834887981415,0.5368016511201859,0.2646927046487599,None
100,0.8583866953849792,0.9380656480789185,1.433546781539917,1.7522625923156738,[0.1000 0.0444 0.0696 0.1000 0.1000 0.1000 0.1000],[0.0000 0.5558 0.3038 0.0000 0.0000 0.0000 0.0000],0.7964523434638977,0.7177253948830338,0.44416166841983795,0.555838331580162,0.25389794346411765,None
100,0.8584462404251099,0.9380911588668823,1.4337849617004395,1.7523646354675293,[0.1000 0.0424 0.0693 0.1000 0.1000 0.1000 0.1000],[0.0000 0.5762 0.3067 0.0000 0.0000 0.0000 0.0000],0.7965373992919922,0.7177856870359469,0.4237551987171173,0.5762448012828827,0.24227912977063804,None
100,0.8585360646247864,0.9381295442581177,1.4341442584991455,1.7525181770324707,[0.1000 0.0404 0.0689 0.1000 0.1000 0.1000 0.1000],[0.0000 0.5959 0.3110 0.0000 0.0000 0.0000 0.0000],0.796665608882904,0.717876836056783,0.4041176289319992,0.5958823710680008,0.23111801872899587,None
100,0.8586494326591492,0.9381780028343201,1.4345977306365967,1.7527120113372803,[0.1000 0.0387 0.0683 0.1000 0.1000 0.1000 0.1000],[0.0000 0.6132 0.3165 0.0000 0.0000 0.0000 0.0000],0.7968274354934692,0.7179918969689507,0.38682881742715836,0.6131711825728416,0.22131081721362003,None
100,0.8588191270828247,0.9382506012916565,1.4352765083312988,1.753002405166626,[0.1000 0.0371 0.0675 0.1000 0.1000 0.1000 0.1000],[0.0000 0.6293 0.3248 0.0000 0.0000 0.0000 0.0000],0.7970697283744812,0.7181641005676676,0.3707403317093849,0.6292596682906151,0.21222172564921982,None
100,0.8590040802955627,0.9383297562599182,1.436016321182251,1.7533190250396729,[0.1000 0.0355 0.0666 0.1000 0.1000 0.1000 0.1000],[0.0000 0.6454 0.3338 0.0000 0.0000 0.0000 0.0000],0.797333836555481,0.7183518578716426,0.35464510321617126,0.6453548967838287,0.2031287433084445,None
100,0.8591770529747009,0.9384036660194397,1.4367082118988037,1.7536146640777588,[0.1000 0.0338 0.0658 0.1000 0.1000 0.1000 0.1000],[0.0000 0.6618 0.3423 0.0000 0.0000 0.0000 0.0000],0.7975807189941406,0.7185277757135906,0.3382176533341408,0.6617823466658592,0.19382709181173738,None
100,0.8593599796295166,0.938481867313385,1.4374399185180664,1.75392746925354,[0.1000 0.0320 0.0649 0.1000 0.1000 0.1000 0.1000],[0.0000 0.6800 0.3514 0.0000 0.0000 0.0000 0.0000],0.7978418469429016,0.7187138686606316,0.31995173543691635,0.6800482645630836,0.1834667242608339,None
100,0.8595120310783386,0.9385468363761902,1.4380481243133545,1.7541873455047607,[0.1000 0.0303 0.0641 0.1000 0.1000 0.1000 0.1000],[0.0000 0.6967 0.3590 0.0000 0.0000 0.0000 0.0000],0.7980588674545288,0.7188687045207318,0.30334997922182083,0.6966500207781792,0.17403174480606132,None
100,0.8596810102462769,0.9386191368103027,1.4387240409851074,1.754476547241211,[0.1000 0.0287 0.0633 0.1000 0.1000 0.1000 0.1000],[0.0000 0.7131 0.3674 0.0000 0.0000 0.0000 0.0000],0.7983001470565796,0.7190407030119383,0.28691619634628296,0.713083803653717,0.1646928516395022,None
100,0.8598604798316956,0.9386957883834839,1.4394419193267822,1.7547831535339355,[0.1000 0.0271 0.0624 0.1000 0.1000 0.1000 0.1000],[0.0000 0.7294 0.3765 0.0000 0.0000 0.0000 0.0000],0.7985562682151794,0.7192237393371934,0.27064066380262375,0.7293593361973763,0.15543992807916054,None
100,0.8632148504257202,0.9402456879615784,1.4528594017028809,1.7609827518463135,[0.0897 0.0251 0.0615 0.1000 0.1000 0.1000 0.1000],[0.1026 0.7489 0.3850 0.0000 0.0000 0.0000 0.0000],0.8034605383872986,0.7224557016693405,0.251062735915184,0.748937264084816,0.14573304238394272,None
100,0.8642838597297668,0.9407373666763306,1.4571354389190674,1.7629494667053223,[0.0865 0.0234 0.0610 0.1000 0.1000 0.1000 0.1000],[0.1348 0.7657 0.3895 0.0000 0.0000 0.0000 0.0000],0.8050212264060974,0.7234977270499143,0.23429710417985916,0.7657028958201408,0.13646190313518788,None
100,0.8654031753540039,0.9412514567375183,1.4616127014160156,1.7650058269500732,[0.0831 0.0216 0.0605 0.1000 0.1000 0.1000 0.1000],[0.1686 0.7836 0.3946 0.0000 0.0000 0.0000 0.0000],0.8066546320915222,0.7245943330584601,0.2164122462272644,0.7835877537727356,0.12649238986990785,None
100,0.8665145039558411,0.9417610168457031,1.4660580158233643,1.7670440673828125,[0.0798 0.0198 0.0600 0.1000 0.1000 0.1000 0.1000],[0.2022 0.8016 0.4000 0.0000 0.0000 0.0000 0.0000],0.8082755208015442,0.7256890215651913,0.19835732877254486,0.8016426712274551,0.11634781460100105,None
100,0.8675910830497742,0.942253828048706,1.4703643321990967,1.7690153121948242,[0.0765 0.0181 0.0594 0.1000 0.1000 0.1000 0.1000],[0.2348 0.8194 0.4059 0.0000 0.0000 0.0000 0.0000],0.8098449110984802,0.7267551555858155,0.18059205263853073,0.8194079473614693,0.1062890714736199,None
100,0.868678092956543,0.9427511096000671,1.4747123718261719,1.7710044384002686,[0.0732 0.0162 0.0588 0.1000 0.1000 0.1000 0.1000],[0.2684 0.8376 0.4115 0.0000 0.0000 0.0000 0.0000],0.8114292025566101,0.7278364156549886,0.16242558136582375,0.8375744186341763,0.09592655414966238,None
100,0.8697265386581421,0.9432290196418762,1.4789061546325684,1.7729160785675049,[0.0700 0.0145 0.0581 0.1000 0.1000 0.1000 0.1000],[0.2996 0.8549 0.4193 0.0000 0.0000 0.0000 0.0000],0.8129555583000183,0.7288865901809094,0.14505647122859955,0.8549435287714005,0.08595356086671002,None
100,0.8707150220870972,0.9436794519424438,1.4828600883483887,1.7747178077697754,[0.0670 0.0132 0.0574 0.1000 0.1000 0.1000 0.1000],[0.3298 0.8682 0.4260 0.0000 0.0000 0.0000 0.0000],0.814394474029541,0.7298807118043091,0.13181885704398155,0.8681811429560184,0.07835455469529815,None
100,0.8717073202133179,0.9441308975219727,1.4868292808532715,1.7765235900878906,[0.0640 0.0125 0.0567 0.1000 0.1000 0.1000 0.1000],[0.3602 0.8745 0.4334 0.0000 0.0000 0.0000 0.0000],0.8158382177352905,0.7308837104360741,0.1254585012793541,0.8745414987206459,0.07480875441760095,None
100,0.8727112412452698,0.9445878863334656,1.490844964981079,1.7783515453338623,[0.0608 0.0119 0.0560 0.1000 0.1000 0.1000 0.1000],[0.3920 0.8807 0.4399 0.0000 0.0000 0.0000 0.0000],0.8172991275787354,0.7319017995431603,0.11929694563150406,0.8807030543684959,0.07136136930682327,None
100,0.8737874031066895,0.9450770616531372,1.4951496124267578,1.7803082466125488,[0.0574 0.0113 0.0553 0.1000 0.1000 0.1000 0.1000],[0.4263 0.8873 0.4471 0.0000 0.0000 0.0000 0.0000],0.8188644647598267,0.7329987667697998,0.11272487230598927,0.8872751276940107,0.06766047166660083,None
100,0.8746599555015564,0.9454739689826965,1.4986398220062256,1.7818958759307861,[0.0545 0.0107 0.0548 0.1000 0.1000 0.1000 0.1000],[0.4552 0.8925 0.4520 0.0000 0.0000 0.0000 0.0000],0.8201339244842529,0.7338909744462994,0.1074738148599863,0.8925261851400137,0.06468729459451639,None
100,0.8755661845207214,0.9458851218223572,1.5022647380828857,1.7835404872894287,[0.0515 0.0102 0.0542 0.1000 0.1000 0.1000 0.1000],[0.4849 0.8984 0.4583 0.0000 0.0000 0.0000 0.0000],0.8214513063430786,0.7348228190404843,0.10159693658351898,0.898403063416481,0.06132606118353734,None
100,0.876454770565033,0.9462875127792358,1.5058190822601318,1.7851500511169434,[0.0486 0.0095 0.0535 0.1000 0.1000 0.1000 0.1000],[0.5138 0.9046 0.4654 0.0000 0.0000 0.0000 0.0000],0.8227422833442688,0.7357411454384113,0.09542849846184254,0.9045715015381575,0.05776528922645814,None
100,0.8773258328437805,0.9466814994812012,1.509303331375122,1.7867259979248047,[0.0458 0.0089 0.0527 0.1000 0.1000 0.1000 0.1000],[0.5422 0.9108 0.4728 0.0000 0.0000 0.0000 0.0000],0.8240073323249817,0.7366453595673305,0.08916092105209827,0.9108390789479017,0.054120784075117466,None
100,0.8781766891479492,0.9470652937889099,1.5127067565917969,1.7882611751556396,[0.0431 0.0082 0.0518 0.1000 0.1000 0.1000 0.1000],[0.5695 0.9175 0.4816 0.0000 0.0000 0.0000 0.0000],0.8252419829368591,0.7375336123596763,0.08248535916209221,0.9175146408379078,0.05020419425780221,None
