103,0.9049490690231323,0.8175744414329529,1.6197962760925293,1.2702977657318115,[0.1000 0.1000 0.1000 0.1000 0.1000 0.1000 0.1000],[0.0000 0.0000 0.0000 0.0000 0.0000 0.0000 0.0000],0.7225235104560852,0.7044080048611272,1.0,0.0,0.5089513444656287,None
103,0.9049490690231323,0.8175744414329529,1.6197962760925293,1.2702977657318115,[0.1000 0.1000 0.1000 0.1000 0.1000 0.1000 0.1000],[0.0000 0.0000 0.0000 0.0000 0.0000 0.0000 0.0000],0.7225235104560852,0.7044080048611272,1.0,0.0,0.5089513444656287,None
103,0.9049490690231323,0.8175744414329529,1.6197962760925293,1.2702977657318115,[0.1000 0.1000 0.1000 0.1000 0.1000 0.1000 0.1000],[0.0000 0.0000 0.0000 0.0000 0.0000 0.0000 0.0000],0.7225235104560852,0.7044080048611272,1.0,0.0,0.5089513444656287,None
103,0.9049490690231323,0.8175744414329529,1.6197962760925293,1.2702977657318115,[0.1000 0.1000 0.1000 0.1000 0.1000 0.1000 0.1000],[0.0000 0.0000 0.0000 0.0000 0.0000 0.0000 0.0000],0.7225235104560852,0.7044080048611272,1.0,0.0,0.5089513444656287,None
103,0.9049490690231323,0.8175744414329529,1.6197962760925293,1.2702977657318115,[0.1000 0.1000 0.1000 0.1000 0.1000 0.1000 0.1000],[0.0000 0.0000 0.0000 0.0000 0.0000 0.0000 0.0000],0.7225235104560852,0.7044080048611272,1.0,0.0,0.5089513444656287,None
103,0.9049490690231323,0.8175744414329529,1.6197962760925293,1.2702977657318115,[0.1000 0.1000 0.1000 0.1000 0.1000 0.1000 0.1000],[0.0000 0.0000 0.0000 0.0000 0.0000 0.0000 0.0000],0.7225235104560852,0.7044080048611272,1.0,0.0,0.5089513444656287,None
103,0.9049490690231323,0.8175744414329529,1.6197962760925293,1.2702977657318115,[0.1000 0.1000 0.1000 0.1000 0.1000 0.1000 0.1000],[0.0000 0.0000 0.0000 0.0000 0.0000 0.0000 0.0000],0.7225235104560852,0.7044080048611272,1.0,0.0,0.5089513444656287,None
103,0.9049490690231323,0.8175744414329529,1.6197962760925293,1.2702977657318115,[0.1000 0.1000 0.1000 0.1000 0.1000 0.1000 0.1000],[0.0000 0.0000 0.0000 0.0000 0.0000 0.0000 0.0000],0.7225235104560852,0.7044080048611272,1.0,0.0,0.5089513444656287,None
103,0.9049490690231323,0.8175744414329529,1.6197962760925293,1.2702977657318115,[0.1000 0.1000 0.1000 0.1000 0.1000 0.1000 0.1000],[0.0000 0.0000 0.0000 0.0000 0.0000 0.0000 0.0000],0.7225235104560852,0.7044080048611272,1.0,0.0,0.5089513444656287,None
103,0.9049490690231323,0.8175744414329529,1.6197962760925293,1.2702977657318115,[0.1000 0.1000 0.1000 0.1000 0.1000 0.1000 0.1000],[0.0000 0.0000 0.0000 0.0000 0.0000 0.0000 0.0000],0.7225235104560852,0.7044080048611272,1.0,0.0,0.5089513444656287,None
103,0.9049490690231323,0.8175744414329529,1.6197962760925293,1.2702977657318115,[0.1000 0.1000 0.1000 0.1000 0.1000 0.1000 0.1000],[0.0000 0.0000 0.0000 0.0000 0.0000 0.0000 0.0000],0.7225235104560852,0.7044080048611272,1.0,0.0,0.5089513444656287,None
103,0.9049490690231323,0.8175744414329529,1.6197962760925293,1.2702977657318115,[0.1000 0.1000 0.1000 0.1000 0.1000 0.1000 0.1000],[0.0000 0.0000 0.0000 0.0000 0.0000 0.0000 0.0000],0.7225235104560852,0.7044080048611272,1.0,0.0,0.5089513444656287,None
103,0.9049490690231323,0.8175744414329529,1.6197962760925293,1.2702977657318115,[0.1000 0.1000 0.1000 0.1000 0.1000 0.1000 0.1000],[0.0000 0.0000 0.0000 0.0000 0.0000 0.0000 0.0000],0.7225235104560852,0.7044080048611272,1.0,0.0,0.5089513444656287,None
103,0.9049490690231323,0.8175744414329529,1.6197962760925293,1.2702977657318115,[0.1000 0.1000 0.1000 0.1000 0.1000 0.1000 0.1000],[0.0000 0.0000 0.0000 0.0000 0.0000 0.0000 0.0000],0.7225235104560852,0.7044080048611272,1.0,0.0,0.5089513444656287,None
103,0.9049490690231323,0.8175744414329529,1.6197962760925293,1.2702977657318115,[0.1000 0.1000 0.1000 0.1000 0.1000 0.1000 0.1000],[0.0000 0.0000 0.0000 0.0000 0.0000 0.0000 0.0000],0.7225235104560852,0.7044080048611272,1.0,0.0,0.5089513444656287,None
103,0.9049490690231323,0.8175744414329529,1.6197962760925293,1.2702977657318115,[0.1000 0.1000 0.1000 0.1000 0.1000 0.1000 0.1000],[0.0000 0.0000 0.0000 0.0000 0.0000 0.0000 0.0000],0.7225235104560852,0.7044080048611272,1.0,0.0,0.5089513444656287,None
103,0.9049490690231323,0.8175744414329529,1.6197962760925293,1.2702977657318115,[0.1000 0.1000 0.1000 0.1000 0.1000 0.1000 0.1000],[0.0000 0.0000 0.0000 0.0000 0.0000 0.0000 0.0000],0.7225235104560852,0.7044080048611272,1.0,0.0,0.5089513444656287,None
103,0.9049490690231323,0.8175744414329529,1.6197962760925293,1.2702977657318115,[0.1000 0.1000 0.1000 0.1000 0.1000 0.1000 0.1000],[0.0000 0.0000 0.0000 0.0000 0.0000 0.0000 0.0000],0.7225235104560852,0.7044080048611272,1.0,0.0,0.5089513444656287,None
103,0.9049490690231323,0.8175744414329529,1.6197962760925293,1.2702977657318115,[0.1000 0.1000 0.1000 0.1000 0.1000 0.1000 0.1000],[0.0000 0.0000 0.0000 0.0000 0.0000 0.0000 0.0000],0.7225235104560852,0.7044080048611272,1.0,0.0,0.5089513444656287,None
103,0.9049490690231323,0.8175744414329529,1.6197962760925293,1.2702977657318115,[0.1000 0.1000 0.1000 0.1000 0.1000 0.1000 0.1000],[0.0000 0.0000 0.0000 0.0000 0.0000 0.0000 0.0000],0.7225235104560852,0.7044080048611272,1.0,0.0,0.5089513444656287,None
103,0.9049490690231323,0.8175744414329529,1.6197962760925293,1.2702977657318115,[0.1000 0.1000 0.1000 0.1000 0.1000 0.1000 0.1000],[0.0000 0.0000 0.0000 0.0000 0.0000 0.0000 0.0000],0.7225235104560852,0.7044080048611272,1.0,0.0,0.5089513444656287,None
103,0.9049490690231323,0.8175744414329529,1.6197962760925293,1.2702977657318115,[0.1000 0.1000 0.1000 0.1000 0.1000 0.1000 0.1000],[0.0000 0.0000 0.0000 0.0000 0.0000 0.0000 0.0000],0.7225235104560852,0.7044080048611272,1.0,0.0,0.5089513444656287,None
103,0.9049490690231323,0.8175744414329529,1.6197962760925293,1.2702977657318115,[0.1000 0.1000 0.1000 0.1000 0.1000 0.1000 0.1000],[0.0000 0.0000 0.0000 0.0000 0.0000 0.0000 0.0000],0.7225235104560852,0.7044080048611272,1.0,0.0,0.5089513444656287,None
103,0.9049490690231323,0.8175744414329529,1.6197962760925293,1.2702977657318115,[0.1000 0.1000 0.1000 0.1000 0.1000 0.1000 0.1000],[0.0000 0.0000 0.0000 0.0000 0.0000 0.0000 0.0000],0.7225235104560852,0.7044080048611272,1.0,0.0,0.5089513444656287,None
103,0.9049490690231323,0.8175744414329529,1.6197962760925293,1.2702977657318115,[0.1000 0.1000 0.1000 0.1000 0.1000 0.1000 0.1000],[0.0000 0.0000 0.0000 0.0000 0.0000 0.0000 0.0000],0.7225235104560852,0.7044080048611272,1.0,0.0,0.5089513444656287,None
103,0.9049490690231323,0.8175744414329529,1.6197962760925293,1.2702977657318115,[0.1000 0.1000 0.1000 0.1000 0.1000 0.1000 0.1000],[0.0000 0.0000 0.0000 0.0000 0.0000 0.0000 0.0000],0.7225235104560852,0.7044080048611272,1.0,0.0,0.5089513444656287,None
103,0.9049490690231323,0.8175744414329529,1.6197962760925293,1.2702977657318115,[0.1000 0.1000 0.1000 0.1000 0.1000 0.1000 0.1000],[0.0000 0.0000 0.0000 0.0000 0.0000 0.0000 0.0000],0.7225235104560852,0.7044080048611272,1.0,0.0,0.5089513444656287,None
103,0.9049490690231323,0.8175744414329529,1.6197962760925293,1.2702977657318115,[0.1000 0.1000 0.1000 0.1000 0.1000 0.1000 0.1000],[0.0000 0.0000 0.0000 0.0000 0.0000 0.0000 0.0000],0.7225235104560852,0.7044080048611272,1.0,0.0,0.5089513444656287,None
103,0.9049490690231323,0.8175744414329529,1.6197962760925293,1.2702977657318115,[0.1000 0.1000 0.1000 0.1000 0.1000 0.1000 0.1000],[0.0000 0.0000 0.0000 0.0000 0.0000 0.0000 0.0000],0.7225235104560852,0.7044080048611272,1.0,0.0,0.5089513444656287,None
103,0.9049490690231323,0.8175744414329529,1.6197962760925293,1.2702977657318115,[0.1000 0.1000 0.1000 0.1000 0.1000 0.1000 0.1000],[0.0000 0.0000 0.0000 0.0000 0.0000 0.0000 0.0000],0.7225235104560852,0.7044080048611272,1.0,0.0,0.5089513444656287,None
103,0.9049490690231323,0.8175744414329529,1.6197962760925293,1.2702977657318115,[0.1000 0.1000 0.1000 0.1000 0.1000 0.1000 0.1000],[0.0000 0.0000 0.0000 0.0000 0.0000 0.0000 0.0000],0.7225235104560852,0.7044080048611272,1.0,0.0,0.5089513444656287,None
103,0.9049490690231323,0.8175744414329529,1.6197962760925293,1.2702977657318115,[0.1000 0.1000 0.1000 0.1000 0.1000 0.1000 0.1000],[0.0000 0.0000 0.0000 0.0000 0.0000 0.0000 0.0000],0.7225235104560852,0.7044080048611272,1.0,0.0,0.5089513444656287,None
103,0.9049490690231323,0.8175744414329529,1.6197962760925293,1.2702977657318115,[0.1000 0.1000 0.1000 0.1000 0.1000 0.1000 0.1000],[0.0000 0.0000 0.0000 0.0000 0.0000 0.0000 0.0000],0.7225235104560852,0.7044080048611272,1.0,0.0,0.5089513444656287,None
103,0.9049490690231323,0.8175744414329529,1.6197962760925293,1.2702977657318115,[0.1000 0.1000 0.1000 0.1000 0.1000 0.1000 0.1000],[0.0000 0.0000 0.0000 0.0000 0.0000 0.0000 0.0000],0.7225235104560852,0.7044080048611272,1.0,0.0,0.5089513444656287,None
103,0.9049490690231323,0.8175744414329529,1.6197962760925293,1.2702977657318115,[0.1000 0.1000 0.1000 0.1000 0.1000 0.1000 0.1000],[0.0000 0.0000 0.0000 0.0000 0.0000 0.0000 0.0000],0.7225235104560852,0.7044080048611272,1.0,0.0,0.5089513444656287,None
103,0.9049490690231323,0.8175744414329529,1.6197962760925293,1.2702977657318115,[0.1000 0.1000 0.1000 0.1000 0.1000 0.1000 0.1000],[0.0000 0.0000 0.0000 0.0000 0.0000 0.0000 0.0000],0.7225235104560852,0.7044080048611272,1.0,0.0,0.5089513444656287,None
103,0.9049490690231323,0.8175744414329529,1.6197962760925293,1.2702977657318115,[0.1000 0.1000 0.1000 0.1000 0.1000 0.1000 0.1000],[0.0000 0.0000 0.0000 0.0000 0.0000 0.0000 0.0000],0.7225235104560852,0.7044080048611272,1.0,0.0,0.5089513444656287,None
103,0.9049490690231323,0.8175744414329529,1.6197962760925293,1.2702977657318115,[0.1000 0.1000 0.1000 0.1000 0.1000 0.1000 0.1000],[0.0000 0.0000 0.0000 0.0000 0.0000 0.0000 0.0000],0.7225235104560852,0.7044080048611272,1.0,0.0,0.5089513444656287,None
103,0.9049490690231323,0.8175744414329529,1.6197962760925293,1.2702977657318115,[0.1000 0.1000 0.1000 0.1000 0.1000 0.1000 0.1000],[0.0000 0.0000 0.0000 0.0000 0.0000 0.0000 0.0000],0.7225235104560852,0.7044080048611272,1.0,0.0,0.5089513444656287,None
103,0.9049490690231323,0.8175744414329529,1.6197962760925293,1.2702977657318115,[0.1000 0.1000 0.1000 0.1000 0.1000 0.1000 0.1000],[0.0000 0.0000 0.0000 0.0000 0.0000 0.0000 0.0000],0.7225235104560852,0.7044080048611272,1.0,0.0,0.5089513444656287,None
103,0.9049490690231323,0.8175744414329529,1.6197962760925293,1.2702977657318115,[0.1000 0.1000 0.1000 0.1000 0.1000 0.1000 0.1000],[0.0000 0.0000 0.0000 0.0000 0.0000 0.0000 0.0000],0.7225235104560852,0.7044080048611272,1.0,0.0,0.5089513444656287,None
103,0.9049490690231323,0.8175744414329529,1.6197962760925293,1.2702977657318115,[0.1000 0.1000 0.1000 0.1000 0.1000 0.1000 0.1000],[0.0000 0.0000 0.0000 0.0000 0.0000 0.0000 0.0000],0.7225235104560852,0.7044080048611272,1.0,0.0,0.5089513444656287,None
103,0.9049490690231323,0.8175744414329529,1.6197962760925293,1.2702977657318115,[0.1000 0.1000 0.1000 0.1000 0.1000 0.1000 0.1000],[0.0000 0.0000 0.0000 0.0000 0.0000 0.0000 0.0000],0.7225235104560852,0.7044080048611272,1.0,0.0,0.5089513444656287,None
103,0.9049490690231323,0.8175744414329529,1.6197962760925293,1.2702977657318115,[0.1000 0.1000 0.1000 0.1000 0.1000 0.1000 0.1000],[0.0000 0.0000 0.0000 0.0000 0.0000 0.0000 0.0000],0.7225235104560852,0.7044080048611272,1.0,0.0,0.5089513444656287,None
103,0.9049490690231323,0.8175744414329529,1.6197962760925293,1.2702977657318115,[0.1000 0.1000 0.1000 0.1000 0.1000 0.1000 0.1000],[0.0000 0.0000 0.0000 0.0000 0.0000 0.0000 0.0000],0.7225235104560852,0.7044080048611272,1.0,0.0,0.5089513444656287,None
103,0.9049490690231323,0.8175744414329529,1.6197962760925293,1.2702977657318115,[0.1000 0.1000 0.1000 0.1000 0.1000 0.1000 0.1000],[0.0000 0.0000 0.0000 0.0000 0.0000 0.0000 0.0000],0.7225235104560852,0.7044080048611272,1.0,0.0,0.5089513444656287,None
103,0.9049490690231323,0.8175744414329529,1.6197962760925293,1.2702977657318115,[0.1000 0.1000 0.1000 0.1000 0.1000 0.1000 0.1000],[0.0000 0.0000 0.0000 0.0000 0.0000 0.0000 0.0000],0.7225235104560852,0.7044080048611272,1.0,0.0,0.5089513444656287,None
103,0.9049490690231323,0.8175744414329529,1.6197962760925293,1.2702977657318115,[0.1000 0.1000 0.1000 0.1000 0.1000 0.1000 0.1000],[0.0000 0.0000 0.0000 0.0000 0.0000 0.0000 0.0000],0.7225235104560852,0.7044080048611272,1.0,0.0,0.5089513444656287,None
103,0.9049490690231323,0.8175744414329529,1.6197962760925293,1.2702977657318115,[0.1000 0.1000 0.1000 0.1000 0.1000 0.1000 0.1000],[0.0000 0.0000 0.0000 0.0000 0.0000 0.0000 0.0000],0.7225235104560852,0.7044080048611272,1.0,0.0,0.5089513444656287,None
103,0.9049490690231323,0.8175744414329529,1.6197962760925293,1.2702977657318115,[0.1000 0.1000 0.1000 0.1000 0.1000 0.1000 0.1000],[0.0000 0.0000 0.0000 0.0000 0.0000 0.0000 0.0000],0.7225235104560852,0.7044080048611272,1.0,0.0,0.5089513444656287,None
103,0.9049490690231323,0.8175744414329529,1.6197962760925293,1.2702977657318115,[0.1000 0.1000 0.1000 0.1000 0.1000 0.1000 0.1000],[0.0000 0.0000 0.0000 0.0000 0.0000 0.0000 0.0000],0.7225235104560852,0.7044080048611272,1.0,0.0,0.5089513444656287,None
103,0.9049490690231323,0.8175744414329529,1.6197962760925293,1.2702977657318115,[0.1000 0.1000 0.1000 0.1000 0.1000 0.1000 0.1000],[0.0000 0.0000 0.0000 0.0000 0.0000 0.0000 0.0000],0.7225235104560852,0.7044080048611272,1.0,0.0,0.5089513444656287,None
103,0.9049490690231323,0.8175744414329529,1.6197962760925293,1.2702977657318115,[0.1000 0.1000 0.1000 0.1000 0.1000 0.1000 0.1000],[0.0000 0.0000 0.0000 0.0000 0.0000 0.0000 0.0000],0.7225235104560852,0.7044080048611272,1.0,0.0,0.5089513444656287,None
103,0.9049490690231323,0.8175744414329529,1.6197962760925293,1.2702977657318115,[0.1000 0.1000 0.1000 0.1000 0.1000 0.1000 0.1000],[0.0000 0.0000 0.0000 0.0000 0.0000 0.0000 0.0000],0.7225235104560852,0.7044080048611272,1.0,0.0,0.5089513444656287,None
103,0.9049490690231323,0.8175744414329529,1.6197962760925293,1.2702977657318115,[0.1000 0.1000 0.1000 0.1000 0.1000 0.1000 0.1000],[0.0000 0.0000 0.0000 0.0000 0.0000 0.0000 0.0000],0.7225235104560852,0.7044080048611272,1.0,0.0,0.5089513444656287,None
103,0.9049490690231323,0.8175744414329529,1.6197962760925293,1.2702977657318115,[0.1000 0.1000 0.1000 0.1000 0.1000 0.1000 0.1000],[0.0000 0.0000 0.0000 0.0000 0.0000 0.0000 0.0000],0.7225235104560852,0.7044080048611272,1.0,0.0,0.5089513444656287,None
103,0.9049490690231323,0.8175744414329529,1.6197962760925293,1.2702977657318115,[0.1000 0.1000 0.1000 0.1000 0.1000 0.1000 0.1000],[0.0000 0.0000 0.0000 0.0000 0.0000 0.0000 0.0000],0.7225235104560852,0.7044080048611272,1.0,0.0,0.5089513444656287,None
103,0.9049490690231323,0.8175744414329529,1.6197962760925293,1.2702977657318115,[0.1000 0.1000 0.1000 0.1000 0.1000 0.1000 0.1000],[0.0000 0.0000 0.0000 0.0000 0.0000 0.0000 0.0000],0.7225235104560852,0.7044080048611272,1.0,0.0,0.5089513444656287,None
103,0.9049490690231323,0.8175744414329529,1.6197962760925293,1.2702977657318115,[0.1000 0.1000 0.1000 0.1000 0.1000 0.1000 0.1000],[0.0000 0.0000 0.0000 0.0000 0.0000 0.0000 0.0000],0.7225235104560852,0.7044080048611272,1.0,0.0,0.5089513444656287,None
103,0.9049490690231323,0.8175744414329529,1.6197962760925293,1.2702977657318115,[0.1000 0.1000 0.1000 0.1000 0.1000 0.1000 0.1000],[0.0000 0.0000 0.0000 0.0000 0.0000 0.0000 0.0000],0.7225235104560852,0.7044080048611272,1.0,0.0,0.5089513444656287,None
103,0.9049490690231323,0.8175744414329529,1.6197962760925293,1.2702977657318115,[0.1000 0.1000 0.1000 0.1000 0.1000 0.1000 0.1000],[0.0000 0.0000 0.0000 0.0000 0.0000 0.0000 0.0000],0.7225235104560852,0.7044080048611272,1.0,0.0,0.5089513444656287,None
103,0.9049490690231323,0.8175744414329529,1.6197962760925293,1.2702977657318115,[0.1000 0.1000 0.1000 0.1000 0.1000 0.1000 0.1000],[0.0000 0.0000 0.0000 0.0000 0.0000 0.0000 0.0000],0.7225235104560852,0.7044080048611272,1.0,0.0,0.5089513444656287,None
103,0.9049490690231323,0.8175744414329529,1.6197962760925293,1.2702977657318115,[0.1000 0.1000 0.1000 0.1000 0.1000 0.1000 0.1000],[0.0000 0.0000 0.0000 0.0000 0.0000 0.0000 0.0000],0.7225235104560852,0.7044080048611272,1.0,0.0,0.5089513444656287,None
103,0.9049490690231323,0.8175744414329529,1.6197962760925293,1.2702977657318115,[0.1000 0.1000 0.1000 0.1000 0.1000 0.1000 0.1000],[0.0000 0.0000 0.0000 0.0000 0.0000 0.0000 0.0000],0.7225235104560852,0.7044080048611272,1.0,0.0,0.5089513444656287,None
103,0.9049490690231323,0.8175744414329529,1.6197962760925293,1.2702977657318115,[0.1000 0.1000 0.1000 0.1000 0.1000 0.1000 0.1000],[0.0000 0.0000 0.0000 0.0000 0.0000 0.0000 0.0000],0.7225235104560852,0.7044080048611272,1.0,0.0,0.5089513444656287,None
103,0.9049490690231323,0.8175744414329529,1.6197962760925293,1.2702977657318115,[0.1000 0.1000 0.1000 0.1000 0.1000 0.1000 0.1000],[0.0000 0.0000 0.0000 0.0000 0.0000 0.0000 0.0000],0.7225235104560852,0.7044080048611272,1.0,0.0,0.5089513444656287,None
103,0.9049490690231323,0.8175744414329529,1.6197962760925293,1.2702977657318115,[0.1000 0.1000 0.1000 0.1000 0.1000 0.1000 0.1000],[0.0000 0.0000 0.0000 0.0000 0.0000 0.0000 0.0000],0.7225235104560852,0.7044080048611272,1.0,0.0,0.5089513444656287,None
103,0.9049490690231323,0.8175744414329529,1.6197962760925293,1.2702977657318115,[0.1000 0.1000 0.1000 0.1000 0.1000 0.1000 0.1000],[0.0000 0.0000 0.0000 0.0000 0.0000 0.0000 0.0000],0.7225235104560852,0.7044080048611272,1.0,0.0,0.5089513444656287,None
103,0.9049490690231323,0.8175744414329529,1.6197962760925293,1.2702977657318115,[0.1000 0.1000 0.1000 0.1000 0.1000 0.1000 0.1000],[0.0000 0.0000 0.0000 0.0000 0.0000 0.0000 0.0000],0.7225235104560852,0.7044080048611272,1.0,0.0,0.5089513444656287,None
103,0.9049490690231323,0.8175744414329529,1.6197962760925293,1.2702977657318115,[0.1000 0.1000 0.1000 0.1000 0.1000 0.1000 0.1000],[0.0000 0.0000 0.0000 0.0000 0.0000 0.0000 0.0000],0.7225235104560852,0.7044080048611272,1.0,0.0,0.5089513444656287,None
103,0.9049490690231323,0.8175744414329529,1.6197962760925293,1.2702977657318115,[0.1000 0.1000 0.1000 0.1000 0.1000 0.1000 0.1000],[0.0000 0.0000 0.0000 0.0000 0.0000 0.0000 0.0000],0.7225235104560852,0.7044080048611272,1.0,0.0,0.5089513444656287,None
103,0.9049490690231323,0.8175744414329529,1.6197962760925293,1.2702977657318115,[0.1000 0.1000 0.1000 0.1000 0.1000 0.1000 0.1000],[0.0000 0.0000 0.0000 0.0000 0.0000 0.0000 0.0000],0.7225235104560852,0.7044080048611272,1.0,0.0,0.5089513444656287,None
103,0.9049490690231323,0.8175744414329529,1.6197962760925293,1.2702977657318115,[0.1000 0.1000 0.1000 0.1000 0.1000 0.1000 0.1000],[0.0000 0.0000 0.0000 0.0000 0.0000 0.0000 0.0000],0.7225235104560852,0.7044080048611272,1.0,0.0,0.5089513444656287,None
103,0.9049490690231323,0.8175744414329529,1.6197962760925293,1.2702977657318115,[0.1000 0.1000 0.1000 0.1000 0.1000 0.1000 0.1000],[0.0000 0.0000 0.0000 0.0000 0.0000 0.0000 0.0000],0.7225235104560852,0.7044080048611272,1.0,0.0,0.5089513444656287,None
103,0.9049490690231323,0.8175744414329529,1.6197962760925293,1.2702977657318115,[0.1000 0.1000 0.1000 0.1000 0.1000 0.1000 0.1000],[0.0000 0.0000 0.0000 0.0000 0.0000 0.0000 0.0000],0.7225235104560852,0.7044080048611272,1.0,0.0,0.5089513444656287,None
103,0.9049490690231323,0.8175744414329529,1.6197962760925293,1.2702977657318115,[0.1000 0.1000 0.1000 0.1000 0.1000 0.1000 0.1000],[0.0000 0.0000 0.0000 0.0000 0.0000 0.0000 0.0000],0.7225235104560852,0.7044080048611272,1.0,0.0,0.5089513444656287,None
103,0.9049490690231323,0.8175744414329529,1.6197962760925293,1.2702977657318115,[0.1000 0.1000 0.1000 0.1000 0.1000 0.1000 0.1000],[0.0000 0.0000 0.0000 0.0000 0.0000 0.0000 0.0000],0.7225235104560852,0.7044080048611272,1.0,0.0,0.5089513444656287,None
103,0.9049490690231323,0.8175744414329529,1.6197962760925293,1.2702977657318115,[0.1000 0.1000 0.1000 0.1000 0.1000 0.1000 0.1000],[0.0000 0.0000 0.0000 0.0000 0.0000 0.0000 0.0000],0.7225235104560852,0.7044080048611272,1.0,0.0,0.5089513444656287,None
103,0.9049490690231323,0.8175744414329529,1.6197962760925293,1.2702977657318115,[0.1000 0.1000 0.1000 0.1000 0.1000 0.1000 0.1000],[0.0000 0.0000 0.0000 0.0000 0.0000 0.0000 0.0000],0.7225235104560852,0.7044080048611272,1.0,0.0,0.5089513444656287,None
103,0.9049490690231323,0.8175744414329529,1.6197962760925293,1.2702977657318115,[0.1000 0.1000 0.1000 0.1000 0.1000 0.1000 0.1000],[0.0000 0.0000 0.0000 0.0000 0.0000 0.0000 0.0000],0.7225235104560852,0.7044080048611272,1.0,0.0,0.5089513444656287,None
103,0.9049490690231323,0.8175744414329529,1.6197962760925293,1.2702977657318115,[0.1000 0.1000 0.1000 0.1000 0.1000 0.1000 0.1000],[0.0000 0.0000 0.0000 0.0000 0.0000 0.0000 0.0000],0.7225235104560852,0.7044080048611272,1.0,0.0,0.5089513444656287,None
103,0.9049490690231323,0.8175744414329529,1.6197962760925293,1.2702977657318115,[0.1000 0.1000 0.1000 0.1000 0.1000 0.1000 0.1000],[0.0000 0.0000 0.0000 0.0000 0.0000 0.0000 0.0000],0.7225235104560852,0.7044080048611272,1.0,0.0,0.5089513444656287,None
103,0.9049490690231323,0.8175744414329529,1.6197962760925293,1.2702977657318115,[0.1000 0.1000 0.1000 0.1000 0.1000 0.1000 0.1000],[0.0000 0.0000 0.0000 0.0000 0.0000 0.0000 0.0000],0.7225235104560852,0.7044080048611272,1.0,0.0,0.5089513444656287,None
103,0.9049490690231323,0.8175744414329529,1.6197962760925293,1.2702977657318115,[0.1000 0.1000 0.1000 0.1000 0.1000 0.1000 0.1000],[0.0000 0.0000 0.0000 0.0000 0.0000 0.0000 0.0000],0.7225235104560852,0.7044080048611272,1.0,0.0,0.5089513444656287,None
103,0.9049490690231323,0.8175744414329529,1.6197962760925293,1.2702977657318115,[0.1000 0.1000 0.1000 0.1000 0.1000 0.1000 0.1000],[0.0000 0.0000 0.0000 0.0000 0.0000 0.0000 0.0000],0.7225235104560852,0.7044080048611272,1.0,0.0,0.5089513444656287,None
103,0.9049490690231323,0.8175744414329529,1.6197962760925293,1.2702977657318115,[0.1000 0.1000 0.1000 0.1000 0.1000 0.1000 0.1000],[0.0000 0.0000 0.0000 0.0000 0.0000 0.0000 0.0000],0.7225235104560852,0.7044080048611272,1.0,0.0,0.5089513444656287,None
103,0.9049490690231323,0.8175744414329529,1.6197962760925293,1.2702977657318115,[0.1000 0.1000 0.1000 0.1000 0.1000 0.1000 0.1000],[0.0000 0.0000 0.0000 0.0000 0.0000 0.0000 0.0000],0.7225235104560852,0.7044080048611272,1.0,0.0,0.5089513444656287,None
103,0.9049490690231323,0.8175744414329529,1.6197962760925293,1.2702977657318115,[0.1000 0.1000 0.1000 0.1000 0.1000 0.1000 0.1000],[0.0000 0.0000 0.0000 0.0000 0.0000 0.0000 0.0000],0.7225235104560852,0.7044080048611272,1.0,0.0,0.5089513444656287,None
103,0.9049490690231323,0.8175744414329529,1.6197962760925293,1.2702977657318115,[0.1000 0.1000 0.1000 0.1000 0.1000 0.1000 0.1000],[0.0000 0.0000 0.0000 0.0000 0.0000 0.0000 0.0000],0.7225235104560852,0.7044080048611272,1.0,0.0,0.5089513444656287,None
103,0.9049490690231323,0.8175744414329529,1.6197962760925293,1.2702977657318115,[0.1000 0.1000 0.1000 0.1000 0.1000 0.1000 0.1000],[0.0000 0.0000 0.0000 0.0000 0.0000 0.0000 0.0000],0.7225235104560852,0.7044080048611272,1.0,0.0,0.5089513444656287,None
103,0.9049490690231323,0.8175744414329529,1.6197962760925293,1.2702977657318115,[0.1000 0.1000 0.1000 0.1000 0.1000 0.1000 0.1000],[0.0000 0.0000 0.0000 0.0000 0.0000 0.0000 0.0000],0.7225235104560852,0.7044080048611272,1.0,0.0,0.5089513444656287,None
103,0.9049490690231323,0.8175744414329529,1.6197962760925293,1.2702977657318115,[0.1000 0.1000 0.1000 0.1000 0.1000 0.1000 0.1000],[0.0000 0.0000 0.0000 0.0000 0.0000 0.0000 0.0000],0.7225235104560852,0.7044080048611272,1.0,0.0,0.5089513444656287,None
103,0.9049490690231323,0.8175744414329529,1.6197962760925293,1.2702977657318115,[0.1000 0.1000 0.1000 0.1000 0.1000 0.1000 0.1000],[0.0000 0.0000 0.0000 0.0000 0.0000 0.0000 0.0000],0.7225235104560852,0.7044080048611272,1.0,0.0,0.5089513444656287,None
103,0.9049490690231323,0.8175744414329529,1.6197962760925293,1.2702977657318115,[0.1000 0.1000 0.1000 0.1000 0.1000 0.1000 0.1000],[0.0000 0.0000 0.0000 0.0000 0.0000 0.0000 0.0000],0.7225235104560852,0.7044080048611272,1.0,0.0,0.5089513444656287,None
103,0.9049490690231323,0.8175744414329529,1.6197962760925293,1.2702977657318115,[0.1000 0.1000 0.1000 0.1000 0.1000 0.1000 0.1000],[0.0000 0.0000 0.0000 0.0000 0.0000 0.0000 0.0000],0.7225235104560852,0.7044080048611272,1.0,0.0,0.5089513444656287,None
103,0.9049490690231323,0.8175744414329529,1.6197962760925293,1.2702977657318115,[0.1000 0.1000 0.1000 0.1000 0.1000 0.1000 0.1000],[0.0000 0.0000 0.0000 0.0000 0.0000 0.0000 0.0000],0.7225235104560852,0.7044080048611272,1.0,0.0,0.5089513444656287,None
103,0.9049490690231323,0.8175744414329529,1.6197962760925293,1.2702977657318115,[0.1000 0.1000 0.1000 0.1000 0.1000 0.1000 0.1000],[0.0000 0.0000 0.0000 0.0000 0.0000 0.0000 0.0000],0.7225235104560852,0.7044080048611272,1.0,0.0,0.5089513444656287,None
103,0.9049490690231323,0.8175744414329529,1.6197962760925293,1.2702977657318115,[0.1000 0.1000 0.1000 0.1000 0.1000 0.1000 0.1000],[0.0000 0.0000 0.0000 0.0000 0.0000 0.0000 0.0000],0.7225235104560852,0.7044080048611272,1.0,0.0,0.5089513444656287,None
103,0.9049490690231323,0.8175744414329529,1.6197962760925293,1.2702977657318115,[0.1000 0.1000 0.1000 0.1000 0.1000 0.1000 0.1000],[0.0000 0.0000 0.0000 0.0000 0.0000 0.0000 0.0000],0.7225235104560852,0.7044080048611272,1.0,0.0,0.5089513444656287,None
103,0.9049490690231323,0.8175744414329529,1.6197962760925293,1.2702977657318115,[0.1000 0.1000 0.1000 0.1000 0.1000 0.1000 0.1000],[0.0000 0.0000 0.0000 0.0000 0.0000 0.0000 0.0000],0.7225235104560852,0.7044080048611272,1.0,0.0,0.5089513444656287,None
103,0.9049490690231323,0.8175744414329529,1.6197962760925293,1.2702977657318115,[0.1000 0.1000 0.1000 0.1000 0.1000 0.1000 0.1000],[0.0000 0.0000 0.0000 0.0000 0.0000 0.0000 0.0000],0.7225235104560852,0.7044080048611272,1.0,0.0,0.5089513444656287,None
103,0.9049490690231323,0.8175744414329529,1.6197962760925293,1.2702977657318115,[0.1000 0.1000 0.1000 0.1000 0.1000 0.1000 0.1000],[0.0000 0.0000 0.0000 0.0000 0.0000 0.0000 0.0000],0.7225235104560852,0.7044080048611272,1.0,0.0,0.5089513444656287,None
103,0.9049490690231323,0.8175744414329529,1.6197962760925293,1.2702977657318115,[0.1000 0.1000 0.1000 0.1000 0.1000 0.1000 0.1000],[0.0000 0.0000 0.0000 0.0000 0.0000 0.0000 0.0000],0.7225235104560852,0.7044080048611272,1.0,0.0,0.5089513444656287,None
103,0.9049490690231323,0.8175744414329529,1.6197962760925293,1.2702977657318115,[0.1000 0.1000 0.1000 0.1000 0.1000 0.1000 0.1000],[0.0000 0.0000 0.0000 0.0000 0.0000 0.0000 0.0000],0.7225235104560852,0.7044080048611272,1.0,0.0,0.5089513444656287,None
103,0.9049490690231323,0.8175744414329529,1.6197962760925293,1.2702977657318115,[0.1000 0.1000 0.1000 0.1000 0.1000 0.1000 0.1000],[0.0000 0.0000 0.0000 0.0000 0.0000 0.0000 0.0000],0.7225235104560852,0.7044080048611272,1.0,0.0,0.5089513444656287,None
103,0.9049490690231323,0.8175744414329529,1.6197962760925293,1.2702977657318115,[0.1000 0.1000 0.1000 0.1000 0.1000 0.1000 0.1000],[0.0000 0.0000 0.0000 0.0000 0.0000 0.0000 0.0000],0.7225235104560852,0.7044080048611272,1.0,0.0,0.5089513444656287,None
103,0.9049490690231323,0.8175744414329529,1.6197962760925293,1.2702977657318115,[0.1000 0.1000 0.1000 0.1000 0.1000 0.1000 0.1000],[0.0000 0.0000 0.0000 0.0000 0.0000 0.0000 0.0000],0.7225235104560852,0.7044080048611272,1.0,0.0,0.5089513444656287,None
103,0.9049490690231323,0.8175744414329529,1.6197962760925293,1.2702977657318115,[0.1000 0.1000 0.1000 0.1000 0.1000 0.1000 0.1000],[0.0000 0.0000 0.0000 0.0000 0.0000 0.0000 0.0000],0.7225235104560852,0.7044080048611272,1.0,0.0,0.5089513444656287,None
103,0.9049490690231323,0.8175744414329529,1.6197962760925293,1.2702977657318115,[0.1000 0.1000 0.1000 0.1000 0.1000 0.1000 0.1000],[0.0000 0.0000 0.0000 0.0000 0.0000 0.0000 0.0000],0.7225235104560852,0.7044080048611272,1.0,0.0,0.5089513444656287,None
103,0.9049490690231323,0.8175744414329529,1.6197962760925293,1.2702977657318115,[0.1000 0.1000 0.1000 0.1000 0.1000 0.1000 0.1000],[0.0000 0.0000 0.0000 0.0000 0.0000 0.0000 0.0000],0.7225235104560852,0.7044080048611272,1.0,0.0,0.5089513444656287,None
103,0.9049490690231323,0.8175744414329529,1.6197962760925293,1.2702977657318115,[0.1000 0.1000 0.1000 0.1000 0.1000 0.1000 0.1000],[0.0000 0.0000 0.0000 0.0000 0.0000 0.0000 0.0000],0.7225235104560852,0.7044080048611272,1.0,0.0,0.5089513444656287,None
103,0.9049490690231323,0.8175744414329529,1.6197962760925293,1.2702977657318115,[0.1000 0.1000 0.1000 0.1000 0.1000 0.1000 0.1000],[0.0000 0.0000 0.0000 0.0000 0.0000 0.0000 0.0000],0.7225235104560852,0.7044080048611272,1.0,0.0,0.5089513444656287,None
103,0.9049490690231323,0.8175744414329529,1.6197962760925293,1.2702977657318115,[0.1000 0.1000 0.1000 0.1000 0.1000 0.1000 0.1000],[0.0000 0.0000 0.0000 0.0000 0.0000 0.0000 0.0000],0.7225235104560852,0.7044080048611272,1.0,0.0,0.5089513444656287,None
103,0.9049490690231323,0.8175744414329529,1.6197962760925293,1.2702977657318115,[0.1000 0.1000 0.1000 0.1000 0.1000 0.1000 0.1000],[0.0000 0.0000 0.0000 0.0000 0.0000 0.0000 0.0000],0.7225235104560852,0.7044080048611272,1.0,0.0,0.5089513444656287,None
103,0.9049490690231323,0.8175744414329529,1.6197962760925293,1.2702977657318115,[0.1000 0.1000 0.1000 0.1000 0.1000 0.1000 0.1000],[0.0000 0.0000 0.0000 0.0000 0.0000 0.0000 0.0000],0.7225235104560852,0.7044080048611272,1.0,0.0,0.5089513444656287,None
103,0.9049490690231323,0.8175744414329529,1.6197962760925293,1.2702977657318115,[0.1000 0.1000 0.1000 0.1000 0.1000 0.1000 0.1000],[0.0000 0.0000 0.0000 0.0000 0.0000 0.0000 0.0000],0.7225235104560852,0.7044080048611272,1.0,0.0,0.5089513444656287,None
103,0.9049490690231323,0.8175744414329529,1.6197962760925293,1.2702977657318115,[0.1000 0.1000 0.1000 0.1000 0.1000 0.1000 0.1000],[0.0000 0.0000 0.0000 0.0000 0.0000 0.0000 0.0000],0.7225235104560852,0.7044080048611272,1.0,0.0,0.5089513444656287,None
103,0.9049490690231323,0.8175744414329529,1.6197962760925293,1.2702977657318115,[0.1000 0.1000 0.1000 0.1000 0.1000 0.1000 0.1000],[0.0000 0.0000 0.0000 0.0000 0.0000 0.0000 0.0000],0.7225235104560852,0.7044080048611272,1.0,0.0,0.5089513444656287,None
103,0.9049490690231323,0.8175744414329529,1.6197962760925293,1.2702977657318115,[0.1000 0.1000 0.1000 0.1000 0.1000 0.1000 0.1000],[0.0000 0.0000 0.0000 0.0000 0.0000 0.0000 0.0000],0.7225235104560852,0.7044080048611272,1.0,0.0,0.5089513444656287,None
103,0.9049490690231323,0.8175744414329529,1.6197962760925293,1.2702977657318115,[0.1000 0.1000 0.1000 0.1000 0.1000 0.1000 0.1000],[0.0000 0.0000 0.0000 0.0000 0.0000 0.0000 0.0000],0.7225235104560852,0.7044080048611272,1.0,0.0,0.5089513444656287,None
103,0.9049490690231323,0.8175744414329529,1.6197962760925293,1.2702977657318115,[0.1000 0.1000 0.1000 0.1000 0.1000 0.1000 0.1000],[0.0000 0.0000 0.0000 0.0000 0.0000 0.0000 0.0000],0.7225235104560852,0.7044080048611272,1.0,0.0,0.5089513444656287,None
103,0.9049490690231323,0.8175744414329529,1.6197962760925293,1.2702977657318115,[0.1000 0.1000 0.1000 0.1000 0.1000 0.1000 0.1000],[0.0000 0.0000 0.0000 0.0000 0.0000 0.0000 0.0000],0.7225235104560852,0.7044080048611272,1.0,0.0,0.5089513444656287,None
103,0.9049490690231323,0.8175744414329529,1.6197962760925293,1.2702977657318115,[0.1000 0.1000 0.1000 0.1000 0.1000 0.1000 0.1000],[0.0000 0.0000 0.0000 0.0000 0.0000 0.0000 0.0000],0.7225235104560852,0.7044080048611272,1.0,0.0,0.5089513444656287,None
103,0.9049490690231323,0.8175744414329529,1.6197962760925293,1.2702977657318115,[0.1000 0.1000 0.1000 0.1000 0.1000 0.1000 0.1000],[0.0000 0.0000 0.0000 0.0000 0.0000 0.0000 0.0000],0.7225235104560852,0.7044080048611272,1.0,0.0,0.5089513444656287,None
103,0.9049490690231323,0.8175744414329529,1.6197962760925293,1.2702977657318115,[0.1000 0.1000 0.1000 0.1000 0.1000 0.1000 0.1000],[0.0000 0.0000 0.0000 0.0000 0.0000 0.0000 0.0000],0.7225235104560852,0.7044080048611272,1.0,0.0,0.5089513444656287,None
103,0.9049490690231323,0.8175744414329529,1.6197962760925293,1.2702977657318115,[0.1000 0.1000 0.1000 0.1000 0.1000 0.1000 0.1000],[0.0000 0.0000 0.0000 0.0000 0.0000 0.0000 0.0000],0.7225235104560852,0.7044080048611272,1.0,0.0,0.5089513444656287,None
103,0.9049490690231323,0.8175744414329529,1.6197962760925293,1.2702977657318115,[0.1000 0.1000 0.1000 0.1000 0.1000 0.1000 0.1000],[0.0000 0.0000 0.0000 0.0000 0.0000 0.0000 0.0000],0.7225235104560852,0.7044080048611272,1.0,0.0,0.5089513444656287,None
103,0.9049490690231323,0.8175744414329529,1.6197962760925293,1.2702977657318115,[0.1000 0.1000 0.1000 0.1000 0.1000 0.1000 0.1000],[0.0000 0.0000 0.0000 0.0000 0.0000 0.0000 0.0000],0.7225235104560852,0.7044080048611272,1.0,0.0,0.5089513444656287,None
103,0.9049490690231323,0.8175744414329529,1.6197962760925293,1.2702977657318115,[0.1000 0.1000 0.1000 0.1000 0.1000 0.1000 0.1000],[0.0000 0.0000 0.0000 0.0000 0.0000 0.0000 0.0000],0.7225235104560852,0.7044080048611272,1.0,0.0,0.5089513444656287,None
103,0.9048820734024048,0.8174599409103394,1.6195282936096191,1.2698397636413574,[0.1079 0.1000 0.1000 0.1000 0.1000 0.1000 0.1000],[-0.0793 0.0000 0.0000 0.0000 0.0000 0.0000 0.0000],0.7223420143127441,0.7043276602519852,1.0,0.0,0.5087654608426011,None
103,0.9048892855644226,0.8174722194671631,1.6195571422576904,1.2698888778686523,[0.1071 0.1000 0.1000 0.1000 0.1000 0.1000 0.1000],[-0.0708 0.0000 0.0000 0.0000 0.0000 0.0000 0.0000],0.7223615050315857,0.7043362279594276,1.0,0.0,0.5087853776770421,None
103,0.9048964381217957,0.8174844980239868,1.6195857524871826,1.2699379920959473,[0.1062 0.1000 0.1000 0.1000 0.1000 0.1000 0.1000],[-0.0623 0.0000 0.0000 0.0000 0.0000 0.0000 0.0000],0.7223809361457825,0.704344896716108,1.0,0.0,0.5088053258592866,None
103,0.9049030542373657,0.8174958825111389,1.619612216949463,1.2699835300445557,[0.1054 0.1000 0.1000 0.1000 0.1000 0.1000 0.1000],[-0.0544 0.0000 0.0000 0.0000 0.0000 0.0000 0.0000],0.7223989367485046,0.7043529609040083,1.0,0.0,0.5088238300527167,None
103,0.9049093127250671,0.8175065517425537,1.6196372509002686,1.2700262069702148,[0.1047 0.1000 0.1000 0.1000 0.1000 0.1000 0.1000],[-0.0470 0.0000 0.0000 0.0000 0.0000 0.0000 0.0000],0.7224158644676208,0.7043604204736561,1.0,0.0,0.5088411420532531,None
103,0.9049147963523865,0.8175157904624939,1.619659185409546,1.2700631618499756,[0.1041 0.1000 0.1000 0.1000 0.1000 0.1000 0.1000],[-0.0406 0.0000 0.0000 0.0000 0.0000 0.0000 0.0000],0.7224305868148804,0.7043667713366906,1.0,0.0,0.5088560999496681,None
103,0.9049214124679565,0.8175273537635803,1.6196856498718262,1.2701094150543213,[0.1033 0.1000 0.1000 0.1000 0.1000 0.1000 0.1000],[-0.0326 0.0000 0.0000 0.0000 0.0000 0.0000 0.0000],0.7224487662315369,0.7043751385549987,1.0,0.0,0.5088749498132267,None
103,0.9049280881881714,0.8175387382507324,1.6197123527526855,1.2701549530029297,[0.1025 0.1000 0.1000 0.1000 0.1000 0.1000 0.1000],[-0.0248 0.0000 0.0000 0.0000 0.0000 0.0000 0.0000],0.7224668264389038,0.7043831027538532,1.0,0.0,0.5088934248437645,None
103,0.904934823513031,0.8175501227378845,1.619739294052124,1.270200490951538,[0.1017 0.1000 0.1000 0.1000 0.1000 0.1000 0.1000],[-0.0169 0.0000 0.0000 0.0000 0.0000 0.0000 0.0000],0.7224849462509155,0.7043909663505756,1.0,0.0,0.508911869463426,None
103,0.9049413204193115,0.8175613880157471,1.619765281677246,1.2702455520629883,[0.1009 0.1000 0.1000 0.1000 0.1000 0.1000 0.1000],[-0.0091 0.0000 0.0000 0.0000 0.0000 0.0000 0.0000],0.7225027084350586,0.7043990317952857,1.0,0.0,0.5089302082911269,None
103,0.9049482941627502,0.8175731301307678,1.619793176651001,1.2702925205230713,[0.1001 0.1000 0.1000 0.1000 0.1000 0.1000 0.1000],[-0.0009 0.0000 0.0000 0.0000 0.0000 0.0000 0.0000],0.7225214242935181,0.7044070974600669,1.0,0.0,0.5089492193393106,None
103,0.904954195022583,0.817583441734314,1.619816780090332,1.2703337669372559,[0.0994 0.1000 0.1000 0.1000 0.1000 0.1000 0.1000],[0.0062 0.0000 0.0000 0.0000 0.0000 0.0000 0.0000],0.722537636756897,0.7044145583959368,0.9937883913516998,0.006211608648300226,0.5058045325249233,None
103,0.904960572719574,0.8175941705703735,1.619842290878296,1.2703766822814941,[0.0986 0.1000 0.1000 0.1000 0.1000 0.1000 0.1000],[0.0136 0.0000 0.0000 0.0000 0.0000 0.0000 0.0000],0.7225547432899475,0.7044219186928766,0.9863503277301788,0.013649672269821223,0.5020359420468788,None
103,0.9049667119979858,0.8176047801971436,1.6198668479919434,1.2704191207885742,[0.0979 0.1000 0.1000 0.1000 0.1000 0.1000 0.1000],[0.0210 0.0000 0.0000 0.0000 0.0000 0.0000 0.0000],0.7225714921951294,0.7044294808326745,0.9789989143610001,0.021001085638999994,0.4983110946371957,None
103,0.9049730896949768,0.8176156282424927,1.6198923587799072,1.2704625129699707,[0.0971 0.1000 0.1000 0.1000 0.1000 0.1000 0.1000],[0.0285 0.0000 0.0000 0.0000 0.0000 0.0000 0.0000],0.7225887179374695,0.704437043165954,0.9714986383914948,0.028501361608505305,0.49451054639852154,None
103,0.904979407787323,0.8176264762878418,1.619917631149292,1.2705059051513672,[0.0964 0.1000 0.1000 0.1000 0.1000 0.1000 0.1000],[0.0360 0.0000 0.0000 0.0000 0.0000 0.0000 0.0000],0.7226058840751648,0.7044447065277274,0.9639865905046463,0.036013409495353754,0.49070377199020604,None
103,0.9049850702285767,0.8176361918449402,1.6199402809143066,1.2705447673797607,[0.0957 0.1000 0.1000 0.1000 0.1000 0.1000 0.1000],[0.0427 0.0000 0.0000 0.0000 0.0000 0.0000 0.0000],0.7226212620735168,0.7044515633882722,0.9572894126176834,0.042710587382316645,0.4873097816382773,None
103,0.9049912095069885,0.8176468014717102,1.619964838027954,1.2705872058868408,[0.0950 0.1000 0.1000 0.1000 0.1000 0.1000 0.1000],[0.0500 0.0000 0.0000 0.0000 0.0000 0.0000 0.0000],0.7226380109786987,0.7044591262866026,0.9499526023864746,0.050047397613525446,0.4835913660908024,None
103,0.9049975872039795,0.8176576495170593,1.619990348815918,1.2706305980682373,[0.0942 0.1000 0.1000 0.1000 0.1000 0.1000 0.1000],[0.0576 0.0000 0.0000 0.0000 0.0000 0.0000 0.0000],0.7226552367210388,0.7044666893784727,0.9424365311861038,0.057563468813896235,0.47978175488082836,None
103,0.9050039052963257,0.8176684975624084,1.6200156211853027,1.2706739902496338,[0.0935 0.1000 0.1000 0.1000 0.1000 0.1000 0.1000],[0.0651 0.0000 0.0000 0.0000 0.0000 0.0000 0.0000],0.7226724028587341,0.7044743535090106,0.9348959475755692,0.0651040524244309,0.4759594289819618,None
103,0.9050100445747375,0.8176791667938232,1.6200401782989502,1.270716667175293,[0.0928 0.1000 0.1000 0.1000 0.1000 0.1000 0.1000],[0.0724 0.0000 0.0000 0.0000 0.0000 0.0000 0.0000],0.7226892113685608,0.7044820178383144,0.9275530278682709,0.07244697213172918,0.47223723886821717,None
103,0.9050164222717285,0.8176900148391724,1.620065689086914,1.2707600593566895,[0.0920 0.1000 0.1000 0.1000 0.1000 0.1000 0.1000],[0.0799 0.0000 0.0000 0.0000 0.0000 0.0000 0.0000],0.7227064371109009,0.7044895815160552,0.9200625121593475,0.07993748784065252,0.4684398503920953,None
103,0.9050222635269165,0.8176998496055603,1.620089054107666,1.2707993984222412,[0.0913 0.1000 0.1000 0.1000 0.1000 0.1000 0.1000],[0.0868 0.0000 0.0000 0.0000 0.0000 0.0000 0.0000],0.7227221131324768,0.7044963385652283,0.9131632000207901,0.08683679997920996,0.46494168444433426,None
103,0.9050288200378418,0.8177111744880676,1.6201152801513672,1.2708446979522705,[0.0905 0.1000 0.1000 0.1000 0.1000 0.1000 0.1000],[0.0947 0.0000 0.0000 0.0000 0.0000 0.0000 0.0000],0.7227399945259094,0.7045044068860347,0.9053413569927216,0.0946586430072785,0.4609758375530926,None
103,0.9050355553627014,0.8177226185798645,1.6201422214508057,1.270890474319458,[0.0897 0.1000 0.1000 0.1000 0.1000 0.1000 0.1000],[0.1026 0.0000 0.0000 0.0000 0.0000 0.0000 0.0000],0.7227581739425659,0.7045123745690238,0.8974365144968033,0.10256348550319677,0.45696756311843995,None
103,0.9050421714782715,0.8177340030670166,1.620168685913086,1.2709360122680664,[0.0890 0.1000 0.1000 0.1000 0.1000 0.1000 0.1000],[0.1104 0.0000 0.0000 0.0000 0.0000 0.0000 0.0000],0.7227761745452881,0.7045204433277068,0.8895663172006607,0.11043368279933935,0.45297659004191954,None
103,0.9050485491752625,0.8177449107170105,1.6201941967010498,1.270979642868042,[0.0882 0.1000 0.1000 0.1000 0.1000 0.1000 0.1000],[0.1180 0.0000 0.0000 0.0000 0.0000 0.0000 0.0000],0.722793459892273,0.7045281088525477,0.8819733560085297,0.11802664399147039,0.4491258010062717,None
103,0.90505450963974,0.8177552223205566,1.62021803855896,1.2710208892822266,[0.0875 0.1000 0.1000 0.1000 0.1000 0.1000 0.1000],[0.1251 0.0000 0.0000 0.0000 0.0000 0.0000 0.0000],0.7228097319602966,0.7045354719781352,0.8748847246170044,0.12511527538299566,0.4455307552764668,None
103,0.9050606489181519,0.8177657127380371,1.6202425956726074,1.2710628509521484,[0.0868 0.1000 0.1000 0.1000 0.1000 0.1000 0.1000],[0.1324 0.0000 0.0000 0.0000 0.0000 0.0000 0.0000],0.722826361656189,0.7045428352872201,0.8675853163003922,0.1324146836996079,0.4418283498331604,None
103,0.905066967010498,0.8177763819694519,1.6202678680419922,1.2711055278778076,[0.0860 0.1000 0.1000 0.1000 0.1000 0.1000 0.1000],[0.1399 0.0000 0.0000 0.0000 0.0000 0.0000 0.0000],0.72284334897995,0.7045501987798162,0.8601495623588562,0.13985043764114385,0.4380564747131743,None
103,0.9050732254981995,0.8177871704101562,1.6202929019927979,1.271148681640625,[0.0853 0.1000 0.1000 0.1000 0.1000 0.1000 0.1000],[0.1473 0.0000 0.0000 0.0000 0.0000 0.0000 0.0000],0.7228603959083557,0.7045578650766902,0.852711871266365,0.147288128733635,0.4342835785349883,None
103,0.9050794839859009,0.8177978992462158,1.6203179359436035,1.2711915969848633,[0.0845 0.1000 0.1000 0.1000 0.1000 0.1000 0.1000],[0.1547 0.0000 0.0000 0.0000 0.0000 0.0000 0.0000],0.7228773832321167,0.7045654306962622,0.8452747017145157,0.15472529828548437,0.43051059009759607,None
103,0.9050857424736023,0.8178086280822754,1.6203429698944092,1.2712345123291016,[0.0838 0.1000 0.1000 0.1000 0.1000 0.1000 0.1000],[0.1621 0.0000 0.0000 0.0000 0.0000 0.0000 0.0000],0.7228943705558777,0.7045729965095829,0.8378831297159195,0.16211687028408056,0.4267605669068938,None
103,0.9038745164871216,0.8178824186325073,1.6154980659484863,1.2715296745300293,[0.0831 0.1073 0.1000 0.1000 0.1000 0.1000 0.1000],[0.1693 -0.0729 0.0000 0.0000 0.0000 0.0000 0.0000],0.7217569351196289,0.7067559073832617,0.830681249499321,0.16931875050067907,0.42373547084206153,None
103,0.9040354490280151,0.8178836107254028,1.6161417961120605,1.2715344429016113,[0.0824 0.1064 0.1000 0.1000 0.1000 0.1000 0.1000],[0.1757 -0.0638 0.0000 0.0000 0.0000 0.0000 0.0000],0.721919059753418,0.7064836660377956,0.8243205398321152,0.17567946016788488,0.4204232787227352,None
103,0.904220461845398,0.8178847432136536,1.6168818473815918,1.2715389728546143,[0.0817 0.1053 0.1000 0.1000 0.1000 0.1000 0.1000],[0.1828 -0.0532 0.0000 0.0000 0.0000 0.0000 0.0000],0.7221052050590515,0.7061705960395652,0.8171986043453217,0.1828013956546784,0.41671364552704654,None
103,0.90440833568573,0.8178858160972595,1.61763334274292,1.271543264389038,[0.0810 0.1042 0.1000 0.1000 0.1000 0.1000 0.1000],[0.1901 -0.0424 0.0000 0.0000 0.0000 0.0000 0.0000],0.7222941517829895,0.7058528946454334,0.8099369704723358,0.19006302952766424,0.41293293387589514,None
103,0.9046041965484619,0.8178865909576416,1.6184167861938477,1.2715463638305664,[0.0803 0.1031 0.1000 0.1000 0.1000 0.1000 0.1000],[0.1975 -0.0310 0.0000 0.0000 0.0000 0.0000 0.0000],0.7224907875061035,0.7055214683702387,0.8025466650724411,0.19745333492755895,0.40908432764766517,None
103,0.9048060774803162,0.8178872466087341,1.6192243099212646,1.2715489864349365,[0.0795 0.1019 0.1000 0.1000 0.1000 0.1000 0.1000],[0.2050 -0.0192 0.0000 0.0000 0.0000 0.0000 0.0000],0.7226933240890503,0.7051800025921205,0.7950035482645035,0.20499645173549658,0.405156768020833,None
103,0.9050072431564331,0.8178877830505371,1.6200289726257324,1.2715511322021484,[0.0787 0.1007 0.1000 0.1000 0.1000 0.1000 0.1000],[0.2125 -0.0074 0.0000 0.0000 0.0000 0.0000 0.0000],0.7228950262069702,0.7048399415471396,0.7874846458435059,0.2125153541564942,0.40124334098193565,None
103,0.9052013754844666,0.8178890347480774,1.6208055019378662,1.2715561389923096,[0.0780 0.0996 0.1000 0.1000 0.1000 0.1000 0.1000],[0.2203 0.0041 0.0000 0.0000 0.0000 0.0000 0.0000],0.723090410232544,0.7045133831518098,0.7796508818864822,0.22034911811351782,0.39717510941703477,None
103,0.905369222164154,0.8178901672363281,1.6214768886566162,1.2715606689453125,[0.0773 0.0986 0.1000 0.1000 0.1000 0.1000 0.1000],[0.2271 0.0141 0.0000 0.0000 0.0000 0.0000 0.0000],0.7232593894004822,0.7042314165976618,0.7728573679924011,0.22714263200759893,0.39364870544440805,None
103,0.905541718006134,0.8178912401199341,1.6221668720245361,1.2715649604797363,[0.0766 0.0976 0.1000 0.1000 0.1000 0.1000 0.1000],[0.2341 0.0244 0.0000 0.0000 0.0000 0.0000 0.0000],0.7234329581260681,0.7039417660557303,0.765862837433815,0.23413716256618505,0.39001922973334785,None
103,0.9057168364524841,0.81789231300354,1.6228673458099365,1.2715692520141602,[0.0759 0.0965 0.1000 0.1000 0.1000 0.1000 0.1000],[0.2413 0.0350 0.0000 0.0000 0.0000 0.0000 0.0000],0.7236091494560242,0.7036479737728387,0.758713036775589,0.24128696322441107,0.38631096692081973,None
103,0.9058886766433716,0.8178935050964355,1.6235547065734863,1.2715740203857422,[0.0752 0.0955 0.1000 0.1000 0.1000 0.1000 0.1000],[0.2484 0.0454 0.0000 0.0000 0.0000 0.0000 0.0000],0.7237821817398071,0.703360198983791,0.751601830124855,0.24839816987514501,0.3826251435332574,None
103,0.9060576558113098,0.817894697189331,1.6242306232452393,1.2715787887573242,[0.0745 0.0944 0.1000 0.1000 0.1000 0.1000 0.1000],[0.2555 0.0558 0.0000 0.0000 0.0000 0.0000 0.0000],0.7239523530006409,0.703077520854384,0.7445437461137772,0.2554562538862229,0.3789687652694891,None
103,0.9062064290046692,0.81789630651474,1.6248257160186768,1.27158522605896,[0.0738 0.0935 0.1000 0.1000 0.1000 0.1000 0.1000],[0.2621 0.0649 0.0000 0.0000 0.0000 0.0000 0.0000],0.7241027355194092,0.7028298088806194,0.7379274070262909,0.26207259297370916,0.37554674447685465,None
103,0.9063683152198792,0.8178977370262146,1.6254732608795166,1.2715909481048584,[0.0731 0.0925 0.1000 0.1000 0.1000 0.1000 0.1000],[0.2691 0.0749 0.0000 0.0000 0.0000 0.0000 0.0000],0.7242660522460938,0.7025599586577749,0.7309123128652573,0.2690876871347428,0.3719176608153128,None
103,0.9065293073654175,0.8178991675376892,1.62611722946167,1.2715966701507568,[0.0724 0.0915 0.1000 0.1000 0.1000 0.1000 0.1000],[0.2762 0.0849 0.0000 0.0000 0.0000 0.0000 0.0000],0.7244284749031067,0.7022918546164243,0.7238423824310303,0.2761576175689698,0.3682622076872751,None
103,0.9066901803016663,0.8179007172584534,1.626760721206665,1.2716028690338135,[0.0717 0.0905 0.1000 0.1000 0.1000 0.1000 0.1000],[0.2833 0.0950 0.0000 0.0000 0.0000 0.0000 0.0000],0.7245908975601196,0.7020243918653527,0.7167425006628036,0.2832574993371964,0.36459292229162393,None
103,0.9068484902381897,0.8179020881652832,1.6273939609527588,1.2716083526611328,[0.0710 0.0895 0.1000 0.1000 0.1000 0.1000 0.1000],[0.2902 0.1050 0.0000 0.0000 0.0000 0.0000 0.0000],0.7247505784034729,0.7017611660549443,0.7097521424293518,0.29024785757064825,0.3609812250002841,None
103,0.9070104956626892,0.817903995513916,1.6280419826507568,1.271615982055664,[0.0702 0.0885 0.1000 0.1000 0.1000 0.1000 0.1000],[0.2977 0.1152 0.0000 0.0000 0.0000 0.0000 0.0000],0.7249144911766052,0.701492880907719,0.7022673636674881,0.29773263633251196,0.3571186534905018,None
103,0.9071636199951172,0.8179054260253906,1.6286544799804688,1.2716217041015625,[0.0695 0.0875 0.1000 0.1000 0.1000 0.1000 0.1000],[0.3046 0.1250 0.0000 0.0000 0.0000 0.0000 0.0000],0.7250690460205078,0.7012389015120499,0.6953886896371841,0.3046113103628159,0.3535680297722893,None
103,0.9073169827461243,0.8179069757461548,1.629267930984497,1.2716279029846191,[0.0688 0.0865 0.1000 0.1000 0.1000 0.1000 0.1000],[0.3117 0.1349 0.0000 0.0000 0.0000 0.0000 0.0000],0.725223958492279,0.7009849385064868,0.6883346289396286,0.31166537106037145,0.34992941317237664,None
103,0.9074689149856567,0.8179085850715637,1.629875659942627,1.2716343402862549,[0.0681 0.0855 0.1000 0.1000 0.1000 0.1000 0.1000],[0.3187 0.1447 0.0000 0.0000 0.0000 0.0000 0.0000],0.7253775000572205,0.7007336806219366,0.6812886148691177,0.3187113851308823,0.3462965812672295,None
103,0.9076198935508728,0.8179102540016174,1.6304795742034912,1.2716410160064697,[0.0674 0.0845 0.1000 0.1000 0.1000 0.1000 0.1000],[0.3258 0.1545 0.0000 0.0000 0.0000 0.0000 0.0000],0.7255301475524902,0.7004843250358082,0.6742089241743088,0.3257910758256913,0.3426481420680477,None
103,0.9077731966972351,0.817911684513092,1.6310927867889404,1.2716467380523682,[0.0667 0.0835 0.1000 0.1000 0.1000 0.1000 0.1000],[0.3329 0.1646 0.0000 0.0000 0.0000 0.0000 0.0000],0.7256848812103271,0.7002309018858964,0.667145773768425,0.33285422623157507,0.3390081093962178,None
103,0.9079131484031677,0.817913293838501,1.631652593612671,1.271653175354004,[0.0660 0.0826 0.1000 0.1000 0.1000 0.1000 0.1000],[0.3395 0.1738 0.0000 0.0000 0.0000 0.0000 0.0000],0.7258264422416687,0.70000024239232,0.660463497042656,0.3395365029573441,0.33556742540075696,None
103,0.908056914806366,0.8179150819778442,1.6322276592254639,1.271660327911377,[0.0653 0.0817 0.1000 0.1000 0.1000 0.1000 0.1000],[0.3465 0.1833 0.0000 0.0000 0.0000 0.0000 0.0000],0.7259719967842102,0.6997637050113332,0.6534984707832336,0.3465015292167664,0.3319830093667839,None
103,0.9082034230232239,0.8179168105125427,1.6328136920928955,1.271667242050171,[0.0646 0.0807 0.1000 0.1000 0.1000 0.1000 0.1000],[0.3536 0.1931 0.0000 0.0000 0.0000 0.0000 0.0000],0.7261202335357666,0.699522692186779,0.6463752686977386,0.3536247313022614,0.32831829015120356,None
103,0.9083478450775146,0.8179186582565308,1.6333913803100586,1.271674633026123,[0.0639 0.0797 0.1000 0.1000 0.1000 0.1000 0.1000],[0.3607 0.2028 0.0000 0.0000 0.0000 0.0000 0.0000],0.7262665033340454,0.699285539388303,0.6392612308263779,0.3607387691736222,0.3246601076810163,None
103,0.9084882736206055,0.8179206252098083,1.6339530944824219,1.2716825008392334,[0.0632 0.0788 0.1000 0.1000 0.1000 0.1000 0.1000],[0.3678 0.2123 0.0000 0.0000 0.0000 0.0000 0.0000],0.7264088988304138,0.6990554064104206,0.6321632117033005,0.3678367882966996,0.321012521885003,None
103,0.9086435437202454,0.8179227709770203,1.6345741748809814,1.271691083908081,[0.0624 0.0777 0.1000 0.1000 0.1000 0.1000 0.1000],[0.3757 0.2229 0.0000 0.0000 0.0000 0.0000 0.0000],0.7265663146972656,0.6988011076660057,0.62429528683424,0.3757047131657601,0.31697054020396936,None
103,0.9087656140327454,0.8179241418838501,1.6350624561309814,1.2716965675354004,[0.0618 0.0769 0.1000 0.1000 0.1000 0.1000 0.1000],[0.3817 0.2313 0.0000 0.0000 0.0000 0.0000 0.0000],0.7266897559165955,0.6986008093094886,0.6183072179555893,0.38169278204441076,0.3138935840154482,None
103,0.9088980555534363,0.8179256916046143,1.6355922222137451,1.271702766418457,[0.0612 0.0760 0.1000 0.1000 0.1000 0.1000 0.1000],[0.3883 0.2404 0.0000 0.0000 0.0000 0.0000 0.0000],0.7268237471580505,0.6983837472071142,0.6117385253310204,0.3882614746689797,0.3105196329280954,None
103,0.9090300798416138,0.8179272413253784,1.636120319366455,1.2717089653015137,[0.0605 0.0750 0.1000 0.1000 0.1000 0.1000 0.1000],[0.3949 0.2496 0.0000 0.0000 0.0000 0.0000 0.0000],0.7269573211669922,0.6981675323689723,0.6051116436719894,0.3948883563280106,0.30711715283520297,None
103,0.9091655015945435,0.8179288506507874,1.6366620063781738,1.2717154026031494,[0.0598 0.0741 0.1000 0.1000 0.1000 0.1000 0.1000],[0.4017 0.2590 0.0000 0.0000 0.0000 0.0000 0.0000],0.7270943522453308,0.6979459469833982,0.5983031913638115,0.40169680863618856,0.30362244991845894,None
103,0.909300684928894,0.8179304599761963,1.6372027397155762,1.2717218399047852,[0.0591 0.0731 0.1000 0.1000 0.1000 0.1000 0.1000],[0.4086 0.2685 0.0000 0.0000 0.0000 0.0000 0.0000],0.7272311449050903,0.6977249184059364,0.5914339795708656,0.4085660204291344,0.3000979135220324,None
103,0.9094460010528564,0.8179326057434082,1.6377840042114258,1.2717304229736328,[0.0584 0.0721 0.1000 0.1000 0.1000 0.1000 0.1000],[0.4162 0.2788 0.0000 0.0000 0.0000 0.0000 0.0000],0.7273786067962646,0.6974881898017067,0.5837748944759369,0.41622510552406317,0.2961711802652007,None
103,0.909568190574646,0.8179340958595276,1.638272762298584,1.2717363834381104,[0.0577 0.0712 0.1000 0.1000 0.1000 0.1000 0.1000],[0.4225 0.2875 0.0000 0.0000 0.0000 0.0000 0.0000],0.7275022864341736,0.6972887601770981,0.5774649605154991,0.42253503948450094,0.29293594433468395,None
103,0.9096949100494385,0.8179357051849365,1.638779640197754,1.271742820739746,[0.0571 0.0703 0.1000 0.1000 0.1000 0.1000 0.1000],[0.4291 0.2966 0.0000 0.0000 0.0000 0.0000 0.0000],0.727630615234375,0.6970821813354289,0.5708826333284378,0.42911736667156225,0.28956213959875715,None
103,0.9098249673843384,0.8179373145103455,1.6392998695373535,1.2717492580413818,[0.0564 0.0694 0.1000 0.1000 0.1000 0.1000 0.1000],[0.4359 0.3060 0.0000 0.0000 0.0000 0.0000 0.0000],0.7277622818946838,0.6968702375648459,0.5640777200460434,0.43592227995395666,0.28607532926882084,None
103,0.9099559187889099,0.8179389238357544,1.6398236751556396,1.2717556953430176,[0.0557 0.0684 0.1000 0.1000 0.1000 0.1000 0.1000],[0.4428 0.3155 0.0000 0.0000 0.0000 0.0000 0.0000],0.7278948426246643,0.6966569681809791,0.5572361499071121,0.44276385009288793,0.2825705588873352,None
103,0.9100780487060547,0.8179404735565186,1.6403121948242188,1.2717618942260742,[0.0551 0.0676 0.1000 0.1000 0.1000 0.1000 0.1000],[0.4493 0.3245 0.0000 0.0000 0.0000 0.0000 0.0000],0.7280185222625732,0.6964582810394325,0.5507261678576469,0.4492738321423531,0.2792371828962947,None
103,0.9101952314376831,0.8179425001144409,1.6407809257507324,1.2717700004577637,[0.0544 0.0667 0.1000 0.1000 0.1000 0.1000 0.1000],[0.4558 0.3331 0.0000 0.0000 0.0000 0.0000 0.0000],0.728137731552124,0.6962686527155253,0.5441692844033241,0.45583071559667593,0.275882659390809,None
103,0.9103169441223145,0.8179444670677185,1.6412677764892578,1.271777868270874,[0.0537 0.0658 0.1000 0.1000 0.1000 0.1000 0.1000],[0.4626 0.3421 0.0000 0.0000 0.0000 0.0000 0.0000],0.728261411190033,0.6960715922217933,0.5373518168926239,0.46264818310737615,0.2723955007328778,None
103,0.9077663421630859,0.8150800466537476,1.6310653686523438,1.2603201866149902,[0.0530 0.0648 0.1077 0.1000 0.1000 0.1000 0.1000],[0.4697 0.3515 -0.0766 0.0000 0.0000 0.0000 0.0000],0.7228463888168335,0.695555759605575,0.5302581936120987,0.46974180638790136,0.26660319817366923,None
103,0.9084727764129639,0.815688967704773,1.6338911056518555,1.2627558708190918,[0.0523 0.0639 0.1060 0.1000 0.1000 0.1000 0.1000],[0.4768 0.3609 -0.0604 0.0000 0.0000 0.0000 0.0000],0.7241617441177368,0.6953956521843607,0.5231521651148796,0.47684783488512045,0.26344840666610786,None
103,0.9091602563858032,0.8162881731987,1.636641025543213,1.2651526927947998,[0.0516 0.0630 0.1045 0.1000 0.1000 0.1000 0.1000],[0.4839 0.3702 -0.0445 0.0000 0.0000 0.0000 0.0000],0.7254484295845032,0.6952507864044548,0.5161027982831001,0.4838972017168999,0.2603060412661047,None
103,0.9098260402679443,0.8168739080429077,1.6393041610717773,1.2674956321716309,[0.0509 0.0621 0.1029 0.1000 0.1000 0.1000 0.1000],[0.4910 0.3795 -0.0289 0.0000 0.0000 0.0000 0.0000],0.726699948310852,0.6951194787707213,0.5090407282114029,0.49095927178859716,0.2571385078325828,None
103,0.9104775786399841,0.817452073097229,1.6419103145599365,1.269808292388916,[0.0502 0.0611 0.1013 0.1000 0.1000 0.1000 0.1000],[0.4982 0.3887 -0.0135 0.0000 0.0000 0.0000 0.0000],0.7279296517372131,0.694999171242511,0.5018479749560356,0.49815202504396444,0.2538901622827508,None
103,0.9110894203186035,0.8180052042007446,1.644357681274414,1.2720208168029785,[0.0495 0.0603 0.0999 0.1000 0.1000 0.1000 0.1000],[0.5045 0.3973 0.0013 0.0000 0.0000 0.0000 0.0000],0.7290946245193481,0.6949029398406814,0.4954787343740463,0.5045212656259537,0.2510342997799171,None
103,0.9117035269737244,0.8185657858848572,1.6468141078948975,1.2742631435394287,[0.0489 0.0594 0.0984 0.1000 0.1000 0.1000 0.1000],[0.5111 0.4060 0.0163 0.0000 0.0000 0.0000 0.0000],0.7302693128585815,0.694815234507246,0.4889361560344696,0.5110638439655304,0.24808730267973275,None
103,0.9123045206069946,0.8191194534301758,1.6492180824279785,1.2764778137207031,[0.0482 0.0585 0.0969 0.1000 0.1000 0.1000 0.1000],[0.5176 0.4147 0.0312 0.0000 0.0000 0.0000 0.0000],0.7314239740371704,0.6947377075745862,0.4823598265647888,0.5176401734352112,0.2451100919067325,None
103,0.9129419326782227,0.819713830947876,1.6517677307128906,1.278855323791504,[0.0475 0.0576 0.0953 0.1000 0.1000 0.1000 0.1000],[0.5246 0.4241 0.0472 0.0000 0.0000 0.0000 0.0000],0.7326557636260986,0.6946672278802246,0.4753551632165909,0.5246448367834091,0.24193293645764172,None
103,0.9135755896568298,0.8203060626983643,1.6543023586273193,1.281224250793457,[0.0468 0.0566 0.0937 0.1000 0.1000 0.1000 0.1000],[0.5324 0.4339 0.0632 0.0000 0.0000 0.0000 0.0000],0.7338816523551941,0.6945993992172484,0.46764086931943893,0.5323591306805611,0.23838168904403242,None
103,0.914101779460907,0.8208065032958984,1.656407117843628,1.2832260131835938,[0.0462 0.0558 0.0923 0.1000 0.1000 0.1000 0.1000],[0.5384 0.4419 0.0768 0.0000 0.0000 0.0000 0.0000],0.7349082827568054,0.6945572456825853,0.46155955642461777,0.5384404435753822,0.23559655498703327,None
103,0.9147016406059265,0.8213828206062317,1.658806562423706,1.2855312824249268,[0.0455 0.0549 0.0908 0.1000 0.1000 0.1000 0.1000],[0.5455 0.4512 0.0925 0.0000 0.0000 0.0000 0.0000],0.7360844612121582,0.6945187076109327,0.4545241966843605,0.5454758033156395,0.23236387277736054,None
103,0.9152767062187195,0.8219413161277771,1.661106824874878,1.2877652645111084,[0.0448 0.0540 0.0892 0.1000 0.1000 0.1000 0.1000],[0.5523 0.4603 0.1077 0.0000 0.0000 0.0000 0.0000],0.7372180223464966,0.6944915875283589,0.4476861283183098,0.5523138716816902,0.22921158848238068,None
103,0.9158660173416138,0.822520911693573,1.663464069366455,1.290083646774292,[0.0441 0.0530 0.0876 0.1000 0.1000 0.1000 0.1000],[0.5593 0.4696 0.1236 0.0000 0.0000 0.0000 0.0000],0.7383869290351868,0.6944756873045277,0.4407300055027008,0.5592699944972992,0.22600271963075969,None
103,0.9164426922798157,0.8230937719345093,1.6657707691192627,1.292375087738037,[0.0434 0.0521 0.0861 0.1000 0.1000 0.1000 0.1000],[0.5663 0.4789 0.1393 0.0000 0.0000 0.0000 0.0000],0.739536464214325,0.6944694444980889,0.43373536318540573,0.5662646368145943,0.22276018360544278,None
103,0.9169748425483704,0.8236244320869446,1.6678993701934814,1.2944977283477783,[0.0427 0.0512 0.0846 0.1000 0.1000 0.1000 0.1000],[0.5733 0.4878 0.1540 0.0000 0.0000 0.0000 0.0000],0.7405992746353149,0.6944670059364688,0.42674150317907333,0.5732584968209267,0.21948244134484585,None
103,0.9174904823303223,0.8241427540779114,1.669961929321289,1.2965710163116455,[0.0420 0.0503 0.0832 0.1000 0.1000 0.1000 0.1000],[0.5803 0.4968 0.1683 0.0000 0.0000 0.0000 0.0000],0.7416332364082336,0.6944713953613985,0.4197298735380173,0.5802701264619827,0.21617896202275066,None
103,0.917987585067749,0.824643611907959,1.671950340270996,1.298574447631836,[0.0412 0.0494 0.0818 0.1000 0.1000 0.1000 0.1000],[0.5876 0.5058 0.1822 0.0000 0.0000 0.0000 0.0000],0.742631196975708,0.6944775406622452,0.41235078126192093,0.5876492187380791,0.21266607533454984,None
103,0.9184734225273132,0.8251369595527649,1.673893690109253,1.3005478382110596,[0.0405 0.0485 0.0804 0.1000 0.1000 0.1000 0.1000],[0.5951 0.5149 0.1959 0.0000 0.0000 0.0000 0.0000],0.7436103820800781,0.6944898316347746,0.40492746978998184,0.5950725302100182,0.20911663210091744,None
103,0.9189422130584717,0.8256166577339172,1.6757688522338867,1.302466630935669,[0.0398 0.0476 0.0791 0.1000 0.1000 0.1000 0.1000],[0.6025 0.5238 0.2093 0.0000 0.0000 0.0000 0.0000],0.7445588707923889,0.6945076836898276,0.39751019328832626,0.6024898067116737,0.20555325901640206,None
103,0.919406533241272,0.8260959386825562,1.677626132965088,1.3043837547302246,[0.0390 0.0467 0.0777 0.1000 0.1000 0.1000 0.1000],[0.6100 0.5328 0.2227 0.0000 0.0000 0.0000 0.0000],0.7455024719238281,0.6945321709922372,0.3900456428527832,0.6099543571472168,0.20195605836773395,None
103,0.9198048114776611,0.826506495475769,1.6792192459106445,1.3060259819030762,[0.0383 0.0459 0.0766 0.1000 0.1000 0.1000 0.1000],[0.6171 0.5410 0.2342 0.0000 0.0000 0.0000 0.0000],0.7463113069534302,0.694552269607561,0.38293030112981796,0.617069698870182,0.1984927686624469,None
103,0.9202529191970825,0.8269777297973633,1.68101167678833,1.3079109191894531,[0.0376 0.0450 0.0752 0.1000 0.1000 0.1000 0.1000],[0.6244 0.5499 0.2475 0.0000 0.0000 0.0000 0.0000],0.7472306489944458,0.6945901288436812,0.3755795955657959,0.6244204044342041,0.1949329584153268,None
103,0.9206692576408386,0.827415406703949,1.6826770305633545,1.309661626815796,[0.0368 0.0441 0.0740 0.1000 0.1000 0.1000 0.1000],[0.6319 0.5586 0.2599 0.0000 0.0000 0.0000 0.0000],0.7480846643447876,0.6946250649825862,0.3680751100182533,0.6319248899817467,0.19126594600513286,None
103,0.9211033582687378,0.8278799057006836,1.6844134330749512,1.3115196228027344,[0.0361 0.0433 0.0727 0.1000 0.1000 0.1000 0.1000],[0.6392 0.5674 0.2731 0.0000 0.0000 0.0000 0.0000],0.7489832639694214,0.6946748412461656,0.3607634827494621,0.6392365172505379,0.18770517874258585,None
103,0.9215251803398132,0.828333854675293,1.686100721359253,1.3133354187011719,[0.0353 0.0424 0.0714 0.1000 0.1000 0.1000 0.1000],[0.6467 0.5763 0.2860 0.0000 0.0000 0.0000 0.0000],0.7498590350151062,0.6947274567464014,0.35333089530467987,0.6466691046953201,0.18406690322574945,None
103,0.9219111800193787,0.8287512063980103,1.6876447200775146,1.315004825592041,[0.0346 0.0415 0.0702 0.1000 0.1000 0.1000 0.1000],[0.6538 0.5846 0.2980 0.0000 0.0000 0.0000 0.0000],0.7506623864173889,0.694778811971763,0.3462018072605133,0.6537981927394867,0.18055958650599158,None
103,0.9222999811172485,0.8291746377944946,1.6891999244689941,1.3166985511779785,[0.0339 0.0407 0.0690 0.1000 0.1000 0.1000 0.1000],[0.6611 0.5932 0.3102 0.0000 0.0000 0.0000 0.0000],0.7514746189117432,0.6948355470852579,0.33886078745126724,0.6611392125487328,0.17693659321557706,None
103,0.9226982593536377,0.8296127915382385,1.6907930374145508,1.318451166152954,[0.0331 0.0398 0.0677 0.1000 0.1000 0.1000 0.1000],[0.6687 0.6020 0.3228 0.0000 0.0000 0.0000 0.0000],0.7523110508918762,0.694900888537185,0.33134520053863525,0.6686547994613647,0.17322117996171274,None
103,0.9231038093566895,0.8300641179084778,1.6924152374267578,1.3202564716339111,[0.0324 0.0389 0.0664 0.1000 0.1000 0.1000 0.1000],[0.6762 0.6109 0.3359 0.0000 0.0000 0.0000 0.0000],0.7531679272651672,0.694975916609505,0.32381076365709305,0.676189236342907,0.16949342422362762,None
103,0.9235186576843262,0.8305321931838989,1.6940746307373047,1.3221287727355957,[0.0316 0.0380 0.0650 0.1000 0.1000 0.1000 0.1000],[0.6836 0.6200 0.3495 0.0000 0.0000 0.0000 0.0000],0.7540508508682251,0.6950631794938052,0.3163909539580345,0.6836090460419655,0.1658246063265478,None
103,0.9239014983177185,0.8309653997421265,1.695605993270874,1.3238615989685059,[0.0309 0.0371 0.0638 0.1000 0.1000 0.1000 0.1000],[0.6910 0.6287 0.3622 0.0000 0.0000 0.0000 0.0000],0.754866898059845,0.6951457748765945,0.3090118244290352,0.6909881755709648,0.1621516480280394,None
103,0.924299418926239,0.8314216732978821,1.697197675704956,1.3256866931915283,[0.0302 0.0362 0.0624 0.1000 0.1000 0.1000 0.1000],[0.6984 0.6377 0.3756 0.0000 0.0000 0.0000 0.0000],0.7557210922241211,0.695241496216501,0.30162084847688675,0.6983791515231133,0.1584742066950525,None
103,0.9247018098831177,0.8318880796432495,1.6988072395324707,1.327552318572998,[0.0294 0.0353 0.0611 0.1000 0.1000 0.1000 0.1000],[0.7058 0.6468 0.3893 0.0000 0.0000 0.0000 0.0000],0.7565898895263672,0.6953465407387138,0.29423486441373825,0.7057651355862617,0.15479465608467702,None
103,0.9251039028167725,0.8323588967323303,1.7004156112670898,1.3294355869293213,[0.0287 0.0344 0.0597 0.1000 0.1000 0.1000 0.1000],[0.7131 0.6559 0.4033 0.0000 0.0000 0.0000 0.0000],0.7574627995491028,0.6954593523280642,0.2868771180510521,0.7131228819489479,0.15112244443542755,None
103,0.9254992008209229,0.8328254222869873,1.7019968032836914,1.3313016891479492,[0.0279 0.0335 0.0583 0.1000 0.1000 0.1000 0.1000],[0.7205 0.6650 0.4173 0.0000 0.0000 0.0000 0.0000],0.7583246231079102,0.6955763173898333,0.2794802561402321,0.7205197438597679,0.14741819097330974,None
103,0.9258825778961182,0.8332812190055847,1.7035303115844727,1.3331248760223389,[0.0272 0.0326 0.0569 0.1000 0.1000 0.1000 0.1000],[0.7279 0.6741 0.4309 0.0000 0.0000 0.0000 0.0000],0.7591637969017029,0.6956952861184477,0.2721117064356804,0.7278882935643196,0.143714892954362,None
103,0.926262378692627,0.8337366580963135,1.7050495147705078,1.334946632385254,[0.0265 0.0317 0.0555 0.1000 0.1000 0.1000 0.1000],[0.7353 0.6832 0.4447 0.0000 0.0000 0.0000 0.0000],0.7599990367889404,0.6958195920242175,0.2647358924150467,0.7352641075849533,0.13999822226575973,None
103,0.9266263842582703,0.834174394607544,1.706505537033081,1.3366975784301758,[0.0257 0.0308 0.0542 0.1000 0.1000 0.1000 0.1000],[0.7429 0.6922 0.4579 0.0000 0.0000 0.0000 0.0000],0.7608007788658142,0.6959408122573397,0.25711849331855774,0.7428815066814423,0.1361371231178766,None
103,0.9269886612892151,0.8346163630485535,1.7079546451568604,1.3384654521942139,[0.0250 0.0299 0.0529 0.1000 0.1000 0.1000 0.1000],[0.7500 0.7011 0.4714 0.0000 0.0000 0.0000 0.0000],0.7616050243377686,0.6960718863930788,0.24998322129249573,0.7500167787075043,0.13252406656712698,None
103,0.927361011505127,0.8350744843482971,1.7094440460205078,1.3402979373931885,[0.0243 0.0290 0.0515 0.1000 0.1000 0.1000 0.1000],[0.7574 0.7103 0.4854 0.0000 0.0000 0.0000 0.0000],0.7624354958534241,0.6962130233916703,0.24262607097625732,0.7573739290237427,0.128790169697667,None
103,0.9277243614196777,0.8355245590209961,1.710897445678711,1.3420982360839844,[0.0235 0.0281 0.0501 0.1000 0.1000 0.1000 0.1000],[0.7648 0.7195 0.4993 0.0000 0.0000 0.0000 0.0000],0.7632489204406738,0.6963557963690372,0.23515427485108376,0.7648457251489162,0.1249828062820865,None
103,0.9280551671981812,0.8359357714653015,1.7122206687927246,1.343743085861206,[0.0228 0.0272 0.0488 0.1000 0.1000 0.1000 0.1000],[0.7720 0.7281 0.5120 0.0000 0.0000 0.0000 0.0000],0.7639909386634827,0.6964882280159802,0.22796155884861946,0.7720384411513805,0.12130078353273757,None
103,0.9283757209777832,0.8363357186317444,1.7135028839111328,1.3453428745269775,[0.0221 0.0263 0.0476 0.1000 0.1000 0.1000 0.1000],[0.7794 0.7368 0.5244 0.0000 0.0000 0.0000 0.0000],0.7647114396095276,0.6966190474897298,0.2205970697104931,0.7794029302895069,0.11751482855715364,None
103,0.9286841750144958,0.8367214798927307,1.7147367000579834,1.3468859195709229,[0.0213 0.0254 0.0464 0.1070 0.1000 0.1000 0.1000],[0.7870 0.7456 0.5365 -0.0696 0.0000 0.0000 0.0000],0.7654056549072266,0.696746483743774,0.21298252046108246,0.7870174795389175,0.11358223609390605,None
103,0.9290035963058472,0.8371247053146362,1.7160143852233887,1.348498821258545,[0.0205 0.0245 0.0451 0.1046 0.1000 0.1000 0.1000],[0.7948 0.7547 0.5492 -0.0462 0.0000 0.0000 0.0000],0.7661283016204834,0.696884690272479,0.20517447963356972,0.7948255203664303,0.10954328747216317,None
103,0.9293198585510254,0.8375261425971985,1.7172794342041016,1.350104570388794,[0.0197 0.0236 0.0438 0.1023 0.1000 0.1000 0.1000],[0.8028 0.7638 0.5618 -0.0231 0.0000 0.0000 0.0000],0.7668460011482239,0.6970252222480774,0.19722972065210342,0.8027702793478966,0.10542145607941958,None
103,0.9296281337738037,0.8379194140434265,1.7185125350952148,1.351677656173706,[0.0189 0.0227 0.0426 0.1001 0.1000 0.1000 0.1000],[0.8109 0.7730 0.5743 -0.0010 0.0000 0.0000 0.0000],0.7675475478172302,0.6971655242044308,0.189138725399971,0.810861274600029,0.10120958615949917,None
103,0.9299315810203552,0.8383091688156128,1.719726324081421,1.3532366752624512,[0.0181 0.0218 0.0413 0.0979 0.1000 0.1000 0.1000],[0.8190 0.7822 0.5867 0.0209 0.0000 0.0000 0.0000],0.768240749835968,0.6973080572516962,0.181034654378891,0.818965345621109,0.09698034849019485,None
103,0.9302380681037903,0.8387067914009094,1.7209522724151611,1.3548271656036377,[0.0173 0.0209 0.0400 0.0956 0.1000 0.1000 0.1000],[0.8270 0.7915 0.5995 0.0439 0.0000 0.0000 0.0000],0.7689448595046997,0.6974586363769726,0.17297081649303436,0.8270291835069656,0.09276550001067228,None
103,0.9305355548858643,0.8390952348709106,1.722142219543457,1.3563809394836426,[0.0165 0.0199 0.0388 0.0934 0.1000 0.1000 0.1000],[0.8350 0.8006 0.6120 0.0663 0.0000 0.0000 0.0000],0.7696307897567749,0.6976089948180442,0.1649942435324192,0.8350057564675808,0.08858563401255252,None
103,0.9308339953422546,0.8394885063171387,1.7233359813690186,1.3579540252685547,[0.0157 0.0190 0.0375 0.0910 0.1000 0.1000 0.1000],[0.8429 0.8098 0.6248 0.0896 0.0000 0.0000 0.0000],0.7703225016593933,0.6977658374287976,0.15710294246673584,0.8428970575332642,0.08444357395963731,None
103,0.9311306476593018,0.8398826122283936,1.724522590637207,1.3595304489135742,[0.0149 0.0181 0.0362 0.0887 0.1000 0.1000 0.1000],[0.8507 0.8190 0.6377 0.1133 0.0000 0.0000 0.0000],0.7710132598876953,0.697927102455536,0.14925731346011162,0.8507426865398884,0.08031700973011423,None
103,0.9314262270927429,0.840277910232544,1.7257049083709717,1.3611116409301758,[0.0141 0.0172 0.0349 0.0863 0.1000 0.1000 0.1000],[0.8587 0.8283 0.6507 0.1369 0.0000 0.0000 0.0000],0.7717041373252869,0.6980922047044844,0.14127930626273155,0.8587206937372684,0.07611007865664476,None
103,0.9317045211791992,0.8406540155410767,1.7268180847167969,1.3626160621643066,[0.0134 0.0163 0.0337 0.0840 0.1000 0.1000 0.1000],[0.8660 0.8369 0.6632 0.1603 0.0000 0.0000 0.0000],0.7723585367202759,0.6982542367519926,0.13400131836533546,0.8659986816346645,0.07226726215245155,None
103,0.9319702982902527,0.8410148024559021,1.7278811931610107,1.3640592098236084,[0.0127 0.0155 0.0325 0.0818 0.1000 0.1000 0.1000],[0.8732 0.8454 0.6752 0.1824 0.0000 0.0000 0.0000],0.7729851007461548,0.6984117113773305,0.12679995968937874,0.8732000403106213,0.06845446044774241,None
103,0.9322422742843628,0.8413869738578796,1.7289690971374512,1.3655478954315186,[0.0120 0.0146 0.0312 0.0794 0.1000 0.1000 0.1000],[0.8805 0.8541 0.6876 0.2056 0.0000 0.0000 0.0000],0.7736292481422424,0.6985778700452085,0.1195425447076559,0.8804574552923441,0.06460560542183366,None
103,0.93252032995224,0.8417701125144958,1.73008131980896,1.3670804500579834,[0.0112 0.0137 0.0299 0.0770 0.1000 0.1000 0.1000],[0.8880 0.8631 0.7006 0.2297 0.0000 0.0000 0.0000],0.7742904424667358,0.6987522324767466,0.1120353490114212,0.8879646509885788,0.06061528875829996,None
103,0.9327964782714844,0.8421515226364136,1.7311859130859375,1.3686060905456543,[0.0104 0.0128 0.0287 0.0747 0.1000 0.1000 0.1000],[0.8960 0.8724 0.7135 0.2529 0.0000 0.0000 0.0000],0.774948000907898,0.6989269928487929,0.1040472649037838,0.8959527350962162,0.05635533608038214,None
103,0.9330673813819885,0.8425279259681702,1.732269525527954,1.3701117038726807,[0.0096 0.0118 0.0274 0.0724 0.1000 0.1000 0.1000],[0.9039 0.8817 0.7263 0.2757 0.0000 0.0000 0.0000],0.7755953073501587,0.6991022508993822,0.09606391191482544,0.9039360880851746,0.052087815160556585,None
103,0.9333364963531494,0.8429047465324402,1.7333459854125977,1.3716189861297607,[0.0088 0.0109 0.0261 0.0701 0.1000 0.1000 0.1000],[0.9119 0.8910 0.7393 0.2989 0.0000 0.0000 0.0000],0.7762412428855896,0.6992812779012434,0.0881208386272192,0.9118791613727808,0.04783295774129929,None
103,0.9334913492202759,0.8430478572845459,1.7339653968811035,1.3721914291381836,[0.0280 0.0100 0.0248 0.0679 0.1000 0.1000 0.1000],[0.7201 0.9003 0.7519 0.3206 0.0000 0.0000 0.0000],0.7765392065048218,0.6992617551162972,0.09965123608708382,0.9003487639129162,0.05411103658719691,None
103,0.9337460994720459,0.8434070944786072,1.7349843978881836,1.3736283779144287,[0.0272 0.0090 0.0236 0.0658 0.1000 0.1000 0.1000],[0.7284 0.9097 0.7643 0.3415 0.0000 0.0000 0.0000],0.7771531939506531,0.6994355227352396,0.09027314372360706,0.9097268562763929,0.049069641878968555,None
103,0.9339930415153503,0.8437564373016357,1.7359721660614014,1.375025749206543,[0.0263 0.0081 0.0224 0.0639 0.1000 0.1000 0.1000],[0.7369 0.9191 0.7765 0.3614 0.0000 0.0000 0.0000],0.7777494788169861,0.6996059184775529,0.08090347982943058,0.9190965201705694,0.0440210508407935,None
103,0.9335089921951294,0.8442509770393372,1.7340359687805176,1.3770039081573486,[0.0255 0.0277 0.0211 0.0618 0.1000 0.1000 0.1000],[0.7454 0.7229 0.7891 0.3824 0.0000 0.0000 0.0000],0.7777599692344666,0.7012392007712654,0.21091554313898087,0.7890844568610191,0.11503244699944291,None
