112,0.8495477437973022,0.6084251999855042,1.398190975189209,0.4337007999420166,[0.1000 0.1000 0.1000 0.1000 0.1000 0.1000 0.1000],[0.0000 0.0000 0.0000 0.0000 0.0000 0.0000 0.0000],0.4579729437828064,0.5089576965150577,1.0,0.0,0.23308885453391717,None
112,0.8495477437973022,0.6084251999855042,1.398190975189209,0.4337007999420166,[0.1000 0.1000 0.1000 0.1000 0.1000 0.1000 0.1000],[0.0000 0.0000 0.0000 0.0000 0.0000 0.0000 0.0000],0.4579729437828064,0.5089576965150577,1.0,0.0,0.23308885453391717,None
112,0.8495477437973022,0.6084251999855042,1.398190975189209,0.4337007999420166,[0.1000 0.1000 0.1000 0.1000 0.1000 0.1000 0.1000],[0.0000 0.0000 0.0000 0.0000 0.0000 0.0000 0.0000],0.4579729437828064,0.5089576965150577,1.0,0.0,0.23308885453391717,None
112,0.8495477437973022,0.6084251999855042,1.398190975189209,0.4337007999420166,[0.1000 0.1000 0.1000 0.1000 0.1000 0.1000 0.1000],[0.0000 0.0000 0.0000 0.0000 0.0000 0.0000 0.0000],0.4579729437828064,0.5089576965150577,1.0,0.0,0.23308885453391717,None
112,0.8495477437973022,0.6084251999855042,1.398190975189209,0.4337007999420166,[0.1000 0.1000 0.1000 0.1000 0.1000 0.1000 0.1000],[0.0000 0.0000 0.0000 0.0000 0.0000 0.0000 0.0000],0.4579729437828064,0.5089576965150577,1.0,0.0,0.23308885453391717,None
112,0.8495477437973022,0.6084251999855042,1.398190975189209,0.4337007999420166,[0.1000 0.1000 0.1000 0.1000 0.1000 0.1000 0.1000],[0.0000 0.0000 0.0000 0.0000 0.0000 0.0000 0.0000],0.4579729437828064,0.5089576965150577,1.0,0.0,0.23308885453391717,None
112,0.8495477437973022,0.6084251999855042,1.398190975189209,0.4337007999420166,[0.1000 0.1000 0.1000 0.1000 0.1000 0.1000 0.1000],[0.0000 0.0000 0.0000 0.0000 0.0000 0.0000 0.0000],0.4579729437828064,0.5089576965150577,1.0,0.0,0.23308885453391717,None
112,0.8495477437973022,0.6084251999855042,1.398190975189209,0.4337007999420166,[0.1000 0.1000 0.1000 0.1000 0.1000 0.1000 0.1000],[0.0000 0.0000 0.0000 0.0000 0.0000 0.0000 0.0000],0.4579729437828064,0.5089576965150577,1.0,0.0,0.23308885453391717,None
112,0.8495477437973022,0.6084251999855042,1.398190975189209,0.4337007999420166,[0.1000 0.1000 0.1000 0.1000 0.1000 0.1000 0.1000],[0.0000 0.0000 0.0000 0.0000 0.0000 0.0000 0.0000],0.4579729437828064,0.5089576965150577,1.0,0.0,0.23308885453391717,None
112,0.8495477437973022,0.6084251999855042,1.398190975189209,0.4337007999420166,[0.1000 0.1000 0.1000 0.1000 0.1000 0.1000 0.1000],[0.0000 0.0000 0.0000 0.0000 0.0000 0.0000 0.0000],0.4579729437828064,0.5089576965150577,1.0,0.0,0.23308885453391717,None
112,0.8495477437973022,0.6084251999855042,1.398190975189209,0.4337007999420166,[0.1000 0.1000 0.1000 0.1000 0.1000 0.1000 0.1000],[0.0000 0.0000 0.0000 0.0000 0.0000 0.0000 0.0000],0.4579729437828064,0.5089576965150577,1.0,0.0,0.23308885453391717,None
112,0.8495477437973022,0.6084251999855042,1.398190975189209,0.4337007999420166,[0.1000 0.1000 0.1000 0.1000 0.1000 0.1000 0.1000],[0.0000 0.0000 0.0000 0.0000 0.0000 0.0000 0.0000],0.4579729437828064,0.5089576965150577,1.0,0.0,0.23308885453391717,None
112,0.8495477437973022,0.6084251999855042,1.398190975189209,0.4337007999420166,[0.1000 0.1000 0.1000 0.1000 0.1000 0.1000 0.1000],[0.0000 0.0000 0.0000 0.0000 0.0000 0.0000 0.0000],0.4579729437828064,0.5089576965150577,1.0,0.0,0.23308885453391717,None
112,0.8495477437973022,0.6084251999855042,1.398190975189209,0.4337007999420166,[0.1000 0.1000 0.1000 0.1000 0.1000 0.1000 0.1000],[0.0000 0.0000 0.0000 0.0000 0.0000 0.0000 0.0000],0.4579729437828064,0.5089576965150577,1.0,0.0,0.23308885453391717,None
112,0.8495477437973022,0.6084251999855042,1.398190975189209,0.4337007999420166,[0.1000 0.1000 0.1000 0.1000 0.1000 0.1000 0.1000],[0.0000 0.0000 0.0000 0.0000 0.0000 0.0000 0.0000],0.4579729437828064,0.5089576965150577,1.0,0.0,0.23308885453391717,None
112,0.8495477437973022,0.6084251999855042,1.398190975189209,0.4337007999420166,[0.1000 0.1000 0.1000 0.1000 0.1000 0.1000 0.1000],[0.0000 0.0000 0.0000 0.0000 0.0000 0.0000 0.0000],0.4579729437828064,0.5089576965150577,1.0,0.0,0.23308885453391717,None
112,0.8495477437973022,0.6084251999855042,1.398190975189209,0.4337007999420166,[0.1000 0.1000 0.1000 0.1000 0.1000 0.1000 0.1000],[0.0000 0.0000 0.0000 0.0000 0.0000 0.0000 0.0000],0.4579729437828064,0.5089576965150577,1.0,0.0,0.23308885453391717,None
112,0.8495477437973022,0.6084251999855042,1.398190975189209,0.4337007999420166,[0.1000 0.1000 0.1000 0.1000 0.1000 0.1000 0.1000],[0.0000 0.0000 0.0000 0.0000 0.0000 0.0000 0.0000],0.4579729437828064,0.5089576965150577,1.0,0.0,0.23308885453391717,None
112,0.8495477437973022,0.6084251999855042,1.398190975189209,0.4337007999420166,[0.1000 0.1000 0.1000 0.1000 0.1000 0.1000 0.1000],[0.0000 0.0000 0.0000 0.0000 0.0000 0.0000 0.0000],0.4579729437828064,0.5089576965150577,1.0,0.0,0.23308885453391717,None
112,0.8495477437973022,0.6084251999855042,1.398190975189209,0.4337007999420166,[0.1000 0.1000 0.1000 0.1000 0.1000 0.1000 0.1000],[0.0000 0.0000 0.0000 0.0000 0.0000 0.0000 0.0000],0.4579729437828064,0.5089576965150577,1.0,0.0,0.23308885453391717,None
112,0.8495477437973022,0.6084251999855042,1.398190975189209,0.4337007999420166,[0.1000 0.1000 0.1000 0.1000 0.1000 0.1000 0.1000],[0.0000 0.0000 0.0000 0.0000 0.0000 0.0000 0.0000],0.4579729437828064,0.5089576965150577,1.0,0.0,0.23308885453391717,None
112,0.8495477437973022,0.6084251999855042,1.398190975189209,0.4337007999420166,[0.1000 0.1000 0.1000 0.1000 0.1000 0.1000 0.1000],[0.0000 0.0000 0.0000 0.0000 0.0000 0.0000 0.0000],0.4579729437828064,0.5089576965150577,1.0,0.0,0.23308885453391717,None
112,0.8495477437973022,0.6084251999855042,1.398190975189209,0.4337007999420166,[0.1000 0.1000 0.1000 0.1000 0.1000 0.1000 0.1000],[0.0000 0.0000 0.0000 0.0000 0.0000 0.0000 0.0000],0.4579729437828064,0.5089576965150577,1.0,0.0,0.23308885453391717,None
112,0.8495477437973022,0.6084251999855042,1.398190975189209,0.4337007999420166,[0.1000 0.1000 0.1000 0.1000 0.1000 0.1000 0.1000],[0.0000 0.0000 0.0000 0.0000 0.0000 0.0000 0.0000],0.4579729437828064,0.5089576965150577,1.0,0.0,0.23308885453391717,None
112,0.8495477437973022,0.6084251999855042,1.398190975189209,0.4337007999420166,[0.1000 0.1000 0.1000 0.1000 0.1000 0.1000 0.1000],[0.0000 0.0000 0.0000 0.0000 0.0000 0.0000 0.0000],0.4579729437828064,0.5089576965150577,1.0,0.0,0.23308885453391717,None
112,0.8495477437973022,0.6084251999855042,1.398190975189209,0.4337007999420166,[0.1000 0.1000 0.1000 0.1000 0.1000 0.1000 0.1000],[0.0000 0.0000 0.0000 0.0000 0.0000 0.0000 0.0000],0.4579729437828064,0.5089576965150577,1.0,0.0,0.23308885453391717,None
112,0.8495477437973022,0.6084251999855042,1.398190975189209,0.4337007999420166,[0.1000 0.1000 0.1000 0.1000 0.1000 0.1000 0.1000],[0.0000 0.0000 0.0000 0.0000 0.0000 0.0000 0.0000],0.4579729437828064,0.5089576965150577,1.0,0.0,0.23308885453391717,None
112,0.8495477437973022,0.6084251999855042,1.398190975189209,0.4337007999420166,[0.1000 0.1000 0.1000 0.1000 0.1000 0.1000 0.1000],[0.0000 0.0000 0.0000 0.0000 0.0000 0.0000 0.0000],0.4579729437828064,0.5089576965150577,1.0,0.0,0.23308885453391717,None
112,0.8495477437973022,0.6084251999855042,1.398190975189209,0.4337007999420166,[0.1000 0.1000 0.1000 0.1000 0.1000 0.1000 0.1000],[0.0000 0.0000 0.0000 0.0000 0.0000 0.0000 0.0000],0.4579729437828064,0.5089576965150577,1.0,0.0,0.23308885453391717,None
112,0.8495477437973022,0.6084251999855042,1.398190975189209,0.4337007999420166,[0.1000 0.1000 0.1000 0.1000 0.1000 0.1000 0.1000],[0.0000 0.0000 0.0000 0.0000 0.0000 0.0000 0.0000],0.4579729437828064,0.5089576965150577,1.0,0.0,0.23308885453391717,None
112,0.8495477437973022,0.6084251999855042,1.398190975189209,0.4337007999420166,[0.1000 0.1000 0.1000 0.1000 0.1000 0.1000 0.1000],[0.0000 0.0000 0.0000 0.0000 0.0000 0.0000 0.0000],0.4579729437828064,0.5089576965150577,1.0,0.0,0.23308885453391717,None
112,0.8495477437973022,0.6084251999855042,1.398190975189209,0.4337007999420166,[0.1000 0.1000 0.1000 0.1000 0.1000 0.1000 0.1000],[0.0000 0.0000 0.0000 0.0000 0.0000 0.0000 0.0000],0.4579729437828064,0.5089576965150577,1.0,0.0,0.23308885453391717,None
112,0.8495477437973022,0.6084251999855042,1.398190975189209,0.4337007999420166,[0.1000 0.1000 0.1000 0.1000 0.1000 0.1000 0.1000],[0.0000 0.0000 0.0000 0.0000 0.0000 0.0000 0.0000],0.4579729437828064,0.5089576965150577,1.0,0.0,0.23308885453391717,None
112,0.8495477437973022,0.6084251999855042,1.398190975189209,0.4337007999420166,[0.1000 0.1000 0.1000 0.1000 0.1000 0.1000 0.1000],[0.0000 0.0000 0.0000 0.0000 0.0000 0.0000 0.0000],0.4579729437828064,0.5089576965150577,1.0,0.0,0.23308885453391717,None
112,0.8495477437973022,0.6084251999855042,1.398190975189209,0.4337007999420166,[0.1000 0.1000 0.1000 0.1000 0.1000 0.1000 0.1000],[0.0000 0.0000 0.0000 0.0000 0.0000 0.0000 0.0000],0.4579729437828064,0.5089576965150577,1.0,0.0,0.23308885453391717,None
112,0.8495477437973022,0.6084251999855042,1.398190975189209,0.4337007999420166,[0.1000 0.1000 0.1000 0.1000 0.1000 0.1000 0.1000],[0.0000 0.0000 0.0000 0.0000 0.0000 0.0000 0.0000],0.4579729437828064,0.5089576965150577,1.0,0.0,0.23308885453391717,None
112,0.8495477437973022,0.6084251999855042,1.398190975189209,0.4337007999420166,[0.1000 0.1000 0.1000 0.1000 0.1000 0.1000 0.1000],[0.0000 0.0000 0.0000 0.0000 0.0000 0.0000 0.0000],0.4579729437828064,0.5089576965150577,1.0,0.0,0.23308885453391717,None
112,0.8495477437973022,0.6084251999855042,1.398190975189209,0.4337007999420166,[0.1000 0.1000 0.1000 0.1000 0.1000 0.1000 0.1000],[0.0000 0.0000 0.0000 0.0000 0.0000 0.0000 0.0000],0.4579729437828064,0.5089576965150577,1.0,0.0,0.23308885453391717,None
112,0.8495477437973022,0.6084251999855042,1.398190975189209,0.4337007999420166,[0.1000 0.1000 0.1000 0.1000 0.1000 0.1000 0.1000],[0.0000 0.0000 0.0000 0.0000 0.0000 0.0000 0.0000],0.4579729437828064,0.5089576965150577,1.0,0.0,0.23308885453391717,None
112,0.8495477437973022,0.6084251999855042,1.398190975189209,0.4337007999420166,[0.1000 0.1000 0.1000 0.1000 0.1000 0.1000 0.1000],[0.0000 0.0000 0.0000 0.0000 0.0000 0.0000 0.0000],0.4579729437828064,0.5089576965150577,1.0,0.0,0.23308885453391717,None
112,0.8495477437973022,0.6084251999855042,1.398190975189209,0.4337007999420166,[0.1000 0.1000 0.1000 0.1000 0.1000 0.1000 0.1000],[0.0000 0.0000 0.0000 0.0000 0.0000 0.0000 0.0000],0.4579729437828064,0.5089576965150577,1.0,0.0,0.23308885453391717,None
112,0.8495477437973022,0.6084251999855042,1.398190975189209,0.4337007999420166,[0.1000 0.1000 0.1000 0.1000 0.1000 0.1000 0.1000],[0.0000 0.0000 0.0000 0.0000 0.0000 0.0000 0.0000],0.4579729437828064,0.5089576965150577,1.0,0.0,0.23308885453391717,None
112,0.8495477437973022,0.6084251999855042,1.398190975189209,0.4337007999420166,[0.1000 0.1000 0.1000 0.1000 0.1000 0.1000 0.1000],[0.0000 0.0000 0.0000 0.0000 0.0000 0.0000 0.0000],0.4579729437828064,0.5089576965150577,1.0,0.0,0.23308885453391717,None
112,0.8495477437973022,0.6084251999855042,1.398190975189209,0.4337007999420166,[0.1000 0.1000 0.1000 0.1000 0.1000 0.1000 0.1000],[0.0000 0.0000 0.0000 0.0000 0.0000 0.0000 0.0000],0.4579729437828064,0.5089576965150577,1.0,0.0,0.23308885453391717,None
112,0.8495477437973022,0.6084251999855042,1.398190975189209,0.4337007999420166,[0.1000 0.1000 0.1000 0.1000 0.1000 0.1000 0.1000],[0.0000 0.0000 0.0000 0.0000 0.0000 0.0000 0.0000],0.4579729437828064,0.5089576965150577,1.0,0.0,0.23308885453391717,None
112,0.8495477437973022,0.6084251999855042,1.398190975189209,0.4337007999420166,[0.1000 0.1000 0.1000 0.1000 0.1000 0.1000 0.1000],[0.0000 0.0000 0.0000 0.0000 0.0000 0.0000 0.0000],0.4579729437828064,0.5089576965150577,1.0,0.0,0.23308885453391717,None
112,0.8495477437973022,0.6084251999855042,1.398190975189209,0.4337007999420166,[0.1000 0.1000 0.1000 0.1000 0.1000 0.1000 0.1000],[0.0000 0.0000 0.0000 0.0000 0.0000 0.0000 0.0000],0.4579729437828064,0.5089576965150577,1.0,0.0,0.23308885453391717,None
112,0.8495477437973022,0.6084251999855042,1.398190975189209,0.4337007999420166,[0.1000 0.1000 0.1000 0.1000 0.1000 0.1000 0.1000],[0.0000 0.0000 0.0000 0.0000 0.0000 0.0000 0.0000],0.4579729437828064,0.5089576965150577,1.0,0.0,0.23308885453391717,None
112,0.8495477437973022,0.6084251999855042,1.398190975189209,0.4337007999420166,[0.1000 0.1000 0.1000 0.1000 0.1000 0.1000 0.1000],[0.0000 0.0000 0.0000 0.0000 0.0000 0.0000 0.0000],0.4579729437828064,0.5089576965150577,1.0,0.0,0.23308885453391717,None
112,0.8495477437973022,0.6084251999855042,1.398190975189209,0.4337007999420166,[0.1000 0.1000 0.1000 0.1000 0.1000 0.1000 0.1000],[0.0000 0.0000 0.0000 0.0000 0.0000 0.0000 0.0000],0.4579729437828064,0.5089576965150577,1.0,0.0,0.23308885453391717,None
112,0.8495477437973022,0.6084251999855042,1.398190975189209,0.4337007999420166,[0.1000 0.1000 0.1000 0.1000 0.1000 0.1000 0.1000],[0.0000 0.0000 0.0000 0.0000 0.0000 0.0000 0.0000],0.4579729437828064,0.5089576965150577,1.0,0.0,0.23308885453391717,None
112,0.8495477437973022,0.6084251999855042,1.398190975189209,0.4337007999420166,[0.1000 0.1000 0.1000 0.1000 0.1000 0.1000 0.1000],[0.0000 0.0000 0.0000 0.0000 0.0000 0.0000 0.0000],0.4579729437828064,0.5089576965150577,1.0,0.0,0.23308885453391717,None
112,0.8495477437973022,0.6084251999855042,1.398190975189209,0.4337007999420166,[0.1000 0.1000 0.1000 0.1000 0.1000 0.1000 0.1000],[0.0000 0.0000 0.0000 0.0000 0.0000 0.0000 0.0000],0.4579729437828064,0.5089576965150577,1.0,0.0,0.23308885453391717,None
112,0.8495477437973022,0.6084251999855042,1.398190975189209,0.4337007999420166,[0.1000 0.1000 0.1000 0.1000 0.1000 0.1000 0.1000],[0.0000 0.0000 0.0000 0.0000 0.0000 0.0000 0.0000],0.4579729437828064,0.5089576965150577,1.0,0.0,0.23308885453391717,None
112,0.8495477437973022,0.6084251999855042,1.398190975189209,0.4337007999420166,[0.1000 0.1000 0.1000 0.1000 0.1000 0.1000 0.1000],[0.0000 0.0000 0.0000 0.0000 0.0000 0.0000 0.0000],0.4579729437828064,0.5089576965150577,1.0,0.0,0.23308885453391717,None
112,0.8495477437973022,0.6084251999855042,1.398190975189209,0.4337007999420166,[0.1000 0.1000 0.1000 0.1000 0.1000 0.1000 0.1000],[0.0000 0.0000 0.0000 0.0000 0.0000 0.0000 0.0000],0.4579729437828064,0.5089576965150577,1.0,0.0,0.23308885453391717,None
112,0.8495477437973022,0.6084251999855042,1.398190975189209,0.4337007999420166,[0.1000 0.1000 0.1000 0.1000 0.1000 0.1000 0.1000],[0.0000 0.0000 0.0000 0.0000 0.0000 0.0000 0.0000],0.4579729437828064,0.5089576965150577,1.0,0.0,0.23308885453391717,None
112,0.8495477437973022,0.6084251999855042,1.398190975189209,0.4337007999420166,[0.1000 0.1000 0.1000 0.1000 0.1000 0.1000 0.1000],[0.0000 0.0000 0.0000 0.0000 0.0000 0.0000 0.0000],0.4579729437828064,0.5089576965150577,1.0,0.0,0.23308885453391717,None
112,0.8495477437973022,0.6084251999855042,1.398190975189209,0.4337007999420166,[0.1000 0.1000 0.1000 0.1000 0.1000 0.1000 0.1000],[0.0000 0.0000 0.0000 0.0000 0.0000 0.0000 0.0000],0.4579729437828064,0.5089576965150577,1.0,0.0,0.23308885453391717,None
112,0.8495477437973022,0.6084251999855042,1.398190975189209,0.4337007999420166,[0.1000 0.1000 0.1000 0.1000 0.1000 0.1000 0.1000],[0.0000 0.0000 0.0000 0.0000 0.0000 0.0000 0.0000],0.4579729437828064,0.5089576965150577,1.0,0.0,0.23308885453391717,None
112,0.8495477437973022,0.6084251999855042,1.398190975189209,0.4337007999420166,[0.1000 0.1000 0.1000 0.1000 0.1000 0.1000 0.1000],[0.0000 0.0000 0.0000 0.0000 0.0000 0.0000 0.0000],0.4579729437828064,0.5089576965150577,1.0,0.0,0.23308885453391717,None
112,0.8495477437973022,0.6084251999855042,1.398190975189209,0.4337007999420166,[0.1000 0.1000 0.1000 0.1000 0.1000 0.1000 0.1000],[0.0000 0.0000 0.0000 0.0000 0.0000 0.0000 0.0000],0.4579729437828064,0.5089576965150577,1.0,0.0,0.23308885453391717,None
112,0.8495477437973022,0.6084251999855042,1.398190975189209,0.4337007999420166,[0.1000 0.1000 0.1000 0.1000 0.1000 0.1000 0.1000],[0.0000 0.0000 0.0000 0.0000 0.0000 0.0000 0.0000],0.4579729437828064,0.5089576965150577,1.0,0.0,0.23308885453391717,None
112,0.8495477437973022,0.6084251999855042,1.398190975189209,0.4337007999420166,[0.1000 0.1000 0.1000 0.1000 0.1000 0.1000 0.1000],[0.0000 0.0000 0.0000 0.0000 0.0000 0.0000 0.0000],0.4579729437828064,0.5089576965150577,1.0,0.0,0.23308885453391717,None
112,0.8495477437973022,0.6084251999855042,1.398190975189209,0.4337007999420166,[0.1000 0.1000 0.1000 0.1000 0.1000 0.1000 0.1000],[0.0000 0.0000 0.0000 0.0000 0.0000 0.0000 0.0000],0.4579729437828064,0.5089576965150577,1.0,0.0,0.23308885453391717,None
112,0.8495477437973022,0.6084251999855042,1.398190975189209,0.4337007999420166,[0.1000 0.1000 0.1000 0.1000 0.1000 0.1000 0.1000],[0.0000 0.0000 0.0000 0.0000 0.0000 0.0000 0.0000],0.4579729437828064,0.5089576965150577,1.0,0.0,0.23308885453391717,None
112,0.8495477437973022,0.6084251999855042,1.398190975189209,0.4337007999420166,[0.1000 0.1000 0.1000 0.1000 0.1000 0.1000 0.1000],[0.0000 0.0000 0.0000 0.0000 0.0000 0.0000 0.0000],0.4579729437828064,0.5089576965150577,1.0,0.0,0.23308885453391717,None
112,0.8495477437973022,0.6084251999855042,1.398190975189209,0.4337007999420166,[0.1000 0.1000 0.1000 0.1000 0.1000 0.1000 0.1000],[0.0000 0.0000 0.0000 0.0000 0.0000 0.0000 0.0000],0.4579729437828064,0.5089576965150577,1.0,0.0,0.23308885453391717,None
112,0.8495477437973022,0.6084251999855042,1.398190975189209,0.4337007999420166,[0.1000 0.1000 0.1000 0.1000 0.1000 0.1000 0.1000],[0.0000 0.0000 0.0000 0.0000 0.0000 0.0000 0.0000],0.4579729437828064,0.5089576965150577,1.0,0.0,0.23308885453391717,None
112,0.8495477437973022,0.6084251999855042,1.398190975189209,0.4337007999420166,[0.1000 0.1000 0.1000 0.1000 0.1000 0.1000 0.1000],[0.0000 0.0000 0.0000 0.0000 0.0000 0.0000 0.0000],0.4579729437828064,0.5089576965150577,1.0,0.0,0.23308885453391717,None
112,0.8495477437973022,0.6084251999855042,1.398190975189209,0.4337007999420166,[0.1000 0.1000 0.1000 0.1000 0.1000 0.1000 0.1000],[0.0000 0.0000 0.0000 0.0000 0.0000 0.0000 0.0000],0.4579729437828064,0.5089576965150577,1.0,0.0,0.23308885453391717,None
112,0.8495477437973022,0.6084251999855042,1.398190975189209,0.4337007999420166,[0.1000 0.1000 0.1000 0.1000 0.1000 0.1000 0.1000],[0.0000 0.0000 0.0000 0.0000 0.0000 0.0000 0.0000],0.4579729437828064,0.5089576965150577,1.0,0.0,0.23308885453391717,None
112,0.8495477437973022,0.6084251999855042,1.398190975189209,0.4337007999420166,[0.1000 0.1000 0.1000 0.1000 0.1000 0.1000 0.1000],[0.0000 0.0000 0.0000 0.0000 0.0000 0.0000 0.0000],0.4579729437828064,0.5089576965150577,1.0,0.0,0.23308885453391717,None
112,0.8495477437973022,0.6084251999855042,1.398190975189209,0.4337007999420166,[0.1000 0.1000 0.1000 0.1000 0.1000 0.1000 0.1000],[0.0000 0.0000 0.0000 0.0000 0.0000 0.0000 0.0000],0.4579729437828064,0.5089576965150577,1.0,0.0,0.23308885453391717,None
112,0.8495477437973022,0.6084251999855042,1.398190975189209,0.4337007999420166,[0.1000 0.1000 0.1000 0.1000 0.1000 0.1000 0.1000],[0.0000 0.0000 0.0000 0.0000 0.0000 0.0000 0.0000],0.4579729437828064,0.5089576965150577,1.0,0.0,0.23308885453391717,None
112,0.8495477437973022,0.6084251999855042,1.398190975189209,0.4337007999420166,[0.1000 0.1000 0.1000 0.1000 0.1000 0.1000 0.1000],[0.0000 0.0000 0.0000 0.0000 0.0000 0.0000 0.0000],0.4579729437828064,0.5089576965150577,1.0,0.0,0.23308885453391717,None
112,0.8495477437973022,0.6084251999855042,1.398190975189209,0.4337007999420166,[0.1000 0.1000 0.1000 0.1000 0.1000 0.1000 0.1000],[0.0000 0.0000 0.0000 0.0000 0.0000 0.0000 0.0000],0.4579729437828064,0.5089576965150577,1.0,0.0,0.23308885453391717,None
112,0.8495477437973022,0.6084251999855042,1.398190975189209,0.4337007999420166,[0.1000 0.1000 0.1000 0.1000 0.1000 0.1000 0.1000],[0.0000 0.0000 0.0000 0.0000 0.0000 0.0000 0.0000],0.4579729437828064,0.5089576965150577,1.0,0.0,0.23308885453391717,None
112,0.8495477437973022,0.6084251999855042,1.398190975189209,0.4337007999420166,[0.1000 0.1000 0.1000 0.1000 0.1000 0.1000 0.1000],[0.0000 0.0000 0.0000 0.0000 0.0000 0.0000 0.0000],0.4579729437828064,0.5089576965150577,1.0,0.0,0.23308885453391717,None
112,0.8495477437973022,0.6084251999855042,1.398190975189209,0.4337007999420166,[0.1000 0.1000 0.1000 0.1000 0.1000 0.1000 0.1000],[0.0000 0.0000 0.0000 0.0000 0.0000 0.0000 0.0000],0.4579729437828064,0.5089576965150577,1.0,0.0,0.23308885453391717,None
112,0.8495477437973022,0.6084251999855042,1.398190975189209,0.4337007999420166,[0.1000 0.1000 0.1000 0.1000 0.1000 0.1000 0.1000],[0.0000 0.0000 0.0000 0.0000 0.0000 0.0000 0.0000],0.4579729437828064,0.5089576965150577,1.0,0.0,0.23308885453391717,None
112,0.8495477437973022,0.6084251999855042,1.398190975189209,0.4337007999420166,[0.1000 0.1000 0.1000 0.1000 0.1000 0.1000 0.1000],[0.0000 0.0000 0.0000 0.0000 0.0000 0.0000 0.0000],0.4579729437828064,0.5089576965150577,1.0,0.0,0.23308885453391717,None
112,0.8495477437973022,0.6084251999855042,1.398190975189209,0.4337007999420166,[0.1000 0.1000 0.1000 0.1000 0.1000 0.1000 0.1000],[0.0000 0.0000 0.0000 0.0000 0.0000 0.0000 0.0000],0.4579729437828064,0.5089576965150577,1.0,0.0,0.23308885453391717,None
112,0.8495477437973022,0.6084251999855042,1.398190975189209,0.4337007999420166,[0.1000 0.1000 0.1000 0.1000 0.1000 0.1000 0.1000],[0.0000 0.0000 0.0000 0.0000 0.0000 0.0000 0.0000],0.4579729437828064,0.5089576965150577,1.0,0.0,0.23308885453391717,None
112,0.8495477437973022,0.6084251999855042,1.398190975189209,0.4337007999420166,[0.1000 0.1000 0.1000 0.1000 0.1000 0.1000 0.1000],[0.0000 0.0000 0.0000 0.0000 0.0000 0.0000 0.0000],0.4579729437828064,0.5089576965150577,1.0,0.0,0.23308885453391717,None
112,0.8495477437973022,0.6084251999855042,1.398190975189209,0.4337007999420166,[0.1000 0.1000 0.1000 0.1000 0.1000 0.1000 0.1000],[0.0000 0.0000 0.0000 0.0000 0.0000 0.0000 0.0000],0.4579729437828064,0.5089576965150577,1.0,0.0,0.23308885453391717,None
112,0.8495477437973022,0.6084251999855042,1.398190975189209,0.4337007999420166,[0.1000 0.1000 0.1000 0.1000 0.1000 0.1000 0.1000],[0.0000 0.0000 0.0000 0.0000 0.0000 0.0000 0.0000],0.4579729437828064,0.5089576965150577,1.0,0.0,0.23308885453391717,None
112,0.8495477437973022,0.6084251999855042,1.398190975189209,0.4337007999420166,[0.1000 0.1000 0.1000 0.1000 0.1000 0.1000 0.1000],[0.0000 0.0000 0.0000 0.0000 0.0000 0.0000 0.0000],0.4579729437828064,0.5089576965150577,1.0,0.0,0.23308885453391717,None
112,0.849514365196228,0.6044589877128601,1.398057460784912,0.41783595085144043,[0.1076 0.1000 0.1000 0.1000 0.1000 0.1000 0.1000],[-0.0761 0.0000 0.0000 0.0000 0.0000 0.0000 0.0000],0.45397335290908813,0.5049693166243451,1.0,0.0,0.22924261378416488,None
112,0.8495169878005981,0.6047688126564026,1.3980679512023926,0.41907525062561035,[0.1070 0.1000 0.1000 0.1000 0.1000 0.1000 0.1000],[-0.0702 0.0000 0.0000 0.0000 0.0000 0.0000 0.0000],0.45428580045700073,0.5052797000888325,1.0,0.0,0.22954139300952853,None
112,0.8495195508003235,0.6050764322280884,1.398078203201294,0.4203057289123535,[0.1064 0.1000 0.1000 0.1000 0.1000 0.1000 0.1000],[-0.0643 0.0000 0.0000 0.0000 0.0000 0.0000 0.0000],0.45459598302841187,0.5055881083830658,1.0,0.0,0.22983832313787503,None
112,0.8495222330093384,0.6053915619850159,1.3980889320373535,0.4215662479400635,[0.1058 0.1000 0.1000 0.1000 0.1000 0.1000 0.1000],[-0.0582 0.0000 0.0000 0.0000 0.0000 0.0000 0.0000],0.45491379499435425,0.5059041884165354,1.0,0.0,0.23014279425610495,None
112,0.8495249152183533,0.6057096719741821,1.398099660873413,0.4228386878967285,[0.1052 0.1000 0.1000 0.1000 0.1000 0.1000 0.1000],[-0.0521 0.0000 0.0000 0.0000 0.0000 0.0000 0.0000],0.4552345871925354,0.5062234885657569,1.0,0.0,0.23045044084439753,None
112,0.8495275378227234,0.6060221195220947,1.3981101512908936,0.4240884780883789,[0.1046 0.1000 0.1000 0.1000 0.1000 0.1000 0.1000],[-0.0461 0.0000 0.0000 0.0000 0.0000 0.0000 0.0000],0.4555496573448181,0.5065373182289985,1.0,0.0,0.23075290175158336,None
112,0.8495299816131592,0.6063078045845032,1.3981199264526367,0.4252312183380127,[0.1041 0.1000 0.1000 0.1000 0.1000 0.1000 0.1000],[-0.0406 0.0000 0.0000 0.0000 0.0000 0.0000 0.0000],0.45583778619766235,0.5068243953431435,1.0,0.0,0.23102971036418735,None
112,0.8495323061943054,0.60658860206604,1.3981292247772217,0.42635440826416016,[0.1035 0.1000 0.1000 0.1000 0.1000 0.1000 0.1000],[-0.0353 0.0000 0.0000 0.0000 0.0000 0.0000 0.0000],0.45612090826034546,0.5071068025137033,1.0,0.0,0.23130201534755,None
112,0.8495345115661621,0.6068542003631592,1.3981380462646484,0.4274168014526367,[0.1030 0.1000 0.1000 0.1000 0.1000 0.1000 0.1000],[-0.0302 0.0000 0.0000 0.0000 0.0000 0.0000 0.0000],0.4563887119293213,0.5073740656410759,1.0,0.0,0.23155979628427353,None
112,0.8495367765426636,0.6071162819862366,1.3981471061706543,0.4284651279449463,[0.1025 0.1000 0.1000 0.1000 0.1000 0.1000 0.1000],[-0.0251 0.0000 0.0000 0.0000 0.0000 0.0000 0.0000],0.45665305852890015,0.5076378420751377,1.0,0.0,0.23181437320862244,None
112,0.8495388031005859,0.6073606014251709,1.3981552124023438,0.4294424057006836,[0.1020 0.1000 0.1000 0.1000 0.1000 0.1000 0.1000],[-0.0204 0.0000 0.0000 0.0000 0.0000 0.0000 0.0000],0.45689940452575684,0.5078839550721649,1.0,0.0,0.23205187664065838,None
112,0.8495408892631531,0.607607364654541,1.3981635570526123,0.43042945861816406,[0.1016 0.1000 0.1000 0.1000 0.1000 0.1000 0.1000],[-0.0157 0.0000 0.0000 0.0000 0.0000 0.0000 0.0000],0.4571482539176941,0.5081326148151191,1.0,0.0,0.2322919376213639,None
112,0.849542498588562,0.6078032851219177,1.398169994354248,0.4312131404876709,[0.1012 0.1000 0.1000 0.1000 0.1000 0.1000 0.1000],[-0.0119 0.0000 0.0000 0.0000 0.0000 0.0000 0.0000],0.45734578371047974,0.5083301784056253,1.0,0.0,0.2324826638266087,None
112,0.8495442271232605,0.608004629611969,1.398176908493042,0.432018518447876,[0.1008 0.1000 0.1000 0.1000 0.1000 0.1000 0.1000],[-0.0081 0.0000 0.0000 0.0000 0.0000 0.0000 0.0000],0.4575488567352295,0.5085332183033207,1.0,0.0,0.23267879264657124,None
112,0.8495458960533142,0.6081960797309875,1.3981835842132568,0.4327843189239502,[0.1004 0.1000 0.1000 0.1000 0.1000 0.1000 0.1000],[-0.0044 0.0000 0.0000 0.0000 0.0000 0.0000 0.0000],0.45774197578430176,0.5087263325575788,1.0,0.0,0.23286539659840788,None
112,0.8495474457740784,0.6083862781524658,1.3981897830963135,0.4335451126098633,[0.1001 0.1000 0.1000 0.1000 0.1000 0.1000 0.1000],[-0.0007 0.0000 0.0000 0.0000 0.0000 0.0000 0.0000],0.4579337239265442,0.5089183696964297,1.0,0.0,0.2330508842097118,None
112,0.8495492339134216,0.6086015105247498,1.3981969356536865,0.434406042098999,[0.0997 0.1000 0.1000 0.1000 0.1000 0.1000 0.1000],[0.0034 0.0000 0.0000 0.0000 0.0000 0.0000 0.0000],0.4581507444381714,0.5091357383260909,0.9966111183166504,0.003388881683349665,0.2324704238833037,None
112,0.8495507836341858,0.6087825298309326,1.3982031345367432,0.43513011932373047,[0.0993 0.1000 0.1000 0.1000 0.1000 0.1000 0.1000],[0.0069 0.0000 0.0000 0.0000 0.0000 0.0000 0.0000],0.4583333134651184,0.5093185821704136,0.9931332617998123,0.006866738200187739,0.23183471798639121,None
112,0.8495525121688843,0.6089841723442078,1.398210048675537,0.43593668937683105,[0.0989 0.1000 0.1000 0.1000 0.1000 0.1000 0.1000],[0.0107 0.0000 0.0000 0.0000 0.0000 0.0000 0.0000],0.45853668451309204,0.5095223350399363,0.9892576187849045,0.010742381215095576,0.23112488937337936,None
112,0.8495542407035828,0.6091898679733276,1.398216962814331,0.43675947189331055,[0.0985 0.1000 0.1000 0.1000 0.1000 0.1000 0.1000],[0.0147 0.0000 0.0000 0.0000 0.0000 0.0000 0.0000],0.4587441086769104,0.5097303061270714,0.9853026270866394,0.014697372913360651,0.23039900336494912,None
112,0.849556028842926,0.6094046831130981,1.398224115371704,0.4376187324523926,[0.0981 0.1000 0.1000 0.1000 0.1000 0.1000 0.1000],[0.0188 0.0000 0.0000 0.0000 0.0000 0.0000 0.0000],0.45896071195602417,0.5099476091989471,0.981171503663063,0.018828496336937006,0.22963918507265887,None
112,0.8495577573776245,0.6096060872077942,1.398231029510498,0.43842434883117676,[0.0977 0.1000 0.1000 0.1000 0.1000 0.1000 0.1000],[0.0227 0.0000 0.0000 0.0000 0.0000 0.0000 0.0000],0.4591638445854187,0.5101513803532459,0.9772971272468567,0.022702872753143366,0.22892507853193683,None
112,0.8475235104560852,0.6104350090026855,1.3900940418243408,0.4417400360107422,[0.0973 0.1079 0.1000 0.1000 0.1000 0.1000 0.1000],[0.0272 -0.0792 0.0000 0.0000 0.0000 0.0000 0.0000],0.45795851945877075,0.5130826543925554,0.9728197008371353,0.02718029916286474,0.2285840023033524,None
112,0.8477519154548645,0.6105570197105408,1.391007661819458,0.4422280788421631,[0.0969 0.1071 0.1000 0.1000 0.1000 0.1000 0.1000],[0.0308 -0.0705 0.0000 0.0000 0.0000 0.0000 0.0000],0.4583089351654053,0.5129734137192059,0.969218909740448,0.030781090259552057,0.22786365548594348,None
112,0.8479803204536438,0.6106873750686646,1.3919212818145752,0.4427495002746582,[0.0965 0.1062 0.1000 0.1000 0.1000 0.1000 0.1000],[0.0345 -0.0619 0.0000 0.0000 0.0000 0.0000 0.0000],0.45866769552230835,0.5128727626328218,0.9654522687196732,0.0345477312803269,0.22711122311342252,None
112,0.848205029964447,0.6108148097991943,1.392820119857788,0.44325923919677734,[0.0962 0.1053 0.1000 0.1000 0.1000 0.1000 0.1000],[0.0382 -0.0533 0.0000 0.0000 0.0000 0.0000 0.0000],0.45901983976364136,0.5127729275119735,0.9617529809474945,0.03824701905250555,0.2263706334324968,None
112,0.8484217524528503,0.6109344959259033,1.3936870098114014,0.4437379837036133,[0.0958 0.1045 0.1000 0.1000 0.1000 0.1000 0.1000],[0.0418 -0.0450 0.0000 0.0000 0.0000 0.0000 0.0000],0.45935624837875366,0.5126733574624234,0.9582412987947464,0.04175870120525366,0.22566554809853295,None
112,0.8486411571502686,0.6110540628433228,1.3945646286010742,0.444216251373291,[0.0955 0.1036 0.1000 0.1000 0.1000 0.1000 0.1000],[0.0453 -0.0365 0.0000 0.0000 0.0000 0.0000 0.0000],0.4596952199935913,0.5125709340766127,0.954708531498909,0.04529146850109106,0.22495454225300351,None
112,0.8488744497299194,0.6112096309661865,1.3954977989196777,0.4448385238647461,[0.0950 0.1027 0.1000 0.1000 0.1000 0.1000 0.1000],[0.0496 -0.0274 0.0000 0.0000 0.0000 0.0000 0.0000],0.46008408069610596,0.5124912116035929,0.9503994882106781,0.049600511789321955,0.22409379050256414,None
112,0.84906005859375,0.6112850308418274,1.396240234375,0.44514012336730957,[0.0948 0.1020 0.1000 0.1000 0.1000 0.1000 0.1000],[0.0521 -0.0202 0.0000 0.0000 0.0000 0.0000 0.0000],0.4603450894355774,0.5123781918823538,0.9478972107172012,0.05210278928279882,0.22358125878066284,None
112,0.8492642045021057,0.6113898158073425,1.3970568180084229,0.4455592632293701,[0.0945 0.1012 0.1000 0.1000 0.1000 0.1000 0.1000],[0.0553 -0.0122 0.0000 0.0000 0.0000 0.0000 0.0000],0.46065402030944824,0.5122763193213158,0.9447172284126282,0.05528277158737188,0.22293639892841566,None
112,0.849449634552002,0.6114844083786011,1.3977985382080078,0.4459376335144043,[0.0942 0.1005 0.1000 0.1000 0.1000 0.1000 0.1000],[0.0582 -0.0049 0.0000 0.0000 0.0000 0.0000 0.0000],0.460934042930603,0.5121832042934552,0.941835567355156,0.05816443264484411,0.22235106022305295,None
112,0.8496277928352356,0.6115738153457642,1.3985111713409424,0.44629526138305664,[0.0939 0.0998 0.1000 0.1000 0.1000 0.1000 0.1000],[0.0609 0.0021 0.0000 0.0000 0.0000 0.0000 0.0000],0.46120160818099976,0.512092244897182,0.9390910714864731,0.06090892851352697,0.22179243216400113,None
112,0.8498055934906006,0.6116606593132019,1.3992223739624023,0.4466426372528076,[0.0936 0.0991 0.1000 0.1000 0.1000 0.1000 0.1000],[0.0636 0.0092 0.0000 0.0000 0.0000 0.0000 0.0000],0.4614662528038025,0.5119990428519646,0.936393216252327,0.06360678374767309,0.22124188715434892,None
112,0.849987804889679,0.6117575168609619,1.3999512195587158,0.44703006744384766,[0.0933 0.0984 0.1000 0.1000 0.1000 0.1000 0.1000],[0.0665 0.0164 0.0000 0.0000 0.0000 0.0000 0.0000],0.46174532175064087,0.5119115981415692,0.9334725886583328,0.06652741134166723,0.22064751605472466,None
112,0.8501662015914917,0.6118360757827759,1.4006648063659668,0.4473443031311035,[0.0931 0.0976 0.1000 0.1000 0.1000 0.1000 0.1000],[0.0691 0.0236 0.0000 0.0000 0.0000 0.0000 0.0000],0.4620022773742676,0.5118093345743737,0.930921882390976,0.0690781176090241,0.2201230683005078,None
112,0.8503499627113342,0.6119176745414734,1.401399850845337,0.44767069816589355,[0.0928 0.0969 0.1000 0.1000 0.1000 0.1000 0.1000],[0.0717 0.0310 0.0000 0.0000 0.0000 0.0000 0.0000],0.4622676372528076,0.5117047121158542,0.9282771497964859,0.07172285020351415,0.21957888047543936,None
112,0.8505318760871887,0.6120008230209351,1.4021275043487549,0.44800329208374023,[0.0926 0.0962 0.1000 0.1000 0.1000 0.1000 0.1000],[0.0744 0.0383 0.0000 0.0000 0.0000 0.0000 0.0000],0.4625326991081238,0.511603590240209,0.9256092458963394,0.07439075410366064,0.2190300531786394,None
112,0.8507108688354492,0.6120809316635132,1.4028434753417969,0.44832372665405273,[0.0923 0.0954 0.1000 0.1000 0.1000 0.1000 0.1000],[0.0770 0.0456 0.0000 0.0000 0.0000 0.0000 0.0000],0.4627918004989624,0.5115023672811341,0.9230136126279831,0.07698638737201696,0.21849495306604214,None
112,0.8508831858634949,0.6121537089347839,1.4035327434539795,0.44861483573913574,[0.0921 0.0947 0.1000 0.1000 0.1000 0.1000 0.1000],[0.0794 0.0526 0.0000 0.0000 0.0000 0.0000 0.0000],0.4630368947982788,0.5114004943425434,0.9205922484397888,0.07940775156021124,0.21799375597641643,None
112,0.8510468602180481,0.6122206449508667,1.4041874408721924,0.4488825798034668,[0.0918 0.0941 0.1000 0.1000 0.1000 0.1000 0.1000],[0.0817 0.0593 0.0000 0.0000 0.0000 0.0000 0.0000],0.4632675051689148,0.5113015088347608,0.9183316677808762,0.0816683322191239,0.21752464762700943,None
112,0.851202666759491,0.6123836040496826,1.4048106670379639,0.44953441619873047,[0.0914 0.0934 0.1000 0.1000 0.1000 0.1000 0.1000],[0.0857 0.0657 0.0000 0.0000 0.0000 0.0000 0.0000],0.4635862708091736,0.5113088268550287,0.9142652153968811,0.08573478460311895,0.21671354310912627,None
112,0.8513457179069519,0.612514317035675,1.4053828716278076,0.4500572681427002,[0.0911 0.0928 0.1000 0.1000 0.1000 0.1000 0.1000],[0.0891 0.0716 0.0000 0.0000 0.0000 0.0000 0.0000],0.46386003494262695,0.5112962033385899,0.9108918905258179,0.08910810947418218,0.2160361155837664,None
112,0.8514931201934814,0.6126553416252136,1.4059724807739258,0.4506213665008545,[0.0907 0.0922 0.1000 0.1000 0.1000 0.1000 0.1000],[0.0927 0.0777 0.0000 0.0000 0.0000 0.0000 0.0000],0.46414846181869507,0.511289678267107,0.9072908759117126,0.09270912408828741,0.21531311518281485,None
112,0.8516422510147095,0.6127923727035522,1.406569004058838,0.451169490814209,[0.0904 0.0916 0.1000 0.1000 0.1000 0.1000 0.1000],[0.0962 0.0839 0.0000 0.0000 0.0000 0.0000 0.0000],0.4644346237182617,0.5112772991653066,0.9037542343139648,0.09624576568603521,0.21460085330689083,None
112,0.8517732620239258,0.6129158139228821,1.4070930480957031,0.4516632556915283,[0.0901 0.0911 0.1000 0.1000 0.1000 0.1000 0.1000],[0.0994 0.0893 0.0000 0.0000 0.0000 0.0000 0.0000],0.46468907594680786,0.5112695547635244,0.9005847573280334,0.09941524267196661,0.21396216671770152,None
112,0.8518986701965332,0.6130465865135193,1.4075946807861328,0.45218634605407715,[0.0897 0.0905 0.1000 0.1000 0.1000 0.1000 0.1000],[0.1027 0.0945 0.0000 0.0000 0.0000 0.0000 0.0000],0.4649452567100525,0.5112750429095994,0.8973059803247452,0.10269401967525488,0.21330300683347458,None
112,0.8520223498344421,0.6131786108016968,1.4080893993377686,0.4527144432067871,[0.0894 0.0900 0.1000 0.1000 0.1000 0.1000 0.1000],[0.1060 0.0997 0.0000 0.0000 0.0000 0.0000 0.0000],0.4652009606361389,0.5112835801482158,0.894009992480278,0.10599000751972204,0.21263993040989976,None
112,0.8521447777748108,0.6133065223693848,1.4085791110992432,0.45322608947753906,[0.0891 0.0895 0.1000 0.1000 0.1000 0.1000 0.1000],[0.1092 0.1048 0.0000 0.0000 0.0000 0.0000 0.0000],0.46545130014419556,0.5112891904147955,0.8907993882894516,0.10920061171054846,0.21199263300086602,None
112,0.8522664308547974,0.6134352684020996,1.4090657234191895,0.45374107360839844,[0.0888 0.0890 0.1000 0.1000 0.1000 0.1000 0.1000],[0.1124 0.1100 0.0000 0.0000 0.0000 0.0000 0.0000],0.465701699256897,0.5112964472681851,0.8875740319490433,0.11242596805095678,0.21134169444880535,None
112,0.8524121642112732,0.6135008931159973,1.4096486568450928,0.45400357246398926,[0.0885 0.0884 0.1000 0.1000 0.1000 0.1000 0.1000],[0.1146 0.1162 0.0000 0.0000 0.0000 0.0000 0.0000],0.4659130573272705,0.5112144937753618,0.8838424831628799,0.11615751683712011,0.2105149352487238,None
112,0.8526269793510437,0.6135122179985046,1.4105079174041748,0.45404887199401855,[0.0884 0.0878 0.1073 0.1000 0.1000 0.1000 0.1000],[0.1159 0.1216 -0.0734 0.0000 0.0000 0.0000 0.0000],0.46613919734954834,0.5110063790267412,0.8784462511539459,0.12155374884605413,0.20924598782109569,None
112,0.8527404069900513,0.6135453581809998,1.410961627960205,0.454181432723999,[0.0883 0.0873 0.1060 0.1000 0.1000 0.1000 0.1000],[0.1173 0.1271 -0.0603 0.0000 0.0000 0.0000 0.0000],0.466285765171051,0.5109242913320562,0.8728963881731033,0.12710361182689672,0.2079559760217369,None
112,0.8528481125831604,0.6135737299919128,1.4113924503326416,0.45429491996765137,[0.0881 0.0868 0.1048 0.1000 0.1000 0.1000 0.1000],[0.1185 0.1324 -0.0478 0.0000 0.0000 0.0000 0.0000],0.46642184257507324,0.5108431922264114,0.8676130324602127,0.13238696753978735,0.20672478900568045,None
112,0.8529577851295471,0.6135998368263245,1.4118311405181885,0.45439934730529785,[0.0880 0.0862 0.1035 0.1000 0.1000 0.1000 0.1000],[0.1198 0.1378 -0.0351 0.0000 0.0000 0.0000 0.0000],0.4665576219558716,0.5107577815608891,0.8622152358293533,0.13778476417064672,0.2054641110518349,None
112,0.8530660271644592,0.6136289238929749,1.412264108657837,0.4545156955718994,[0.0879 0.0857 0.1023 0.1000 0.1000 0.1000 0.1000],[0.1210 0.1431 -0.0227 0.0000 0.0000 0.0000 0.0000],0.4666949510574341,0.5106768927676884,0.8568829298019409,0.14311707019805914,0.20422118926861552,None
112,0.8531842231750488,0.6137793660163879,1.4127368927001953,0.45511746406555176,[0.0875 0.0851 0.1013 0.1000 0.1000 0.1000 0.1000],[0.1247 0.1487 -0.0135 0.0000 0.0000 0.0000 0.0000],0.46696358919143677,0.5107098435910846,0.8513046056032181,0.14869539439678198,0.203021592488584,None
112,0.8532869219779968,0.6138789653778076,1.4131476879119873,0.45551586151123047,[0.0873 0.0846 0.1004 0.1000 0.1000 0.1000 0.1000],[0.1273 0.1536 -0.0043 0.0000 0.0000 0.0000 0.0000],0.46716588735580444,0.5107066763175803,0.8463809639215469,0.15361903607845312,0.20193358020415397,None
112,0.8533849120140076,0.6139658689498901,1.4135396480560303,0.45586347579956055,[0.0870 0.0842 0.0995 0.1000 0.1000 0.1000 0.1000],[0.1296 0.1584 0.0047 0.0000 0.0000 0.0000 0.0000],0.4673507809638977,0.510695347391712,0.8416444063186646,0.1583555936813355,0.20087852714704652,None
112,0.8534824252128601,0.6140559315681458,1.4139297008514404,0.456223726272583,[0.0868 0.0837 0.0986 0.1000 0.1000 0.1000 0.1000],[0.1320 0.1631 0.0136 0.0000 0.0000 0.0000 0.0000],0.46753835678100586,0.5106877340136318,0.8369328081607819,0.1630671918392182,0.19983118590508017,None
112,0.8535795211791992,0.6141455769538879,1.4143180847167969,0.45658230781555176,[0.0866 0.0832 0.0978 0.1000 0.1000 0.1000 0.1000],[0.1343 0.1678 0.0224 0.0000 0.0000 0.0000 0.0000],0.46772509813308716,0.5106801207540089,0.8322272449731827,0.16777275502681738,0.19878406004170587,None
112,0.8536974787712097,0.6142296195030212,1.4147899150848389,0.45691847801208496,[0.0863 0.0826 0.0966 0.1000 0.1000 0.1000 0.1000],[0.1367 0.1736 0.0340 0.0000 0.0000 0.0000 0.0000],0.46792709827423096,0.5106454666929217,0.8264411985874176,0.17355880141258245,0.19747386945053882,None
112,0.8537901639938354,0.6142545342445374,1.4151606559753418,0.4570181369781494,[0.0862 0.0822 0.0955 0.1000 0.1000 0.1000 0.1000],[0.1378 0.1782 0.0445 0.0000 0.0000 0.0000 0.0000],0.4680446982383728,0.5105762268245462,0.8217920362949371,0.17820796370506292,0.19638569411600582,None
112,0.8538858890533447,0.6142917275428772,1.415543556213379,0.4571669101715088,[0.0861 0.0817 0.0945 0.1000 0.1000 0.1000 0.1000],[0.1391 0.1830 0.0550 0.0000 0.0000 0.0000 0.0000],0.4681776165962219,0.5105164338708934,0.8170083910226822,0.18299160897731787,0.19527510959562586,None
112,0.853975772857666,0.6143084168434143,1.415903091430664,0.4572336673736572,[0.0860 0.0812 0.0935 0.1000 0.1000 0.1000 0.1000],[0.1401 0.1875 0.0654 0.0000 0.0000 0.0000 0.0000],0.4682841897010803,0.5104416725105663,0.8124702423810959,0.18752975761890417,0.19420619604736683,None
112,0.8540714979171753,0.6143401861190796,1.4162859916687012,0.45736074447631836,[0.0859 0.0808 0.0924 0.1000 0.1000 0.1000 0.1000],[0.1413 0.1923 0.0759 0.0000 0.0000 0.0000 0.0000],0.4684116840362549,0.5103763569862095,0.8076564967632294,0.19234350323677069,0.19308340905521612,None
112,0.8541662693023682,0.6143765449523926,1.4166650772094727,0.4575061798095703,[0.0857 0.0803 0.0914 0.1000 0.1000 0.1000 0.1000],[0.1426 0.1971 0.0861 0.0000 0.0000 0.0000 0.0000],0.46854281425476074,0.5103167101585193,0.8028895407915115,0.19711045920848852,0.19197508633956029,None
112,0.8542823195457458,0.6145060062408447,1.4171292781829834,0.4580240249633789,[0.0854 0.0797 0.0904 0.1000 0.1000 0.1000 0.1000],[0.1459 0.2028 0.0959 0.0000 0.0000 0.0000 0.0000],0.4687883257865906,0.5103304039406764,0.7972075045108795,0.20279249548912054,0.19072148046541004,None
112,0.854393482208252,0.6146224141120911,1.4175739288330078,0.45848965644836426,[0.0851 0.0792 0.0894 0.1000 0.1000 0.1000 0.1000],[0.1489 0.2083 0.1055 0.0000 0.0000 0.0000 0.0000],0.469015896320343,0.5103357598352103,0.7917298376560211,0.20827016234397894,0.18950495752258992,None
112,0.8544654846191406,0.6145995855331421,1.4178619384765625,0.45839834213256836,[0.0851 0.0788 0.0885 0.1000 0.1000 0.1000 0.1000],[0.1489 0.2120 0.1149 0.0000 0.0000 0.0000 0.0000],0.4690650701522827,0.5102389367395581,0.7879781723022461,0.21202182769775396,0.18859096283528445,None
112,0.8545407652854919,0.6145747900009155,1.4181630611419678,0.4582991600036621,[0.0851 0.0784 0.0875 0.1000 0.1000 0.1000 0.1000],[0.1490 0.2160 0.1247 0.0000 0.0000 0.0000 0.0000],0.46911555528640747,0.5101367790039995,0.7840488851070404,0.21595111489295965,0.18763316795634197,None
112,0.8546139001846313,0.6145418882369995,1.4184556007385254,0.45816755294799805,[0.0851 0.0780 0.0866 0.1000 0.1000 0.1000 0.1000],[0.1488 0.2198 0.1344 0.0000 0.0000 0.0000 0.0000],0.46915578842163086,0.5100285600694344,0.7802097499370575,0.21979025006294256,0.1866908135121829,None
112,0.8546777963638306,0.614495038986206,1.4187111854553223,0.4579801559448242,[0.0852 0.0777 0.0857 0.1000 0.1000 0.1000 0.1000],[0.1483 0.2232 0.1434 0.0000 0.0000 0.0000 0.0000],0.4691728353500366,0.5099155609717602,0.7768211513757706,0.2231788486242295,0.18584554996311584,None
112,0.8547636866569519,0.6145379543304443,1.4190547466278076,0.45815181732177734,[0.0850 0.0772 0.0848 0.1000 0.1000 0.1000 0.1000],[0.1498 0.2275 0.1522 0.0000 0.0000 0.0000 0.0000],0.46930164098739624,0.5098717184996283,0.7724586129188538,0.2275413870811463,0.18483670415668066,None
112,0.8548429608345032,0.6146371960639954,1.4193718433380127,0.45854878425598145,[0.0848 0.0769 0.0841 0.1000 0.1000 0.1000 0.1000],[0.1522 0.2315 0.1585 0.0000 0.0000 0.0000 0.0000],0.46948015689849854,0.5098920886472982,0.7685325294733047,0.2314674705266953,0.18397455840601892,None
112,0.8549185395240784,0.6146979928016663,1.4196741580963135,0.45879197120666504,[0.0846 0.0765 0.0834 0.1000 0.1000 0.1000 0.1000],[0.1539 0.2353 0.1656 0.0000 0.0000 0.0000 0.0000],0.46961653232574463,0.5098770085759983,0.7647217065095901,0.2352782934904099,0.1831100681499573,None
112,0.8549884557723999,0.6147136092185974,1.4199538230895996,0.45885443687438965,[0.0845 0.0761 0.0827 0.1000 0.1000 0.1000 0.1000],[0.1546 0.2389 0.1733 0.0000 0.0000 0.0000 0.0000],0.4697020649909973,0.5098216176188484,0.761110857129097,0.23888914287090307,0.1822588531828802,None
112,0.8550422787666321,0.6146613955497742,1.4201691150665283,0.4586455821990967,[0.0846 0.0758 0.0819 0.1000 0.1000 0.1000 0.1000],[0.1540 0.2418 0.1811 0.0000 0.0000 0.0000 0.0000],0.46970367431640625,0.5097134682485578,0.7582065463066101,0.24179345369338995,0.18152548111187797,None
112,0.8551074862480164,0.6146520972251892,1.4204299449920654,0.45860838890075684,[0.0846 0.0755 0.0811 0.1000 0.1000 0.1000 0.1000],[0.1543 0.2452 0.1890 0.0000 0.0000 0.0000 0.0000],0.46975958347320557,0.509637492233728,0.7547888159751892,0.24521118402481085,0.1807017985817869,None
112,0.8551706075668335,0.614637553691864,1.420682430267334,0.45855021476745605,[0.0846 0.0751 0.0803 0.1000 0.1000 0.1000 0.1000],[0.1544 0.2485 0.1967 0.0000 0.0000 0.0000 0.0000],0.4698081612586975,0.5095583073647088,0.7514650374650955,0.24853496253490454,0.17989671071112986,None
112,0.8552338480949402,0.614620566368103,1.4209353923797607,0.4584822654724121,[0.0845 0.0748 0.0796 0.1000 0.1000 0.1000 0.1000],[0.1545 0.2519 0.2045 0.0000 0.0000 0.0000 0.0000],0.4698544144630432,0.5094765227567215,0.7481270283460617,0.25187297165393835,0.17908649339455124,None
112,0.8537313342094421,0.6146019101142883,1.4149253368377686,0.4584076404571533,[0.0845 0.0745 0.0788 0.1071 0.1000 0.1000 0.1000],[0.1546 0.2552 0.2122 -0.0712 0.0000 0.0000 0.0000],0.46833324432373047,0.5109913864816349,0.7447664439678192,0.25523355603218084,0.17823322583248277,None
112,0.8541266918182373,0.6145340800285339,1.4165067672729492,0.45813632011413574,[0.0846 0.0742 0.0780 0.1056 0.1000 0.1000 0.1000],[0.1536 0.2579 0.2197 -0.0558 0.0000 0.0000 0.0000],0.46866077184677124,0.5105180168895862,0.7421156764030457,0.2578843235969544,0.17755842444450703,None
112,0.8545190691947937,0.6144381165504456,1.4180762767791748,0.4577524662017822,[0.0848 0.0740 0.0773 0.1040 0.1000 0.1000 0.1000],[0.1521 0.2603 0.2271 -0.0400 0.0000 0.0000 0.0000],0.46895718574523926,0.5100194364626816,0.7397384196519852,0.2602615803480149,0.17692862282716015,None
112,0.8548884987831116,0.6145176887512207,1.4195539951324463,0.4580707550048828,[0.0846 0.0735 0.0765 0.1027 0.1000 0.1000 0.1000],[0.1542 0.2646 0.2346 -0.0271 0.0000 0.0000 0.0000],0.4694061875343323,0.5097237411092692,0.735422670841217,0.264577329158783,0.175962727723438,None
112,0.8552334904670715,0.6146075129508972,1.4209339618682861,0.45843005180358887,[0.0844 0.0731 0.0758 0.1015 0.1000 0.1000 0.1000],[0.1565 0.2688 0.2416 -0.0151 0.0000 0.0000 0.0000],0.46984100341796875,0.5094635818655517,0.7311604171991348,0.26883958280086523,0.17501558821634045,None
112,0.8556560277938843,0.6145605444908142,1.422624111175537,0.45824217796325684,[0.0844 0.0728 0.0750 0.0998 0.1000 0.1000 0.1000],[0.1560 0.2723 0.2502 0.0017 0.0000 0.0000 0.0000],0.4702165722846985,0.5089852514403768,0.7276926189661026,0.27230738103389746,0.17416107608346798,None
112,0.8559626936912537,0.614622175693512,1.4238507747650146,0.45848870277404785,[0.0842 0.0724 0.0743 0.0987 0.1000 0.1000 0.1000],[0.1577 0.2760 0.2566 0.0128 0.0000 0.0000 0.0000],0.4705848693847656,0.508735796136395,0.724007859826088,0.2759921401739121,0.17332992022840765,None
112,0.8562557101249695,0.6146912574768066,1.425022840499878,0.45876502990722656,[0.0841 0.0720 0.0737 0.0977 0.1000 0.1000 0.1000],[0.1595 0.2797 0.2629 0.0234 0.0000 0.0000 0.0000],0.4709469676017761,0.5085079322632329,0.7203271985054016,0.27967280149459844,0.1725041510505817,None
112,0.8566402196884155,0.6147400140762329,1.426560878753662,0.45896005630493164,[0.0839 0.0716 0.0729 0.0962 0.1000 0.1000 0.1000],[0.1610 0.2841 0.2711 0.0380 0.0000 0.0000 0.0000],0.47138023376464844,0.5081664858794364,0.7159143686294556,0.2840856313705445,0.17148986791672147,None
112,0.8570247292518616,0.6147367358207703,1.4280989170074463,0.45894694328308105,[0.0839 0.0712 0.0721 0.0947 0.1000 0.1000 0.1000],[0.1614 0.2880 0.2794 0.0534 0.0000 0.0000 0.0000],0.47176146507263184,0.5077724170354821,0.712009072303772,0.2879909276962281,0.17055996432882023,None
112,0.85738205909729,0.6147359609603882,1.4295282363891602,0.45894384384155273,[0.0838 0.0708 0.0713 0.0932 0.1000 0.1000 0.1000],[0.1619 0.2917 0.2872 0.0678 0.0000 0.0000 0.0000],0.4721180200576782,0.5074087920629299,0.7082737982273102,0.2917262017726899,0.16967182889873766,None
112,0.8576856851577759,0.6147447824478149,1.4307427406311035,0.45897912979125977,[0.0837 0.0705 0.0706 0.0920 0.1000 0.1000 0.1000],[0.1625 0.2951 0.2940 0.0800 0.0000 0.0000 0.0000],0.4724304676055908,0.5071096443325748,0.7049277424812317,0.29507225751876837,0.16888239168538283,None
112,0.8579785227775574,0.6147377490997314,1.4319140911102295,0.4589509963989258,[0.0837 0.0702 0.0699 0.0908 0.1000 0.1000 0.1000],[0.1628 0.2982 0.3006 0.0921 0.0000 0.0000 0.0000],0.4727162718772888,0.5068055417202806,0.6993557512760162,0.3006442487239838,0.16754831234032366,None
112,0.8582894802093506,0.6148382425308228,1.4331579208374023,0.459352970123291,[0.0835 0.0697 0.0692 0.0896 0.1000 0.1000 0.1000],[0.1653 0.3027 0.3079 0.1039 0.0000 0.0000 0.0000],0.47312772274017334,0.5065922196818053,0.6921045482158661,0.30789545178413397,0.16588557210465715,None
112,0.8586127758026123,0.6148197650909424,1.4344511032104492,0.45927906036376953,[0.0835 0.0694 0.0685 0.0882 0.1000 0.1000 0.1000],[0.1654 0.3062 0.3154 0.1176 0.0000 0.0000 0.0000],0.4734325408935547,0.5062460018271548,0.684601217508316,0.315398782491684,0.16408065418101833,None
112,0.8588329553604126,0.6147890090942383,1.4353318214416504,0.4591560363769531,[0.0835 0.0692 0.0679 0.0873 0.1000 0.1000 0.1000],[0.1651 0.3084 0.3206 0.1272 0.0000 0.0000 0.0000],0.4736219644546509,0.5059919572859423,0.6794397532939911,0.32056024670600897,0.16282699275993748,None
112,0.8590637445449829,0.6147535443305969,1.4362549781799316,0.4590141773223877,[0.0835 0.0689 0.0674 0.0863 0.1000 0.1000 0.1000],[0.1647 0.3107 0.3260 0.1374 0.0000 0.0000 0.0000],0.47381728887557983,0.5057225473335993,0.6739684194326401,0.32603158056736,0.16149637082850216,None
112,0.859303891658783,0.6147058606147766,1.4372155666351318,0.45882344245910645,[0.0836 0.0687 0.0668 0.0852 0.1000 0.1000 0.1000],[0.1641 0.3130 0.3318 0.1482 0.0000 0.0000 0.0000],0.47400975227355957,0.5054314698204037,0.6682153046131134,0.33178469538688665,0.16009065235484293,None
112,0.8595355749130249,0.6146571040153503,1.4381422996520996,0.45862841606140137,[0.0837 0.0685 0.0663 0.0841 0.1000 0.1000 0.1000],[0.1634 0.3153 0.3374 0.1587 0.0000 0.0000 0.0000],0.47419267892837524,0.5051480313288886,0.6625943630933762,0.3374056369066239,0.15871619607750953,None
112,0.8597634434700012,0.6145732402801514,1.4390537738800049,0.45829296112060547,[0.0838 0.0683 0.0657 0.0831 0.1000 0.1000 0.1000],[0.1621 0.3172 0.3430 0.1695 0.0000 0.0000 0.0000],0.4743366837501526,0.5048331562090916,0.657024011015892,0.342975988984108,0.1573315512514357,None
112,0.8599859476089478,0.614470362663269,1.439943790435791,0.45788145065307617,[0.0840 0.0681 0.0652 0.0820 0.1000 0.1000 0.1000],[0.1603 0.3189 0.3485 0.1803 0.0000 0.0000 0.0000],0.4744563102722168,0.5045047074434725,0.6515292078256607,0.34847079217433935,0.15595357681269847,None
112,0.8602033257484436,0.6143940091133118,1.4408133029937744,0.45757603645324707,[0.0841 0.0679 0.0646 0.0809 0.1000 0.1000 0.1000],[0.1591 0.3209 0.3539 0.1907 0.0000 0.0000 0.0000],0.47459733486175537,0.5042083939444599,0.6460706889629364,0.35392931103706365,0.15460210573095043,None
112,0.8604137301445007,0.6143165230751038,1.441654920578003,0.45726609230041504,[0.0842 0.0677 0.0641 0.0799 0.1000 0.1000 0.1000],[0.1578 0.3228 0.3593 0.2008 0.0000 0.0000 0.0000],0.4747302532196045,0.5039181447891921,0.6407187134027481,0.35928128659725195,0.15327605497497881,None
112,0.8606194257736206,0.6142371892929077,1.4424777030944824,0.45694875717163086,[0.0843 0.0675 0.0635 0.0789 0.1000 0.1000 0.1000],[0.1565 0.3247 0.3646 0.2108 0.0000 0.0000 0.0000],0.4748566150665283,0.5036309472975649,0.6354255229234695,0.3645744770765305,0.1519635940319296,None
112,0.860847532749176,0.614262044429779,1.443390130996704,0.4570481777191162,[0.0843 0.0672 0.0629 0.0779 0.1000 0.1000 0.1000],[0.1574 0.3280 0.3706 0.2208 0.0000 0.0000 0.0000],0.4751095771789551,0.503426250875666,0.6294135749340057,0.3705864250659943,0.15054479622096859,None
112,0.8610810041427612,0.614344596862793,1.444324016571045,0.4573783874511719,[0.0840 0.0668 0.0623 0.0770 0.1000 0.1000 0.1000],[0.1596 0.3320 0.3768 0.2305 0.0000 0.0000 0.0000],0.4754256010055542,0.5032743138512281,0.6231576576828957,0.3768423423171044,0.14910261689596954,None
112,0.8613358736038208,0.614377498626709,1.4453434944152832,0.45750999450683594,[0.0839 0.0664 0.0616 0.0758 0.1000 0.1000 0.1000],[0.1607 0.3358 0.3837 0.2418 0.0000 0.0000 0.0000],0.4757133722305298,0.5030509332163791,0.6162716075778008,0.3837283924221993,0.14747876028134851,None
112,0.8615864515304565,0.6143627762794495,1.4463458061218262,0.45745110511779785,[0.0839 0.0661 0.0609 0.0747 0.1000 0.1000 0.1000],[0.1609 0.3392 0.3906 0.2535 0.0000 0.0000 0.0000],0.475949227809906,0.5027840758272045,0.6094280257821083,0.39057197421789175,0.1458359392589535,None
112,0.861819326877594,0.614311933517456,1.447277307510376,0.4572477340698242,[0.0840 0.0658 0.0603 0.0735 0.1000 0.1000 0.1000],[0.1602 0.3420 0.3970 0.2648 0.0000 0.0000 0.0000],0.47613126039505005,0.5024988508956608,0.6029926985502243,0.39700730144977575,0.14426926605671261,None
112,0.8620384931564331,0.6142277717590332,1.4481539726257324,0.4569110870361328,[0.0841 0.0656 0.0597 0.0724 0.1000 0.1000 0.1000],[0.1589 0.3444 0.4031 0.2759 0.0000 0.0000 0.0000],0.4762662649154663,0.5021940926451356,0.5968603864312172,0.40313961356878286,0.14275593603694492,None
112,0.8622528314590454,0.6140823364257812,1.4490113258361816,0.456329345703125,[0.0843 0.0654 0.0591 0.0713 0.1071 0.1000 0.1000],[0.1566 0.3463 0.4092 0.2874 -0.0715 0.0000 0.0000],0.47633516788482666,0.5018328643584924,0.5907916650176048,0.4092083349823952,0.14122321871346752,None
112,0.862454891204834,0.6139024496078491,1.449819564819336,0.4556097984313965,[0.0847 0.0652 0.0585 0.0701 0.1049 0.1000 0.1000],[0.1532 0.3476 0.4150 0.2988 -0.0489 0.0000 0.0000],0.4763573408126831,0.5014496599168898,0.5849982425570488,0.41500175744295126,0.1397380777323804,None
112,0.862682580947876,0.6138222217559814,1.450730323791504,0.4552888870239258,[0.0848 0.0650 0.0578 0.0689 0.1027 0.1000 0.1000],[0.1520 0.3503 0.4217 0.3105 -0.0272 0.0000 0.0000],0.4765048027038574,0.5011409425580262,0.5783472582697868,0.4216527417302132,0.13810705003383017,None
112,0.8629239797592163,0.613878071308136,1.4516959190368652,0.45551228523254395,[0.0846 0.0645 0.0571 0.0678 0.1008 0.1000 0.1000],[0.1535 0.3546 0.4288 0.3216 -0.0081 0.0000 0.0000],0.4768020510673523,0.500955003580759,0.5711857229471207,0.4288142770528794,0.1364313502066314,None
112,0.8631682991981506,0.6139318943023682,1.4526731967926025,0.45572757720947266,[0.0845 0.0641 0.0564 0.0667 0.0989 0.1000 0.1000],[0.1551 0.3590 0.4362 0.3330 0.0114 0.0000 0.0000],0.4771001935005188,0.5007641790738745,0.5638295784592628,0.4361704215407372,0.1347071671091125,None
112,0.8633949160575867,0.613942563533783,1.4535796642303467,0.45577025413513184,[0.0844 0.0637 0.0557 0.0656 0.0969 0.1000 0.1000],[0.1557 0.3628 0.4431 0.3441 0.0306 0.0000 0.0000],0.47733747959136963,0.5005479477229033,0.5569123849272728,0.44308761507272726,0.13306324085459906,None
112,0.8635885119438171,0.6139116287231445,1.4543540477752686,0.4556465148925781,[0.0845 0.0634 0.0551 0.0646 0.0952 0.1000 0.1000],[0.1555 0.3657 0.4491 0.3540 0.0482 0.0000 0.0000],0.47750014066696167,0.5003232212513047,0.5509239807724953,0.4490760192275048,0.13161816776948773,None
112,0.8637604117393494,0.6138147115707397,1.4550416469573975,0.455258846282959,[0.0846 0.0632 0.0546 0.0636 0.0934 0.1000 0.1000],[0.1538 0.3676 0.4545 0.3636 0.0655 0.0000 0.0000],0.4775751233100891,0.5000543027801823,0.5455353856086731,0.45446461439132696,0.13028121225357941,None
112,0.8639589548110962,0.6137803196907043,1.4558358192443848,0.4551212787628174,[0.0846 0.0629 0.0539 0.0626 0.0916 0.1000 0.1000],[0.1535 0.3707 0.4608 0.3739 0.0835 0.0000 0.0000],0.47773927450180054,0.49982139677871884,0.539238415658474,0.4607615843415261,0.12876167380524917,None
112,0.8641166090965271,0.6137698292732239,1.4564664363861084,0.4550793170928955,[0.0846 0.0627 0.0534 0.0618 0.0903 0.1000 0.1000],[0.1536 0.3734 0.4658 0.3820 0.0974 0.0000 0.0000],0.477886438369751,0.49965334034960995,0.5341822654008865,0.4658177345991135,0.12755073538457404,None
112,0.8642771244049072,0.6137740015983582,1.457108497619629,0.4550960063934326,[0.0846 0.0624 0.0529 0.0610 0.0889 0.1000 0.1000],[0.1541 0.3762 0.4710 0.3901 0.1112 0.0000 0.0000],0.4780511260032654,0.4994971300716158,0.528985932469368,0.4710140675306321,0.12631399341395597,None
112,0.8644360303878784,0.6137927770614624,1.4577441215515137,0.4551711082458496,[0.0845 0.0621 0.0524 0.0602 0.0876 0.1000 0.1000],[0.1548 0.3793 0.4762 0.3981 0.1245 0.0000 0.0000],0.4782288074493408,0.4993571599169564,0.5237944424152374,0.47620555758476263,0.12508576845122515,None
112,0.8645889163017273,0.613813579082489,1.4583556652069092,0.45525431632995605,[0.0844 0.0618 0.0519 0.0594 0.0863 0.1000 0.1000],[0.1555 0.3822 0.4813 0.4058 0.1373 0.0000 0.0000],0.4784024953842163,0.4992252629981837,0.5187453702092171,0.481254629790783,0.12389227401989421,None
112,0.8647552132606506,0.6137691140174866,1.4590208530426025,0.4550764560699463,[0.0845 0.0615 0.0513 0.0585 0.0847 0.1000 0.1000],[0.1550 0.3849 0.4868 0.4149 0.1528 0.0000 0.0000],0.4785243272781372,0.4990148712355186,0.5131735652685165,0.4868264347314835,0.12254110338376631,None
112,0.8648861646652222,0.6136764287948608,1.4595446586608887,0.45470571517944336,[0.0847 0.0614 0.0509 0.0577 0.0834 0.1000 0.1000],[0.1534 0.3865 0.4913 0.4226 0.1664 0.0000 0.0000],0.478562593460083,0.49879172406038497,0.5087179318070412,0.4912820681929589,0.12143252753985913,None
112,0.8650126457214355,0.6135733723640442,1.4600505828857422,0.45429348945617676,[0.0848 0.0612 0.0504 0.0570 0.0820 0.1000 0.1000],[0.1516 0.3880 0.4956 0.4302 0.1798 0.0000 0.0000],0.47858601808547974,0.4985627922088436,0.50436582416296,0.49563417583704,0.12034429901115574,None
112,0.8651617169380188,0.6134136915206909,1.4606468677520752,0.45365476608276367,[0.0851 0.0611 0.0499 0.0560 0.0804 0.1000 0.1000],[0.1487 0.3895 0.5008 0.4396 0.1964 0.0000 0.0000],0.4785754084587097,0.4982550195394797,0.4991622269153595,0.5008377730846405,0.11902653057653689,None
112,0.8652684688568115,0.6131395697593689,1.461073875427246,0.4525582790374756,[0.0857 0.0611 0.0495 0.0552 0.0788 0.1000 0.1000],[0.1433 0.3892 0.5047 0.4477 0.2118 0.0000 0.0000],0.4784080386161804,0.49787561391877944,0.49531493335962296,0.504685066640377,0.11797792273650642,None
112,0.8653791546821594,0.6128637790679932,1.4615166187286377,0.45145511627197266,[0.0862 0.0611 0.0491 0.0544 0.0773 0.1000 0.1000],[0.1380 0.3890 0.5087 0.4561 0.2273 0.0000 0.0000],0.4782429337501526,0.4974909198689378,0.49128301441669464,0.5087169855833054,0.11688680008216377,None
112,0.8654871582984924,0.6125807166099548,1.4619486331939697,0.45032286643981934,[0.0868 0.0611 0.0487 0.0536 0.0757 0.1000 0.1000],[0.1325 0.3888 0.5127 0.4644 0.2427 0.0000 0.0000],0.47806787490844727,0.4971019569648957,0.48728756606578827,0.5127124339342117,0.11580314753652693,None
112,0.8655914068222046,0.6122865676879883,1.4623656272888184,0.4491462707519531,[0.0873 0.0612 0.0483 0.0527 0.0742 0.1000 0.1000],[0.1268 0.3885 0.5166 0.4725 0.2577 0.0000 0.0000],0.47787797451019287,0.496706011227815,0.4833732545375824,0.5166267454624176,0.11473582613457656,None
112,0.8656899333000183,0.611975908279419,1.4627597332000732,0.4479036331176758,[0.0879 0.0612 0.0480 0.0519 0.0728 0.1000 0.1000],[0.1207 0.3880 0.5204 0.4805 0.2725 0.0000 0.0000],0.47766584157943726,0.49629966744045184,0.4796087369322777,0.5203912630677223,0.11369863626029948,None
112,0.8657861351966858,0.6116705536842346,1.4631445407867432,0.4466822147369385,[0.0885 0.0613 0.0476 0.0512 0.0713 0.1000 0.1000],[0.1148 0.3875 0.5241 0.4883 0.2867 0.0000 0.0000],0.4774566888809204,0.49590121849735525,0.47588665038347244,0.5241133496165276,0.11267632646462482,None
112,0.8658761978149414,0.6113275289535522,1.4635047912597656,0.445310115814209,[0.0892 0.0613 0.0472 0.0504 0.0699 0.1000 0.1000],[0.1081 0.3866 0.5277 0.4961 0.3011 0.0000 0.0000],0.47720372676849365,0.49547183541313655,0.4723171144723892,0.5276828855276108,0.1116751338706695,None
112,0.8659912943840027,0.6110799312591553,1.4639651775360107,0.4443197250366211,[0.0897 0.0613 0.0468 0.0496 0.0685 0.1000 0.1000],[0.1034 0.3872 0.5321 0.5044 0.3154 0.0000 0.0000],0.47707122564315796,0.49511252429393005,0.46786151826381683,0.5321384817361832,0.11051073342507586,None
112,0.8661306500434875,0.611079752445221,1.4645226001739502,0.4443190097808838,[0.0896 0.0610 0.0463 0.0488 0.0673 0.1000 0.1000],[0.1038 0.3902 0.5373 0.5120 0.3271 0.0000 0.0000],0.4772104024887085,0.49497435946452517,0.46265680342912674,0.5373431965708733,0.10928273545600539,None
112,0.8662517666816711,0.6109606027603149,1.4650070667266846,0.44384241104125977,[0.0898 0.0608 0.0458 0.0480 0.0661 0.1000 0.1000],[0.1017 0.3920 0.5420 0.5196 0.3395 0.0000 0.0000],0.4772123694419861,0.4947365400888798,0.4579875245690346,0.5420124754309654,0.10812828823842234,None
112,0.8663376569747925,0.6106469035148621,1.46535062789917,0.44258761405944824,[0.0904 0.0608 0.0454 0.0473 0.0648 0.1000 0.1000],[0.0956 0.3915 0.5456 0.5268 0.3524 0.0000 0.0000],0.47698456048965454,0.49434126779029075,0.4544360563158989,0.5455639436841011,0.10715291025970554,None
112,0.8664059042930603,0.6102036833763123,1.4656236171722412,0.440814733505249,[0.0913 0.0610 0.0451 0.0466 0.0634 0.1000 0.1000],[0.0869 0.3897 0.5486 0.5342 0.3660 0.0000 0.0000],0.47660958766937256,0.4938357767317527,0.45139819383621216,0.5486018061637878,0.10624417816721146,None
112,0.8665139675140381,0.6098582148551941,1.4660558700561523,0.43943285942077637,[0.0920 0.0610 0.0447 0.0457 0.0619 0.1000 0.1000],[0.0802 0.3896 0.5531 0.5429 0.3810 0.0000 0.0000],0.4763721823692322,0.4933879663304038,0.4468810185790062,0.5531189814209938,0.1050332621639328,None
112,0.8666414022445679,0.609709620475769,1.4665656089782715,0.43883848190307617,[0.0922 0.0608 0.0442 0.0449 0.0606 0.1000 0.1000],[0.0776 0.3915 0.5582 0.5511 0.3940 0.0000 0.0000],0.4763510227203369,0.49311561301535556,0.44175997376441956,0.5582400262355804,0.10376770671500464,None
112,0.8667472004890442,0.6095400452613831,1.4669888019561768,0.4381601810455322,[0.0925 0.0607 0.0437 0.0442 0.0594 0.1000 0.1000],[0.0746 0.3928 0.5626 0.5583 0.4056 0.0000 0.0000],0.47628724575042725,0.4928440523589799,0.4374181851744652,0.5625818148255348,0.10267750479302551,None
112,0.866851806640625,0.6093160510063171,1.4674072265625,0.43726420402526855,[0.0930 0.0606 0.0433 0.0434 0.0582 0.1000 0.1000],[0.0704 0.3937 0.5670 0.5658 0.4179 0.0000 0.0000],0.47616785764694214,0.4925201918949801,0.43302852660417557,0.5669714733958244,0.10155483936592347,None
112,0.8669590353965759,0.609069287776947,1.4678361415863037,0.4362771511077881,[0.0934 0.0605 0.0428 0.0426 0.0569 0.1000 0.1000],[0.0658 0.3946 0.5715 0.5737 0.4306 0.0000 0.0000],0.47602832317352295,0.49217153721002516,0.4262646660208702,0.5737353339791298,0.09986852197419736,None
112,0.8670588731765747,0.6088019013404846,1.4682354927062988,0.4352076053619385,[0.0939 0.0605 0.0424 0.0419 0.0557 0.1000 0.1000],[0.0608 0.3952 0.5759 0.5814 0.4431 0.0000 0.0000],0.4758607745170593,0.491810102583601,0.4186348617076874,0.5813651382923126,0.09797442966283854,None
112,0.8671731352806091,0.6086183190345764,1.4686925411224365,0.43447327613830566,[0.0943 0.0603 0.0419 0.0411 0.0545 0.1000 0.1000],[0.0575 0.3968 0.5807 0.5892 0.4552 0.0000 0.0000],0.47579145431518555,0.49151714262324175,0.4108233377337456,0.5891766622662544,0.096075004484194,None
112,0.8672559857368469,0.6084664463996887,1.4690239429473877,0.4338657855987549,[0.0945 0.0602 0.0416 0.0405 0.0536 0.1000 0.1000],[0.0547 0.3978 0.5843 0.5950 0.4643 0.0000 0.0000],0.47572243213653564,0.4912863877021195,0.40501367300748825,0.5949863269925117,0.09465815746946228,None
112,0.8673041462898254,0.6078276038169861,1.4692165851593018,0.43131041526794434,[0.0958 0.0605 0.0413 0.0398 0.0522 0.1000 0.1000],[0.0421 0.3947 0.5871 0.6024 0.4779 0.0000 0.0000],0.4751317501068115,0.4906115995894298,0.3975805267691612,0.6024194732308388,0.09267806750885024,None
112,0.8673456311225891,0.6072888374328613,1.4693825244903564,0.4291553497314453,[0.0969 0.0608 0.0410 0.0391 0.0511 0.1000 0.1000],[0.0314 0.3921 0.5895 0.6087 0.4892 0.0000 0.0000],0.47463446855545044,0.4900423608869774,0.39131704717874527,0.6086829528212547,0.09101682157087038,None
112,0.8673861622810364,0.6067880988121033,1.4695446491241455,0.4271523952484131,[0.0978 0.0610 0.0408 0.0385 0.0500 0.1000 0.1000],[0.0216 0.3898 0.5919 0.6146 0.4996 0.0000 0.0000],0.47417426109313965,0.4895119360171747,0.3854437917470932,0.6145562082529068,0.0894668850746086,None
112,0.8674271702766418,0.6062934398651123,1.4697086811065674,0.4251737594604492,[0.0988 0.0612 0.0406 0.0380 0.0490 0.1000 0.1000],[0.0118 0.3876 0.5943 0.6204 0.5098 0.0000 0.0000],0.47372061014175415,0.48898754378045783,0.379626527428627,0.620373472571373,0.08793800899951272,None
112,0.8674646615982056,0.6057860255241394,1.4698586463928223,0.4231441020965576,[0.0998 0.0615 0.0403 0.0374 0.0480 0.1000 0.1000],[0.0018 0.3853 0.5965 0.6260 0.5197 0.0000 0.0000],0.47325068712234497,0.48845465882869565,0.37396881729364395,0.626031182706356,0.08644719385036143,None
112,0.8674941658973694,0.6052379012107849,1.4699766635894775,0.42095160484313965,[0.1009 0.0617 0.0401 0.0369 0.0471 0.1000 0.1000],[-0.0090 0.3825 0.5985 0.6315 0.5294 0.0000 0.0000],0.4727320671081543,0.4878903782522882,0.368519090116024,0.631480909883976,0.08499576883340383,None
112,0.8675225377082825,0.6047236323356628,1.4700901508331299,0.41889452934265137,[0.1019 0.0620 0.0400 0.0363 0.0462 0.1000 0.1000],[-0.0191 0.3800 0.6005 0.6366 0.5384 0.0000 0.0000],0.4722461700439453,0.4873608429190961,0.36341745406389236,0.6365825459361076,0.08364208665805739,None
112,0.8675546646118164,0.6042442321777344,1.4702186584472656,0.4169769287109375,[0.1029 0.0622 0.0397 0.0358 0.0453 0.1000 0.1000],[-0.0286 0.3779 0.6025 0.6416 0.5471 0.0000 0.0000],0.4717988967895508,0.48686217013936495,0.3583846613764763,0.6416153386235237,0.08232132756040311,None
112,0.8675662279129028,0.6035811901092529,1.4702649116516113,0.4143247604370117,[0.1042 0.0626 0.0396 0.0353 0.0444 0.1000 0.1000],[-0.0417 0.3741 0.6040 0.6467 0.5564 0.0000 0.0000],0.47114741802215576,0.4862052571272747,0.35331595689058304,0.646684043109417,0.08093562370790273,None
112,0.8675717711448669,0.6028550267219543,1.4702870845794678,0.4114201068878174,[0.1056 0.0630 0.0395 0.0348 0.0434 0.1000 0.1000],[-0.0562 0.3698 0.6053 0.6518 0.5658 0.0000 0.0000],0.4704267978668213,0.48549368864618136,0.3482269123196602,0.6517730876803398,0.07953128031689899,None
112,0.8675779104232788,0.6021318435668945,1.4703116416931152,0.4085273742675781,[0.1071 0.0634 0.0393 0.0343 0.0425 0.1000 0.1000],[-0.0706 0.3656 0.6067 0.6568 0.5750 0.0000 0.0000],0.46970975399017334,0.4847854166889448,0.34319963306188583,0.6568003669381142,0.07814945264502594,None
112,0.8675922155380249,0.6058716177940369,1.4703688621520996,0.42348647117614746,[0.1000 0.0640 0.0392 0.0338 0.0415 0.1000 0.1000],[0.0000 0.3602 0.6078 0.6621 0.5850 0.0000 0.0000],0.47346383333206177,0.4884136458583086,0.33785242587327957,0.6621475741267204,0.07812708863709723,None
112,0.8675897121429443,0.6059103608131409,1.4703588485717773,0.4236414432525635,[0.1000 0.0645 0.0391 0.0333 0.0405 0.1000 0.1000],[0.0000 0.3549 0.6090 0.6673 0.5946 0.0000 0.0000],0.4735000729560852,0.48845395971642647,0.3326878696680069,0.6673121303319931,0.0769450437568841,None
112,0.8675855994224548,0.605947732925415,1.4703423976898193,0.42379093170166016,[0.1000 0.0650 0.0390 0.0328 0.0396 0.1000 0.1000],[0.0000 0.3498 0.6100 0.6722 0.6036 0.0000 0.0000],0.4735333323478699,0.4884945098075293,0.3278329223394394,0.6721670776605606,0.07583379790195724,None
112,0.8676074147224426,0.6059748530387878,1.4704296588897705,0.42389941215515137,[0.1000 0.0654 0.0388 0.0322 0.0387 0.1000 0.1000],[0.0000 0.3460 0.6120 0.6778 0.6131 0.0000 0.0000],0.47358226776123047,0.4884996953239864,0.32221123576164246,0.6777887642383575,0.07454189180458913,None
112,0.8675969839096069,0.6060117483139038,1.4703879356384277,0.42404699325561523,[0.1000 0.0659 0.0387 0.0318 0.0379 0.1000 0.1000],[0.0000 0.3410 0.6128 0.6820 0.6210 0.0000 0.0000],0.47360873222351074,0.4885459594492354,0.3179605305194855,0.6820394694805145,0.07356959069718347,None
112,0.8675917983055115,0.6060454845428467,1.470367193222046,0.4241819381713867,[0.1000 0.0664 0.0386 0.0314 0.0371 0.1000 0.1000],[0.0000 0.3364 0.6137 0.6863 0.6287 0.0000 0.0000],0.47363728284835815,0.4885840110412417,0.31370844691991806,0.6862915530800819,0.07259577471212844,None
112,0.8675786256790161,0.6060850024223328,1.4703145027160645,0.42434000968933105,[0.1000 0.0669 0.0386 0.0309 0.0363 0.1000 0.1000],[0.0000 0.3309 0.6145 0.6907 0.6367 0.0000 0.0000],0.4736636281013489,0.48863552796788534,0.3093394264578819,0.6906605735421181,0.07159626286441406,None
112,0.8675550222396851,0.6061308979988098,1.4702200889587402,0.42452359199523926,[0.1000 0.0675 0.0385 0.0305 0.0355 0.1000 0.1000],[0.0000 0.3246 0.6150 0.6950 0.6450 0.0000 0.0000],0.4736859202384949,0.4887034869658553,0.30496779829263687,0.6950322017073631,0.07059759365250731,None
112,0.8675265908241272,0.6061807870864868,1.4701063632965088,0.42472314834594727,[0.1000 0.0682 0.0385 0.0300 0.0347 0.1000 0.1000],[0.0000 0.3178 0.6154 0.6996 0.6534 0.0000 0.0000],0.473707377910614,0.48878008280423935,0.30044514685869217,0.6995548531413078,0.06956468815898705,None
112,0.867492139339447,0.6062342524528503,1.469968557357788,0.42493700981140137,[0.1000 0.0689 0.0384 0.0296 0.0338 0.1000 0.1000],[0.0000 0.3105 0.6158 0.7041 0.6620 0.0000 0.0000],0.47372639179229736,0.48886607734704535,0.29594291001558304,0.704057089984417,0.0685370524169513,None
112,0.867457926273346,0.6062856912612915,1.4698317050933838,0.425142765045166,[0.1000 0.0697 0.0384 0.0292 0.0330 0.1000 0.1000],[0.0000 0.3035 0.6161 0.7083 0.6699 0.0000 0.0000],0.47374361753463745,0.4889498703531576,0.29168441891670227,0.7083155810832977,0.0675648688516253,None
112,0.8674825429916382,0.6063092947006226,1.4699301719665527,0.42523717880249023,[0.1000 0.0700 0.0382 0.0286 0.0322 0.1000 0.1000],[0.0000 0.3002 0.6184 0.7137 0.6784 0.0000 0.0000],0.47379183769226074,0.48894887898467965,0.28632160276174545,0.7136783972382545,0.06632925903465087,None
112,0.8675540089607239,0.6063017249107361,1.4702160358428955,0.42520689964294434,[0.1000 0.0699 0.0378 0.0281 0.0315 0.1000 0.1000],[0.0000 0.3013 0.6219 0.7187 0.6852 0.0000 0.0000],0.47385573387145996,0.48887155816762873,0.28129566460847855,0.7187043353915215,0.06516343212493779,None
112,0.8676208853721619,0.6062964200973511,1.4704835414886475,0.4251856803894043,[0.1000 0.0698 0.0375 0.0276 0.0308 0.1000 0.1000],[0.0000 0.3020 0.6253 0.7237 0.6920 0.0000 0.0000],0.47391730546951294,0.4888009533705967,0.27631625533103943,0.7236837446689606,0.06400900061878187,None
112,0.8676089644432068,0.6063345670700073,1.4704358577728271,0.4253382682800293,[0.1000 0.0703 0.0374 0.0272 0.0301 0.1000 0.1000],[0.0000 0.2967 0.6263 0.7280 0.6993 0.0000 0.0000],0.4739435315132141,0.4888499267600567,0.27202729135751724,0.7279727086424828,0.06302525796173244,None
112,0.8675703406333923,0.606391191482544,1.4702813625335693,0.4255647659301758,[0.1000 0.0711 0.0373 0.0267 0.0292 0.1000 0.1000],[0.0000 0.2890 0.6268 0.7326 0.7076 0.0000 0.0000],0.4739615321159363,0.4889431057593995,0.26744868606328964,0.7325513139367104,0.06197861828930606,None
112,0.8675246834754944,0.6064520478248596,1.4700987339019775,0.4258081912994385,[0.1000 0.0719 0.0373 0.0263 0.0284 0.1000 0.1000],[0.0000 0.2807 0.6271 0.7371 0.7159 0.0000 0.0000],0.473976731300354,0.48904732542961005,0.26288315653800964,0.7371168434619904,0.060935540905311315,None
112,0.8674746155738831,0.6065115928649902,1.4698984622955322,0.42604637145996094,[0.1000 0.0727 0.0373 0.0259 0.0277 0.1000 0.1000],[0.0000 0.2726 0.6271 0.7411 0.7233 0.0000 0.0000],0.4739862084388733,0.4891545999924314,0.25886692106723785,0.7411330789327621,0.06001895166762087,None
112,0.8674277067184448,0.6065663695335388,1.4697108268737793,0.4262654781341553,[0.1000 0.0735 0.0373 0.0255 0.0270 0.1000 0.1000],[0.0000 0.2651 0.6272 0.7448 0.7299 0.0000 0.0000],0.47399407625198364,0.4892541363996121,0.255240723490715,0.744759276509285,0.059191233056033674,None
112,0.867405354976654,0.6066144108772278,1.4696214199066162,0.42645764350891113,[0.1000 0.0741 0.0372 0.0250 0.0262 0.1000 0.1000],[0.0000 0.2586 0.6284 0.7495 0.7379 0.0000 0.0000],0.47401976585388184,0.4893230530957695,0.250454880297184,0.749545119702816,0.05809270870248659,None
112,0.8673242330551147,0.6066907644271851,1.469296932220459,0.42676305770874023,[0.1000 0.0752 0.0372 0.0247 0.0255 0.1000 0.1000],[0.0000 0.2482 0.6277 0.7533 0.7452 0.0000 0.0000],0.4740149974822998,0.48947725944094356,0.24669915437698364,0.7533008456230164,0.057239029720028596,None
112,0.867235004901886,0.6067720651626587,1.468940019607544,0.42708826065063477,[0.1000 0.0763 0.0373 0.0243 0.0247 0.1000 0.1000],[0.0000 0.2372 0.6269 0.7571 0.7526 0.0000 0.0000],0.4740070700645447,0.4896443007673694,0.24291843175888062,0.7570815682411194,0.056380119502937975,None
112,0.8671496510505676,0.6068487167358398,1.4685986042022705,0.4273948669433594,[0.1000 0.0773 0.0374 0.0239 0.0241 0.1000 0.1000],[0.0000 0.2268 0.6262 0.7606 0.7593 0.0000 0.0000],0.47399836778640747,0.4898030436049938,0.2394193410873413,0.7605806589126587,0.055584993203267354,None
112,0.8670567870140076,0.6069294214248657,1.4682271480560303,0.4277176856994629,[0.1000 0.0784 0.0375 0.0236 0.0234 0.1000 0.1000],[0.0000 0.2159 0.6254 0.7640 0.7661 0.0000 0.0000],0.4739862084388733,0.4899731716966824,0.23393170908093452,0.7660682909190655,0.05432842313913419,None
112,0.8669681549072266,0.6070045828819275,1.4678726196289062,0.42801833152770996,[0.1000 0.0794 0.0375 0.0233 0.0228 0.1000 0.1000],[0.0000 0.2058 0.6245 0.7671 0.7721 0.0000 0.0000],0.47397273778915405,0.49013377046003614,0.22789981216192245,0.7721001878380775,0.05294341563429397,None
112,0.8668550252914429,0.6070923209190369,1.4674201011657715,0.42836928367614746,[0.1000 0.0806 0.0377 0.0230 0.0222 0.1000 0.1000],[0.0000 0.1940 0.6231 0.7700 0.7780 0.0000 0.0000],0.47394734621047974,0.490330789263854,0.2219553105533123,0.7780446894466877,0.05158041132264267,None
112,0.8667340278625488,0.6071842312812805,1.4669361114501953,0.42873692512512207,[0.1000 0.0818 0.0378 0.0227 0.0216 0.1000 0.1000],[0.0000 0.1816 0.6216 0.7728 0.7840 0.0000 0.0000],0.47391825914382935,0.4905397006819193,0.21598957479000092,0.7840104252099991,0.05021233212522084,None
112,0.8666126132011414,0.6072747707366943,1.4664504528045654,0.42909908294677734,[0.1000 0.0831 0.0380 0.0224 0.0210 0.1000 0.1000],[0.0000 0.1694 0.6201 0.7755 0.7896 0.0000 0.0000],0.4738873839378357,0.49074776145367116,0.21035030484199524,0.7896496951580048,0.048918892902511425,None
112,0.8664993643760681,0.6073598861694336,1.4659974575042725,0.4294395446777344,[0.1000 0.0842 0.0381 0.0222 0.0205 0.1000 0.1000],[0.0000 0.1580 0.6188 0.7782 0.7950 0.0000 0.0000],0.4738592505455017,0.4909425590302854,0.20495954900979996,0.7950404509902,0.047681312557777224,None
112,0.8664306402206421,0.6074257493019104,1.4657225608825684,0.4297029972076416,[0.1000 0.0851 0.0381 0.0218 0.0199 0.1000 0.1000],[0.0000 0.1491 0.6190 0.7818 0.8011 0.0000 0.0000],0.4738563895225525,0.49107476883265877,0.1988704688847065,0.8011295311152935,0.04627694272174906,None
112,0.8663451075553894,0.6075019240379333,1.4653804302215576,0.4300076961517334,[0.1000 0.0861 0.0381 0.0214 0.0193 0.1000 0.1000],[0.0000 0.1389 0.6189 0.7855 0.8075 0.0000 0.0000],0.47384703159332275,0.4912336651099485,0.19250152632594109,0.8074984736740589,0.044808505983278756,None
112,0.8662140965461731,0.6076029539108276,1.4648563861846924,0.43041181564331055,[0.1000 0.0875 0.0382 0.0211 0.0186 0.1000 0.1000],[0.0000 0.1253 0.6179 0.7891 0.8142 0.0000 0.0000],0.47381705045700073,0.4914617589253042,0.18582485616207123,0.8141751438379288,0.04327172623820426,None
112,0.8660727143287659,0.6077080368995667,1.4642908573150635,0.4308321475982666,[0.1000 0.0889 0.0383 0.0207 0.0179 0.1000 0.1000],[0.0000 0.1113 0.6167 0.7925 0.8206 0.0000 0.0000],0.4737807512283325,0.49170414380087735,0.1793747954070568,0.8206252045929432,0.04178714491766285,None
112,0.8658909797668457,0.6078304052352905,1.4635639190673828,0.4313216209411621,[0.1000 0.0905 0.0385 0.0205 0.0173 0.1000 0.1000],[0.0000 0.0949 0.6145 0.7953 0.8265 0.0000 0.0000],0.47372138500213623,0.4920033715352481,0.17347805202007294,0.8265219479799271,0.04043296650430106,None
112,0.8656991124153137,0.6079561114311218,1.4627964496612549,0.4318244457244873,[0.1000 0.0922 0.0388 0.0202 0.0168 0.1000 0.1000],[0.0000 0.0781 0.6122 0.7979 0.8322 0.0000 0.0000],0.47365522384643555,0.4923160422229279,0.16781892627477646,0.8321810737252235,0.03913337071898485,None
112,0.8655955791473389,0.6080387234687805,1.4623823165893555,0.43215489387512207,[0.1000 0.0933 0.0388 0.0199 0.0162 0.1000 0.1000],[0.0000 0.0671 0.6121 0.8014 0.8380 0.0000 0.0000],0.4736343026161194,0.49249940327270714,0.16199002042412758,0.8380099795758724,0.037786539166195725,None
112,0.8654888868331909,0.608119010925293,1.4619555473327637,0.4324760437011719,[0.1000 0.0944 0.0388 0.0196 0.0157 0.1000 0.1000],[0.0000 0.0563 0.6117 0.8044 0.8431 0.0000 0.0000],0.4736078977584839,0.4926836530251584,0.1568840630352497,0.8431159369647503,0.0366071498593171,None
112,0.8652819991111755,0.6082493662834167,1.4611279964447021,0.432997465133667,[0.1000 0.0961 0.0391 0.0193 0.0152 0.1000 0.1000],[0.0000 0.0389 0.6093 0.8069 0.8484 0.0000 0.0000],0.4735313653945923,0.4930161414524533,0.15157703310251236,0.8484229668974876,0.03538696294424481,None
112,0.8650359511375427,0.6083940863609314,1.460143804550171,0.4335763454437256,[0.1000 0.0980 0.0394 0.0191 0.0147 0.1000 0.1000],[0.0000 0.0196 0.6059 0.8086 0.8530 0.0000 0.0000],0.4734300374984741,0.49340167314073047,0.14700781553983688,0.8529921844601631,0.03433972801578854,None
112,0.8647660613059998,0.6085488796234131,1.459064245223999,0.43419551849365234,[0.1000 0.1001 0.0398 0.0190 0.0142 0.1000 0.1000],[0.0000 -0.0010 0.6023 0.8102 0.8576 0.0000 0.0000],0.47331494092941284,0.4938209983784524,0.14244401827454567,0.8575559817254543,0.033293847307888966,None
112,0.8644739389419556,0.6087127327919006,1.4578957557678223,0.43485093116760254,[0.1000 0.1023 0.0402 0.0188 0.0138 0.1000 0.1000],[0.0000 -0.0228 0.5985 0.8118 0.8621 0.0000 0.0000],0.4731866717338562,0.4942716083211711,0.13790463097393513,0.8620953690260649,0.032253512574949635,None
112,0.864193320274353,0.6088679432868958,1.456773281097412,0.435471773147583,[0.1000 0.1043 0.0405 0.0187 0.0134 0.1000 0.1000],[0.0000 -0.0435 0.5950 0.8134 0.8664 0.0000 0.0000],0.4730612635612488,0.49470268456337785,0.13364885933697224,0.8663511406630278,0.031277131143993886,None
112,0.8638936877250671,0.609028697013855,1.4555747509002686,0.4361147880554199,[0.1000 0.1065 0.0409 0.0185 0.0130 0.1000 0.1000],[0.0000 -0.0649 0.5912 0.8147 0.8703 0.0000 0.0000],0.4729223847389221,0.4951584498961955,0.12968452647328377,0.8703154735267162,0.030368422029632493,None
112,0.8648724555969238,0.6085405945777893,1.4594898223876953,0.4341623783111572,[0.1000 0.1000 0.0413 0.0184 0.0126 0.1000 0.1000],[0.0000 0.0000 0.5875 0.8158 0.8740 0.0000 0.0000],0.47341305017471313,0.4937077316222037,0.125963743776083,0.874036256223917,0.02944121399017049,None
112,0.8648982048034668,0.608540415763855,1.4595928192138672,0.4341616630554199,[0.1000 0.1000 0.0415 0.0182 0.0122 0.1000 0.1000],[0.0000 0.0000 0.5849 0.8175 0.8779 0.0000 0.0000],0.4734386205673218,0.4936821264861255,0.12210775166749954,0.8778922483325005,0.028540023167076,None
112,0.8649383187294006,0.6085400581359863,1.4597532749176025,0.4341602325439453,[0.1000 0.1000 0.0416 0.0180 0.0117 0.1000 0.1000],[0.0000 0.0000 0.5838 0.8202 0.8827 0.0000 0.0000],0.47347837686538696,0.49364216151676465,0.11734527535736561,0.8826547246426344,0.027426980884121495,None
112,0.864953875541687,0.608539879322052,1.459815502166748,0.434159517288208,[0.1000 0.1000 0.0420 0.0179 0.0114 0.1000 0.1000],[0.0000 0.0000 0.5796 0.8211 0.8860 0.0000 0.0000],0.473493754863739,0.49362662370575305,0.11403083801269531,0.8859691619873047,0.02665232782742234,None
112,0.8649687767028809,0.6085397005081177,1.4598751068115234,0.4341588020324707,[0.1000 0.1000 0.0425 0.0178 0.0111 0.1000 0.1000],[0.0000 0.0000 0.5755 0.8219 0.8892 0.0000 0.0000],0.47350847721099854,0.49361173375090617,0.11081928387284279,0.8891807161271572,0.02590171812119102,None
112,0.8649822473526001,0.6085395216941833,1.4599289894104004,0.4341580867767334,[0.1000 0.1000 0.0429 0.0177 0.0108 0.1000 0.1000],[0.0000 0.0000 0.5711 0.8227 0.8923 0.0000 0.0000],0.47352176904678345,0.4935982566593824,0.10768530890345573,0.8923146910965443,0.025169235527863407,None
112,0.8649950623512268,0.608539342880249,1.4599802494049072,0.4341573715209961,[0.1000 0.1000 0.0433 0.0177 0.0105 0.1000 0.1000],[0.0000 0.0000 0.5666 0.8233 0.8954 0.0000 0.0000],0.47353440523147583,0.49358542727230115,0.10459903627634048,0.8954009637236595,0.024447899458584922,None
112,0.8650062084197998,0.6085392236709595,1.4600248336791992,0.4341568946838379,[0.1000 0.1000 0.0438 0.0176 0.0102 0.1000 0.1000],[0.0000 0.0000 0.5618 0.8239 0.8984 0.0000 0.0000],0.4735454320907593,0.49357430480983655,0.10163895785808563,0.8983610421419144,0.023756059130527658,None
112,0.8650155663490295,0.6085390448570251,1.4600622653961182,0.4341561794281006,[0.1000 0.1000 0.0443 0.0176 0.0099 0.1000 0.1000],[0.0000 0.0000 0.5567 0.8242 0.9012 0.0000 0.0000],0.4735546112060547,0.4935648891595248,0.09878028184175491,0.9012197181582451,0.023087908280330346,None
112,0.8650243878364563,0.6085389256477356,1.4600975513458252,0.4341557025909424,[0.1000 0.1000 0.0448 0.0175 0.0096 0.1000 0.1000],[0.0000 0.0000 0.5515 0.8246 0.9040 0.0000 0.0000],0.4735633134841919,0.49355606214634107,0.09601328521966934,0.9039867147803307,0.022441189396282438,None
112,0.8650466203689575,0.6085386276245117,1.46018648147583,0.4341545104980469,[0.1000 0.1000 0.0453 0.0174 0.0092 0.1000 0.1000],[0.0000 0.0000 0.5471 0.8259 0.9078 0.0000 0.0000],0.47358524799346924,0.49353381875544167,0.09216717444360256,0.9078328255563974,0.02154226464612352,None
112,0.8650474548339844,0.6085385084152222,1.4601898193359375,0.43415403366088867,[0.1000 0.1000 0.0460 0.0174 0.0089 0.1000 0.1000],[0.0000 0.0000 0.5397 0.8256 0.9105 0.0000 0.0000],0.47358596324920654,0.4935328772578005,0.08949936367571354,0.9105006363242865,0.020918708026650117,None
112,0.8650481700897217,0.6085383892059326,1.4601926803588867,0.43415355682373047,[0.1000 0.1000 0.0467 0.0175 0.0087 0.1000 0.1000],[0.0000 0.0000 0.5326 0.8253 0.9130 0.0000 0.0000],0.4735865592956543,0.49353205344880013,0.08697559125721455,0.9130244087427855,0.020328817738217802,None
112,0.8650473356246948,0.6085382103919983,1.4601893424987793,0.43415284156799316,[0.1000 0.1000 0.0475 0.0175 0.0085 0.1000 0.1000],[0.0000 0.0000 0.5251 0.8248 0.9154 0.0000 0.0000],0.4735855460166931,0.4935327007271876,0.08455775678157806,0.9154422432184219,0.019763680564933165,None
112,0.8650449514389038,0.608538031578064,1.4601798057556152,0.43415212631225586,[0.1000 0.1000 0.0483 0.0176 0.0082 0.1000 0.1000],[0.0000 0.0000 0.5173 0.8243 0.9178 0.0000 0.0000],0.4735829830169678,0.49353487794238005,0.08224652148783207,0.9177534785121679,0.0192234564152028,None
112,0.8650414347648621,0.6085281372070312,1.4601657390594482,0.434112548828125,[0.1000 0.1000 0.0491 0.0176 0.0282 0.1000 0.1000],[0.0000 0.0000 0.5092 0.8236 0.7177 0.0000 0.0000],0.4735695719718933,0.4935285816970213,0.17639562487602234,0.8236043751239777,0.04122720647064563,None
112,0.8650396466255188,0.6085278987884521,1.4601585865020752,0.4341115951538086,[0.1000 0.1000 0.0499 0.0177 0.0280 0.1000 0.1000],[0.0000 0.0000 0.5011 0.8231 0.7198 0.0000 0.0000],0.47356754541397095,0.49353011161860116,0.17694633454084396,0.823053665459156,0.041355869625119585,None
112,0.865036129951477,0.6085276007652283,1.4601445198059082,0.4341104030609131,[0.1000 0.1000 0.0508 0.0178 0.0278 0.1000 0.1000],[0.0000 0.0000 0.4924 0.8224 0.7218 0.0000 0.0000],0.4735637307167053,0.49353328916280315,0.1776443049311638,0.8223556950688362,0.04151893202406828,None
112,0.8650304675102234,0.608527421951294,1.4601218700408936,0.4341096878051758,[0.1000 0.1000 0.0517 0.0179 0.0276 0.1000 0.1000],[0.0000 0.0000 0.4833 0.8215 0.7236 0.0000 0.0000],0.47355788946151733,0.4935387028025444,0.17850738018751144,0.8214926198124886,0.04172059253544046,None
112,0.8650268912315369,0.6085271239280701,1.4601075649261475,0.4341084957122803,[0.1000 0.1000 0.0525 0.0179 0.0275 0.1000 0.1000],[0.0000 0.0000 0.4749 0.8208 0.7254 0.0000 0.0000],0.47355401515960693,0.49354193924524525,0.17919637262821198,0.820803627371788,0.041881555257818975,None
112,0.8650665283203125,0.6085268259048462,1.46026611328125,0.43410730361938477,[0.1000 0.1000 0.0527 0.0176 0.0271 0.1000 0.1000],[0.0000 0.0000 0.4733 0.8235 0.7294 0.0000 0.0000],0.4735933542251587,0.4935025148971949,0.1764948107302189,0.8235051892697811,0.041250280919450495,None
