113,0.8513769507408142,0.921442985534668,1.4055078029632568,1.6857719421386719,[0.1000 0.1000 0.1000 0.1000 0.1000 0.1000 0.1000],[0.0000 0.0000 0.0000 0.0000 0.0000 0.0000 0.0000],0.7728199362754822,0.7353001042806141,1.0,0.0,0.5682545797334996,None
113,0.8513769507408142,0.921442985534668,1.4055078029632568,1.6857719421386719,[0.1000 0.1000 0.1000 0.1000 0.1000 0.1000 0.1000],[0.0000 0.0000 0.0000 0.0000 0.0000 0.0000 0.0000],0.7728199362754822,0.7353001042806141,1.0,0.0,0.5682545797334996,None
113,0.8513769507408142,0.921442985534668,1.4055078029632568,1.6857719421386719,[0.1000 0.1000 0.1000 0.1000 0.1000 0.1000 0.1000],[0.0000 0.0000 0.0000 0.0000 0.0000 0.0000 0.0000],0.7728199362754822,0.7353001042806141,1.0,0.0,0.5682545797334996,None
113,0.8513769507408142,0.921442985534668,1.4055078029632568,1.6857719421386719,[0.1000 0.1000 0.1000 0.1000 0.1000 0.1000 0.1000],[0.0000 0.0000 0.0000 0.0000 0.0000 0.0000 0.0000],0.7728199362754822,0.7353001042806141,1.0,0.0,0.5682545797334996,None
113,0.8513769507408142,0.921442985534668,1.4055078029632568,1.6857719421386719,[0.1000 0.1000 0.1000 0.1000 0.1000 0.1000 0.1000],[0.0000 0.0000 0.0000 0.0000 0.0000 0.0000 0.0000],0.7728199362754822,0.7353001042806141,1.0,0.0,0.5682545797334996,None
113,0.8513769507408142,0.921442985534668,1.4055078029632568,1.6857719421386719,[0.1000 0.1000 0.1000 0.1000 0.1000 0.1000 0.1000],[0.0000 0.0000 0.0000 0.0000 0.0000 0.0000 0.0000],0.7728199362754822,0.7353001042806141,1.0,0.0,0.5682545797334996,None
113,0.8513769507408142,0.921442985534668,1.4055078029632568,1.6857719421386719,[0.1000 0.1000 0.1000 0.1000 0.1000 0.1000 0.1000],[0.0000 0.0000 0.0000 0.0000 0.0000 0.0000 0.0000],0.7728199362754822,0.7353001042806141,1.0,0.0,0.5682545797334996,None
113,0.8513769507408142,0.921442985534668,1.4055078029632568,1.6857719421386719,[0.1000 0.1000 0.1000 0.1000 0.1000 0.1000 0.1000],[0.0000 0.0000 0.0000 0.0000 0.0000 0.0000 0.0000],0.7728199362754822,0.7353001042806141,1.0,0.0,0.5682545797334996,None
113,0.8513769507408142,0.921442985534668,1.4055078029632568,1.6857719421386719,[0.1000 0.1000 0.1000 0.1000 0.1000 0.1000 0.1000],[0.0000 0.0000 0.0000 0.0000 0.0000 0.0000 0.0000],0.7728199362754822,0.7353001042806141,1.0,0.0,0.5682545797334996,None
113,0.8513769507408142,0.921442985534668,1.4055078029632568,1.6857719421386719,[0.1000 0.1000 0.1000 0.1000 0.1000 0.1000 0.1000],[0.0000 0.0000 0.0000 0.0000 0.0000 0.0000 0.0000],0.7728199362754822,0.7353001042806141,1.0,0.0,0.5682545797334996,None
113,0.8513769507408142,0.921442985534668,1.4055078029632568,1.6857719421386719,[0.1000 0.1000 0.1000 0.1000 0.1000 0.1000 0.1000],[0.0000 0.0000 0.0000 0.0000 0.0000 0.0000 0.0000],0.7728199362754822,0.7353001042806141,1.0,0.0,0.5682545797334996,None
113,0.8513769507408142,0.921442985534668,1.4055078029632568,1.6857719421386719,[0.1000 0.1000 0.1000 0.1000 0.1000 0.1000 0.1000],[0.0000 0.0000 0.0000 0.0000 0.0000 0.0000 0.0000],0.7728199362754822,0.7353001042806141,1.0,0.0,0.5682545797334996,None
113,0.8513769507408142,0.921442985534668,1.4055078029632568,1.6857719421386719,[0.1000 0.1000 0.1000 0.1000 0.1000 0.1000 0.1000],[0.0000 0.0000 0.0000 0.0000 0.0000 0.0000 0.0000],0.7728199362754822,0.7353001042806141,1.0,0.0,0.5682545797334996,None
113,0.8513769507408142,0.921442985534668,1.4055078029632568,1.6857719421386719,[0.1000 0.1000 0.1000 0.1000 0.1000 0.1000 0.1000],[0.0000 0.0000 0.0000 0.0000 0.0000 0.0000 0.0000],0.7728199362754822,0.7353001042806141,1.0,0.0,0.5682545797334996,None
113,0.8513769507408142,0.921442985534668,1.4055078029632568,1.6857719421386719,[0.1000 0.1000 0.1000 0.1000 0.1000 0.1000 0.1000],[0.0000 0.0000 0.0000 0.0000 0.0000 0.0000 0.0000],0.7728199362754822,0.7353001042806141,1.0,0.0,0.5682545797334996,None
113,0.8513769507408142,0.921442985534668,1.4055078029632568,1.6857719421386719,[0.1000 0.1000 0.1000 0.1000 0.1000 0.1000 0.1000],[0.0000 0.0000 0.0000 0.0000 0.0000 0.0000 0.0000],0.7728199362754822,0.7353001042806141,1.0,0.0,0.5682545797334996,None
113,0.8513769507408142,0.921442985534668,1.4055078029632568,1.6857719421386719,[0.1000 0.1000 0.1000 0.1000 0.1000 0.1000 0.1000],[0.0000 0.0000 0.0000 0.0000 0.0000 0.0000 0.0000],0.7728199362754822,0.7353001042806141,1.0,0.0,0.5682545797334996,None
113,0.8513769507408142,0.921442985534668,1.4055078029632568,1.6857719421386719,[0.1000 0.1000 0.1000 0.1000 0.1000 0.1000 0.1000],[0.0000 0.0000 0.0000 0.0000 0.0000 0.0000 0.0000],0.7728199362754822,0.7353001042806141,1.0,0.0,0.5682545797334996,None
113,0.8513769507408142,0.921442985534668,1.4055078029632568,1.6857719421386719,[0.1000 0.1000 0.1000 0.1000 0.1000 0.1000 0.1000],[0.0000 0.0000 0.0000 0.0000 0.0000 0.0000 0.0000],0.7728199362754822,0.7353001042806141,1.0,0.0,0.5682545797334996,None
113,0.8513769507408142,0.921442985534668,1.4055078029632568,1.6857719421386719,[0.1000 0.1000 0.1000 0.1000 0.1000 0.1000 0.1000],[0.0000 0.0000 0.0000 0.0000 0.0000 0.0000 0.0000],0.7728199362754822,0.7353001042806141,1.0,0.0,0.5682545797334996,None
113,0.8513769507408142,0.921442985534668,1.4055078029632568,1.6857719421386719,[0.1000 0.1000 0.1000 0.1000 0.1000 0.1000 0.1000],[0.0000 0.0000 0.0000 0.0000 0.0000 0.0000 0.0000],0.7728199362754822,0.7353001042806141,1.0,0.0,0.5682545797334996,None
113,0.8513769507408142,0.921442985534668,1.4055078029632568,1.6857719421386719,[0.1000 0.1000 0.1000 0.1000 0.1000 0.1000 0.1000],[0.0000 0.0000 0.0000 0.0000 0.0000 0.0000 0.0000],0.7728199362754822,0.7353001042806141,1.0,0.0,0.5682545797334996,None
113,0.8513769507408142,0.921442985534668,1.4055078029632568,1.6857719421386719,[0.1000 0.1000 0.1000 0.1000 0.1000 0.1000 0.1000],[0.0000 0.0000 0.0000 0.0000 0.0000 0.0000 0.0000],0.7728199362754822,0.7353001042806141,1.0,0.0,0.5682545797334996,None
113,0.8513769507408142,0.921442985534668,1.4055078029632568,1.6857719421386719,[0.1000 0.1000 0.1000 0.1000 0.1000 0.1000 0.1000],[0.0000 0.0000 0.0000 0.0000 0.0000 0.0000 0.0000],0.7728199362754822,0.7353001042806141,1.0,0.0,0.5682545797334996,None
113,0.8513769507408142,0.921442985534668,1.4055078029632568,1.6857719421386719,[0.1000 0.1000 0.1000 0.1000 0.1000 0.1000 0.1000],[0.0000 0.0000 0.0000 0.0000 0.0000 0.0000 0.0000],0.7728199362754822,0.7353001042806141,1.0,0.0,0.5682545797334996,None
113,0.8513769507408142,0.921442985534668,1.4055078029632568,1.6857719421386719,[0.1000 0.1000 0.1000 0.1000 0.1000 0.1000 0.1000],[0.0000 0.0000 0.0000 0.0000 0.0000 0.0000 0.0000],0.7728199362754822,0.7353001042806141,1.0,0.0,0.5682545797334996,None
113,0.8513769507408142,0.921442985534668,1.4055078029632568,1.6857719421386719,[0.1000 0.1000 0.1000 0.1000 0.1000 0.1000 0.1000],[0.0000 0.0000 0.0000 0.0000 0.0000 0.0000 0.0000],0.7728199362754822,0.7353001042806141,1.0,0.0,0.5682545797334996,None
113,0.8513769507408142,0.921442985534668,1.4055078029632568,1.6857719421386719,[0.1000 0.1000 0.1000 0.1000 0.1000 0.1000 0.1000],[0.0000 0.0000 0.0000 0.0000 0.0000 0.0000 0.0000],0.7728199362754822,0.7353001042806141,1.0,0.0,0.5682545797334996,None
113,0.8513769507408142,0.921442985534668,1.4055078029632568,1.6857719421386719,[0.1000 0.1000 0.1000 0.1000 0.1000 0.1000 0.1000],[0.0000 0.0000 0.0000 0.0000 0.0000 0.0000 0.0000],0.7728199362754822,0.7353001042806141,1.0,0.0,0.5682545797334996,None
113,0.8513769507408142,0.921442985534668,1.4055078029632568,1.6857719421386719,[0.1000 0.1000 0.1000 0.1000 0.1000 0.1000 0.1000],[0.0000 0.0000 0.0000 0.0000 0.0000 0.0000 0.0000],0.7728199362754822,0.7353001042806141,1.0,0.0,0.5682545797334996,None
113,0.8513769507408142,0.921442985534668,1.4055078029632568,1.6857719421386719,[0.1000 0.1000 0.1000 0.1000 0.1000 0.1000 0.1000],[0.0000 0.0000 0.0000 0.0000 0.0000 0.0000 0.0000],0.7728199362754822,0.7353001042806141,1.0,0.0,0.5682545797334996,None
113,0.8513769507408142,0.921442985534668,1.4055078029632568,1.6857719421386719,[0.1000 0.1000 0.1000 0.1000 0.1000 0.1000 0.1000],[0.0000 0.0000 0.0000 0.0000 0.0000 0.0000 0.0000],0.7728199362754822,0.7353001042806141,1.0,0.0,0.5682545797334996,None
113,0.8513769507408142,0.921442985534668,1.4055078029632568,1.6857719421386719,[0.1000 0.1000 0.1000 0.1000 0.1000 0.1000 0.1000],[0.0000 0.0000 0.0000 0.0000 0.0000 0.0000 0.0000],0.7728199362754822,0.7353001042806141,1.0,0.0,0.5682545797334996,None
113,0.8513769507408142,0.921442985534668,1.4055078029632568,1.6857719421386719,[0.1000 0.1000 0.1000 0.1000 0.1000 0.1000 0.1000],[0.0000 0.0000 0.0000 0.0000 0.0000 0.0000 0.0000],0.7728199362754822,0.7353001042806141,1.0,0.0,0.5682545797334996,None
113,0.8513769507408142,0.921442985534668,1.4055078029632568,1.6857719421386719,[0.1000 0.1000 0.1000 0.1000 0.1000 0.1000 0.1000],[0.0000 0.0000 0.0000 0.0000 0.0000 0.0000 0.0000],0.7728199362754822,0.7353001042806141,1.0,0.0,0.5682545797334996,None
113,0.8513769507408142,0.921442985534668,1.4055078029632568,1.6857719421386719,[0.1000 0.1000 0.1000 0.1000 0.1000 0.1000 0.1000],[0.0000 0.0000 0.0000 0.0000 0.0000 0.0000 0.0000],0.7728199362754822,0.7353001042806141,1.0,0.0,0.5682545797334996,None
113,0.8513769507408142,0.921442985534668,1.4055078029632568,1.6857719421386719,[0.1000 0.1000 0.1000 0.1000 0.1000 0.1000 0.1000],[0.0000 0.0000 0.0000 0.0000 0.0000 0.0000 0.0000],0.7728199362754822,0.7353001042806141,1.0,0.0,0.5682545797334996,None
113,0.8513769507408142,0.921442985534668,1.4055078029632568,1.6857719421386719,[0.1000 0.1000 0.1000 0.1000 0.1000 0.1000 0.1000],[0.0000 0.0000 0.0000 0.0000 0.0000 0.0000 0.0000],0.7728199362754822,0.7353001042806141,1.0,0.0,0.5682545797334996,None
113,0.8513769507408142,0.921442985534668,1.4055078029632568,1.6857719421386719,[0.1000 0.1000 0.1000 0.1000 0.1000 0.1000 0.1000],[0.0000 0.0000 0.0000 0.0000 0.0000 0.0000 0.0000],0.7728199362754822,0.7353001042806141,1.0,0.0,0.5682545797334996,None
113,0.8513769507408142,0.921442985534668,1.4055078029632568,1.6857719421386719,[0.1000 0.1000 0.1000 0.1000 0.1000 0.1000 0.1000],[0.0000 0.0000 0.0000 0.0000 0.0000 0.0000 0.0000],0.7728199362754822,0.7353001042806141,1.0,0.0,0.5682545797334996,None
113,0.8513769507408142,0.921442985534668,1.4055078029632568,1.6857719421386719,[0.1000 0.1000 0.1000 0.1000 0.1000 0.1000 0.1000],[0.0000 0.0000 0.0000 0.0000 0.0000 0.0000 0.0000],0.7728199362754822,0.7353001042806141,1.0,0.0,0.5682545797334996,None
113,0.8513769507408142,0.921442985534668,1.4055078029632568,1.6857719421386719,[0.1000 0.1000 0.1000 0.1000 0.1000 0.1000 0.1000],[0.0000 0.0000 0.0000 0.0000 0.0000 0.0000 0.0000],0.7728199362754822,0.7353001042806141,1.0,0.0,0.5682545797334996,None
113,0.8513769507408142,0.921442985534668,1.4055078029632568,1.6857719421386719,[0.1000 0.1000 0.1000 0.1000 0.1000 0.1000 0.1000],[0.0000 0.0000 0.0000 0.0000 0.0000 0.0000 0.0000],0.7728199362754822,0.7353001042806141,1.0,0.0,0.5682545797334996,None
113,0.8513769507408142,0.921442985534668,1.4055078029632568,1.6857719421386719,[0.1000 0.1000 0.1000 0.1000 0.1000 0.1000 0.1000],[0.0000 0.0000 0.0000 0.0000 0.0000 0.0000 0.0000],0.7728199362754822,0.7353001042806141,1.0,0.0,0.5682545797334996,None
113,0.8513769507408142,0.921442985534668,1.4055078029632568,1.6857719421386719,[0.1000 0.1000 0.1000 0.1000 0.1000 0.1000 0.1000],[0.0000 0.0000 0.0000 0.0000 0.0000 0.0000 0.0000],0.7728199362754822,0.7353001042806141,1.0,0.0,0.5682545797334996,None
113,0.8513769507408142,0.921442985534668,1.4055078029632568,1.6857719421386719,[0.1000 0.1000 0.1000 0.1000 0.1000 0.1000 0.1000],[0.0000 0.0000 0.0000 0.0000 0.0000 0.0000 0.0000],0.7728199362754822,0.7353001042806141,1.0,0.0,0.5682545797334996,None
113,0.8513769507408142,0.921442985534668,1.4055078029632568,1.6857719421386719,[0.1000 0.1000 0.1000 0.1000 0.1000 0.1000 0.1000],[0.0000 0.0000 0.0000 0.0000 0.0000 0.0000 0.0000],0.7728199362754822,0.7353001042806141,1.0,0.0,0.5682545797334996,None
113,0.8513769507408142,0.921442985534668,1.4055078029632568,1.6857719421386719,[0.1000 0.1000 0.1000 0.1000 0.1000 0.1000 0.1000],[0.0000 0.0000 0.0000 0.0000 0.0000 0.0000 0.0000],0.7728199362754822,0.7353001042806141,1.0,0.0,0.5682545797334996,None
113,0.8513769507408142,0.921442985534668,1.4055078029632568,1.6857719421386719,[0.1000 0.1000 0.1000 0.1000 0.1000 0.1000 0.1000],[0.0000 0.0000 0.0000 0.0000 0.0000 0.0000 0.0000],0.7728199362754822,0.7353001042806141,1.0,0.0,0.5682545797334996,None
113,0.8513769507408142,0.921442985534668,1.4055078029632568,1.6857719421386719,[0.1000 0.1000 0.1000 0.1000 0.1000 0.1000 0.1000],[0.0000 0.0000 0.0000 0.0000 0.0000 0.0000 0.0000],0.7728199362754822,0.7353001042806141,1.0,0.0,0.5682545797334996,None
113,0.8513769507408142,0.921442985534668,1.4055078029632568,1.6857719421386719,[0.1000 0.1000 0.1000 0.1000 0.1000 0.1000 0.1000],[0.0000 0.0000 0.0000 0.0000 0.0000 0.0000 0.0000],0.7728199362754822,0.7353001042806141,1.0,0.0,0.5682545797334996,None
113,0.8513769507408142,0.921442985534668,1.4055078029632568,1.6857719421386719,[0.1000 0.1000 0.1000 0.1000 0.1000 0.1000 0.1000],[0.0000 0.0000 0.0000 0.0000 0.0000 0.0000 0.0000],0.7728199362754822,0.7353001042806141,1.0,0.0,0.5682545797334996,None
113,0.8513769507408142,0.921442985534668,1.4055078029632568,1.6857719421386719,[0.1000 0.1000 0.1000 0.1000 0.1000 0.1000 0.1000],[0.0000 0.0000 0.0000 0.0000 0.0000 0.0000 0.0000],0.7728199362754822,0.7353001042806141,1.0,0.0,0.5682545797334996,None
113,0.8513769507408142,0.921442985534668,1.4055078029632568,1.6857719421386719,[0.1000 0.1000 0.1000 0.1000 0.1000 0.1000 0.1000],[0.0000 0.0000 0.0000 0.0000 0.0000 0.0000 0.0000],0.7728199362754822,0.7353001042806141,1.0,0.0,0.5682545797334996,None
113,0.8513769507408142,0.921442985534668,1.4055078029632568,1.6857719421386719,[0.1000 0.1000 0.1000 0.1000 0.1000 0.1000 0.1000],[0.0000 0.0000 0.0000 0.0000 0.0000 0.0000 0.0000],0.7728199362754822,0.7353001042806141,1.0,0.0,0.5682545797334996,None
113,0.8513769507408142,0.921442985534668,1.4055078029632568,1.6857719421386719,[0.1000 0.1000 0.1000 0.1000 0.1000 0.1000 0.1000],[0.0000 0.0000 0.0000 0.0000 0.0000 0.0000 0.0000],0.7728199362754822,0.7353001042806141,1.0,0.0,0.5682545797334996,None
113,0.8513769507408142,0.921442985534668,1.4055078029632568,1.6857719421386719,[0.1000 0.1000 0.1000 0.1000 0.1000 0.1000 0.1000],[0.0000 0.0000 0.0000 0.0000 0.0000 0.0000 0.0000],0.7728199362754822,0.7353001042806141,1.0,0.0,0.5682545797334996,None
113,0.8513769507408142,0.921442985534668,1.4055078029632568,1.6857719421386719,[0.1000 0.1000 0.1000 0.1000 0.1000 0.1000 0.1000],[0.0000 0.0000 0.0000 0.0000 0.0000 0.0000 0.0000],0.7728199362754822,0.7353001042806141,1.0,0.0,0.5682545797334996,None
113,0.8513769507408142,0.921442985534668,1.4055078029632568,1.6857719421386719,[0.1000 0.1000 0.1000 0.1000 0.1000 0.1000 0.1000],[0.0000 0.0000 0.0000 0.0000 0.0000 0.0000 0.0000],0.7728199362754822,0.7353001042806141,1.0,0.0,0.5682545797334996,None
113,0.8513769507408142,0.921442985534668,1.4055078029632568,1.6857719421386719,[0.1000 0.1000 0.1000 0.1000 0.1000 0.1000 0.1000],[0.0000 0.0000 0.0000 0.0000 0.0000 0.0000 0.0000],0.7728199362754822,0.7353001042806141,1.0,0.0,0.5682545797334996,None
113,0.8513769507408142,0.921442985534668,1.4055078029632568,1.6857719421386719,[0.1000 0.1000 0.1000 0.1000 0.1000 0.1000 0.1000],[0.0000 0.0000 0.0000 0.0000 0.0000 0.0000 0.0000],0.7728199362754822,0.7353001042806141,1.0,0.0,0.5682545797334996,None
113,0.8513769507408142,0.921442985534668,1.4055078029632568,1.6857719421386719,[0.1000 0.1000 0.1000 0.1000 0.1000 0.1000 0.1000],[0.0000 0.0000 0.0000 0.0000 0.0000 0.0000 0.0000],0.7728199362754822,0.7353001042806141,1.0,0.0,0.5682545797334996,None
113,0.8513769507408142,0.921442985534668,1.4055078029632568,1.6857719421386719,[0.1000 0.1000 0.1000 0.1000 0.1000 0.1000 0.1000],[0.0000 0.0000 0.0000 0.0000 0.0000 0.0000 0.0000],0.7728199362754822,0.7353001042806141,1.0,0.0,0.5682545797334996,None
113,0.8513769507408142,0.921442985534668,1.4055078029632568,1.6857719421386719,[0.1000 0.1000 0.1000 0.1000 0.1000 0.1000 0.1000],[0.0000 0.0000 0.0000 0.0000 0.0000 0.0000 0.0000],0.7728199362754822,0.7353001042806141,1.0,0.0,0.5682545797334996,None
113,0.8513769507408142,0.921442985534668,1.4055078029632568,1.6857719421386719,[0.1000 0.1000 0.1000 0.1000 0.1000 0.1000 0.1000],[0.0000 0.0000 0.0000 0.0000 0.0000 0.0000 0.0000],0.7728199362754822,0.7353001042806141,1.0,0.0,0.5682545797334996,None
113,0.8513769507408142,0.921442985534668,1.4055078029632568,1.6857719421386719,[0.1000 0.1000 0.1000 0.1000 0.1000 0.1000 0.1000],[0.0000 0.0000 0.0000 0.0000 0.0000 0.0000 0.0000],0.7728199362754822,0.7353001042806141,1.0,0.0,0.5682545797334996,None
113,0.8513769507408142,0.921442985534668,1.4055078029632568,1.6857719421386719,[0.1000 0.1000 0.1000 0.1000 0.1000 0.1000 0.1000],[0.0000 0.0000 0.0000 0.0000 0.0000 0.0000 0.0000],0.7728199362754822,0.7353001042806141,1.0,0.0,0.5682545797334996,None
113,0.8513769507408142,0.921442985534668,1.4055078029632568,1.6857719421386719,[0.1000 0.1000 0.1000 0.1000 0.1000 0.1000 0.1000],[0.0000 0.0000 0.0000 0.0000 0.0000 0.0000 0.0000],0.7728199362754822,0.7353001042806141,1.0,0.0,0.5682545797334996,None
113,0.8513769507408142,0.921442985534668,1.4055078029632568,1.6857719421386719,[0.1000 0.1000 0.1000 0.1000 0.1000 0.1000 0.1000],[0.0000 0.0000 0.0000 0.0000 0.0000 0.0000 0.0000],0.7728199362754822,0.7353001042806141,1.0,0.0,0.5682545797334996,None
113,0.8513769507408142,0.921442985534668,1.4055078029632568,1.6857719421386719,[0.1000 0.1000 0.1000 0.1000 0.1000 0.1000 0.1000],[0.0000 0.0000 0.0000 0.0000 0.0000 0.0000 0.0000],0.7728199362754822,0.7353001042806141,1.0,0.0,0.5682545797334996,None
113,0.8513769507408142,0.921442985534668,1.4055078029632568,1.6857719421386719,[0.1000 0.1000 0.1000 0.1000 0.1000 0.1000 0.1000],[0.0000 0.0000 0.0000 0.0000 0.0000 0.0000 0.0000],0.7728199362754822,0.7353001042806141,1.0,0.0,0.5682545797334996,None
113,0.8513769507408142,0.921442985534668,1.4055078029632568,1.6857719421386719,[0.1000 0.1000 0.1000 0.1000 0.1000 0.1000 0.1000],[0.0000 0.0000 0.0000 0.0000 0.0000 0.0000 0.0000],0.7728199362754822,0.7353001042806141,1.0,0.0,0.5682545797334996,None
113,0.8513769507408142,0.921442985534668,1.4055078029632568,1.6857719421386719,[0.1000 0.1000 0.1000 0.1000 0.1000 0.1000 0.1000],[0.0000 0.0000 0.0000 0.0000 0.0000 0.0000 0.0000],0.7728199362754822,0.7353001042806141,1.0,0.0,0.5682545797334996,None
113,0.8513769507408142,0.921442985534668,1.4055078029632568,1.6857719421386719,[0.1000 0.1000 0.1000 0.1000 0.1000 0.1000 0.1000],[0.0000 0.0000 0.0000 0.0000 0.0000 0.0000 0.0000],0.7728199362754822,0.7353001042806141,1.0,0.0,0.5682545797334996,None
113,0.8513769507408142,0.921442985534668,1.4055078029632568,1.6857719421386719,[0.1000 0.1000 0.1000 0.1000 0.1000 0.1000 0.1000],[0.0000 0.0000 0.0000 0.0000 0.0000 0.0000 0.0000],0.7728199362754822,0.7353001042806141,1.0,0.0,0.5682545797334996,None
113,0.8513769507408142,0.921442985534668,1.4055078029632568,1.6857719421386719,[0.1000 0.1000 0.1000 0.1000 0.1000 0.1000 0.1000],[0.0000 0.0000 0.0000 0.0000 0.0000 0.0000 0.0000],0.7728199362754822,0.7353001042806141,1.0,0.0,0.5682545797334996,None
113,0.8513769507408142,0.921442985534668,1.4055078029632568,1.6857719421386719,[0.1000 0.1000 0.1000 0.1000 0.1000 0.1000 0.1000],[0.0000 0.0000 0.0000 0.0000 0.0000 0.0000 0.0000],0.7728199362754822,0.7353001042806141,1.0,0.0,0.5682545797334996,None
113,0.8513769507408142,0.921442985534668,1.4055078029632568,1.6857719421386719,[0.1000 0.1000 0.1000 0.1000 0.1000 0.1000 0.1000],[0.0000 0.0000 0.0000 0.0000 0.0000 0.0000 0.0000],0.7728199362754822,0.7353001042806141,1.0,0.0,0.5682545797334996,None
113,0.8513769507408142,0.921442985534668,1.4055078029632568,1.6857719421386719,[0.1000 0.1000 0.1000 0.1000 0.1000 0.1000 0.1000],[0.0000 0.0000 0.0000 0.0000 0.0000 0.0000 0.0000],0.7728199362754822,0.7353001042806141,1.0,0.0,0.5682545797334996,None
113,0.8513769507408142,0.921442985534668,1.4055078029632568,1.6857719421386719,[0.1000 0.1000 0.1000 0.1000 0.1000 0.1000 0.1000],[0.0000 0.0000 0.0000 0.0000 0.0000 0.0000 0.0000],0.7728199362754822,0.7353001042806141,1.0,0.0,0.5682545797334996,None
113,0.8513769507408142,0.921442985534668,1.4055078029632568,1.6857719421386719,[0.1000 0.1000 0.1000 0.1000 0.1000 0.1000 0.1000],[0.0000 0.0000 0.0000 0.0000 0.0000 0.0000 0.0000],0.7728199362754822,0.7353001042806141,1.0,0.0,0.5682545797334996,None
113,0.8513769507408142,0.921442985534668,1.4055078029632568,1.6857719421386719,[0.1000 0.1000 0.1000 0.1000 0.1000 0.1000 0.1000],[0.0000 0.0000 0.0000 0.0000 0.0000 0.0000 0.0000],0.7728199362754822,0.7353001042806141,1.0,0.0,0.5682545797334996,None
113,0.8513769507408142,0.921442985534668,1.4055078029632568,1.6857719421386719,[0.1000 0.1000 0.1000 0.1000 0.1000 0.1000 0.1000],[0.0000 0.0000 0.0000 0.0000 0.0000 0.0000 0.0000],0.7728199362754822,0.7353001042806141,1.0,0.0,0.5682545797334996,None
113,0.8513769507408142,0.921442985534668,1.4055078029632568,1.6857719421386719,[0.1000 0.1000 0.1000 0.1000 0.1000 0.1000 0.1000],[0.0000 0.0000 0.0000 0.0000 0.0000 0.0000 0.0000],0.7728199362754822,0.7353001042806141,1.0,0.0,0.5682545797334996,None
113,0.8513769507408142,0.921442985534668,1.4055078029632568,1.6857719421386719,[0.1000 0.1000 0.1000 0.1000 0.1000 0.1000 0.1000],[0.0000 0.0000 0.0000 0.0000 0.0000 0.0000 0.0000],0.7728199362754822,0.7353001042806141,1.0,0.0,0.5682545797334996,None
113,0.8513769507408142,0.921442985534668,1.4055078029632568,1.6857719421386719,[0.1000 0.1000 0.1000 0.1000 0.1000 0.1000 0.1000],[0.0000 0.0000 0.0000 0.0000 0.0000 0.0000 0.0000],0.7728199362754822,0.7353001042806141,1.0,0.0,0.5682545797334996,None
113,0.8513769507408142,0.921442985534668,1.4055078029632568,1.6857719421386719,[0.1000 0.1000 0.1000 0.1000 0.1000 0.1000 0.1000],[0.0000 0.0000 0.0000 0.0000 0.0000 0.0000 0.0000],0.7728199362754822,0.7353001042806141,1.0,0.0,0.5682545797334996,None
113,0.8513769507408142,0.921442985534668,1.4055078029632568,1.6857719421386719,[0.1000 0.1000 0.1000 0.1000 0.1000 0.1000 0.1000],[0.0000 0.0000 0.0000 0.0000 0.0000 0.0000 0.0000],0.7728199362754822,0.7353001042806141,1.0,0.0,0.5682545797334996,None
113,0.8513769507408142,0.921442985534668,1.4055078029632568,1.6857719421386719,[0.1000 0.1000 0.1000 0.1000 0.1000 0.1000 0.1000],[0.0000 0.0000 0.0000 0.0000 0.0000 0.0000 0.0000],0.7728199362754822,0.7353001042806141,1.0,0.0,0.5682545797334996,None
113,0.8513769507408142,0.921442985534668,1.4055078029632568,1.6857719421386719,[0.1000 0.1000 0.1000 0.1000 0.1000 0.1000 0.1000],[0.0000 0.0000 0.0000 0.0000 0.0000 0.0000 0.0000],0.7728199362754822,0.7353001042806141,1.0,0.0,0.5682545797334996,None
113,0.8513769507408142,0.921442985534668,1.4055078029632568,1.6857719421386719,[0.1000 0.1000 0.1000 0.1000 0.1000 0.1000 0.1000],[0.0000 0.0000 0.0000 0.0000 0.0000 0.0000 0.0000],0.7728199362754822,0.7353001042806141,1.0,0.0,0.5682545797334996,None
113,0.8513769507408142,0.921442985534668,1.4055078029632568,1.6857719421386719,[0.1000 0.1000 0.1000 0.1000 0.1000 0.1000 0.1000],[0.0000 0.0000 0.0000 0.0000 0.0000 0.0000 0.0000],0.7728199362754822,0.7353001042806141,1.0,0.0,0.5682545797334996,None
113,0.8513769507408142,0.921442985534668,1.4055078029632568,1.6857719421386719,[0.1000 0.1000 0.1000 0.1000 0.1000 0.1000 0.1000],[0.0000 0.0000 0.0000 0.0000 0.0000 0.0000 0.0000],0.7728199362754822,0.7353001042806141,1.0,0.0,0.5682545797334996,None
113,0.8513769507408142,0.921442985534668,1.4055078029632568,1.6857719421386719,[0.1000 0.1000 0.1000 0.1000 0.1000 0.1000 0.1000],[0.0000 0.0000 0.0000 0.0000 0.0000 0.0000 0.0000],0.7728199362754822,0.7353001042806141,1.0,0.0,0.5682545797334996,None
113,0.8513769507408142,0.921442985534668,1.4055078029632568,1.6857719421386719,[0.1000 0.1000 0.1000 0.1000 0.1000 0.1000 0.1000],[0.0000 0.0000 0.0000 0.0000 0.0000 0.0000 0.0000],0.7728199362754822,0.7353001042806141,1.0,0.0,0.5682545797334996,None
113,0.8513769507408142,0.921442985534668,1.4055078029632568,1.6857719421386719,[0.1000 0.1000 0.1000 0.1000 0.1000 0.1000 0.1000],[0.0000 0.0000 0.0000 0.0000 0.0000 0.0000 0.0000],0.7728199362754822,0.7353001042806141,1.0,0.0,0.5682545797334996,None
113,0.8513769507408142,0.921442985534668,1.4055078029632568,1.6857719421386719,[0.1000 0.1000 0.1000 0.1000 0.1000 0.1000 0.1000],[0.0000 0.0000 0.0000 0.0000 0.0000 0.0000 0.0000],0.7728199362754822,0.7353001042806141,1.0,0.0,0.5682545797334996,None
113,0.8513769507408142,0.921442985534668,1.4055078029632568,1.6857719421386719,[0.1000 0.1000 0.1000 0.1000 0.1000 0.1000 0.1000],[0.0000 0.0000 0.0000 0.0000 0.0000 0.0000 0.0000],0.7728199362754822,0.7353001042806141,1.0,0.0,0.5682545797334996,None
113,0.8513769507408142,0.921442985534668,1.4055078029632568,1.6857719421386719,[0.1000 0.1000 0.1000 0.1000 0.1000 0.1000 0.1000],[0.0000 0.0000 0.0000 0.0000 0.0000 0.0000 0.0000],0.7728199362754822,0.7353001042806141,1.0,0.0,0.5682545797334996,None
113,0.8513769507408142,0.921442985534668,1.4055078029632568,1.6857719421386719,[0.1000 0.1000 0.1000 0.1000 0.1000 0.1000 0.1000],[0.0000 0.0000 0.0000 0.0000 0.0000 0.0000 0.0000],0.7728199362754822,0.7353001042806141,1.0,0.0,0.5682545797334996,None
113,0.8513769507408142,0.921442985534668,1.4055078029632568,1.6857719421386719,[0.1000 0.1000 0.1000 0.1000 0.1000 0.1000 0.1000],[0.0000 0.0000 0.0000 0.0000 0.0000 0.0000 0.0000],0.7728199362754822,0.7353001042806141,1.0,0.0,0.5682545797334996,None
113,0.8513769507408142,0.921442985534668,1.4055078029632568,1.6857719421386719,[0.1000 0.1000 0.1000 0.1000 0.1000 0.1000 0.1000],[0.0000 0.0000 0.0000 0.0000 0.0000 0.0000 0.0000],0.7728199362754822,0.7353001042806141,1.0,0.0,0.5682545797334996,None
113,0.8513769507408142,0.921442985534668,1.4055078029632568,1.6857719421386719,[0.1000 0.1000 0.1000 0.1000 0.1000 0.1000 0.1000],[0.0000 0.0000 0.0000 0.0000 0.0000 0.0000 0.0000],0.7728199362754822,0.7353001042806141,1.0,0.0,0.5682545797334996,None
113,0.8513769507408142,0.921442985534668,1.4055078029632568,1.6857719421386719,[0.1000 0.1000 0.1000 0.1000 0.1000 0.1000 0.1000],[0.0000 0.0000 0.0000 0.0000 0.0000 0.0000 0.0000],0.7728199362754822,0.7353001042806141,1.0,0.0,0.5682545797334996,None
113,0.8513769507408142,0.921442985534668,1.4055078029632568,1.6857719421386719,[0.1000 0.1000 0.1000 0.1000 0.1000 0.1000 0.1000],[0.0000 0.0000 0.0000 0.0000 0.0000 0.0000 0.0000],0.7728199362754822,0.7353001042806141,1.0,0.0,0.5682545797334996,None
113,0.8513769507408142,0.921442985534668,1.4055078029632568,1.6857719421386719,[0.1000 0.1000 0.1000 0.1000 0.1000 0.1000 0.1000],[0.0000 0.0000 0.0000 0.0000 0.0000 0.0000 0.0000],0.7728199362754822,0.7353001042806141,1.0,0.0,0.5682545797334996,None
113,0.8513769507408142,0.921442985534668,1.4055078029632568,1.6857719421386719,[0.1000 0.1000 0.1000 0.1000 0.1000 0.1000 0.1000],[0.0000 0.0000 0.0000 0.0000 0.0000 0.0000 0.0000],0.7728199362754822,0.7353001042806141,1.0,0.0,0.5682545797334996,None
113,0.8513769507408142,0.921442985534668,1.4055078029632568,1.6857719421386719,[0.1000 0.1000 0.1000 0.1000 0.1000 0.1000 0.1000],[0.0000 0.0000 0.0000 0.0000 0.0000 0.0000 0.0000],0.7728199362754822,0.7353001042806141,1.0,0.0,0.5682545797334996,None
113,0.8513769507408142,0.921442985534668,1.4055078029632568,1.6857719421386719,[0.1000 0.1000 0.1000 0.1000 0.1000 0.1000 0.1000],[0.0000 0.0000 0.0000 0.0000 0.0000 0.0000 0.0000],0.7728199362754822,0.7353001042806141,1.0,0.0,0.5682545797334996,None
113,0.8513769507408142,0.921442985534668,1.4055078029632568,1.6857719421386719,[0.1000 0.1000 0.1000 0.1000 0.1000 0.1000 0.1000],[0.0000 0.0000 0.0000 0.0000 0.0000 0.0000 0.0000],0.7728199362754822,0.7353001042806141,1.0,0.0,0.5682545797334996,None
113,0.8513769507408142,0.921442985534668,1.4055078029632568,1.6857719421386719,[0.1000 0.1000 0.1000 0.1000 0.1000 0.1000 0.1000],[0.0000 0.0000 0.0000 0.0000 0.0000 0.0000 0.0000],0.7728199362754822,0.7353001042806141,1.0,0.0,0.5682545797334996,None
113,0.8513769507408142,0.921442985534668,1.4055078029632568,1.6857719421386719,[0.1000 0.1000 0.1000 0.1000 0.1000 0.1000 0.1000],[0.0000 0.0000 0.0000 0.0000 0.0000 0.0000 0.0000],0.7728199362754822,0.7353001042806141,1.0,0.0,0.5682545797334996,None
113,0.8513769507408142,0.921442985534668,1.4055078029632568,1.6857719421386719,[0.1000 0.1000 0.1000 0.1000 0.1000 0.1000 0.1000],[0.0000 0.0000 0.0000 0.0000 0.0000 0.0000 0.0000],0.7728199362754822,0.7353001042806141,1.0,0.0,0.5682545797334996,None
113,0.8513769507408142,0.921442985534668,1.4055078029632568,1.6857719421386719,[0.1000 0.1000 0.1000 0.1000 0.1000 0.1000 0.1000],[0.0000 0.0000 0.0000 0.0000 0.0000 0.0000 0.0000],0.7728199362754822,0.7353001042806141,1.0,0.0,0.5682545797334996,None
113,0.8513769507408142,0.921442985534668,1.4055078029632568,1.6857719421386719,[0.1000 0.1000 0.1000 0.1000 0.1000 0.1000 0.1000],[0.0000 0.0000 0.0000 0.0000 0.0000 0.0000 0.0000],0.7728199362754822,0.7353001042806141,1.0,0.0,0.5682545797334996,None
113,0.8513769507408142,0.921442985534668,1.4055078029632568,1.6857719421386719,[0.1000 0.1000 0.1000 0.1000 0.1000 0.1000 0.1000],[0.0000 0.0000 0.0000 0.0000 0.0000 0.0000 0.0000],0.7728199362754822,0.7353001042806141,1.0,0.0,0.5682545797334996,None
113,0.8513769507408142,0.921442985534668,1.4055078029632568,1.6857719421386719,[0.1000 0.1000 0.1000 0.1000 0.1000 0.1000 0.1000],[0.0000 0.0000 0.0000 0.0000 0.0000 0.0000 0.0000],0.7728199362754822,0.7353001042806141,1.0,0.0,0.5682545797334996,None
113,0.8513769507408142,0.921442985534668,1.4055078029632568,1.6857719421386719,[0.1000 0.1000 0.1000 0.1000 0.1000 0.1000 0.1000],[0.0000 0.0000 0.0000 0.0000 0.0000 0.0000 0.0000],0.7728199362754822,0.7353001042806141,1.0,0.0,0.5682545797334996,None
113,0.8513769507408142,0.921442985534668,1.4055078029632568,1.6857719421386719,[0.1000 0.1000 0.1000 0.1000 0.1000 0.1000 0.1000],[0.0000 0.0000 0.0000 0.0000 0.0000 0.0000 0.0000],0.7728199362754822,0.7353001042806141,1.0,0.0,0.5682545797334996,None
113,0.8513769507408142,0.921442985534668,1.4055078029632568,1.6857719421386719,[0.1000 0.1000 0.1000 0.1000 0.1000 0.1000 0.1000],[0.0000 0.0000 0.0000 0.0000 0.0000 0.0000 0.0000],0.7728199362754822,0.7353001042806141,1.0,0.0,0.5682545797334996,None
113,0.8513769507408142,0.921442985534668,1.4055078029632568,1.6857719421386719,[0.1000 0.1000 0.1000 0.1000 0.1000 0.1000 0.1000],[0.0000 0.0000 0.0000 0.0000 0.0000 0.0000 0.0000],0.7728199362754822,0.7353001042806141,1.0,0.0,0.5682545797334996,None
113,0.8513769507408142,0.921442985534668,1.4055078029632568,1.6857719421386719,[0.1000 0.1000 0.1000 0.1000 0.1000 0.1000 0.1000],[0.0000 0.0000 0.0000 0.0000 0.0000 0.0000 0.0000],0.7728199362754822,0.7353001042806141,1.0,0.0,0.5682545797334996,None
113,0.8513769507408142,0.921442985534668,1.4055078029632568,1.6857719421386719,[0.1000 0.1000 0.1000 0.1000 0.1000 0.1000 0.1000],[0.0000 0.0000 0.0000 0.0000 0.0000 0.0000 0.0000],0.7728199362754822,0.7353001042806141,1.0,0.0,0.5682545797334996,None
113,0.8513769507408142,0.921442985534668,1.4055078029632568,1.6857719421386719,[0.1000 0.1000 0.1000 0.1000 0.1000 0.1000 0.1000],[0.0000 0.0000 0.0000 0.0000 0.0000 0.0000 0.0000],0.7728199362754822,0.7353001042806141,1.0,0.0,0.5682545797334996,None
113,0.8513769507408142,0.921442985534668,1.4055078029632568,1.6857719421386719,[0.1000 0.1000 0.1000 0.1000 0.1000 0.1000 0.1000],[0.0000 0.0000 0.0000 0.0000 0.0000 0.0000 0.0000],0.7728199362754822,0.7353001042806141,1.0,0.0,0.5682545797334996,None
113,0.8513769507408142,0.921442985534668,1.4055078029632568,1.6857719421386719,[0.1000 0.1000 0.1000 0.1000 0.1000 0.1000 0.1000],[0.0000 0.0000 0.0000 0.0000 0.0000 0.0000 0.0000],0.7728199362754822,0.7353001042806141,1.0,0.0,0.5682545797334996,None
113,0.8513769507408142,0.921442985534668,1.4055078029632568,1.6857719421386719,[0.1000 0.1000 0.1000 0.1000 0.1000 0.1000 0.1000],[0.0000 0.0000 0.0000 0.0000 0.0000 0.0000 0.0000],0.7728199362754822,0.7353001042806141,1.0,0.0,0.5682545797334996,None
113,0.8513769507408142,0.921442985534668,1.4055078029632568,1.6857719421386719,[0.1000 0.1000 0.1000 0.1000 0.1000 0.1000 0.1000],[0.0000 0.0000 0.0000 0.0000 0.0000 0.0000 0.0000],0.7728199362754822,0.7353001042806141,1.0,0.0,0.5682545797334996,None
113,0.8513769507408142,0.921442985534668,1.4055078029632568,1.6857719421386719,[0.1000 0.1000 0.1000 0.1000 0.1000 0.1000 0.1000],[0.0000 0.0000 0.0000 0.0000 0.0000 0.0000 0.0000],0.7728199362754822,0.7353001042806141,1.0,0.0,0.5682545797334996,None
113,0.8513769507408142,0.921442985534668,1.4055078029632568,1.6857719421386719,[0.1000 0.1000 0.1000 0.1000 0.1000 0.1000 0.1000],[0.0000 0.0000 0.0000 0.0000 0.0000 0.0000 0.0000],0.7728199362754822,0.7353001042806141,1.0,0.0,0.5682545797334996,None
113,0.8513769507408142,0.921442985534668,1.4055078029632568,1.6857719421386719,[0.1000 0.1000 0.1000 0.1000 0.1000 0.1000 0.1000],[0.0000 0.0000 0.0000 0.0000 0.0000 0.0000 0.0000],0.7728199362754822,0.7353001042806141,1.0,0.0,0.5682545797334996,None
113,0.8513769507408142,0.921442985534668,1.4055078029632568,1.6857719421386719,[0.1000 0.1000 0.1000 0.1000 0.1000 0.1000 0.1000],[0.0000 0.0000 0.0000 0.0000 0.0000 0.0000 0.0000],0.7728199362754822,0.7353001042806141,1.0,0.0,0.5682545797334996,None
113,0.8513769507408142,0.921442985534668,1.4055078029632568,1.6857719421386719,[0.1000 0.1000 0.1000 0.1000 0.1000 0.1000 0.1000],[0.0000 0.0000 0.0000 0.0000 0.0000 0.0000 0.0000],0.7728199362754822,0.7353001042806141,1.0,0.0,0.5682545797334996,None
113,0.8513769507408142,0.921442985534668,1.4055078029632568,1.6857719421386719,[0.1000 0.1000 0.1000 0.1000 0.1000 0.1000 0.1000],[0.0000 0.0000 0.0000 0.0000 0.0000 0.0000 0.0000],0.7728199362754822,0.7353001042806141,1.0,0.0,0.5682545797334996,None
113,0.8513769507408142,0.921442985534668,1.4055078029632568,1.6857719421386719,[0.1000 0.1000 0.1000 0.1000 0.1000 0.1000 0.1000],[0.0000 0.0000 0.0000 0.0000 0.0000 0.0000 0.0000],0.7728199362754822,0.7353001042806141,1.0,0.0,0.5682545797334996,None
113,0.8513769507408142,0.921442985534668,1.4055078029632568,1.6857719421386719,[0.1000 0.1000 0.1000 0.1000 0.1000 0.1000 0.1000],[0.0000 0.0000 0.0000 0.0000 0.0000 0.0000 0.0000],0.7728199362754822,0.7353001042806141,1.0,0.0,0.5682545797334996,None
113,0.8513769507408142,0.921442985534668,1.4055078029632568,1.6857719421386719,[0.1000 0.1000 0.1000 0.1000 0.1000 0.1000 0.1000],[0.0000 0.0000 0.0000 0.0000 0.0000 0.0000 0.0000],0.7728199362754822,0.7353001042806141,1.0,0.0,0.5682545797334996,None
113,0.8513769507408142,0.921442985534668,1.4055078029632568,1.6857719421386719,[0.1000 0.1000 0.1000 0.1000 0.1000 0.1000 0.1000],[0.0000 0.0000 0.0000 0.0000 0.0000 0.0000 0.0000],0.7728199362754822,0.7353001042806141,1.0,0.0,0.5682545797334996,None
113,0.8513769507408142,0.921442985534668,1.4055078029632568,1.6857719421386719,[0.1000 0.1000 0.1000 0.1000 0.1000 0.1000 0.1000],[0.0000 0.0000 0.0000 0.0000 0.0000 0.0000 0.0000],0.7728199362754822,0.7353001042806141,1.0,0.0,0.5682545797334996,None
113,0.8513769507408142,0.921442985534668,1.4055078029632568,1.6857719421386719,[0.1000 0.1000 0.1000 0.1000 0.1000 0.1000 0.1000],[0.0000 0.0000 0.0000 0.0000 0.0000 0.0000 0.0000],0.7728199362754822,0.7353001042806141,1.0,0.0,0.5682545797334996,None
113,0.8513769507408142,0.921442985534668,1.4055078029632568,1.6857719421386719,[0.1000 0.1000 0.1000 0.1000 0.1000 0.1000 0.1000],[0.0000 0.0000 0.0000 0.0000 0.0000 0.0000 0.0000],0.7728199362754822,0.7353001042806141,1.0,0.0,0.5682545797334996,None
113,0.8513769507408142,0.921442985534668,1.4055078029632568,1.6857719421386719,[0.1000 0.1000 0.1000 0.1000 0.1000 0.1000 0.1000],[0.0000 0.0000 0.0000 0.0000 0.0000 0.0000 0.0000],0.7728199362754822,0.7353001042806141,1.0,0.0,0.5682545797334996,None
113,0.8513769507408142,0.921442985534668,1.4055078029632568,1.6857719421386719,[0.1000 0.1000 0.1000 0.1000 0.1000 0.1000 0.1000],[0.0000 0.0000 0.0000 0.0000 0.0000 0.0000 0.0000],0.7728199362754822,0.7353001042806141,1.0,0.0,0.5682545797334996,None
113,0.8513769507408142,0.921442985534668,1.4055078029632568,1.6857719421386719,[0.1000 0.1000 0.1000 0.1000 0.1000 0.1000 0.1000],[0.0000 0.0000 0.0000 0.0000 0.0000 0.0000 0.0000],0.7728199362754822,0.7353001042806141,1.0,0.0,0.5682545797334996,None
113,0.8513769507408142,0.921442985534668,1.4055078029632568,1.6857719421386719,[0.1000 0.1000 0.1000 0.1000 0.1000 0.1000 0.1000],[0.0000 0.0000 0.0000 0.0000 0.0000 0.0000 0.0000],0.7728199362754822,0.7353001042806141,1.0,0.0,0.5682545797334996,None
113,0.8513769507408142,0.921442985534668,1.4055078029632568,1.6857719421386719,[0.1000 0.1000 0.1000 0.1000 0.1000 0.1000 0.1000],[0.0000 0.0000 0.0000 0.0000 0.0000 0.0000 0.0000],0.7728199362754822,0.7353001042806141,1.0,0.0,0.5682545797334996,None
113,0.8513769507408142,0.921442985534668,1.4055078029632568,1.6857719421386719,[0.1000 0.1000 0.1000 0.1000 0.1000 0.1000 0.1000],[0.0000 0.0000 0.0000 0.0000 0.0000 0.0000 0.0000],0.7728199362754822,0.7353001042806141,1.0,0.0,0.5682545797334996,None
113,0.8513769507408142,0.921442985534668,1.4055078029632568,1.6857719421386719,[0.1000 0.1000 0.1000 0.1000 0.1000 0.1000 0.1000],[0.0000 0.0000 0.0000 0.0000 0.0000 0.0000 0.0000],0.7728199362754822,0.7353001042806141,1.0,0.0,0.5682545797334996,None
113,0.8513769507408142,0.921442985534668,1.4055078029632568,1.6857719421386719,[0.1000 0.1000 0.1000 0.1000 0.1000 0.1000 0.1000],[0.0000 0.0000 0.0000 0.0000 0.0000 0.0000 0.0000],0.7728199362754822,0.7353001042806141,1.0,0.0,0.5682545797334996,None
113,0.8513769507408142,0.921442985534668,1.4055078029632568,1.6857719421386719,[0.1000 0.1000 0.1000 0.1000 0.1000 0.1000 0.1000],[0.0000 0.0000 0.0000 0.0000 0.0000 0.0000 0.0000],0.7728199362754822,0.7353001042806141,1.0,0.0,0.5682545797334996,None
113,0.8513769507408142,0.921442985534668,1.4055078029632568,1.6857719421386719,[0.1000 0.1000 0.1000 0.1000 0.1000 0.1000 0.1000],[0.0000 0.0000 0.0000 0.0000 0.0000 0.0000 0.0000],0.7728199362754822,0.7353001042806141,1.0,0.0,0.5682545797334996,None
113,0.8513769507408142,0.921442985534668,1.4055078029632568,1.6857719421386719,[0.1000 0.1000 0.1000 0.1000 0.1000 0.1000 0.1000],[0.0000 0.0000 0.0000 0.0000 0.0000 0.0000 0.0000],0.7728199362754822,0.7353001042806141,1.0,0.0,0.5682545797334996,None
113,0.8513769507408142,0.921442985534668,1.4055078029632568,1.6857719421386719,[0.1000 0.1000 0.1000 0.1000 0.1000 0.1000 0.1000],[0.0000 0.0000 0.0000 0.0000 0.0000 0.0000 0.0000],0.7728199362754822,0.7353001042806141,1.0,0.0,0.5682545797334996,None
113,0.8513769507408142,0.921442985534668,1.4055078029632568,1.6857719421386719,[0.1000 0.1000 0.1000 0.1000 0.1000 0.1000 0.1000],[0.0000 0.0000 0.0000 0.0000 0.0000 0.0000 0.0000],0.7728199362754822,0.7353001042806141,1.0,0.0,0.5682545797334996,None
113,0.8513769507408142,0.921442985534668,1.4055078029632568,1.6857719421386719,[0.1000 0.1000 0.1000 0.1000 0.1000 0.1000 0.1000],[0.0000 0.0000 0.0000 0.0000 0.0000 0.0000 0.0000],0.7728199362754822,0.7353001042806141,1.0,0.0,0.5682545797334996,None
113,0.8513769507408142,0.921442985534668,1.4055078029632568,1.6857719421386719,[0.1000 0.1000 0.1000 0.1000 0.1000 0.1000 0.1000],[0.0000 0.0000 0.0000 0.0000 0.0000 0.0000 0.0000],0.7728199362754822,0.7353001042806141,1.0,0.0,0.5682545797334996,None
113,0.8513769507408142,0.921442985534668,1.4055078029632568,1.6857719421386719,[0.1000 0.1000 0.1000 0.1000 0.1000 0.1000 0.1000],[0.0000 0.0000 0.0000 0.0000 0.0000 0.0000 0.0000],0.7728199362754822,0.7353001042806141,1.0,0.0,0.5682545797334996,None
113,0.8513769507408142,0.921442985534668,1.4055078029632568,1.6857719421386719,[0.1000 0.1000 0.1000 0.1000 0.1000 0.1000 0.1000],[0.0000 0.0000 0.0000 0.0000 0.0000 0.0000 0.0000],0.7728199362754822,0.7353001042806141,1.0,0.0,0.5682545797334996,None
113,0.8513769507408142,0.921442985534668,1.4055078029632568,1.6857719421386719,[0.1000 0.1000 0.1000 0.1000 0.1000 0.1000 0.1000],[0.0000 0.0000 0.0000 0.0000 0.0000 0.0000 0.0000],0.7728199362754822,0.7353001042806141,1.0,0.0,0.5682545797334996,None
113,0.8513769507408142,0.921442985534668,1.4055078029632568,1.6857719421386719,[0.1000 0.1000 0.1000 0.1000 0.1000 0.1000 0.1000],[0.0000 0.0000 0.0000 0.0000 0.0000 0.0000 0.0000],0.7728199362754822,0.7353001042806141,1.0,0.0,0.5682545797334996,None
113,0.8513769507408142,0.921442985534668,1.4055078029632568,1.6857719421386719,[0.1000 0.1000 0.1000 0.1000 0.1000 0.1000 0.1000],[0.0000 0.0000 0.0000 0.0000 0.0000 0.0000 0.0000],0.7728199362754822,0.7353001042806141,1.0,0.0,0.5682545797334996,None
113,0.8513769507408142,0.921442985534668,1.4055078029632568,1.6857719421386719,[0.1000 0.1000 0.1000 0.1000 0.1000 0.1000 0.1000],[0.0000 0.0000 0.0000 0.0000 0.0000 0.0000 0.0000],0.7728199362754822,0.7353001042806141,1.0,0.0,0.5682545797334996,None
113,0.8513769507408142,0.921442985534668,1.4055078029632568,1.6857719421386719,[0.1000 0.1000 0.1000 0.1000 0.1000 0.1000 0.1000],[0.0000 0.0000 0.0000 0.0000 0.0000 0.0000 0.0000],0.7728199362754822,0.7353001042806141,1.0,0.0,0.5682545797334996,None
113,0.8513769507408142,0.921442985534668,1.4055078029632568,1.6857719421386719,[0.1000 0.1000 0.1000 0.1000 0.1000 0.1000 0.1000],[0.0000 0.0000 0.0000 0.0000 0.0000 0.0000 0.0000],0.7728199362754822,0.7353001042806141,1.0,0.0,0.5682545797334996,None
113,0.8513769507408142,0.921442985534668,1.4055078029632568,1.6857719421386719,[0.1000 0.1000 0.1000 0.1000 0.1000 0.1000 0.1000],[0.0000 0.0000 0.0000 0.0000 0.0000 0.0000 0.0000],0.7728199362754822,0.7353001042806141,1.0,0.0,0.5682545797334996,None
113,0.8513769507408142,0.921442985534668,1.4055078029632568,1.6857719421386719,[0.1000 0.1000 0.1000 0.1000 0.1000 0.1000 0.1000],[0.0000 0.0000 0.0000 0.0000 0.0000 0.0000 0.0000],0.7728199362754822,0.7353001042806141,1.0,0.0,0.5682545797334996,None
113,0.8513769507408142,0.921442985534668,1.4055078029632568,1.6857719421386719,[0.1000 0.1000 0.1000 0.1000 0.1000 0.1000 0.1000],[0.0000 0.0000 0.0000 0.0000 0.0000 0.0000 0.0000],0.7728199362754822,0.7353001042806141,1.0,0.0,0.5682545797334996,None
113,0.8513769507408142,0.921442985534668,1.4055078029632568,1.6857719421386719,[0.1000 0.1000 0.1000 0.1000 0.1000 0.1000 0.1000],[0.0000 0.0000 0.0000 0.0000 0.0000 0.0000 0.0000],0.7728199362754822,0.7353001042806141,1.0,0.0,0.5682545797334996,None
113,0.8513769507408142,0.921442985534668,1.4055078029632568,1.6857719421386719,[0.1000 0.1000 0.1000 0.1000 0.1000 0.1000 0.1000],[0.0000 0.0000 0.0000 0.0000 0.0000 0.0000 0.0000],0.7728199362754822,0.7353001042806141,1.0,0.0,0.5682545797334996,None
113,0.8513769507408142,0.921442985534668,1.4055078029632568,1.6857719421386719,[0.1000 0.1000 0.1000 0.1000 0.1000 0.1000 0.1000],[0.0000 0.0000 0.0000 0.0000 0.0000 0.0000 0.0000],0.7728199362754822,0.7353001042806141,1.0,0.0,0.5682545797334996,None
113,0.8513769507408142,0.921442985534668,1.4055078029632568,1.6857719421386719,[0.1000 0.1000 0.1000 0.1000 0.1000 0.1000 0.1000],[0.0000 0.0000 0.0000 0.0000 0.0000 0.0000 0.0000],0.7728199362754822,0.7353001042806141,1.0,0.0,0.5682545797334996,None
113,0.8513769507408142,0.921442985534668,1.4055078029632568,1.6857719421386719,[0.1000 0.1000 0.1000 0.1000 0.1000 0.1000 0.1000],[0.0000 0.0000 0.0000 0.0000 0.0000 0.0000 0.0000],0.7728199362754822,0.7353001042806141,1.0,0.0,0.5682545797334996,None
113,0.8513769507408142,0.921442985534668,1.4055078029632568,1.6857719421386719,[0.1000 0.1000 0.1000 0.1000 0.1000 0.1000 0.1000],[0.0000 0.0000 0.0000 0.0000 0.0000 0.0000 0.0000],0.7728199362754822,0.7353001042806141,1.0,0.0,0.5682545797334996,None
113,0.8513769507408142,0.921442985534668,1.4055078029632568,1.6857719421386719,[0.1000 0.1000 0.1000 0.1000 0.1000 0.1000 0.1000],[0.0000 0.0000 0.0000 0.0000 0.0000 0.0000 0.0000],0.7728199362754822,0.7353001042806141,1.0,0.0,0.5682545797334996,None
113,0.8513769507408142,0.921442985534668,1.4055078029632568,1.6857719421386719,[0.1000 0.1000 0.1000 0.1000 0.1000 0.1000 0.1000],[0.0000 0.0000 0.0000 0.0000 0.0000 0.0000 0.0000],0.7728199362754822,0.7353001042806141,1.0,0.0,0.5682545797334996,None
113,0.8513769507408142,0.921442985534668,1.4055078029632568,1.6857719421386719,[0.1000 0.1000 0.1000 0.1000 0.1000 0.1000 0.1000],[0.0000 0.0000 0.0000 0.0000 0.0000 0.0000 0.0000],0.7728199362754822,0.7353001042806141,1.0,0.0,0.5682545797334996,None
113,0.8513769507408142,0.921442985534668,1.4055078029632568,1.6857719421386719,[0.1000 0.1000 0.1000 0.1000 0.1000 0.1000 0.1000],[0.0000 0.0000 0.0000 0.0000 0.0000 0.0000 0.0000],0.7728199362754822,0.7353001042806141,1.0,0.0,0.5682545797334996,None
113,0.8513769507408142,0.921442985534668,1.4055078029632568,1.6857719421386719,[0.1000 0.1000 0.1000 0.1000 0.1000 0.1000 0.1000],[0.0000 0.0000 0.0000 0.0000 0.0000 0.0000 0.0000],0.7728199362754822,0.7353001042806141,1.0,0.0,0.5682545797334996,None
113,0.8513769507408142,0.921442985534668,1.4055078029632568,1.6857719421386719,[0.1000 0.1000 0.1000 0.1000 0.1000 0.1000 0.1000],[0.0000 0.0000 0.0000 0.0000 0.0000 0.0000 0.0000],0.7728199362754822,0.7353001042806141,1.0,0.0,0.5682545797334996,None
113,0.8513769507408142,0.921442985534668,1.4055078029632568,1.6857719421386719,[0.1000 0.1000 0.1000 0.1000 0.1000 0.1000 0.1000],[0.0000 0.0000 0.0000 0.0000 0.0000 0.0000 0.0000],0.7728199362754822,0.7353001042806141,1.0,0.0,0.5682545797334996,None
113,0.8513769507408142,0.921442985534668,1.4055078029632568,1.6857719421386719,[0.1000 0.1000 0.1000 0.1000 0.1000 0.1000 0.1000],[0.0000 0.0000 0.0000 0.0000 0.0000 0.0000 0.0000],0.7728199362754822,0.7353001042806141,1.0,0.0,0.5682545797334996,None
113,0.8513769507408142,0.921442985534668,1.4055078029632568,1.6857719421386719,[0.1000 0.1000 0.1000 0.1000 0.1000 0.1000 0.1000],[0.0000 0.0000 0.0000 0.0000 0.0000 0.0000 0.0000],0.7728199362754822,0.7353001042806141,1.0,0.0,0.5682545797334996,None
113,0.8513769507408142,0.921442985534668,1.4055078029632568,1.6857719421386719,[0.1000 0.1000 0.1000 0.1000 0.1000 0.1000 0.1000],[0.0000 0.0000 0.0000 0.0000 0.0000 0.0000 0.0000],0.7728199362754822,0.7353001042806141,1.0,0.0,0.5682545797334996,None
113,0.8513769507408142,0.921442985534668,1.4055078029632568,1.6857719421386719,[0.1000 0.1000 0.1000 0.1000 0.1000 0.1000 0.1000],[0.0000 0.0000 0.0000 0.0000 0.0000 0.0000 0.0000],0.7728199362754822,0.7353001042806141,1.0,0.0,0.5682545797334996,None
113,0.8513769507408142,0.921442985534668,1.4055078029632568,1.6857719421386719,[0.1000 0.1000 0.1000 0.1000 0.1000 0.1000 0.1000],[0.0000 0.0000 0.0000 0.0000 0.0000 0.0000 0.0000],0.7728199362754822,0.7353001042806141,1.0,0.0,0.5682545797334996,None
113,0.8513769507408142,0.921442985534668,1.4055078029632568,1.6857719421386719,[0.1000 0.1000 0.1000 0.1000 0.1000 0.1000 0.1000],[0.0000 0.0000 0.0000 0.0000 0.0000 0.0000 0.0000],0.7728199362754822,0.7353001042806141,1.0,0.0,0.5682545797334996,None
113,0.8513769507408142,0.921442985534668,1.4055078029632568,1.6857719421386719,[0.1000 0.1000 0.1000 0.1000 0.1000 0.1000 0.1000],[0.0000 0.0000 0.0000 0.0000 0.0000 0.0000 0.0000],0.7728199362754822,0.7353001042806141,1.0,0.0,0.5682545797334996,None
113,0.8513769507408142,0.921442985534668,1.4055078029632568,1.6857719421386719,[0.1000 0.1000 0.1000 0.1000 0.1000 0.1000 0.1000],[0.0000 0.0000 0.0000 0.0000 0.0000 0.0000 0.0000],0.7728199362754822,0.7353001042806141,1.0,0.0,0.5682545797334996,None
113,0.8513769507408142,0.921442985534668,1.4055078029632568,1.6857719421386719,[0.1000 0.1000 0.1000 0.1000 0.1000 0.1000 0.1000],[0.0000 0.0000 0.0000 0.0000 0.0000 0.0000 0.0000],0.7728199362754822,0.7353001042806141,1.0,0.0,0.5682545797334996,None
113,0.8513769507408142,0.921442985534668,1.4055078029632568,1.6857719421386719,[0.1000 0.1000 0.1000 0.1000 0.1000 0.1000 0.1000],[0.0000 0.0000 0.0000 0.0000 0.0000 0.0000 0.0000],0.7728199362754822,0.7353001042806141,1.0,0.0,0.5682545797334996,None
113,0.8513769507408142,0.921442985534668,1.4055078029632568,1.6857719421386719,[0.1000 0.1000 0.1000 0.1000 0.1000 0.1000 0.1000],[0.0000 0.0000 0.0000 0.0000 0.0000 0.0000 0.0000],0.7728199362754822,0.7353001042806141,1.0,0.0,0.5682545797334996,None
113,0.8513769507408142,0.921442985534668,1.4055078029632568,1.6857719421386719,[0.1000 0.1000 0.1000 0.1000 0.1000 0.1000 0.1000],[0.0000 0.0000 0.0000 0.0000 0.0000 0.0000 0.0000],0.7728199362754822,0.7353001042806141,1.0,0.0,0.5682545797334996,None
113,0.8513769507408142,0.921442985534668,1.4055078029632568,1.6857719421386719,[0.1000 0.1000 0.1000 0.1000 0.1000 0.1000 0.1000],[0.0000 0.0000 0.0000 0.0000 0.0000 0.0000 0.0000],0.7728199362754822,0.7353001042806141,1.0,0.0,0.5682545797334996,None
113,0.8513769507408142,0.921442985534668,1.4055078029632568,1.6857719421386719,[0.1000 0.1000 0.1000 0.1000 0.1000 0.1000 0.1000],[0.0000 0.0000 0.0000 0.0000 0.0000 0.0000 0.0000],0.7728199362754822,0.7353001042806141,1.0,0.0,0.5682545797334996,None
113,0.8513769507408142,0.921442985534668,1.4055078029632568,1.6857719421386719,[0.1000 0.1000 0.1000 0.1000 0.1000 0.1000 0.1000],[0.0000 0.0000 0.0000 0.0000 0.0000 0.0000 0.0000],0.7728199362754822,0.7353001042806141,1.0,0.0,0.5682545797334996,None
113,0.8513769507408142,0.921442985534668,1.4055078029632568,1.6857719421386719,[0.1000 0.1000 0.1000 0.1000 0.1000 0.1000 0.1000],[0.0000 0.0000 0.0000 0.0000 0.0000 0.0000 0.0000],0.7728199362754822,0.7353001042806141,1.0,0.0,0.5682545797334996,None
113,0.8513769507408142,0.921442985534668,1.4055078029632568,1.6857719421386719,[0.1000 0.1000 0.1000 0.1000 0.1000 0.1000 0.1000],[0.0000 0.0000 0.0000 0.0000 0.0000 0.0000 0.0000],0.7728199362754822,0.7353001042806141,1.0,0.0,0.5682545797334996,None
113,0.8513769507408142,0.921442985534668,1.4055078029632568,1.6857719421386719,[0.1000 0.1000 0.1000 0.1000 0.1000 0.1000 0.1000],[0.0000 0.0000 0.0000 0.0000 0.0000 0.0000 0.0000],0.7728199362754822,0.7353001042806141,1.0,0.0,0.5682545797334996,None
113,0.8513769507408142,0.921442985534668,1.4055078029632568,1.6857719421386719,[0.1000 0.1000 0.1000 0.1000 0.1000 0.1000 0.1000],[0.0000 0.0000 0.0000 0.0000 0.0000 0.0000 0.0000],0.7728199362754822,0.7353001042806141,1.0,0.0,0.5682545797334996,None
113,0.8513769507408142,0.921442985534668,1.4055078029632568,1.6857719421386719,[0.1000 0.1000 0.1000 0.1000 0.1000 0.1000 0.1000],[0.0000 0.0000 0.0000 0.0000 0.0000 0.0000 0.0000],0.7728199362754822,0.7353001042806141,1.0,0.0,0.5682545797334996,None
113,0.8513769507408142,0.921442985534668,1.4055078029632568,1.6857719421386719,[0.1000 0.1000 0.1000 0.1000 0.1000 0.1000 0.1000],[0.0000 0.0000 0.0000 0.0000 0.0000 0.0000 0.0000],0.7728199362754822,0.7353001042806141,1.0,0.0,0.5682545797334996,None
113,0.8513769507408142,0.921442985534668,1.4055078029632568,1.6857719421386719,[0.1000 0.1000 0.1000 0.1000 0.1000 0.1000 0.1000],[0.0000 0.0000 0.0000 0.0000 0.0000 0.0000 0.0000],0.7728199362754822,0.7353001042806141,1.0,0.0,0.5682545797334996,None
113,0.8513769507408142,0.921442985534668,1.4055078029632568,1.6857719421386719,[0.1000 0.1000 0.1000 0.1000 0.1000 0.1000 0.1000],[0.0000 0.0000 0.0000 0.0000 0.0000 0.0000 0.0000],0.7728199362754822,0.7353001042806141,1.0,0.0,0.5682545797334996,None
113,0.8513769507408142,0.921442985534668,1.4055078029632568,1.6857719421386719,[0.1000 0.1000 0.1000 0.1000 0.1000 0.1000 0.1000],[0.0000 0.0000 0.0000 0.0000 0.0000 0.0000 0.0000],0.7728199362754822,0.7353001042806141,1.0,0.0,0.5682545797334996,None
113,0.8513769507408142,0.921442985534668,1.4055078029632568,1.6857719421386719,[0.1000 0.1000 0.1000 0.1000 0.1000 0.1000 0.1000],[0.0000 0.0000 0.0000 0.0000 0.0000 0.0000 0.0000],0.7728199362754822,0.7353001042806141,1.0,0.0,0.5682545797334996,None
113,0.8513769507408142,0.921442985534668,1.4055078029632568,1.6857719421386719,[0.1000 0.1000 0.1000 0.1000 0.1000 0.1000 0.1000],[0.0000 0.0000 0.0000 0.0000 0.0000 0.0000 0.0000],0.7728199362754822,0.7353001042806141,1.0,0.0,0.5682545797334996,None
113,0.8513769507408142,0.921442985534668,1.4055078029632568,1.6857719421386719,[0.1000 0.1000 0.1000 0.1000 0.1000 0.1000 0.1000],[0.0000 0.0000 0.0000 0.0000 0.0000 0.0000 0.0000],0.7728199362754822,0.7353001042806141,1.0,0.0,0.5682545797334996,None
113,0.8513769507408142,0.921442985534668,1.4055078029632568,1.6857719421386719,[0.1000 0.1000 0.1000 0.1000 0.1000 0.1000 0.1000],[0.0000 0.0000 0.0000 0.0000 0.0000 0.0000 0.0000],0.7728199362754822,0.7353001042806141,1.0,0.0,0.5682545797334996,None
113,0.8513769507408142,0.921442985534668,1.4055078029632568,1.6857719421386719,[0.1000 0.1000 0.1000 0.1000 0.1000 0.1000 0.1000],[0.0000 0.0000 0.0000 0.0000 0.0000 0.0000 0.0000],0.7728199362754822,0.7353001042806141,1.0,0.0,0.5682545797334996,None
113,0.8513769507408142,0.921442985534668,1.4055078029632568,1.6857719421386719,[0.1000 0.1000 0.1000 0.1000 0.1000 0.1000 0.1000],[0.0000 0.0000 0.0000 0.0000 0.0000 0.0000 0.0000],0.7728199362754822,0.7353001042806141,1.0,0.0,0.5682545797334996,None
113,0.8513769507408142,0.921442985534668,1.4055078029632568,1.6857719421386719,[0.1000 0.1000 0.1000 0.1000 0.1000 0.1000 0.1000],[0.0000 0.0000 0.0000 0.0000 0.0000 0.0000 0.0000],0.7728199362754822,0.7353001042806141,1.0,0.0,0.5682545797334996,None
113,0.8513769507408142,0.921442985534668,1.4055078029632568,1.6857719421386719,[0.1000 0.1000 0.1000 0.1000 0.1000 0.1000 0.1000],[0.0000 0.0000 0.0000 0.0000 0.0000 0.0000 0.0000],0.7728199362754822,0.7353001042806141,1.0,0.0,0.5682545797334996,None
113,0.8513769507408142,0.921442985534668,1.4055078029632568,1.6857719421386719,[0.1000 0.1000 0.1000 0.1000 0.1000 0.1000 0.1000],[0.0000 0.0000 0.0000 0.0000 0.0000 0.0000 0.0000],0.7728199362754822,0.7353001042806141,1.0,0.0,0.5682545797334996,None
113,0.8513769507408142,0.921442985534668,1.4055078029632568,1.6857719421386719,[0.1000 0.1000 0.1000 0.1000 0.1000 0.1000 0.1000],[0.0000 0.0000 0.0000 0.0000 0.0000 0.0000 0.0000],0.7728199362754822,0.7353001042806141,1.0,0.0,0.5682545797334996,None
113,0.8513769507408142,0.921442985534668,1.4055078029632568,1.6857719421386719,[0.1000 0.1000 0.1000 0.1000 0.1000 0.1000 0.1000],[0.0000 0.0000 0.0000 0.0000 0.0000 0.0000 0.0000],0.7728199362754822,0.7353001042806141,1.0,0.0,0.5682545797334996,None
113,0.8513769507408142,0.921442985534668,1.4055078029632568,1.6857719421386719,[0.1000 0.1000 0.1000 0.1000 0.1000 0.1000 0.1000],[0.0000 0.0000 0.0000 0.0000 0.0000 0.0000 0.0000],0.7728199362754822,0.7353001042806141,1.0,0.0,0.5682545797334996,None
113,0.8513769507408142,0.921442985534668,1.4055078029632568,1.6857719421386719,[0.1000 0.1000 0.1000 0.1000 0.1000 0.1000 0.1000],[0.0000 0.0000 0.0000 0.0000 0.0000 0.0000 0.0000],0.7728199362754822,0.7353001042806141,1.0,0.0,0.5682545797334996,None
113,0.8513769507408142,0.921442985534668,1.4055078029632568,1.6857719421386719,[0.1000 0.1000 0.1000 0.1000 0.1000 0.1000 0.1000],[0.0000 0.0000 0.0000 0.0000 0.0000 0.0000 0.0000],0.7728199362754822,0.7353001042806141,1.0,0.0,0.5682545797334996,None
113,0.8513769507408142,0.921442985534668,1.4055078029632568,1.6857719421386719,[0.1000 0.1000 0.1000 0.1000 0.1000 0.1000 0.1000],[0.0000 0.0000 0.0000 0.0000 0.0000 0.0000 0.0000],0.7728199362754822,0.7353001042806141,1.0,0.0,0.5682545797334996,None
113,0.8513769507408142,0.921442985534668,1.4055078029632568,1.6857719421386719,[0.1000 0.1000 0.1000 0.1000 0.1000 0.1000 0.1000],[0.0000 0.0000 0.0000 0.0000 0.0000 0.0000 0.0000],0.7728199362754822,0.7353001042806141,1.0,0.0,0.5682545797334996,None
113,0.8513769507408142,0.921442985534668,1.4055078029632568,1.6857719421386719,[0.1000 0.1000 0.1000 0.1000 0.1000 0.1000 0.1000],[0.0000 0.0000 0.0000 0.0000 0.0000 0.0000 0.0000],0.7728199362754822,0.7353001042806141,1.0,0.0,0.5682545797334996,None
113,0.8513769507408142,0.921442985534668,1.4055078029632568,1.6857719421386719,[0.1000 0.1000 0.1000 0.1000 0.1000 0.1000 0.1000],[0.0000 0.0000 0.0000 0.0000 0.0000 0.0000 0.0000],0.7728199362754822,0.7353001042806141,1.0,0.0,0.5682545797334996,None
113,0.8513769507408142,0.921442985534668,1.4055078029632568,1.6857719421386719,[0.1000 0.1000 0.1000 0.1000 0.1000 0.1000 0.1000],[0.0000 0.0000 0.0000 0.0000 0.0000 0.0000 0.0000],0.7728199362754822,0.7353001042806141,1.0,0.0,0.5682545797334996,None
113,0.8513769507408142,0.921442985534668,1.4055078029632568,1.6857719421386719,[0.1000 0.1000 0.1000 0.1000 0.1000 0.1000 0.1000],[0.0000 0.0000 0.0000 0.0000 0.0000 0.0000 0.0000],0.7728199362754822,0.7353001042806141,1.0,0.0,0.5682545797334996,None
113,0.8513769507408142,0.921442985534668,1.4055078029632568,1.6857719421386719,[0.1000 0.1000 0.1000 0.1000 0.1000 0.1000 0.1000],[0.0000 0.0000 0.0000 0.0000 0.0000 0.0000 0.0000],0.7728199362754822,0.7353001042806141,1.0,0.0,0.5682545797334996,None
113,0.8513769507408142,0.921442985534668,1.4055078029632568,1.6857719421386719,[0.1000 0.1000 0.1000 0.1000 0.1000 0.1000 0.1000],[0.0000 0.0000 0.0000 0.0000 0.0000 0.0000 0.0000],0.7728199362754822,0.7353001042806141,1.0,0.0,0.5682545797334996,None
113,0.8513769507408142,0.921442985534668,1.4055078029632568,1.6857719421386719,[0.1000 0.1000 0.1000 0.1000 0.1000 0.1000 0.1000],[0.0000 0.0000 0.0000 0.0000 0.0000 0.0000 0.0000],0.7728199362754822,0.7353001042806141,1.0,0.0,0.5682545797334996,None
113,0.8513769507408142,0.921442985534668,1.4055078029632568,1.6857719421386719,[0.1000 0.1000 0.1000 0.1000 0.1000 0.1000 0.1000],[0.0000 0.0000 0.0000 0.0000 0.0000 0.0000 0.0000],0.7728199362754822,0.7353001042806141,1.0,0.0,0.5682545797334996,None
113,0.8513769507408142,0.921442985534668,1.4055078029632568,1.6857719421386719,[0.1000 0.1000 0.1000 0.1000 0.1000 0.1000 0.1000],[0.0000 0.0000 0.0000 0.0000 0.0000 0.0000 0.0000],0.7728199362754822,0.7353001042806141,1.0,0.0,0.5682545797334996,None
113,0.8513769507408142,0.921442985534668,1.4055078029632568,1.6857719421386719,[0.1000 0.1000 0.1000 0.1000 0.1000 0.1000 0.1000],[0.0000 0.0000 0.0000 0.0000 0.0000 0.0000 0.0000],0.7728199362754822,0.7353001042806141,1.0,0.0,0.5682545797334996,None
113,0.8513769507408142,0.921442985534668,1.4055078029632568,1.6857719421386719,[0.1000 0.1000 0.1000 0.1000 0.1000 0.1000 0.1000],[0.0000 0.0000 0.0000 0.0000 0.0000 0.0000 0.0000],0.7728199362754822,0.7353001042806141,1.0,0.0,0.5682545797334996,None
113,0.8513769507408142,0.921442985534668,1.4055078029632568,1.6857719421386719,[0.1000 0.1000 0.1000 0.1000 0.1000 0.1000 0.1000],[0.0000 0.0000 0.0000 0.0000 0.0000 0.0000 0.0000],0.7728199362754822,0.7353001042806141,1.0,0.0,0.5682545797334996,None
113,0.8513769507408142,0.921442985534668,1.4055078029632568,1.6857719421386719,[0.1000 0.1000 0.1000 0.1000 0.1000 0.1000 0.1000],[0.0000 0.0000 0.0000 0.0000 0.0000 0.0000 0.0000],0.7728199362754822,0.7353001042806141,1.0,0.0,0.5682545797334996,None
113,0.8513769507408142,0.921442985534668,1.4055078029632568,1.6857719421386719,[0.1000 0.1000 0.1000 0.1000 0.1000 0.1000 0.1000],[0.0000 0.0000 0.0000 0.0000 0.0000 0.0000 0.0000],0.7728199362754822,0.7353001042806141,1.0,0.0,0.5682545797334996,None
113,0.8513769507408142,0.921442985534668,1.4055078029632568,1.6857719421386719,[0.1000 0.1000 0.1000 0.1000 0.1000 0.1000 0.1000],[0.0000 0.0000 0.0000 0.0000 0.0000 0.0000 0.0000],0.7728199362754822,0.7353001042806141,1.0,0.0,0.5682545797334996,None
113,0.8513769507408142,0.921442985534668,1.4055078029632568,1.6857719421386719,[0.1000 0.1000 0.1000 0.1000 0.1000 0.1000 0.1000],[0.0000 0.0000 0.0000 0.0000 0.0000 0.0000 0.0000],0.7728199362754822,0.7353001042806141,1.0,0.0,0.5682545797334996,None
113,0.8513769507408142,0.921442985534668,1.4055078029632568,1.6857719421386719,[0.1000 0.1000 0.1000 0.1000 0.1000 0.1000 0.1000],[0.0000 0.0000 0.0000 0.0000 0.0000 0.0000 0.0000],0.7728199362754822,0.7353001042806141,1.0,0.0,0.5682545797334996,None
113,0.8513769507408142,0.921442985534668,1.4055078029632568,1.6857719421386719,[0.1000 0.1000 0.1000 0.1000 0.1000 0.1000 0.1000],[0.0000 0.0000 0.0000 0.0000 0.0000 0.0000 0.0000],0.7728199362754822,0.7353001042806141,1.0,0.0,0.5682545797334996,None
113,0.8513769507408142,0.921442985534668,1.4055078029632568,1.6857719421386719,[0.1000 0.1000 0.1000 0.1000 0.1000 0.1000 0.1000],[0.0000 0.0000 0.0000 0.0000 0.0000 0.0000 0.0000],0.7728199362754822,0.7353001042806141,1.0,0.0,0.5682545797334996,None
113,0.8513769507408142,0.921442985534668,1.4055078029632568,1.6857719421386719,[0.1000 0.1000 0.1000 0.1000 0.1000 0.1000 0.1000],[0.0000 0.0000 0.0000 0.0000 0.0000 0.0000 0.0000],0.7728199362754822,0.7353001042806141,1.0,0.0,0.5682545797334996,None
113,0.8513769507408142,0.921442985534668,1.4055078029632568,1.6857719421386719,[0.1000 0.1000 0.1000 0.1000 0.1000 0.1000 0.1000],[0.0000 0.0000 0.0000 0.0000 0.0000 0.0000 0.0000],0.7728199362754822,0.7353001042806141,1.0,0.0,0.5682545797334996,None
113,0.8513769507408142,0.921442985534668,1.4055078029632568,1.6857719421386719,[0.1000 0.1000 0.1000 0.1000 0.1000 0.1000 0.1000],[0.0000 0.0000 0.0000 0.0000 0.0000 0.0000 0.0000],0.7728199362754822,0.7353001042806141,1.0,0.0,0.5682545797334996,None
113,0.8513769507408142,0.921442985534668,1.4055078029632568,1.6857719421386719,[0.1000 0.1000 0.1000 0.1000 0.1000 0.1000 0.1000],[0.0000 0.0000 0.0000 0.0000 0.0000 0.0000 0.0000],0.7728199362754822,0.7353001042806141,1.0,0.0,0.5682545797334996,None
113,0.8513769507408142,0.921442985534668,1.4055078029632568,1.6857719421386719,[0.1000 0.1000 0.1000 0.1000 0.1000 0.1000 0.1000],[0.0000 0.0000 0.0000 0.0000 0.0000 0.0000 0.0000],0.7728199362754822,0.7353001042806141,1.0,0.0,0.5682545797334996,None
113,0.8513769507408142,0.921442985534668,1.4055078029632568,1.6857719421386719,[0.1000 0.1000 0.1000 0.1000 0.1000 0.1000 0.1000],[0.0000 0.0000 0.0000 0.0000 0.0000 0.0000 0.0000],0.7728199362754822,0.7353001042806141,1.0,0.0,0.5682545797334996,None
113,0.8513769507408142,0.921442985534668,1.4055078029632568,1.6857719421386719,[0.1000 0.1000 0.1000 0.1000 0.1000 0.1000 0.1000],[0.0000 0.0000 0.0000 0.0000 0.0000 0.0000 0.0000],0.7728199362754822,0.7353001042806141,1.0,0.0,0.5682545797334996,None
113,0.8513769507408142,0.921442985534668,1.4055078029632568,1.6857719421386719,[0.1000 0.1000 0.1000 0.1000 0.1000 0.1000 0.1000],[0.0000 0.0000 0.0000 0.0000 0.0000 0.0000 0.0000],0.7728199362754822,0.7353001042806141,1.0,0.0,0.5682545797334996,None
113,0.8513769507408142,0.921442985534668,1.4055078029632568,1.6857719421386719,[0.1000 0.1000 0.1000 0.1000 0.1000 0.1000 0.1000],[0.0000 0.0000 0.0000 0.0000 0.0000 0.0000 0.0000],0.7728199362754822,0.7353001042806141,1.0,0.0,0.5682545797334996,None
113,0.8513769507408142,0.921442985534668,1.4055078029632568,1.6857719421386719,[0.1000 0.1000 0.1000 0.1000 0.1000 0.1000 0.1000],[0.0000 0.0000 0.0000 0.0000 0.0000 0.0000 0.0000],0.7728199362754822,0.7353001042806141,1.0,0.0,0.5682545797334996,None
113,0.8513769507408142,0.921442985534668,1.4055078029632568,1.6857719421386719,[0.1000 0.1000 0.1000 0.1000 0.1000 0.1000 0.1000],[0.0000 0.0000 0.0000 0.0000 0.0000 0.0000 0.0000],0.7728199362754822,0.7353001042806141,1.0,0.0,0.5682545797334996,None
113,0.8513769507408142,0.921442985534668,1.4055078029632568,1.6857719421386719,[0.1000 0.1000 0.1000 0.1000 0.1000 0.1000 0.1000],[0.0000 0.0000 0.0000 0.0000 0.0000 0.0000 0.0000],0.7728199362754822,0.7353001042806141,1.0,0.0,0.5682545797334996,None
113,0.8513769507408142,0.921442985534668,1.4055078029632568,1.6857719421386719,[0.1000 0.1000 0.1000 0.1000 0.1000 0.1000 0.1000],[0.0000 0.0000 0.0000 0.0000 0.0000 0.0000 0.0000],0.7728199362754822,0.7353001042806141,1.0,0.0,0.5682545797334996,None
113,0.8513769507408142,0.921442985534668,1.4055078029632568,1.6857719421386719,[0.1000 0.1000 0.1000 0.1000 0.1000 0.1000 0.1000],[0.0000 0.0000 0.0000 0.0000 0.0000 0.0000 0.0000],0.7728199362754822,0.7353001042806141,1.0,0.0,0.5682545797334996,None
113,0.8513769507408142,0.921442985534668,1.4055078029632568,1.6857719421386719,[0.1000 0.1000 0.1000 0.1000 0.1000 0.1000 0.1000],[0.0000 0.0000 0.0000 0.0000 0.0000 0.0000 0.0000],0.7728199362754822,0.7353001042806141,1.0,0.0,0.5682545797334996,None
113,0.8513769507408142,0.921442985534668,1.4055078029632568,1.6857719421386719,[0.1000 0.1000 0.1000 0.1000 0.1000 0.1000 0.1000],[0.0000 0.0000 0.0000 0.0000 0.0000 0.0000 0.0000],0.7728199362754822,0.7353001042806141,1.0,0.0,0.5682545797334996,None
113,0.8513769507408142,0.921442985534668,1.4055078029632568,1.6857719421386719,[0.1000 0.1000 0.1000 0.1000 0.1000 0.1000 0.1000],[0.0000 0.0000 0.0000 0.0000 0.0000 0.0000 0.0000],0.7728199362754822,0.7353001042806141,1.0,0.0,0.5682545797334996,None
113,0.8513769507408142,0.921442985534668,1.4055078029632568,1.6857719421386719,[0.1000 0.1000 0.1000 0.1000 0.1000 0.1000 0.1000],[0.0000 0.0000 0.0000 0.0000 0.0000 0.0000 0.0000],0.7728199362754822,0.7353001042806141,1.0,0.0,0.5682545797334996,None
113,0.8513769507408142,0.921442985534668,1.4055078029632568,1.6857719421386719,[0.1000 0.1000 0.1000 0.1000 0.1000 0.1000 0.1000],[0.0000 0.0000 0.0000 0.0000 0.0000 0.0000 0.0000],0.7728199362754822,0.7353001042806141,1.0,0.0,0.5682545797334996,None
113,0.8513769507408142,0.921442985534668,1.4055078029632568,1.6857719421386719,[0.1000 0.1000 0.1000 0.1000 0.1000 0.1000 0.1000],[0.0000 0.0000 0.0000 0.0000 0.0000 0.0000 0.0000],0.7728199362754822,0.7353001042806141,1.0,0.0,0.5682545797334996,None
113,0.8513769507408142,0.921442985534668,1.4055078029632568,1.6857719421386719,[0.1000 0.1000 0.1000 0.1000 0.1000 0.1000 0.1000],[0.0000 0.0000 0.0000 0.0000 0.0000 0.0000 0.0000],0.7728199362754822,0.7353001042806141,1.0,0.0,0.5682545797334996,None
113,0.8513769507408142,0.921442985534668,1.4055078029632568,1.6857719421386719,[0.1000 0.1000 0.1000 0.1000 0.1000 0.1000 0.1000],[0.0000 0.0000 0.0000 0.0000 0.0000 0.0000 0.0000],0.7728199362754822,0.7353001042806141,1.0,0.0,0.5682545797334996,None
113,0.8513769507408142,0.921442985534668,1.4055078029632568,1.6857719421386719,[0.1000 0.1000 0.1000 0.1000 0.1000 0.1000 0.1000],[0.0000 0.0000 0.0000 0.0000 0.0000 0.0000 0.0000],0.7728199362754822,0.7353001042806141,1.0,0.0,0.5682545797334996,None
113,0.8513769507408142,0.921442985534668,1.4055078029632568,1.6857719421386719,[0.1000 0.1000 0.1000 0.1000 0.1000 0.1000 0.1000],[0.0000 0.0000 0.0000 0.0000 0.0000 0.0000 0.0000],0.7728199362754822,0.7353001042806141,1.0,0.0,0.5682545797334996,None
113,0.8513769507408142,0.921442985534668,1.4055078029632568,1.6857719421386719,[0.1000 0.1000 0.1000 0.1000 0.1000 0.1000 0.1000],[0.0000 0.0000 0.0000 0.0000 0.0000 0.0000 0.0000],0.7728199362754822,0.7353001042806141,1.0,0.0,0.5682545797334996,None
113,0.8513769507408142,0.921442985534668,1.4055078029632568,1.6857719421386719,[0.1000 0.1000 0.1000 0.1000 0.1000 0.1000 0.1000],[0.0000 0.0000 0.0000 0.0000 0.0000 0.0000 0.0000],0.7728199362754822,0.7353001042806141,1.0,0.0,0.5682545797334996,None
113,0.8513769507408142,0.921442985534668,1.4055078029632568,1.6857719421386719,[0.1000 0.1000 0.1000 0.1000 0.1000 0.1000 0.1000],[0.0000 0.0000 0.0000 0.0000 0.0000 0.0000 0.0000],0.7728199362754822,0.7353001042806141,1.0,0.0,0.5682545797334996,None
113,0.8513769507408142,0.921442985534668,1.4055078029632568,1.6857719421386719,[0.1000 0.1000 0.1000 0.1000 0.1000 0.1000 0.1000],[0.0000 0.0000 0.0000 0.0000 0.0000 0.0000 0.0000],0.7728199362754822,0.7353001042806141,1.0,0.0,0.5682545797334996,None
113,0.8513769507408142,0.921442985534668,1.4055078029632568,1.6857719421386719,[0.1000 0.1000 0.1000 0.1000 0.1000 0.1000 0.1000],[0.0000 0.0000 0.0000 0.0000 0.0000 0.0000 0.0000],0.7728199362754822,0.7353001042806141,1.0,0.0,0.5682545797334996,None
113,0.8513769507408142,0.921442985534668,1.4055078029632568,1.6857719421386719,[0.1000 0.1000 0.1000 0.1000 0.1000 0.1000 0.1000],[0.0000 0.0000 0.0000 0.0000 0.0000 0.0000 0.0000],0.7728199362754822,0.7353001042806141,1.0,0.0,0.5682545797334996,None
113,0.8513769507408142,0.921442985534668,1.4055078029632568,1.6857719421386719,[0.1000 0.1000 0.1000 0.1000 0.1000 0.1000 0.1000],[0.0000 0.0000 0.0000 0.0000 0.0000 0.0000 0.0000],0.7728199362754822,0.7353001042806141,1.0,0.0,0.5682545797334996,None
113,0.8513769507408142,0.921442985534668,1.4055078029632568,1.6857719421386719,[0.1000 0.1000 0.1000 0.1000 0.1000 0.1000 0.1000],[0.0000 0.0000 0.0000 0.0000 0.0000 0.0000 0.0000],0.7728199362754822,0.7353001042806141,1.0,0.0,0.5682545797334996,None
113,0.8513769507408142,0.921442985534668,1.4055078029632568,1.6857719421386719,[0.1000 0.1000 0.1000 0.1000 0.1000 0.1000 0.1000],[0.0000 0.0000 0.0000 0.0000 0.0000 0.0000 0.0000],0.7728199362754822,0.7353001042806141,1.0,0.0,0.5682545797334996,None
113,0.8513769507408142,0.921442985534668,1.4055078029632568,1.6857719421386719,[0.1000 0.1000 0.1000 0.1000 0.1000 0.1000 0.1000],[0.0000 0.0000 0.0000 0.0000 0.0000 0.0000 0.0000],0.7728199362754822,0.7353001042806141,1.0,0.0,0.5682545797334996,None
113,0.8513769507408142,0.921442985534668,1.4055078029632568,1.6857719421386719,[0.1000 0.1000 0.1000 0.1000 0.1000 0.1000 0.1000],[0.0000 0.0000 0.0000 0.0000 0.0000 0.0000 0.0000],0.7728199362754822,0.7353001042806141,1.0,0.0,0.5682545797334996,None
113,0.8513769507408142,0.921442985534668,1.4055078029632568,1.6857719421386719,[0.1000 0.1000 0.1000 0.1000 0.1000 0.1000 0.1000],[0.0000 0.0000 0.0000 0.0000 0.0000 0.0000 0.0000],0.7728199362754822,0.7353001042806141,1.0,0.0,0.5682545797334996,None
113,0.8513769507408142,0.921442985534668,1.4055078029632568,1.6857719421386719,[0.1000 0.1000 0.1000 0.1000 0.1000 0.1000 0.1000],[0.0000 0.0000 0.0000 0.0000 0.0000 0.0000 0.0000],0.7728199362754822,0.7353001042806141,1.0,0.0,0.5682545797334996,None
113,0.8513769507408142,0.921442985534668,1.4055078029632568,1.6857719421386719,[0.1000 0.1000 0.1000 0.1000 0.1000 0.1000 0.1000],[0.0000 0.0000 0.0000 0.0000 0.0000 0.0000 0.0000],0.7728199362754822,0.7353001042806141,1.0,0.0,0.5682545797334996,None
113,0.8513769507408142,0.921442985534668,1.4055078029632568,1.6857719421386719,[0.1000 0.1000 0.1000 0.1000 0.1000 0.1000 0.1000],[0.0000 0.0000 0.0000 0.0000 0.0000 0.0000 0.0000],0.7728199362754822,0.7353001042806141,1.0,0.0,0.5682545797334996,None
113,0.8513769507408142,0.921442985534668,1.4055078029632568,1.6857719421386719,[0.1000 0.1000 0.1000 0.1000 0.1000 0.1000 0.1000],[0.0000 0.0000 0.0000 0.0000 0.0000 0.0000 0.0000],0.7728199362754822,0.7353001042806141,1.0,0.0,0.5682545797334996,None
113,0.8513769507408142,0.921442985534668,1.4055078029632568,1.6857719421386719,[0.1000 0.1000 0.1000 0.1000 0.1000 0.1000 0.1000],[0.0000 0.0000 0.0000 0.0000 0.0000 0.0000 0.0000],0.7728199362754822,0.7353001042806141,1.0,0.0,0.5682545797334996,None
113,0.8513769507408142,0.921442985534668,1.4055078029632568,1.6857719421386719,[0.1000 0.1000 0.1000 0.1000 0.1000 0.1000 0.1000],[0.0000 0.0000 0.0000 0.0000 0.0000 0.0000 0.0000],0.7728199362754822,0.7353001042806141,1.0,0.0,0.5682545797334996,None
113,0.8513769507408142,0.921442985534668,1.4055078029632568,1.6857719421386719,[0.1000 0.1000 0.1000 0.1000 0.1000 0.1000 0.1000],[0.0000 0.0000 0.0000 0.0000 0.0000 0.0000 0.0000],0.7728199362754822,0.7353001042806141,1.0,0.0,0.5682545797334996,None
113,0.8513769507408142,0.921442985534668,1.4055078029632568,1.6857719421386719,[0.1000 0.1000 0.1000 0.1000 0.1000 0.1000 0.1000],[0.0000 0.0000 0.0000 0.0000 0.0000 0.0000 0.0000],0.7728199362754822,0.7353001042806141,1.0,0.0,0.5682545797334996,None
113,0.8513769507408142,0.921442985534668,1.4055078029632568,1.6857719421386719,[0.1000 0.1000 0.1000 0.1000 0.1000 0.1000 0.1000],[0.0000 0.0000 0.0000 0.0000 0.0000 0.0000 0.0000],0.7728199362754822,0.7353001042806141,1.0,0.0,0.5682545797334996,None
113,0.8513769507408142,0.921442985534668,1.4055078029632568,1.6857719421386719,[0.1000 0.1000 0.1000 0.1000 0.1000 0.1000 0.1000],[0.0000 0.0000 0.0000 0.0000 0.0000 0.0000 0.0000],0.7728199362754822,0.7353001042806141,1.0,0.0,0.5682545797334996,None
113,0.8513769507408142,0.921442985534668,1.4055078029632568,1.6857719421386719,[0.1000 0.1000 0.1000 0.1000 0.1000 0.1000 0.1000],[0.0000 0.0000 0.0000 0.0000 0.0000 0.0000 0.0000],0.7728199362754822,0.7353001042806141,1.0,0.0,0.5682545797334996,None
113,0.8513769507408142,0.921442985534668,1.4055078029632568,1.6857719421386719,[0.1000 0.1000 0.1000 0.1000 0.1000 0.1000 0.1000],[0.0000 0.0000 0.0000 0.0000 0.0000 0.0000 0.0000],0.7728199362754822,0.7353001042806141,1.0,0.0,0.5682545797334996,None
113,0.8513769507408142,0.921442985534668,1.4055078029632568,1.6857719421386719,[0.1000 0.1000 0.1000 0.1000 0.1000 0.1000 0.1000],[0.0000 0.0000 0.0000 0.0000 0.0000 0.0000 0.0000],0.7728199362754822,0.7353001042806141,1.0,0.0,0.5682545797334996,None
113,0.8513784408569336,0.921442985534668,1.4055137634277344,1.6857719421386719,[0.1000 0.1000 0.1078 0.1000 0.1000 0.1000 0.1000],[0.0000 0.0000 -0.0777 0.0000 0.0000 0.0000 0.0000],0.7728214263916016,0.7353029190230191,1.0,0.0,0.5682578507092779,None
113,0.8513780832290649,0.921442985534668,1.4055123329162598,1.6857719421386719,[0.1000 0.1000 0.1064 0.1000 0.1000 0.1000 0.1000],[0.0000 0.0000 -0.0636 0.0000 0.0000 0.0000 0.0000],0.7728210687637329,0.7353022434821122,1.0,0.0,0.5682570656722165,None
113,0.8513778448104858,0.921442985534668,1.4055113792419434,1.6857719421386719,[0.1000 0.1000 0.1050 0.1000 0.1000 0.1000 0.1000],[0.0000 0.0000 -0.0501 0.0000 0.0000 0.0000 0.0000],0.7728208303451538,0.7353017931224654,1.0,0.0,0.5682565423151842,None
113,0.8513776659965515,0.921442985534668,1.405510663986206,1.6857719421386719,[0.1000 0.1000 0.1038 0.1000 0.1000 0.1000 0.1000],[0.0000 0.0000 -0.0377 0.0000 0.0000 0.0000 0.0000],0.7728206515312195,0.7353014553532331,1.0,0.0,0.5682561497979395,None
113,0.8513774275779724,0.921442985534668,1.4055097103118896,1.6857719421386719,[0.1000 0.1000 0.1024 0.1000 0.1000 0.1000 0.1000],[0.0000 0.0000 -0.0236 0.0000 0.0000 0.0000 0.0000],0.7728204131126404,0.7353010049949271,1.0,0.0,0.5682556264423192,None
113,0.8513771295547485,0.921442985534668,1.4055085182189941,1.6857719421386719,[0.1000 0.1000 0.1009 0.1000 0.1000 0.1000 0.1000],[0.0000 0.0000 -0.0091 0.0000 0.0000 0.0000 0.0000],0.7728201150894165,0.7353004420481224,1.0,0.0,0.5682549722489287,None
113,0.8513768911361694,0.921442985534668,1.4055075645446777,1.6857719421386719,[0.1000 0.1000 0.0995 0.1000 0.1000 0.1000 0.1000],[0.0000 0.0000 0.0053 0.0000 0.0000 0.0000 0.0000],0.7728198766708374,0.7352999916915405,0.9946763515472412,0.005323648452758845,0.5652292619774902,None
113,0.8513766527175903,0.921442985534668,1.4055066108703613,1.6857719421386719,[0.1000 0.1000 0.0983 0.1000 0.1000 0.1000 0.1000],[0.0000 0.0000 0.0173 0.0000 0.0000 0.0000 0.0000],0.7728196382522583,0.7352995413357248,0.9826761484146118,0.01732385158538824,0.5584095788732203,None
113,0.8513763546943665,0.921442985534668,1.4055054187774658,1.6857719421386719,[0.1000 0.1000 0.0969 0.1000 0.1000 0.1000 0.1000],[0.0000 0.0000 0.0306 0.0000 0.0000 0.0000 0.0000],0.7728193402290344,0.7352989783920327,0.9694482386112213,0.030551761388778742,0.5508921329972741,None
113,0.8513761162757874,0.921442985534668,1.4055044651031494,1.6857719421386719,[0.1000 0.1000 0.0956 0.1000 0.1000 0.1000 0.1000],[0.0000 0.0000 0.0443 0.0000 0.0000 0.0000 0.0000],0.7728191018104553,0.7352985280379412,0.9557012468576431,0.04429875314235693,0.5430798597946768,None
113,0.8513758778572083,0.921442985534668,1.405503511428833,1.6857719421386719,[0.1000 0.1000 0.0942 0.1000 0.1000 0.1000 0.1000],[0.0000 0.0000 0.0581 0.0000 0.0000 0.0000 0.0000],0.7728188633918762,0.7352980776846157,0.9418782591819763,0.05812174081802374,0.535224416130057,None
113,0.8513755798339844,0.921442985534668,1.4055023193359375,1.6857719421386719,[0.1000 0.1000 0.0929 0.1000 0.1000 0.1000 0.1000],[0.0000 0.0000 0.0713 0.0000 0.0000 0.0000 0.0000],0.7728185653686523,0.7352975147440365,0.928691029548645,0.07130897045135504,0.5277301360164953,None
113,0.8513753414154053,0.921442985534668,1.405501365661621,1.6857719421386719,[0.1000 0.1000 0.0916 0.1000 0.1000 0.1000 0.1000],[0.0000 0.0000 0.0840 0.0000 0.0000 0.0000 0.0000],0.7728183269500732,0.735297064392435,0.9159542620182037,0.08404573798179632,0.520491968501348,None
113,0.8513751029968262,0.921442985534668,1.4055004119873047,1.6857719421386719,[0.1000 0.1000 0.0903 0.1000 0.1000 0.1000 0.1000],[0.0000 0.0000 0.0970 0.0000 0.0000 0.0000 0.0000],0.7728180885314941,0.7352966140415997,0.9029702097177505,0.0970297902822495,0.5131132946183885,None
113,0.8513748049736023,0.921442985534668,1.4054992198944092,1.6857719421386719,[0.1000 0.1000 0.0889 0.1000 0.1000 0.1000 0.1000],[0.0000 0.0000 0.1110 0.0000 0.0000 0.0000 0.0000],0.7728177905082703,0.7352960511041331,0.8890494704246521,0.11095052957534796,0.5052022456223126,None
113,0.8513745665550232,0.921442985534668,1.4054982662200928,1.6857719421386719,[0.1000 0.1000 0.0875 0.1000 0.1000 0.1000 0.1000],[0.0000 0.0000 0.1254 0.0000 0.0000 0.0000 0.0000],0.7728175520896912,0.7352956007550219,0.87464839220047,0.12535160779953008,0.49701837705587293,None
113,0.8513743281364441,0.921442985534668,1.4054973125457764,1.6857719421386719,[0.1000 0.1000 0.0861 0.1000 0.1000 0.1000 0.1000],[0.0000 0.0000 0.1392 0.0000 0.0000 0.0000 0.0000],0.7728173136711121,0.7352951504066767,0.8607979118824005,0.13920208811759954,0.48914740017565456,None
113,0.8513740301132202,0.921442985534668,1.4054961204528809,1.6857719421386719,[0.1000 0.1000 0.0846 0.1000 0.1000 0.1000 0.1000],[0.0000 0.0000 0.1540 0.0000 0.0000 0.0000 0.0000],0.7728170156478882,0.7352945874723229,0.8460194617509842,0.15398053824901586,0.4807490098350519,None
113,0.8513737916946411,0.921442985534668,1.4054951667785645,1.6857719421386719,[0.1000 0.1000 0.0833 0.1000 0.1000 0.1000 0.1000],[0.0000 0.0000 0.1675 0.0000 0.0000 0.0000 0.0000],0.7728167772293091,0.7352941371257016,0.8325069397687912,0.16749306023120886,0.4730701082770427,None
113,0.8513734936714172,0.921442985534668,1.405493974685669,1.6857719421386719,[0.1000 0.1000 0.0819 0.1000 0.1000 0.1000 0.1000],[0.0000 0.0000 0.1814 0.0000 0.0000 0.0000 0.0000],0.7728164792060852,0.7352935741935025,0.8185819536447525,0.18141804635524755,0.4651567322019476,None
113,0.8513732552528381,0.921442985534668,1.4054930210113525,1.6857719421386719,[0.1000 0.1000 0.0805 0.1000 0.1000 0.1000 0.1000],[0.0000 0.0000 0.1954 0.0000 0.0000 0.0000 0.0000],0.7728162407875061,0.7352931238486052,0.8045780658721924,0.19542193412780767,0.457198644041121,None
113,0.8513728976249695,0.921442985534668,1.405491590499878,1.6857719421386719,[0.1000 0.1000 0.0790 0.1000 0.1000 0.1000 0.1000],[0.0000 0.0000 0.2097 0.0000 0.0000 0.0000 0.0000],0.7728158831596375,0.7352924483326959,0.7902602106332779,0.20973978936672216,0.44906195301167606,None
113,0.8513727188110352,0.921442985534668,1.4054908752441406,1.6857719421386719,[0.1000 0.1000 0.0777 0.1000 0.1000 0.1000 0.1000],[0.0000 0.0000 0.2234 0.0000 0.0000 0.0000 0.0000],0.7728157043457031,0.7352921105753876,0.7766029238700867,0.22339707612991339,0.4413009539489124,None
113,0.851372480392456,0.921442985534668,1.4054899215698242,1.6857719421386719,[0.1000 0.1000 0.0765 0.1000 0.1000 0.1000 0.1000],[0.0000 0.0000 0.2350 0.0000 0.0000 0.0000 0.0000],0.772815465927124,0.7352916602329804,0.7650427520275116,0.23495724797248846,0.4347315403673006,None
113,0.851372241973877,0.921442985534668,1.4054889678955078,1.6857719421386719,[0.1000 0.1000 0.0752 0.1000 0.1000 0.1000 0.1000],[0.0000 0.0000 0.2480 0.0000 0.0000 0.0000 0.0000],0.7728152275085449,0.7352912098913392,0.7520154863595963,0.2479845136404038,0.42732847126491663,None
113,0.8513719439506531,0.921442985534668,1.4054877758026123,1.6857719421386719,[0.1000 0.1000 0.0739 0.1000 0.1000 0.1000 0.1000],[0.0000 0.0000 0.2610 0.0000 0.0000 0.0000 0.0000],0.772814929485321,0.7352906469653653,0.7390397787094116,0.26096022129058843,0.419954616626594,None
113,0.851371705532074,0.921442985534668,1.405486822128296,1.6857719421386719,[0.1000 0.1000 0.0726 0.1000 0.1000 0.1000 0.1000],[0.0000 0.0000 0.2742 0.0000 0.0000 0.0000 0.0000],0.7728146910667419,0.7352901966254479,0.7258037477731705,0.2741962522268296,0.41243294705742434,None
113,0.8513714671134949,0.921442985534668,1.4054858684539795,1.6857719421386719,[0.1000 0.1000 0.0712 0.1000 0.1000 0.1000 0.1000],[0.0000 0.0000 0.2881 0.0000 0.0000 0.0000 0.0000],0.7728144526481628,0.7352897462862968,0.711936429142952,0.2880635708570481,0.4045525668181465,None
113,0.8513712882995605,0.921442985534668,1.4054851531982422,1.6857719421386719,[0.1000 0.1000 0.0699 0.1000 0.1000 0.1000 0.1000],[0.0000 0.0000 0.3009 0.0000 0.0000 0.0000 0.0000],0.7728142738342285,0.7352894085324363,0.6990646570920944,0.30093534290790563,0.39723800395382763,None
113,0.8513709902763367,0.921442985534668,1.4054839611053467,1.6857719421386719,[0.1000 0.1000 0.0684 0.1000 0.1000 0.1000 0.1000],[0.0000 0.0000 0.3157 0.0000 0.0000 0.0000 0.0000],0.7728139758110046,0.7352888456102931,0.6842531263828278,0.3157468736171723,0.3888210202780649,None
113,0.8513706922531128,0.921442985534668,1.4054827690124512,1.6857719421386719,[0.1000 0.1000 0.0670 0.1000 0.1000 0.1000 0.1000],[0.0000 0.0000 0.3300 0.0000 0.0000 0.0000 0.0000],0.7728136777877808,0.7352882826893468,0.6699645519256592,0.3300354480743409,0.3807012210825984,None
113,0.8513703942298889,0.921442985534668,1.4054815769195557,1.6857719421386719,[0.1000 0.1000 0.0656 0.1000 0.1000 0.1000 0.1000],[0.0000 0.0000 0.3444 0.0000 0.0000 0.0000 0.0000],0.7728133797645569,0.7352877197695977,0.6555720418691635,0.34442795813083654,0.37252238019768,None
113,0.8513701558113098,0.921442985534668,1.4054806232452393,1.6857719421386719,[0.1000 0.1000 0.0640 0.1000 0.1000 0.1000 0.1000],[0.0000 0.0000 0.3604 0.0000 0.0000 0.0000 0.0000],0.7728131413459778,0.7352872694346603,0.6396086513996124,0.36039134860038763,0.3634510054720636,None
113,0.8513699173927307,0.921442985534668,1.4054796695709229,1.6857719421386719,[0.1000 0.1000 0.0627 0.1000 0.1000 0.1000 0.1000],[0.0000 0.0000 0.3729 0.0000 0.0000 0.0000 0.0000],0.7728129029273987,0.735286819100489,0.6271257996559143,0.37287420034408575,0.3563574257915545,None
113,0.8513696193695068,0.921442985534668,1.4054784774780273,1.6857719421386719,[0.1000 0.1000 0.0613 0.1000 0.1000 0.1000 0.1000],[0.0000 0.0000 0.3871 0.0000 0.0000 0.0000 0.0000],0.7728126049041748,0.7352862561838522,0.6129177659749985,0.3870822340250016,0.3482834639879545,None
113,0.8513693809509277,0.9203429818153381,1.405477523803711,1.6813719272613525,[0.1000 0.1000 0.0599 0.1075 0.1000 0.1000 0.1000],[0.0000 0.0000 0.4012 -0.0755 0.0000 0.0000 0.0000],0.7717123627662659,0.7373717439718064,0.5988484993577003,0.4011515006422997,0.340768085818315,None
113,0.8513691425323486,0.9204088449478149,1.4054765701293945,1.6816353797912598,[0.1000 0.1000 0.0584 0.1071 0.1000 0.1000 0.1000],[0.0000 0.0000 0.4155 -0.0711 0.0000 0.0000 0.0000],0.7717779874801636,0.7372459278803346,0.5844844505190849,0.4155155494809151,0.3325659118298267,None
113,0.85136878490448,0.9204893112182617,1.40547513961792,1.6819572448730469,[0.1000 0.1000 0.0570 0.1066 0.1000 0.1000 0.1000],[0.0000 0.0000 0.4304 -0.0657 0.0000 0.0000 0.0000],0.7718580961227417,0.7370921714482779,0.5695880576968193,0.43041194230318075,0.32405605270370963,None
113,0.8513686060905457,0.9205909371376038,1.4054744243621826,1.682363748550415,[0.1000 0.1000 0.0558 0.1059 0.1000 0.1000 0.1000],[0.0000 0.0000 0.4422 -0.0588 0.0000 0.0000 0.0000],0.7719595432281494,0.736898629712694,0.5577854067087173,0.4422145932912827,0.3172995360497428,None
113,0.8513683080673218,0.9206756353378296,1.405473232269287,1.6827025413513184,[0.1000 0.1000 0.0545 0.1053 0.1000 0.1000 0.1000],[0.0000 0.0000 0.4548 -0.0530 0.0000 0.0000 0.0000],0.7720439434051514,0.7367371517465713,0.5452068895101547,0.45479311048984533,0.31011011085815654,None
113,0.8513680696487427,0.9207566976547241,1.4054722785949707,1.6830267906188965,[0.1000 0.1000 0.0532 0.1048 0.1000 0.1000 0.1000],[0.0000 0.0000 0.4676 -0.0475 0.0000 0.0000 0.0000],0.7721247673034668,0.7365827871873567,0.5323920026421547,0.46760799735784536,0.30278933375684547,None
113,0.8513678312301636,0.9208389520645142,1.4054713249206543,1.6833558082580566,[0.1000 0.1000 0.0520 0.1042 0.1000 0.1000 0.1000],[0.0000 0.0000 0.4802 -0.0419 0.0000 0.0000 0.0000],0.7722067832946777,0.7364262516213904,0.5197640880942345,0.4802359119057656,0.2955759835740968,None
113,0.8513675332069397,0.9210034608840942,1.4054701328277588,1.684013843536377,[0.1000 0.1000 0.0508 0.1031 0.1000 0.1000 0.1000],[0.0000 0.0000 0.4924 -0.0306 0.0000 0.0000 0.0000],0.7723709940910339,0.7361137978651506,0.5075536295771599,0.4924463704228402,0.28857111125835305,None
113,0.8513674139976501,0.9210747480392456,1.4054696559906006,1.6842989921569824,[0.1000 0.1000 0.0494 0.1026 0.1000 0.1000 0.1000],[0.0000 0.0000 0.5059 -0.0257 0.0000 0.0000 0.0000],0.7724421620368958,0.7359785348847646,0.4940657690167427,0.5059342309832573,0.2808768099873403,None
113,0.8513670563697815,0.9211235642433167,1.405468225479126,1.6844942569732666,[0.1000 0.1000 0.0480 0.1022 0.1000 0.1000 0.1000],[0.0000 0.0000 0.5200 -0.0223 0.0000 0.0000 0.0000],0.7724906206130981,0.7358854266165247,0.4800107330083847,0.5199892669916153,0.27286910449063406,None
113,0.8513667583465576,0.9211756587028503,1.4054670333862305,1.6847026348114014,[0.1000 0.1000 0.0466 0.1019 0.1000 0.1000 0.1000],[0.0000 0.0000 0.5340 -0.0187 0.0000 0.0000 0.0000],0.772542417049408,0.7357862600917721,0.46599458903074265,0.5340054109692574,0.26488348490808805,None
113,0.8513665199279785,0.9212848544120789,1.405466079711914,1.6851394176483154,[0.1000 0.1000 0.0453 0.1011 0.1000 0.1000 0.1000],[0.0000 0.0000 0.5470 -0.0111 0.0000 0.0000 0.0000],0.7726513743400574,0.735579247251468,0.4530307650566101,0.5469692349433899,0.2574783665017627,None
113,0.8513663411140442,0.9214542508125305,1.4054653644561768,1.685817003250122,[0.1000 0.1000 0.0440 0.0999 0.1000 0.1000 0.1000],[0.0000 0.0000 0.5600 0.0008 0.0000 0.0000 0.0000],0.7728205919265747,0.7352587873063842,0.43996505439281464,0.5600349456071854,0.2499983208368101,None
113,0.8513661026954651,0.9215856194496155,1.4054644107818604,1.686342477798462,[0.1000 0.1000 0.0429 0.0990 0.1000 0.1000 0.1000],[0.0000 0.0000 0.5709 0.0101 0.0000 0.0000 0.0000],0.7729517221450806,0.7350103459488457,0.4290641099214554,0.5709358900785446,0.24376312555663301,None
113,0.8513658046722412,0.9217121005058289,1.4054632186889648,1.6868484020233154,[0.1000 0.1000 0.0417 0.0981 0.1000 0.1000 0.1000],[0.0000 0.0000 0.5834 0.0190 0.0000 0.0000 0.0000],0.7730779051780701,0.7347712386757657,0.4166198894381523,0.5833801105618477,0.23665484970305506,None
113,0.8513656854629517,0.9218406677246094,1.4054627418518066,1.6873626708984375,[0.1000 0.1000 0.0404 0.0972 0.1000 0.1000 0.1000],[0.0000 0.0000 0.5958 0.0282 0.0000 0.0000 0.0000],0.773206353187561,0.7345287543599915,0.4042357951402664,0.5957642048597336,0.2295826070200835,None
113,0.8513653874397278,0.9219734072685242,1.4054615497589111,1.6878936290740967,[0.1000 0.1000 0.0392 0.0962 0.1000 0.1000 0.1000],[0.0000 0.0000 0.6081 0.0377 0.0000 0.0000 0.0000],0.773338794708252,0.7342783038049088,0.391932912170887,0.608067087829113,0.2225574966418065,None
113,0.8513651490211487,0.9221022725105286,1.4054605960845947,1.6884090900421143,[0.1000 0.1000 0.0378 0.0953 0.1000 0.1000 0.1000],[0.0000 0.0000 0.6216 0.0470 0.0000 0.0000 0.0000],0.7734674215316772,0.7340354845296466,0.37836577743291855,0.6216342225670815,0.21481812873930692,None
113,0.8513649106025696,0.9221919775009155,1.4054596424102783,1.688767910003662,[0.1000 0.1000 0.0366 0.0946 0.1000 0.1000 0.1000],[0.0000 0.0000 0.6338 0.0535 0.0000 0.0000 0.0000],0.7735568881034851,0.7338664491306179,0.36623571068048477,0.6337642893195152,0.20790741547668892,None
113,0.8513646125793457,0.9223038554191589,1.4054584503173828,1.6892154216766357,[0.1000 0.1000 0.0354 0.0938 0.1000 0.1000 0.1000],[0.0000 0.0000 0.6462 0.0617 0.0000 0.0000 0.0000],0.7736684679985046,0.7336557812908018,0.35381585359573364,0.6461841464042664,0.20082812323237248,None
113,0.8513644337654114,0.9224099516868591,1.4054577350616455,1.6896398067474365,[0.1000 0.1000 0.0342 0.0931 0.1000 0.1000 0.1000],[0.0000 0.0000 0.6584 0.0694 0.0000 0.0000 0.0000],0.7737743854522705,0.7334563489380252,0.34156907349824905,0.658430926501751,0.19385060599058493,None
113,0.8513641953468323,0.9225292205810547,1.405456781387329,1.6901168823242188,[0.1000 0.1000 0.0329 0.0922 0.1000 0.1000 0.1000],[0.0000 0.0000 0.6706 0.0782 0.0000 0.0000 0.0000],0.773893415927887,0.7332322635058309,0.32943107187747955,0.6705689281225204,0.18693356032013783,None
113,0.851364016532898,0.9227458834648132,1.4054560661315918,1.690983533859253,[0.1000 0.1000 0.0318 0.0906 0.1000 0.1000 0.1000],[0.0000 0.0000 0.6815 0.0943 0.0000 0.0000 0.0000],0.7741098999977112,0.7328261484877023,0.31848669052124023,0.6815133094787598,0.1806736702148309,None
113,0.8513637781143188,0.9229153990745544,1.4054551124572754,1.6916615962982178,[0.1000 0.1000 0.0307 0.0893 0.1000 0.1000 0.1000],[0.0000 0.0000 0.6930 0.1070 0.0000 0.0000 0.0000],0.7742791771888733,0.7325086525507123,0.3069876879453659,0.6930123120546341,0.17411303943047224,None
113,0.8513635993003845,0.9230917096138,1.405454397201538,1.6923668384552002,[0.1000 0.1000 0.0295 0.0880 0.1000 0.1000 0.1000],[0.0000 0.0000 0.7046 0.1204 0.0000 0.0000 0.0000],0.7744553089141846,0.7321789584192169,0.29538296163082123,0.7046170383691788,0.1674939195375215,None
113,0.8513633012771606,0.92326420545578,1.4054532051086426,1.6930568218231201,[0.1000 0.1000 0.0284 0.0866 0.1000 0.1000 0.1000],[0.0000 0.0000 0.7163 0.1335 0.0000 0.0000 0.0000],0.7746275067329407,0.7318565604408354,0.28369270265102386,0.7163072973489761,0.1608299953945947,None
113,0.8513630628585815,0.9234712719917297,1.4054522514343262,1.693885087966919,[0.1000 0.1000 0.0272 0.0851 0.1000 0.1000 0.1000],[0.0000 0.0000 0.7275 0.1495 0.0000 0.0000 0.0000],0.7748343348503113,0.7314702825884103,0.27248118072748184,0.7275188192725182,0.1544336928232619,None
113,0.8513628840446472,0.9235873818397522,1.4054515361785889,1.6943495273590088,[0.1000 0.1000 0.0259 0.0842 0.1000 0.1000 0.1000],[0.0000 0.0000 0.7406 0.1585 0.0000 0.0000 0.0000],0.7749502658843994,0.7312538413388854,0.259440578520298,0.740559421479702,0.14702117731945386,None
113,0.8513626456260681,0.9237175583839417,1.4054505825042725,1.6948702335357666,[0.1000 0.1000 0.0248 0.0831 0.1000 0.1000 0.1000],[0.0000 0.0000 0.7523 0.1687 0.0000 0.0000 0.0000],0.7750802040100098,0.731011314814408,0.24772409349679947,0.7522759065032005,0.14035858842940066,None
113,0.8513623476028442,0.9238377809524536,1.405449390411377,1.6953511238098145,[0.1000 0.1000 0.0236 0.0822 0.1000 0.1000 0.1000],[0.0000 0.0000 0.7642 0.1781 0.0000 0.0000 0.0000],0.7752001285552979,0.7307873826329654,0.2358224242925644,0.7641775757074356,0.13359492983172142,None
113,0.8513622283935547,0.9239643812179565,1.4054489135742188,1.6958575248718262,[0.1000 0.1000 0.0224 0.0812 0.1000 0.1000 0.1000],[0.0000 0.0000 0.7761 0.1882 0.0000 0.0000 0.0000],0.7753266096115112,0.7305521333830942,0.2239455282688141,0.7760544717311859,0.12684644426556083,None
113,0.8513619303703308,0.9241565465927124,1.4054477214813232,1.6966261863708496,[0.1000 0.1000 0.0213 0.0796 0.1000 0.1000 0.1000],[0.0000 0.0000 0.7873 0.2035 0.0000 0.0000 0.0000],0.7755184769630432,0.7301952257235214,0.21265767514705658,0.7873423248529434,0.12042376474931972,None
113,0.8512216210365295,0.9269520044326782,1.4048864841461182,1.707808017730713,[0.1000 0.0759 0.0201 0.0785 0.1000 0.1000 0.1000],[0.0000 0.2406 0.7988 0.2149 0.0000 0.0000 0.0000],0.7781736254692078,0.7248084605294911,0.20115241408348083,0.7988475859165192,0.11345535795967102,None
113,0.8512087464332581,0.9272739887237549,1.4048349857330322,1.7090959548950195,[0.1000 0.0738 0.0189 0.0775 0.1000 0.1000 0.1000],[0.0000 0.2622 0.8108 0.2252 0.0000 0.0000 0.0000],0.7784827351570129,0.7242007210116443,0.18923306837677956,0.8107669316232204,0.10668539504705488,None
113,0.8511951565742493,0.9275869727134705,1.404780626296997,1.7103478908538818,[0.1000 0.0715 0.0177 0.0766 0.1000 0.1000 0.1000],[0.0000 0.2852 0.8232 0.2342 0.0000 0.0000 0.0000],0.7787821292877197,0.7236093052593464,0.1768452487885952,0.8231547512114048,0.09965830963896893,None
113,0.8511817455291748,0.9278890490531921,1.4047269821166992,1.7115561962127686,[0.1000 0.0692 0.0165 0.0757 0.1000 0.1000 0.1000],[0.0000 0.3076 0.8353 0.2434 0.0000 0.0000 0.0000],0.7790707945823669,0.7230391660829688,0.16467778012156487,0.8353222198784351,0.0927627790718066,None
113,0.8511685132980347,0.9281836152076721,1.4046740531921387,1.7127344608306885,[0.1000 0.0670 0.0153 0.0747 0.1000 0.1000 0.1000],[0.0000 0.3300 0.8475 0.2527 0.0000 0.0000 0.0000],0.7793521285057068,0.7224840510715871,0.15251841396093369,0.8474815860390663,0.08587846449910841,None
113,0.8511531352996826,0.9284996390342712,1.4046125411987305,1.713998556137085,[0.1000 0.0644 0.0139 0.0738 0.1000 0.1000 0.1000],[0.0000 0.3557 0.8609 0.2618 0.0000 0.0000 0.0000],0.7796527743339539,0.7218876059313634,0.13909725472331047,0.8609027452766895,0.0782869498525622,None
113,0.8511388897895813,0.9287419319152832,1.4045555591583252,1.7149677276611328,[0.1000 0.0620 0.0127 0.0735 0.1000 0.1000 0.1000],[0.0000 0.3797 0.8733 0.2653 0.0000 0.0000 0.0000],0.7798808217048645,0.721426774212413,0.1267089881002903,0.8732910118997097,0.07128988587043923,None
113,0.8511250615119934,0.9289895296096802,1.4045002460479736,1.7159581184387207,[0.1000 0.0597 0.0114 0.0729 0.1000 0.1000 0.1000],[0.0000 0.4030 0.8858 0.2707 0.0000 0.0000 0.0000],0.7801145911216736,0.7209579456467416,0.11422757059335709,0.8857724294066429,0.0642449911664533,None
113,0.8511112928390503,0.9292283654212952,1.4044451713562012,1.7169134616851807,[0.1000 0.0574 0.0102 0.0724 0.1000 0.1000 0.1000],[0.0000 0.4262 0.8983 0.2759 0.0000 0.0000 0.0000],0.7803396582603455,0.7205056841682735,0.10170502588152885,0.8982949741184711,0.05718254825416598,None
113,0.8510980606079102,0.9294652342796326,1.4043922424316406,1.7178609371185303,[0.1000 0.0552 0.0090 0.0718 0.1000 0.1000 0.1000],[0.0000 0.4483 0.9105 0.2825 0.0000 0.0000 0.0000],0.7805632948875427,0.7200586245805697,0.08952809497714043,0.9104719050228596,0.0503193850794135,None
