125,0.8996350169181824,0.9508330821990967,1.5985400676727295,1.8033323287963867,[0.1000 0.1000 0.1000 0.1000 0.1000 0.1000 0.1000],[0.0000 0.0000 0.0000 0.0000 0.0000 0.0000 0.0000],0.850468099117279,0.7737301052262712,1.0,0.0,0.6580327718215991,None
125,0.8996350169181824,0.9508330821990967,1.5985400676727295,1.8033323287963867,[0.1000 0.1000 0.1000 0.1000 0.1000 0.1000 0.1000],[0.0000 0.0000 0.0000 0.0000 0.0000 0.0000 0.0000],0.850468099117279,0.7737301052262712,1.0,0.0,0.6580327718215991,None
125,0.8996350169181824,0.9508330821990967,1.5985400676727295,1.8033323287963867,[0.1000 0.1000 0.1000 0.1000 0.1000 0.1000 0.1000],[0.0000 0.0000 0.0000 0.0000 0.0000 0.0000 0.0000],0.850468099117279,0.7737301052262712,1.0,0.0,0.6580327718215991,None
125,0.8996350169181824,0.9508330821990967,1.5985400676727295,1.8033323287963867,[0.1000 0.1000 0.1000 0.1000 0.1000 0.1000 0.1000],[0.0000 0.0000 0.0000 0.0000 0.0000 0.0000 0.0000],0.850468099117279,0.7737301052262712,1.0,0.0,0.6580327718215991,None
125,0.8996350169181824,0.9508330821990967,1.5985400676727295,1.8033323287963867,[0.1000 0.1000 0.1000 0.1000 0.1000 0.1000 0.1000],[0.0000 0.0000 0.0000 0.0000 0.0000 0.0000 0.0000],0.850468099117279,0.7737301052262712,1.0,0.0,0.6580327718215991,None
125,0.8996350169181824,0.9508330821990967,1.5985400676727295,1.8033323287963867,[0.1000 0.1000 0.1000 0.1000 0.1000 0.1000 0.1000],[0.0000 0.0000 0.0000 0.0000 0.0000 0.0000 0.0000],0.850468099117279,0.7737301052262712,1.0,0.0,0.6580327718215991,None
125,0.8996350169181824,0.9508330821990967,1.5985400676727295,1.8033323287963867,[0.1000 0.1000 0.1000 0.1000 0.1000 0.1000 0.1000],[0.0000 0.0000 0.0000 0.0000 0.0000 0.0000 0.0000],0.850468099117279,0.7737301052262712,1.0,0.0,0.6580327718215991,None
125,0.8996350169181824,0.9508330821990967,1.5985400676727295,1.8033323287963867,[0.1000 0.1000 0.1000 0.1000 0.1000 0.1000 0.1000],[0.0000 0.0000 0.0000 0.0000 0.0000 0.0000 0.0000],0.850468099117279,0.7737301052262712,1.0,0.0,0.6580327718215991,None
125,0.8996350169181824,0.9508330821990967,1.5985400676727295,1.8033323287963867,[0.1000 0.1000 0.1000 0.1000 0.1000 0.1000 0.1000],[0.0000 0.0000 0.0000 0.0000 0.0000 0.0000 0.0000],0.850468099117279,0.7737301052262712,1.0,0.0,0.6580327718215991,None
125,0.8996350169181824,0.9508330821990967,1.5985400676727295,1.8033323287963867,[0.1000 0.1000 0.1000 0.1000 0.1000 0.1000 0.1000],[0.0000 0.0000 0.0000 0.0000 0.0000 0.0000 0.0000],0.850468099117279,0.7737301052262712,1.0,0.0,0.6580327718215991,None
125,0.8996350169181824,0.9508330821990967,1.5985400676727295,1.8033323287963867,[0.1000 0.1000 0.1000 0.1000 0.1000 0.1000 0.1000],[0.0000 0.0000 0.0000 0.0000 0.0000 0.0000 0.0000],0.850468099117279,0.7737301052262712,1.0,0.0,0.6580327718215991,None
125,0.8996350169181824,0.9508330821990967,1.5985400676727295,1.8033323287963867,[0.1000 0.1000 0.1000 0.1000 0.1000 0.1000 0.1000],[0.0000 0.0000 0.0000 0.0000 0.0000 0.0000 0.0000],0.850468099117279,0.7737301052262712,1.0,0.0,0.6580327718215991,None
125,0.8996350169181824,0.9508330821990967,1.5985400676727295,1.8033323287963867,[0.1000 0.1000 0.1000 0.1000 0.1000 0.1000 0.1000],[0.0000 0.0000 0.0000 0.0000 0.0000 0.0000 0.0000],0.850468099117279,0.7737301052262712,1.0,0.0,0.6580327718215991,None
125,0.8996350169181824,0.9508330821990967,1.5985400676727295,1.8033323287963867,[0.1000 0.1000 0.1000 0.1000 0.1000 0.1000 0.1000],[0.0000 0.0000 0.0000 0.0000 0.0000 0.0000 0.0000],0.850468099117279,0.7737301052262712,1.0,0.0,0.6580327718215991,None
125,0.8996350169181824,0.9508330821990967,1.5985400676727295,1.8033323287963867,[0.1000 0.1000 0.1000 0.1000 0.1000 0.1000 0.1000],[0.0000 0.0000 0.0000 0.0000 0.0000 0.0000 0.0000],0.850468099117279,0.7737301052262712,1.0,0.0,0.6580327718215991,None
125,0.8996350169181824,0.9508330821990967,1.5985400676727295,1.8033323287963867,[0.1000 0.1000 0.1000 0.1000 0.1000 0.1000 0.1000],[0.0000 0.0000 0.0000 0.0000 0.0000 0.0000 0.0000],0.850468099117279,0.7737301052262712,1.0,0.0,0.6580327718215991,None
125,0.8996350169181824,0.9508330821990967,1.5985400676727295,1.8033323287963867,[0.1000 0.1000 0.1000 0.1000 0.1000 0.1000 0.1000],[0.0000 0.0000 0.0000 0.0000 0.0000 0.0000 0.0000],0.850468099117279,0.7737301052262712,1.0,0.0,0.6580327718215991,None
125,0.8996350169181824,0.9508330821990967,1.5985400676727295,1.8033323287963867,[0.1000 0.1000 0.1000 0.1000 0.1000 0.1000 0.1000],[0.0000 0.0000 0.0000 0.0000 0.0000 0.0000 0.0000],0.850468099117279,0.7737301052262712,1.0,0.0,0.6580327718215991,None
125,0.8996350169181824,0.9508330821990967,1.5985400676727295,1.8033323287963867,[0.1000 0.1000 0.1000 0.1000 0.1000 0.1000 0.1000],[0.0000 0.0000 0.0000 0.0000 0.0000 0.0000 0.0000],0.850468099117279,0.7737301052262712,1.0,0.0,0.6580327718215991,None
125,0.8996350169181824,0.9508330821990967,1.5985400676727295,1.8033323287963867,[0.1000 0.1000 0.1000 0.1000 0.1000 0.1000 0.1000],[0.0000 0.0000 0.0000 0.0000 0.0000 0.0000 0.0000],0.850468099117279,0.7737301052262712,1.0,0.0,0.6580327718215991,None
125,0.8996350169181824,0.9508330821990967,1.5985400676727295,1.8033323287963867,[0.1000 0.1000 0.1000 0.1000 0.1000 0.1000 0.1000],[0.0000 0.0000 0.0000 0.0000 0.0000 0.0000 0.0000],0.850468099117279,0.7737301052262712,1.0,0.0,0.6580327718215991,None
125,0.8996350169181824,0.9508330821990967,1.5985400676727295,1.8033323287963867,[0.1000 0.1000 0.1000 0.1000 0.1000 0.1000 0.1000],[0.0000 0.0000 0.0000 0.0000 0.0000 0.0000 0.0000],0.850468099117279,0.7737301052262712,1.0,0.0,0.6580327718215991,None
125,0.8996350169181824,0.9508330821990967,1.5985400676727295,1.8033323287963867,[0.1000 0.1000 0.1000 0.1000 0.1000 0.1000 0.1000],[0.0000 0.0000 0.0000 0.0000 0.0000 0.0000 0.0000],0.850468099117279,0.7737301052262712,1.0,0.0,0.6580327718215991,None
125,0.8996350169181824,0.9508330821990967,1.5985400676727295,1.8033323287963867,[0.1000 0.1000 0.1000 0.1000 0.1000 0.1000 0.1000],[0.0000 0.0000 0.0000 0.0000 0.0000 0.0000 0.0000],0.850468099117279,0.7737301052262712,1.0,0.0,0.6580327718215991,None
125,0.8996350169181824,0.9508330821990967,1.5985400676727295,1.8033323287963867,[0.1000 0.1000 0.1000 0.1000 0.1000 0.1000 0.1000],[0.0000 0.0000 0.0000 0.0000 0.0000 0.0000 0.0000],0.850468099117279,0.7737301052262712,1.0,0.0,0.6580327718215991,None
125,0.8996350169181824,0.9508330821990967,1.5985400676727295,1.8033323287963867,[0.1000 0.1000 0.1000 0.1000 0.1000 0.1000 0.1000],[0.0000 0.0000 0.0000 0.0000 0.0000 0.0000 0.0000],0.850468099117279,0.7737301052262712,1.0,0.0,0.6580327718215991,None
125,0.8996350169181824,0.9508330821990967,1.5985400676727295,1.8033323287963867,[0.1000 0.1000 0.1000 0.1000 0.1000 0.1000 0.1000],[0.0000 0.0000 0.0000 0.0000 0.0000 0.0000 0.0000],0.850468099117279,0.7737301052262712,1.0,0.0,0.6580327718215991,None
125,0.8996350169181824,0.9508330821990967,1.5985400676727295,1.8033323287963867,[0.1000 0.1000 0.1000 0.1000 0.1000 0.1000 0.1000],[0.0000 0.0000 0.0000 0.0000 0.0000 0.0000 0.0000],0.850468099117279,0.7737301052262712,1.0,0.0,0.6580327718215991,None
125,0.8996350169181824,0.9508330821990967,1.5985400676727295,1.8033323287963867,[0.1000 0.1000 0.1000 0.1000 0.1000 0.1000 0.1000],[0.0000 0.0000 0.0000 0.0000 0.0000 0.0000 0.0000],0.850468099117279,0.7737301052262712,1.0,0.0,0.6580327718215991,None
125,0.8996350169181824,0.9508330821990967,1.5985400676727295,1.8033323287963867,[0.1000 0.1000 0.1000 0.1000 0.1000 0.1000 0.1000],[0.0000 0.0000 0.0000 0.0000 0.0000 0.0000 0.0000],0.850468099117279,0.7737301052262712,1.0,0.0,0.6580327718215991,None
125,0.8996350169181824,0.9508330821990967,1.5985400676727295,1.8033323287963867,[0.1000 0.1000 0.1000 0.1000 0.1000 0.1000 0.1000],[0.0000 0.0000 0.0000 0.0000 0.0000 0.0000 0.0000],0.850468099117279,0.7737301052262712,1.0,0.0,0.6580327718215991,None
125,0.8996350169181824,0.9508330821990967,1.5985400676727295,1.8033323287963867,[0.1000 0.1000 0.1000 0.1000 0.1000 0.1000 0.1000],[0.0000 0.0000 0.0000 0.0000 0.0000 0.0000 0.0000],0.850468099117279,0.7737301052262712,1.0,0.0,0.6580327718215991,None
125,0.8996350169181824,0.9508330821990967,1.5985400676727295,1.8033323287963867,[0.1000 0.1000 0.1000 0.1000 0.1000 0.1000 0.1000],[0.0000 0.0000 0.0000 0.0000 0.0000 0.0000 0.0000],0.850468099117279,0.7737301052262712,1.0,0.0,0.6580327718215991,None
125,0.8996350169181824,0.9508330821990967,1.5985400676727295,1.8033323287963867,[0.1000 0.1000 0.1000 0.1000 0.1000 0.1000 0.1000],[0.0000 0.0000 0.0000 0.0000 0.0000 0.0000 0.0000],0.850468099117279,0.7737301052262712,1.0,0.0,0.6580327718215991,None
125,0.8996350169181824,0.9508330821990967,1.5985400676727295,1.8033323287963867,[0.1000 0.1000 0.1000 0.1000 0.1000 0.1000 0.1000],[0.0000 0.0000 0.0000 0.0000 0.0000 0.0000 0.0000],0.850468099117279,0.7737301052262712,1.0,0.0,0.6580327718215991,None
125,0.8996350169181824,0.9508330821990967,1.5985400676727295,1.8033323287963867,[0.1000 0.1000 0.1000 0.1000 0.1000 0.1000 0.1000],[0.0000 0.0000 0.0000 0.0000 0.0000 0.0000 0.0000],0.850468099117279,0.7737301052262712,1.0,0.0,0.6580327718215991,None
125,0.8996350169181824,0.9508330821990967,1.5985400676727295,1.8033323287963867,[0.1000 0.1000 0.1000 0.1000 0.1000 0.1000 0.1000],[0.0000 0.0000 0.0000 0.0000 0.0000 0.0000 0.0000],0.850468099117279,0.7737301052262712,1.0,0.0,0.6580327718215991,None
125,0.8996350169181824,0.9508330821990967,1.5985400676727295,1.8033323287963867,[0.1000 0.1000 0.1000 0.1000 0.1000 0.1000 0.1000],[0.0000 0.0000 0.0000 0.0000 0.0000 0.0000 0.0000],0.850468099117279,0.7737301052262712,1.0,0.0,0.6580327718215991,None
125,0.8996350169181824,0.9508330821990967,1.5985400676727295,1.8033323287963867,[0.1000 0.1000 0.1000 0.1000 0.1000 0.1000 0.1000],[0.0000 0.0000 0.0000 0.0000 0.0000 0.0000 0.0000],0.850468099117279,0.7737301052262712,1.0,0.0,0.6580327718215991,None
125,0.8996350169181824,0.9508330821990967,1.5985400676727295,1.8033323287963867,[0.1000 0.1000 0.1000 0.1000 0.1000 0.1000 0.1000],[0.0000 0.0000 0.0000 0.0000 0.0000 0.0000 0.0000],0.850468099117279,0.7737301052262712,1.0,0.0,0.6580327718215991,None
125,0.8996350169181824,0.9508330821990967,1.5985400676727295,1.8033323287963867,[0.1000 0.1000 0.1000 0.1000 0.1000 0.1000 0.1000],[0.0000 0.0000 0.0000 0.0000 0.0000 0.0000 0.0000],0.850468099117279,0.7737301052262712,1.0,0.0,0.6580327718215991,None
125,0.8996350169181824,0.9508330821990967,1.5985400676727295,1.8033323287963867,[0.1000 0.1000 0.1000 0.1000 0.1000 0.1000 0.1000],[0.0000 0.0000 0.0000 0.0000 0.0000 0.0000 0.0000],0.850468099117279,0.7737301052262712,1.0,0.0,0.6580327718215991,None
125,0.8996350169181824,0.9508330821990967,1.5985400676727295,1.8033323287963867,[0.1000 0.1000 0.1000 0.1000 0.1000 0.1000 0.1000],[0.0000 0.0000 0.0000 0.0000 0.0000 0.0000 0.0000],0.850468099117279,0.7737301052262712,1.0,0.0,0.6580327718215991,None
125,0.8996350169181824,0.9508330821990967,1.5985400676727295,1.8033323287963867,[0.1000 0.1000 0.1000 0.1000 0.1000 0.1000 0.1000],[0.0000 0.0000 0.0000 0.0000 0.0000 0.0000 0.0000],0.850468099117279,0.7737301052262712,1.0,0.0,0.6580327718215991,None
125,0.8996350169181824,0.9508330821990967,1.5985400676727295,1.8033323287963867,[0.1000 0.1000 0.1000 0.1000 0.1000 0.1000 0.1000],[0.0000 0.0000 0.0000 0.0000 0.0000 0.0000 0.0000],0.850468099117279,0.7737301052262712,1.0,0.0,0.6580327718215991,None
125,0.8996350169181824,0.9508330821990967,1.5985400676727295,1.8033323287963867,[0.1000 0.1000 0.1000 0.1000 0.1000 0.1000 0.1000],[0.0000 0.0000 0.0000 0.0000 0.0000 0.0000 0.0000],0.850468099117279,0.7737301052262712,1.0,0.0,0.6580327718215991,None
125,0.8996350169181824,0.9508330821990967,1.5985400676727295,1.8033323287963867,[0.1000 0.1000 0.1000 0.1000 0.1000 0.1000 0.1000],[0.0000 0.0000 0.0000 0.0000 0.0000 0.0000 0.0000],0.850468099117279,0.7737301052262712,1.0,0.0,0.6580327718215991,None
125,0.8996350169181824,0.9508330821990967,1.5985400676727295,1.8033323287963867,[0.1000 0.1000 0.1000 0.1000 0.1000 0.1000 0.1000],[0.0000 0.0000 0.0000 0.0000 0.0000 0.0000 0.0000],0.850468099117279,0.7737301052262712,1.0,0.0,0.6580327718215991,None
125,0.8996350169181824,0.9508330821990967,1.5985400676727295,1.8033323287963867,[0.1000 0.1000 0.1000 0.1000 0.1000 0.1000 0.1000],[0.0000 0.0000 0.0000 0.0000 0.0000 0.0000 0.0000],0.850468099117279,0.7737301052262712,1.0,0.0,0.6580327718215991,None
125,0.8996350169181824,0.9508330821990967,1.5985400676727295,1.8033323287963867,[0.1000 0.1000 0.1000 0.1000 0.1000 0.1000 0.1000],[0.0000 0.0000 0.0000 0.0000 0.0000 0.0000 0.0000],0.850468099117279,0.7737301052262712,1.0,0.0,0.6580327718215991,None
125,0.8996350169181824,0.9508330821990967,1.5985400676727295,1.8033323287963867,[0.1000 0.1000 0.1000 0.1000 0.1000 0.1000 0.1000],[0.0000 0.0000 0.0000 0.0000 0.0000 0.0000 0.0000],0.850468099117279,0.7737301052262712,1.0,0.0,0.6580327718215991,None
125,0.8996350169181824,0.9508330821990967,1.5985400676727295,1.8033323287963867,[0.1000 0.1000 0.1000 0.1000 0.1000 0.1000 0.1000],[0.0000 0.0000 0.0000 0.0000 0.0000 0.0000 0.0000],0.850468099117279,0.7737301052262712,1.0,0.0,0.6580327718215991,None
125,0.8996350169181824,0.9508330821990967,1.5985400676727295,1.8033323287963867,[0.1000 0.1000 0.1000 0.1000 0.1000 0.1000 0.1000],[0.0000 0.0000 0.0000 0.0000 0.0000 0.0000 0.0000],0.850468099117279,0.7737301052262712,1.0,0.0,0.6580327718215991,None
125,0.8996350169181824,0.9508330821990967,1.5985400676727295,1.8033323287963867,[0.1000 0.1000 0.1000 0.1000 0.1000 0.1000 0.1000],[0.0000 0.0000 0.0000 0.0000 0.0000 0.0000 0.0000],0.850468099117279,0.7737301052262712,1.0,0.0,0.6580327718215991,None
125,0.8996350169181824,0.9508330821990967,1.5985400676727295,1.8033323287963867,[0.1000 0.1000 0.1000 0.1000 0.1000 0.1000 0.1000],[0.0000 0.0000 0.0000 0.0000 0.0000 0.0000 0.0000],0.850468099117279,0.7737301052262712,1.0,0.0,0.6580327718215991,None
125,0.8996350169181824,0.9508330821990967,1.5985400676727295,1.8033323287963867,[0.1000 0.1000 0.1000 0.1000 0.1000 0.1000 0.1000],[0.0000 0.0000 0.0000 0.0000 0.0000 0.0000 0.0000],0.850468099117279,0.7737301052262712,1.0,0.0,0.6580327718215991,None
125,0.8996350169181824,0.9508330821990967,1.5985400676727295,1.8033323287963867,[0.1000 0.1000 0.1000 0.1000 0.1000 0.1000 0.1000],[0.0000 0.0000 0.0000 0.0000 0.0000 0.0000 0.0000],0.850468099117279,0.7737301052262712,1.0,0.0,0.6580327718215991,None
125,0.8996350169181824,0.9508330821990967,1.5985400676727295,1.8033323287963867,[0.1000 0.1000 0.1000 0.1000 0.1000 0.1000 0.1000],[0.0000 0.0000 0.0000 0.0000 0.0000 0.0000 0.0000],0.850468099117279,0.7737301052262712,1.0,0.0,0.6580327718215991,None
125,0.8996350169181824,0.9508330821990967,1.5985400676727295,1.8033323287963867,[0.1000 0.1000 0.1000 0.1000 0.1000 0.1000 0.1000],[0.0000 0.0000 0.0000 0.0000 0.0000 0.0000 0.0000],0.850468099117279,0.7737301052262712,1.0,0.0,0.6580327718215991,None
125,0.8996350169181824,0.9508330821990967,1.5985400676727295,1.8033323287963867,[0.1000 0.1000 0.1000 0.1000 0.1000 0.1000 0.1000],[0.0000 0.0000 0.0000 0.0000 0.0000 0.0000 0.0000],0.850468099117279,0.7737301052262712,1.0,0.0,0.6580327718215991,None
125,0.8996350169181824,0.9508330821990967,1.5985400676727295,1.8033323287963867,[0.1000 0.1000 0.1000 0.1000 0.1000 0.1000 0.1000],[0.0000 0.0000 0.0000 0.0000 0.0000 0.0000 0.0000],0.850468099117279,0.7737301052262712,1.0,0.0,0.6580327718215991,None
125,0.8996350169181824,0.9508330821990967,1.5985400676727295,1.8033323287963867,[0.1000 0.1000 0.1000 0.1000 0.1000 0.1000 0.1000],[0.0000 0.0000 0.0000 0.0000 0.0000 0.0000 0.0000],0.850468099117279,0.7737301052262712,1.0,0.0,0.6580327718215991,None
125,0.8996350169181824,0.9508330821990967,1.5985400676727295,1.8033323287963867,[0.1000 0.1000 0.1000 0.1000 0.1000 0.1000 0.1000],[0.0000 0.0000 0.0000 0.0000 0.0000 0.0000 0.0000],0.850468099117279,0.7737301052262712,1.0,0.0,0.6580327718215991,None
125,0.8996350169181824,0.9508330821990967,1.5985400676727295,1.8033323287963867,[0.1000 0.1000 0.1000 0.1000 0.1000 0.1000 0.1000],[0.0000 0.0000 0.0000 0.0000 0.0000 0.0000 0.0000],0.850468099117279,0.7737301052262712,1.0,0.0,0.6580327718215991,None
125,0.8996350169181824,0.9508330821990967,1.5985400676727295,1.8033323287963867,[0.1000 0.1000 0.1000 0.1000 0.1000 0.1000 0.1000],[0.0000 0.0000 0.0000 0.0000 0.0000 0.0000 0.0000],0.850468099117279,0.7737301052262712,1.0,0.0,0.6580327718215991,None
125,0.8996350169181824,0.9508330821990967,1.5985400676727295,1.8033323287963867,[0.1000 0.1000 0.1000 0.1000 0.1000 0.1000 0.1000],[0.0000 0.0000 0.0000 0.0000 0.0000 0.0000 0.0000],0.850468099117279,0.7737301052262712,1.0,0.0,0.6580327718215991,None
125,0.8996350169181824,0.9508330821990967,1.5985400676727295,1.8033323287963867,[0.1000 0.1000 0.1000 0.1000 0.1000 0.1000 0.1000],[0.0000 0.0000 0.0000 0.0000 0.0000 0.0000 0.0000],0.850468099117279,0.7737301052262712,1.0,0.0,0.6580327718215991,None
125,0.8996350169181824,0.9508330821990967,1.5985400676727295,1.8033323287963867,[0.1000 0.1000 0.1000 0.1000 0.1000 0.1000 0.1000],[0.0000 0.0000 0.0000 0.0000 0.0000 0.0000 0.0000],0.850468099117279,0.7737301052262712,1.0,0.0,0.6580327718215991,None
125,0.8996350169181824,0.9508330821990967,1.5985400676727295,1.8033323287963867,[0.1000 0.1000 0.1000 0.1000 0.1000 0.1000 0.1000],[0.0000 0.0000 0.0000 0.0000 0.0000 0.0000 0.0000],0.850468099117279,0.7737301052262712,1.0,0.0,0.6580327718215991,None
125,0.8996350169181824,0.9508330821990967,1.5985400676727295,1.8033323287963867,[0.1000 0.1000 0.1000 0.1000 0.1000 0.1000 0.1000],[0.0000 0.0000 0.0000 0.0000 0.0000 0.0000 0.0000],0.850468099117279,0.7737301052262712,1.0,0.0,0.6580327718215991,None
125,0.8996350169181824,0.9508330821990967,1.5985400676727295,1.8033323287963867,[0.1000 0.1000 0.1000 0.1000 0.1000 0.1000 0.1000],[0.0000 0.0000 0.0000 0.0000 0.0000 0.0000 0.0000],0.850468099117279,0.7737301052262712,1.0,0.0,0.6580327718215991,None
125,0.8996350169181824,0.9508330821990967,1.5985400676727295,1.8033323287963867,[0.1000 0.1000 0.1000 0.1000 0.1000 0.1000 0.1000],[0.0000 0.0000 0.0000 0.0000 0.0000 0.0000 0.0000],0.850468099117279,0.7737301052262712,1.0,0.0,0.6580327718215991,None
125,0.8996350169181824,0.9508330821990967,1.5985400676727295,1.8033323287963867,[0.1000 0.1000 0.1000 0.1000 0.1000 0.1000 0.1000],[0.0000 0.0000 0.0000 0.0000 0.0000 0.0000 0.0000],0.850468099117279,0.7737301052262712,1.0,0.0,0.6580327718215991,None
125,0.8996350169181824,0.9508330821990967,1.5985400676727295,1.8033323287963867,[0.1000 0.1000 0.1000 0.1000 0.1000 0.1000 0.1000],[0.0000 0.0000 0.0000 0.0000 0.0000 0.0000 0.0000],0.850468099117279,0.7737301052262712,1.0,0.0,0.6580327718215991,None
125,0.8996350169181824,0.9508330821990967,1.5985400676727295,1.8033323287963867,[0.1000 0.1000 0.1000 0.1000 0.1000 0.1000 0.1000],[0.0000 0.0000 0.0000 0.0000 0.0000 0.0000 0.0000],0.850468099117279,0.7737301052262712,1.0,0.0,0.6580327718215991,None
125,0.8996350169181824,0.9508330821990967,1.5985400676727295,1.8033323287963867,[0.1000 0.1000 0.1000 0.1000 0.1000 0.1000 0.1000],[0.0000 0.0000 0.0000 0.0000 0.0000 0.0000 0.0000],0.850468099117279,0.7737301052262712,1.0,0.0,0.6580327718215991,None
125,0.8996350169181824,0.9508330821990967,1.5985400676727295,1.8033323287963867,[0.1000 0.1000 0.1000 0.1000 0.1000 0.1000 0.1000],[0.0000 0.0000 0.0000 0.0000 0.0000 0.0000 0.0000],0.850468099117279,0.7737301052262712,1.0,0.0,0.6580327718215991,None
125,0.8996350169181824,0.9508330821990967,1.5985400676727295,1.8033323287963867,[0.1000 0.1000 0.1000 0.1000 0.1000 0.1000 0.1000],[0.0000 0.0000 0.0000 0.0000 0.0000 0.0000 0.0000],0.850468099117279,0.7737301052262712,1.0,0.0,0.6580327718215991,None
125,0.8996350169181824,0.9508330821990967,1.5985400676727295,1.8033323287963867,[0.1000 0.1000 0.1000 0.1000 0.1000 0.1000 0.1000],[0.0000 0.0000 0.0000 0.0000 0.0000 0.0000 0.0000],0.850468099117279,0.7737301052262712,1.0,0.0,0.6580327718215991,None
125,0.8996350169181824,0.9508330821990967,1.5985400676727295,1.8033323287963867,[0.1000 0.1000 0.1000 0.1000 0.1000 0.1000 0.1000],[0.0000 0.0000 0.0000 0.0000 0.0000 0.0000 0.0000],0.850468099117279,0.7737301052262712,1.0,0.0,0.6580327718215991,None
125,0.8996350169181824,0.9508330821990967,1.5985400676727295,1.8033323287963867,[0.1000 0.1000 0.1000 0.1000 0.1000 0.1000 0.1000],[0.0000 0.0000 0.0000 0.0000 0.0000 0.0000 0.0000],0.850468099117279,0.7737301052262712,1.0,0.0,0.6580327718215991,None
125,0.8996350169181824,0.9508330821990967,1.5985400676727295,1.8033323287963867,[0.1000 0.1000 0.1000 0.1000 0.1000 0.1000 0.1000],[0.0000 0.0000 0.0000 0.0000 0.0000 0.0000 0.0000],0.850468099117279,0.7737301052262712,1.0,0.0,0.6580327718215991,None
125,0.8996350169181824,0.9508330821990967,1.5985400676727295,1.8033323287963867,[0.1000 0.1000 0.1000 0.1000 0.1000 0.1000 0.1000],[0.0000 0.0000 0.0000 0.0000 0.0000 0.0000 0.0000],0.850468099117279,0.7737301052262712,1.0,0.0,0.6580327718215991,None
125,0.8996350169181824,0.9508330821990967,1.5985400676727295,1.8033323287963867,[0.1000 0.1000 0.1000 0.1000 0.1000 0.1000 0.1000],[0.0000 0.0000 0.0000 0.0000 0.0000 0.0000 0.0000],0.850468099117279,0.7737301052262712,1.0,0.0,0.6580327718215991,None
125,0.8996350169181824,0.9508330821990967,1.5985400676727295,1.8033323287963867,[0.1000 0.1000 0.1000 0.1000 0.1000 0.1000 0.1000],[0.0000 0.0000 0.0000 0.0000 0.0000 0.0000 0.0000],0.850468099117279,0.7737301052262712,1.0,0.0,0.6580327718215991,None
125,0.8996350169181824,0.9508330821990967,1.5985400676727295,1.8033323287963867,[0.1000 0.1000 0.1000 0.1000 0.1000 0.1000 0.1000],[0.0000 0.0000 0.0000 0.0000 0.0000 0.0000 0.0000],0.850468099117279,0.7737301052262712,1.0,0.0,0.6580327718215991,None
125,0.8996350169181824,0.9508330821990967,1.5985400676727295,1.8033323287963867,[0.1000 0.1000 0.1000 0.1000 0.1000 0.1000 0.1000],[0.0000 0.0000 0.0000 0.0000 0.0000 0.0000 0.0000],0.850468099117279,0.7737301052262712,1.0,0.0,0.6580327718215991,None
125,0.8996350169181824,0.9508330821990967,1.5985400676727295,1.8033323287963867,[0.1000 0.1000 0.1000 0.1000 0.1000 0.1000 0.1000],[0.0000 0.0000 0.0000 0.0000 0.0000 0.0000 0.0000],0.850468099117279,0.7737301052262712,1.0,0.0,0.6580327718215991,None
125,0.8996350169181824,0.9508330821990967,1.5985400676727295,1.8033323287963867,[0.1000 0.1000 0.1000 0.1000 0.1000 0.1000 0.1000],[0.0000 0.0000 0.0000 0.0000 0.0000 0.0000 0.0000],0.850468099117279,0.7737301052262712,1.0,0.0,0.6580327718215991,None
125,0.8996350169181824,0.9508330821990967,1.5985400676727295,1.8033323287963867,[0.1000 0.1000 0.1000 0.1000 0.1000 0.1000 0.1000],[0.0000 0.0000 0.0000 0.0000 0.0000 0.0000 0.0000],0.850468099117279,0.7737301052262712,1.0,0.0,0.6580327718215991,None
125,0.8996350169181824,0.9508330821990967,1.5985400676727295,1.8033323287963867,[0.1000 0.1000 0.1000 0.1000 0.1000 0.1000 0.1000],[0.0000 0.0000 0.0000 0.0000 0.0000 0.0000 0.0000],0.850468099117279,0.7737301052262712,1.0,0.0,0.6580327718215991,None
125,0.8996350169181824,0.9508330821990967,1.5985400676727295,1.8033323287963867,[0.1000 0.1000 0.1000 0.1000 0.1000 0.1000 0.1000],[0.0000 0.0000 0.0000 0.0000 0.0000 0.0000 0.0000],0.850468099117279,0.7737301052262712,1.0,0.0,0.6580327718215991,None
125,0.8996350169181824,0.9508330821990967,1.5985400676727295,1.8033323287963867,[0.1000 0.1000 0.1000 0.1000 0.1000 0.1000 0.1000],[0.0000 0.0000 0.0000 0.0000 0.0000 0.0000 0.0000],0.850468099117279,0.7737301052262712,1.0,0.0,0.6580327718215991,None
125,0.8996350169181824,0.9508330821990967,1.5985400676727295,1.8033323287963867,[0.1000 0.1000 0.1000 0.1000 0.1000 0.1000 0.1000],[0.0000 0.0000 0.0000 0.0000 0.0000 0.0000 0.0000],0.850468099117279,0.7737301052262712,1.0,0.0,0.6580327718215991,None
125,0.8996350169181824,0.9508330821990967,1.5985400676727295,1.8033323287963867,[0.1000 0.1000 0.1000 0.1000 0.1000 0.1000 0.1000],[0.0000 0.0000 0.0000 0.0000 0.0000 0.0000 0.0000],0.850468099117279,0.7737301052262712,1.0,0.0,0.6580327718215991,None
125,0.8996350169181824,0.9508330821990967,1.5985400676727295,1.8033323287963867,[0.1000 0.1000 0.1000 0.1000 0.1000 0.1000 0.1000],[0.0000 0.0000 0.0000 0.0000 0.0000 0.0000 0.0000],0.850468099117279,0.7737301052262712,1.0,0.0,0.6580327718215991,None
125,0.8996350169181824,0.9508330821990967,1.5985400676727295,1.8033323287963867,[0.1000 0.1000 0.1000 0.1000 0.1000 0.1000 0.1000],[0.0000 0.0000 0.0000 0.0000 0.0000 0.0000 0.0000],0.850468099117279,0.7737301052262712,1.0,0.0,0.6580327718215991,None
125,0.8996350169181824,0.9508330821990967,1.5985400676727295,1.8033323287963867,[0.1000 0.1000 0.1000 0.1000 0.1000 0.1000 0.1000],[0.0000 0.0000 0.0000 0.0000 0.0000 0.0000 0.0000],0.850468099117279,0.7737301052262712,1.0,0.0,0.6580327718215991,None
125,0.8996350169181824,0.9508330821990967,1.5985400676727295,1.8033323287963867,[0.1000 0.1000 0.1000 0.1000 0.1000 0.1000 0.1000],[0.0000 0.0000 0.0000 0.0000 0.0000 0.0000 0.0000],0.850468099117279,0.7737301052262712,1.0,0.0,0.6580327718215991,None
125,0.8996350169181824,0.9508330821990967,1.5985400676727295,1.8033323287963867,[0.1000 0.1000 0.1000 0.1000 0.1000 0.1000 0.1000],[0.0000 0.0000 0.0000 0.0000 0.0000 0.0000 0.0000],0.850468099117279,0.7737301052262712,1.0,0.0,0.6580327718215991,None
125,0.8996350169181824,0.9508330821990967,1.5985400676727295,1.8033323287963867,[0.1000 0.1000 0.1000 0.1000 0.1000 0.1000 0.1000],[0.0000 0.0000 0.0000 0.0000 0.0000 0.0000 0.0000],0.850468099117279,0.7737301052262712,1.0,0.0,0.6580327718215991,None
125,0.8996350169181824,0.9508330821990967,1.5985400676727295,1.8033323287963867,[0.1000 0.1000 0.1000 0.1000 0.1000 0.1000 0.1000],[0.0000 0.0000 0.0000 0.0000 0.0000 0.0000 0.0000],0.850468099117279,0.7737301052262712,1.0,0.0,0.6580327718215991,None
125,0.8996350169181824,0.9508330821990967,1.5985400676727295,1.8033323287963867,[0.1000 0.1000 0.1000 0.1000 0.1000 0.1000 0.1000],[0.0000 0.0000 0.0000 0.0000 0.0000 0.0000 0.0000],0.850468099117279,0.7737301052262712,1.0,0.0,0.6580327718215991,None
125,0.8996350169181824,0.9508330821990967,1.5985400676727295,1.8033323287963867,[0.1000 0.1000 0.1000 0.1000 0.1000 0.1000 0.1000],[0.0000 0.0000 0.0000 0.0000 0.0000 0.0000 0.0000],0.850468099117279,0.7737301052262712,1.0,0.0,0.6580327718215991,None
125,0.8996350169181824,0.9508330821990967,1.5985400676727295,1.8033323287963867,[0.1000 0.1000 0.1000 0.1000 0.1000 0.1000 0.1000],[0.0000 0.0000 0.0000 0.0000 0.0000 0.0000 0.0000],0.850468099117279,0.7737301052262712,1.0,0.0,0.6580327718215991,None
125,0.8996350169181824,0.9508330821990967,1.5985400676727295,1.8033323287963867,[0.1000 0.1000 0.1000 0.1000 0.1000 0.1000 0.1000],[0.0000 0.0000 0.0000 0.0000 0.0000 0.0000 0.0000],0.850468099117279,0.7737301052262712,1.0,0.0,0.6580327718215991,None
125,0.8996350169181824,0.9508330821990967,1.5985400676727295,1.8033323287963867,[0.1000 0.1000 0.1000 0.1000 0.1000 0.1000 0.1000],[0.0000 0.0000 0.0000 0.0000 0.0000 0.0000 0.0000],0.850468099117279,0.7737301052262712,1.0,0.0,0.6580327718215991,None
125,0.8996350169181824,0.9508330821990967,1.5985400676727295,1.8033323287963867,[0.1000 0.1000 0.1000 0.1000 0.1000 0.1000 0.1000],[0.0000 0.0000 0.0000 0.0000 0.0000 0.0000 0.0000],0.850468099117279,0.7737301052262712,1.0,0.0,0.6580327718215991,None
125,0.8996350169181824,0.9508330821990967,1.5985400676727295,1.8033323287963867,[0.1000 0.1000 0.1000 0.1000 0.1000 0.1000 0.1000],[0.0000 0.0000 0.0000 0.0000 0.0000 0.0000 0.0000],0.850468099117279,0.7737301052262712,1.0,0.0,0.6580327718215991,None
125,0.8996350169181824,0.9508330821990967,1.5985400676727295,1.8033323287963867,[0.1000 0.1000 0.1000 0.1000 0.1000 0.1000 0.1000],[0.0000 0.0000 0.0000 0.0000 0.0000 0.0000 0.0000],0.850468099117279,0.7737301052262712,1.0,0.0,0.6580327718215991,None
125,0.8996350169181824,0.9508330821990967,1.5985400676727295,1.8033323287963867,[0.1000 0.1000 0.1000 0.1000 0.1000 0.1000 0.1000],[0.0000 0.0000 0.0000 0.0000 0.0000 0.0000 0.0000],0.850468099117279,0.7737301052262712,1.0,0.0,0.6580327718215991,None
125,0.8996350169181824,0.9508330821990967,1.5985400676727295,1.8033323287963867,[0.1000 0.1000 0.1000 0.1000 0.1000 0.1000 0.1000],[0.0000 0.0000 0.0000 0.0000 0.0000 0.0000 0.0000],0.850468099117279,0.7737301052262712,1.0,0.0,0.6580327718215991,None
125,0.8996350169181824,0.9508330821990967,1.5985400676727295,1.8033323287963867,[0.1000 0.1000 0.1000 0.1000 0.1000 0.1000 0.1000],[0.0000 0.0000 0.0000 0.0000 0.0000 0.0000 0.0000],0.850468099117279,0.7737301052262712,1.0,0.0,0.6580327718215991,None
125,0.8996350169181824,0.9508330821990967,1.5985400676727295,1.8033323287963867,[0.1000 0.1000 0.1000 0.1000 0.1000 0.1000 0.1000],[0.0000 0.0000 0.0000 0.0000 0.0000 0.0000 0.0000],0.850468099117279,0.7737301052262712,1.0,0.0,0.6580327718215991,None
125,0.8996350169181824,0.9508330821990967,1.5985400676727295,1.8033323287963867,[0.1000 0.1000 0.1000 0.1000 0.1000 0.1000 0.1000],[0.0000 0.0000 0.0000 0.0000 0.0000 0.0000 0.0000],0.850468099117279,0.7737301052262712,1.0,0.0,0.6580327718215991,None
125,0.8996350169181824,0.9508330821990967,1.5985400676727295,1.8033323287963867,[0.1000 0.1000 0.1000 0.1000 0.1000 0.1000 0.1000],[0.0000 0.0000 0.0000 0.0000 0.0000 0.0000 0.0000],0.850468099117279,0.7737301052262712,1.0,0.0,0.6580327718215991,None
125,0.8996350169181824,0.9508330821990967,1.5985400676727295,1.8033323287963867,[0.1000 0.1000 0.1000 0.1000 0.1000 0.1000 0.1000],[0.0000 0.0000 0.0000 0.0000 0.0000 0.0000 0.0000],0.850468099117279,0.7737301052262712,1.0,0.0,0.6580327718215991,None
125,0.8996350169181824,0.9508330821990967,1.5985400676727295,1.8033323287963867,[0.1000 0.1000 0.1000 0.1000 0.1000 0.1000 0.1000],[0.0000 0.0000 0.0000 0.0000 0.0000 0.0000 0.0000],0.850468099117279,0.7737301052262712,1.0,0.0,0.6580327718215991,None
125,0.8996350169181824,0.9508330821990967,1.5985400676727295,1.8033323287963867,[0.1000 0.1000 0.1000 0.1000 0.1000 0.1000 0.1000],[0.0000 0.0000 0.0000 0.0000 0.0000 0.0000 0.0000],0.850468099117279,0.7737301052262712,1.0,0.0,0.6580327718215991,None
125,0.8996350169181824,0.9508330821990967,1.5985400676727295,1.8033323287963867,[0.1000 0.1000 0.1000 0.1000 0.1000 0.1000 0.1000],[0.0000 0.0000 0.0000 0.0000 0.0000 0.0000 0.0000],0.850468099117279,0.7737301052262712,1.0,0.0,0.6580327718215991,None
125,0.8996350169181824,0.9508330821990967,1.5985400676727295,1.8033323287963867,[0.1000 0.1000 0.1000 0.1000 0.1000 0.1000 0.1000],[0.0000 0.0000 0.0000 0.0000 0.0000 0.0000 0.0000],0.850468099117279,0.7737301052262712,1.0,0.0,0.6580327718215991,None
125,0.8996350169181824,0.9508330821990967,1.5985400676727295,1.8033323287963867,[0.1000 0.1000 0.1000 0.1000 0.1000 0.1000 0.1000],[0.0000 0.0000 0.0000 0.0000 0.0000 0.0000 0.0000],0.850468099117279,0.7737301052262712,1.0,0.0,0.6580327718215991,None
125,0.8996350169181824,0.9508330821990967,1.5985400676727295,1.8033323287963867,[0.1000 0.1000 0.1000 0.1000 0.1000 0.1000 0.1000],[0.0000 0.0000 0.0000 0.0000 0.0000 0.0000 0.0000],0.850468099117279,0.7737301052262712,1.0,0.0,0.6580327718215991,None
125,0.8996350169181824,0.9508330821990967,1.5985400676727295,1.8033323287963867,[0.1000 0.1000 0.1000 0.1000 0.1000 0.1000 0.1000],[0.0000 0.0000 0.0000 0.0000 0.0000 0.0000 0.0000],0.850468099117279,0.7737301052262712,1.0,0.0,0.6580327718215991,None
125,0.8996350169181824,0.9508330821990967,1.5985400676727295,1.8033323287963867,[0.1000 0.1000 0.1000 0.1000 0.1000 0.1000 0.1000],[0.0000 0.0000 0.0000 0.0000 0.0000 0.0000 0.0000],0.850468099117279,0.7737301052262712,1.0,0.0,0.6580327718215991,None
125,0.8996350169181824,0.9508330821990967,1.5985400676727295,1.8033323287963867,[0.1000 0.1000 0.1000 0.1000 0.1000 0.1000 0.1000],[0.0000 0.0000 0.0000 0.0000 0.0000 0.0000 0.0000],0.850468099117279,0.7737301052262712,1.0,0.0,0.6580327718215991,None
125,0.8996350169181824,0.9508330821990967,1.5985400676727295,1.8033323287963867,[0.1000 0.1000 0.1000 0.1000 0.1000 0.1000 0.1000],[0.0000 0.0000 0.0000 0.0000 0.0000 0.0000 0.0000],0.850468099117279,0.7737301052262712,1.0,0.0,0.6580327718215991,None
125,0.8996350169181824,0.9508330821990967,1.5985400676727295,1.8033323287963867,[0.1000 0.1000 0.1000 0.1000 0.1000 0.1000 0.1000],[0.0000 0.0000 0.0000 0.0000 0.0000 0.0000 0.0000],0.850468099117279,0.7737301052262712,1.0,0.0,0.6580327718215991,None
125,0.8996350169181824,0.9508330821990967,1.5985400676727295,1.8033323287963867,[0.1000 0.1000 0.1000 0.1000 0.1000 0.1000 0.1000],[0.0000 0.0000 0.0000 0.0000 0.0000 0.0000 0.0000],0.850468099117279,0.7737301052262712,1.0,0.0,0.6580327718215991,None
125,0.8996350169181824,0.9508330821990967,1.5985400676727295,1.8033323287963867,[0.1000 0.1000 0.1000 0.1000 0.1000 0.1000 0.1000],[0.0000 0.0000 0.0000 0.0000 0.0000 0.0000 0.0000],0.850468099117279,0.7737301052262712,1.0,0.0,0.6580327718215991,None
125,0.8996350169181824,0.9508330821990967,1.5985400676727295,1.8033323287963867,[0.1000 0.1000 0.1000 0.1000 0.1000 0.1000 0.1000],[0.0000 0.0000 0.0000 0.0000 0.0000 0.0000 0.0000],0.850468099117279,0.7737301052262712,1.0,0.0,0.6580327718215991,None
125,0.8996350169181824,0.9508330821990967,1.5985400676727295,1.8033323287963867,[0.1000 0.1000 0.1000 0.1000 0.1000 0.1000 0.1000],[0.0000 0.0000 0.0000 0.0000 0.0000 0.0000 0.0000],0.850468099117279,0.7737301052262712,1.0,0.0,0.6580327718215991,None
125,0.8996350169181824,0.9508330821990967,1.5985400676727295,1.8033323287963867,[0.1000 0.1000 0.1000 0.1000 0.1000 0.1000 0.1000],[0.0000 0.0000 0.0000 0.0000 0.0000 0.0000 0.0000],0.850468099117279,0.7737301052262712,1.0,0.0,0.6580327718215991,None
125,0.8996350169181824,0.9508330821990967,1.5985400676727295,1.8033323287963867,[0.1000 0.1000 0.1000 0.1000 0.1000 0.1000 0.1000],[0.0000 0.0000 0.0000 0.0000 0.0000 0.0000 0.0000],0.850468099117279,0.7737301052262712,1.0,0.0,0.6580327718215991,None
125,0.8996350169181824,0.9508330821990967,1.5985400676727295,1.8033323287963867,[0.1000 0.1000 0.1000 0.1000 0.1000 0.1000 0.1000],[0.0000 0.0000 0.0000 0.0000 0.0000 0.0000 0.0000],0.850468099117279,0.7737301052262712,1.0,0.0,0.6580327718215991,None
125,0.8996350169181824,0.9508330821990967,1.5985400676727295,1.8033323287963867,[0.1000 0.1000 0.1000 0.1000 0.1000 0.1000 0.1000],[0.0000 0.0000 0.0000 0.0000 0.0000 0.0000 0.0000],0.850468099117279,0.7737301052262712,1.0,0.0,0.6580327718215991,None
125,0.8996350169181824,0.9508330821990967,1.5985400676727295,1.8033323287963867,[0.1000 0.1000 0.1000 0.1000 0.1000 0.1000 0.1000],[0.0000 0.0000 0.0000 0.0000 0.0000 0.0000 0.0000],0.850468099117279,0.7737301052262712,1.0,0.0,0.6580327718215991,None
125,0.8996350169181824,0.9508330821990967,1.5985400676727295,1.8033323287963867,[0.1000 0.1000 0.1000 0.1000 0.1000 0.1000 0.1000],[0.0000 0.0000 0.0000 0.0000 0.0000 0.0000 0.0000],0.850468099117279,0.7737301052262712,1.0,0.0,0.6580327718215991,None
125,0.8996350169181824,0.9508330821990967,1.5985400676727295,1.8033323287963867,[0.1000 0.1000 0.1000 0.1000 0.1000 0.1000 0.1000],[0.0000 0.0000 0.0000 0.0000 0.0000 0.0000 0.0000],0.850468099117279,0.7737301052262712,1.0,0.0,0.6580327718215991,None
125,0.8996350169181824,0.9508330821990967,1.5985400676727295,1.8033323287963867,[0.1000 0.1000 0.1000 0.1000 0.1000 0.1000 0.1000],[0.0000 0.0000 0.0000 0.0000 0.0000 0.0000 0.0000],0.850468099117279,0.7737301052262712,1.0,0.0,0.6580327718215991,None
125,0.8996350169181824,0.9508330821990967,1.5985400676727295,1.8033323287963867,[0.1000 0.1000 0.1000 0.1000 0.1000 0.1000 0.1000],[0.0000 0.0000 0.0000 0.0000 0.0000 0.0000 0.0000],0.850468099117279,0.7737301052262712,1.0,0.0,0.6580327718215991,None
125,0.8996350169181824,0.9508330821990967,1.5985400676727295,1.8033323287963867,[0.1000 0.1000 0.1000 0.1000 0.1000 0.1000 0.1000],[0.0000 0.0000 0.0000 0.0000 0.0000 0.0000 0.0000],0.850468099117279,0.7737301052262712,1.0,0.0,0.6580327718215991,None
125,0.8996350169181824,0.9508330821990967,1.5985400676727295,1.8033323287963867,[0.1000 0.1000 0.1000 0.1000 0.1000 0.1000 0.1000],[0.0000 0.0000 0.0000 0.0000 0.0000 0.0000 0.0000],0.850468099117279,0.7737301052262712,1.0,0.0,0.6580327718215991,None
125,0.8996350169181824,0.9508330821990967,1.5985400676727295,1.8033323287963867,[0.1000 0.1000 0.1000 0.1000 0.1000 0.1000 0.1000],[0.0000 0.0000 0.0000 0.0000 0.0000 0.0000 0.0000],0.850468099117279,0.7737301052262712,1.0,0.0,0.6580327718215991,None
125,0.8996350169181824,0.9508330821990967,1.5985400676727295,1.8033323287963867,[0.1000 0.1000 0.1000 0.1000 0.1000 0.1000 0.1000],[0.0000 0.0000 0.0000 0.0000 0.0000 0.0000 0.0000],0.850468099117279,0.7737301052262712,1.0,0.0,0.6580327718215991,None
125,0.8996350169181824,0.9508330821990967,1.5985400676727295,1.8033323287963867,[0.1000 0.1000 0.1000 0.1000 0.1000 0.1000 0.1000],[0.0000 0.0000 0.0000 0.0000 0.0000 0.0000 0.0000],0.850468099117279,0.7737301052262712,1.0,0.0,0.6580327718215991,None
125,0.8996350169181824,0.9508330821990967,1.5985400676727295,1.8033323287963867,[0.1000 0.1000 0.1000 0.1000 0.1000 0.1000 0.1000],[0.0000 0.0000 0.0000 0.0000 0.0000 0.0000 0.0000],0.850468099117279,0.7737301052262712,1.0,0.0,0.6580327718215991,None
125,0.8996350169181824,0.9508330821990967,1.5985400676727295,1.8033323287963867,[0.1000 0.1000 0.1000 0.1000 0.1000 0.1000 0.1000],[0.0000 0.0000 0.0000 0.0000 0.0000 0.0000 0.0000],0.850468099117279,0.7737301052262712,1.0,0.0,0.6580327718215991,None
125,0.8996350169181824,0.9508330821990967,1.5985400676727295,1.8033323287963867,[0.1000 0.1000 0.1000 0.1000 0.1000 0.1000 0.1000],[0.0000 0.0000 0.0000 0.0000 0.0000 0.0000 0.0000],0.850468099117279,0.7737301052262712,1.0,0.0,0.6580327718215991,None
125,0.8996350169181824,0.9508330821990967,1.5985400676727295,1.8033323287963867,[0.1000 0.1000 0.1000 0.1000 0.1000 0.1000 0.1000],[0.0000 0.0000 0.0000 0.0000 0.0000 0.0000 0.0000],0.850468099117279,0.7737301052262712,1.0,0.0,0.6580327718215991,None
125,0.8996350169181824,0.9508330821990967,1.5985400676727295,1.8033323287963867,[0.1000 0.1000 0.1000 0.1000 0.1000 0.1000 0.1000],[0.0000 0.0000 0.0000 0.0000 0.0000 0.0000 0.0000],0.850468099117279,0.7737301052262712,1.0,0.0,0.6580327718215991,None
125,0.8996350169181824,0.9508330821990967,1.5985400676727295,1.8033323287963867,[0.1000 0.1000 0.1000 0.1000 0.1000 0.1000 0.1000],[0.0000 0.0000 0.0000 0.0000 0.0000 0.0000 0.0000],0.850468099117279,0.7737301052262712,1.0,0.0,0.6580327718215991,None
125,0.8996350169181824,0.9508330821990967,1.5985400676727295,1.8033323287963867,[0.1000 0.1000 0.1000 0.1000 0.1000 0.1000 0.1000],[0.0000 0.0000 0.0000 0.0000 0.0000 0.0000 0.0000],0.850468099117279,0.7737301052262712,1.0,0.0,0.6580327718215991,None
125,0.8996350169181824,0.9508330821990967,1.5985400676727295,1.8033323287963867,[0.1000 0.1000 0.1000 0.1000 0.1000 0.1000 0.1000],[0.0000 0.0000 0.0000 0.0000 0.0000 0.0000 0.0000],0.850468099117279,0.7737301052262712,1.0,0.0,0.6580327718215991,None
125,0.8996350169181824,0.9508330821990967,1.5985400676727295,1.8033323287963867,[0.1000 0.1000 0.1000 0.1000 0.1000 0.1000 0.1000],[0.0000 0.0000 0.0000 0.0000 0.0000 0.0000 0.0000],0.850468099117279,0.7737301052262712,1.0,0.0,0.6580327718215991,None
125,0.8996350169181824,0.9508330821990967,1.5985400676727295,1.8033323287963867,[0.1000 0.1000 0.1000 0.1000 0.1000 0.1000 0.1000],[0.0000 0.0000 0.0000 0.0000 0.0000 0.0000 0.0000],0.850468099117279,0.7737301052262712,1.0,0.0,0.6580327718215991,None
125,0.8996350169181824,0.9508330821990967,1.5985400676727295,1.8033323287963867,[0.1000 0.1000 0.1000 0.1000 0.1000 0.1000 0.1000],[0.0000 0.0000 0.0000 0.0000 0.0000 0.0000 0.0000],0.850468099117279,0.7737301052262712,1.0,0.0,0.6580327718215991,None
125,0.8996350169181824,0.9508330821990967,1.5985400676727295,1.8033323287963867,[0.1000 0.1000 0.1000 0.1000 0.1000 0.1000 0.1000],[0.0000 0.0000 0.0000 0.0000 0.0000 0.0000 0.0000],0.850468099117279,0.7737301052262712,1.0,0.0,0.6580327718215991,None
125,0.8996350169181824,0.9508330821990967,1.5985400676727295,1.8033323287963867,[0.1000 0.1000 0.1000 0.1000 0.1000 0.1000 0.1000],[0.0000 0.0000 0.0000 0.0000 0.0000 0.0000 0.0000],0.850468099117279,0.7737301052262712,1.0,0.0,0.6580327718215991,None
125,0.8996350169181824,0.9508330821990967,1.5985400676727295,1.8033323287963867,[0.1000 0.1000 0.1000 0.1000 0.1000 0.1000 0.1000],[0.0000 0.0000 0.0000 0.0000 0.0000 0.0000 0.0000],0.850468099117279,0.7737301052262712,1.0,0.0,0.6580327718215991,None
125,0.8996350169181824,0.9508330821990967,1.5985400676727295,1.8033323287963867,[0.1000 0.1000 0.1000 0.1000 0.1000 0.1000 0.1000],[0.0000 0.0000 0.0000 0.0000 0.0000 0.0000 0.0000],0.850468099117279,0.7737301052262712,1.0,0.0,0.6580327718215991,None
125,0.8996350169181824,0.9508330821990967,1.5985400676727295,1.8033323287963867,[0.1000 0.1000 0.1000 0.1000 0.1000 0.1000 0.1000],[0.0000 0.0000 0.0000 0.0000 0.0000 0.0000 0.0000],0.850468099117279,0.7737301052262712,1.0,0.0,0.6580327718215991,None
125,0.8996350169181824,0.9508330821990967,1.5985400676727295,1.8033323287963867,[0.1000 0.1000 0.1000 0.1000 0.1000 0.1000 0.1000],[0.0000 0.0000 0.0000 0.0000 0.0000 0.0000 0.0000],0.850468099117279,0.7737301052262712,1.0,0.0,0.6580327718215991,None
125,0.8996350169181824,0.9508330821990967,1.5985400676727295,1.8033323287963867,[0.1000 0.1000 0.1000 0.1000 0.1000 0.1000 0.1000],[0.0000 0.0000 0.0000 0.0000 0.0000 0.0000 0.0000],0.850468099117279,0.7737301052262712,1.0,0.0,0.6580327718215991,None
125,0.8996350169181824,0.9508330821990967,1.5985400676727295,1.8033323287963867,[0.1000 0.1000 0.1000 0.1000 0.1000 0.1000 0.1000],[0.0000 0.0000 0.0000 0.0000 0.0000 0.0000 0.0000],0.850468099117279,0.7737301052262712,1.0,0.0,0.6580327718215991,None
125,0.8996350169181824,0.9508330821990967,1.5985400676727295,1.8033323287963867,[0.1000 0.1000 0.1000 0.1000 0.1000 0.1000 0.1000],[0.0000 0.0000 0.0000 0.0000 0.0000 0.0000 0.0000],0.850468099117279,0.7737301052262712,1.0,0.0,0.6580327718215991,None
125,0.8996350169181824,0.9508330821990967,1.5985400676727295,1.8033323287963867,[0.1000 0.1000 0.1000 0.1000 0.1000 0.1000 0.1000],[0.0000 0.0000 0.0000 0.0000 0.0000 0.0000 0.0000],0.850468099117279,0.7737301052262712,1.0,0.0,0.6580327718215991,None
125,0.8996350169181824,0.9508330821990967,1.5985400676727295,1.8033323287963867,[0.1000 0.1000 0.1000 0.1000 0.1000 0.1000 0.1000],[0.0000 0.0000 0.0000 0.0000 0.0000 0.0000 0.0000],0.850468099117279,0.7737301052262712,1.0,0.0,0.6580327718215991,None
125,0.8996350169181824,0.9508330821990967,1.5985400676727295,1.8033323287963867,[0.1000 0.1000 0.1000 0.1000 0.1000 0.1000 0.1000],[0.0000 0.0000 0.0000 0.0000 0.0000 0.0000 0.0000],0.850468099117279,0.7737301052262712,1.0,0.0,0.6580327718215991,None
125,0.8996350169181824,0.9508330821990967,1.5985400676727295,1.8033323287963867,[0.1000 0.1000 0.1000 0.1000 0.1000 0.1000 0.1000],[0.0000 0.0000 0.0000 0.0000 0.0000 0.0000 0.0000],0.850468099117279,0.7737301052262712,1.0,0.0,0.6580327718215991,None
125,0.8996350169181824,0.9508330821990967,1.5985400676727295,1.8033323287963867,[0.1000 0.1000 0.1000 0.1000 0.1000 0.1000 0.1000],[0.0000 0.0000 0.0000 0.0000 0.0000 0.0000 0.0000],0.850468099117279,0.7737301052262712,1.0,0.0,0.6580327718215991,None
125,0.8996350169181824,0.9508330821990967,1.5985400676727295,1.8033323287963867,[0.1000 0.1000 0.1000 0.1000 0.1000 0.1000 0.1000],[0.0000 0.0000 0.0000 0.0000 0.0000 0.0000 0.0000],0.850468099117279,0.7737301052262712,1.0,0.0,0.6580327718215991,None
125,0.8996350169181824,0.9508330821990967,1.5985400676727295,1.8033323287963867,[0.1000 0.1000 0.1000 0.1000 0.1000 0.1000 0.1000],[0.0000 0.0000 0.0000 0.0000 0.0000 0.0000 0.0000],0.850468099117279,0.7737301052262712,1.0,0.0,0.6580327718215991,None
125,0.8996350169181824,0.9508330821990967,1.5985400676727295,1.8033323287963867,[0.1000 0.1000 0.1000 0.1000 0.1000 0.1000 0.1000],[0.0000 0.0000 0.0000 0.0000 0.0000 0.0000 0.0000],0.850468099117279,0.7737301052262712,1.0,0.0,0.6580327718215991,None
125,0.8996350169181824,0.9508330821990967,1.5985400676727295,1.8033323287963867,[0.1000 0.1000 0.1000 0.1000 0.1000 0.1000 0.1000],[0.0000 0.0000 0.0000 0.0000 0.0000 0.0000 0.0000],0.850468099117279,0.7737301052262712,1.0,0.0,0.6580327718215991,None
125,0.8996350169181824,0.9508330821990967,1.5985400676727295,1.8033323287963867,[0.1000 0.1000 0.1000 0.1000 0.1000 0.1000 0.1000],[0.0000 0.0000 0.0000 0.0000 0.0000 0.0000 0.0000],0.850468099117279,0.7737301052262712,1.0,0.0,0.6580327718215991,None
125,0.8996350169181824,0.9508330821990967,1.5985400676727295,1.8033323287963867,[0.1000 0.1000 0.1000 0.1000 0.1000 0.1000 0.1000],[0.0000 0.0000 0.0000 0.0000 0.0000 0.0000 0.0000],0.850468099117279,0.7737301052262712,1.0,0.0,0.6580327718215991,None
125,0.8996350169181824,0.9508330821990967,1.5985400676727295,1.8033323287963867,[0.1000 0.1000 0.1000 0.1000 0.1000 0.1000 0.1000],[0.0000 0.0000 0.0000 0.0000 0.0000 0.0000 0.0000],0.850468099117279,0.7737301052262712,1.0,0.0,0.6580327718215991,None
125,0.8996350169181824,0.9508330821990967,1.5985400676727295,1.8033323287963867,[0.1000 0.1000 0.1000 0.1000 0.1000 0.1000 0.1000],[0.0000 0.0000 0.0000 0.0000 0.0000 0.0000 0.0000],0.850468099117279,0.7737301052262712,1.0,0.0,0.6580327718215991,None
125,0.8996350169181824,0.9508330821990967,1.5985400676727295,1.8033323287963867,[0.1000 0.1000 0.1000 0.1000 0.1000 0.1000 0.1000],[0.0000 0.0000 0.0000 0.0000 0.0000 0.0000 0.0000],0.850468099117279,0.7737301052262712,1.0,0.0,0.6580327718215991,None
125,0.8996350169181824,0.9508330821990967,1.5985400676727295,1.8033323287963867,[0.1000 0.1000 0.1000 0.1000 0.1000 0.1000 0.1000],[0.0000 0.0000 0.0000 0.0000 0.0000 0.0000 0.0000],0.850468099117279,0.7737301052262712,1.0,0.0,0.6580327718215991,None
125,0.8996350169181824,0.9508330821990967,1.5985400676727295,1.8033323287963867,[0.1000 0.1000 0.1000 0.1000 0.1000 0.1000 0.1000],[0.0000 0.0000 0.0000 0.0000 0.0000 0.0000 0.0000],0.850468099117279,0.7737301052262712,1.0,0.0,0.6580327718215991,None
125,0.8996350169181824,0.9508330821990967,1.5985400676727295,1.8033323287963867,[0.1000 0.1000 0.1000 0.1000 0.1000 0.1000 0.1000],[0.0000 0.0000 0.0000 0.0000 0.0000 0.0000 0.0000],0.850468099117279,0.7737301052262712,1.0,0.0,0.6580327718215991,None
125,0.8996350169181824,0.9508330821990967,1.5985400676727295,1.8033323287963867,[0.1000 0.1000 0.1000 0.1000 0.1000 0.1000 0.1000],[0.0000 0.0000 0.0000 0.0000 0.0000 0.0000 0.0000],0.850468099117279,0.7737301052262712,1.0,0.0,0.6580327718215991,None
125,0.8996350169181824,0.9508330821990967,1.5985400676727295,1.8033323287963867,[0.1000 0.1000 0.1000 0.1000 0.1000 0.1000 0.1000],[0.0000 0.0000 0.0000 0.0000 0.0000 0.0000 0.0000],0.850468099117279,0.7737301052262712,1.0,0.0,0.6580327718215991,None
125,0.8996350169181824,0.9508330821990967,1.5985400676727295,1.8033323287963867,[0.1000 0.1000 0.1000 0.1000 0.1000 0.1000 0.1000],[0.0000 0.0000 0.0000 0.0000 0.0000 0.0000 0.0000],0.850468099117279,0.7737301052262712,1.0,0.0,0.6580327718215991,None
125,0.8996350169181824,0.9508330821990967,1.5985400676727295,1.8033323287963867,[0.1000 0.1000 0.1000 0.1000 0.1000 0.1000 0.1000],[0.0000 0.0000 0.0000 0.0000 0.0000 0.0000 0.0000],0.850468099117279,0.7737301052262712,1.0,0.0,0.6580327718215991,None
125,0.8996350169181824,0.9508330821990967,1.5985400676727295,1.8033323287963867,[0.1000 0.1000 0.1000 0.1000 0.1000 0.1000 0.1000],[0.0000 0.0000 0.0000 0.0000 0.0000 0.0000 0.0000],0.850468099117279,0.7737301052262712,1.0,0.0,0.6580327718215991,None
125,0.8996350169181824,0.9508330821990967,1.5985400676727295,1.8033323287963867,[0.1000 0.1000 0.1000 0.1000 0.1000 0.1000 0.1000],[0.0000 0.0000 0.0000 0.0000 0.0000 0.0000 0.0000],0.850468099117279,0.7737301052262712,1.0,0.0,0.6580327718215991,None
125,0.8996350169181824,0.9508330821990967,1.5985400676727295,1.8033323287963867,[0.1000 0.1000 0.1000 0.1000 0.1000 0.1000 0.1000],[0.0000 0.0000 0.0000 0.0000 0.0000 0.0000 0.0000],0.850468099117279,0.7737301052262712,1.0,0.0,0.6580327718215991,None
125,0.8996350169181824,0.9508330821990967,1.5985400676727295,1.8033323287963867,[0.1000 0.1000 0.1000 0.1000 0.1000 0.1000 0.1000],[0.0000 0.0000 0.0000 0.0000 0.0000 0.0000 0.0000],0.850468099117279,0.7737301052262712,1.0,0.0,0.6580327718215991,None
125,0.8996350169181824,0.9508330821990967,1.5985400676727295,1.8033323287963867,[0.1000 0.1000 0.1000 0.1000 0.1000 0.1000 0.1000],[0.0000 0.0000 0.0000 0.0000 0.0000 0.0000 0.0000],0.850468099117279,0.7737301052262712,1.0,0.0,0.6580327718215991,None
125,0.8996350169181824,0.9508330821990967,1.5985400676727295,1.8033323287963867,[0.1000 0.1000 0.1000 0.1000 0.1000 0.1000 0.1000],[0.0000 0.0000 0.0000 0.0000 0.0000 0.0000 0.0000],0.850468099117279,0.7737301052262712,1.0,0.0,0.6580327718215991,None
125,0.8996350169181824,0.9508330821990967,1.5985400676727295,1.8033323287963867,[0.1000 0.1000 0.1000 0.1000 0.1000 0.1000 0.1000],[0.0000 0.0000 0.0000 0.0000 0.0000 0.0000 0.0000],0.850468099117279,0.7737301052262712,1.0,0.0,0.6580327718215991,None
125,0.8996350169181824,0.9508330821990967,1.5985400676727295,1.8033323287963867,[0.1000 0.1000 0.1000 0.1000 0.1000 0.1000 0.1000],[0.0000 0.0000 0.0000 0.0000 0.0000 0.0000 0.0000],0.850468099117279,0.7737301052262712,1.0,0.0,0.6580327718215991,None
125,0.8996350169181824,0.9508330821990967,1.5985400676727295,1.8033323287963867,[0.1000 0.1000 0.1000 0.1000 0.1000 0.1000 0.1000],[0.0000 0.0000 0.0000 0.0000 0.0000 0.0000 0.0000],0.850468099117279,0.7737301052262712,1.0,0.0,0.6580327718215991,None
125,0.8996350169181824,0.9508330821990967,1.5985400676727295,1.8033323287963867,[0.1000 0.1000 0.1000 0.1000 0.1000 0.1000 0.1000],[0.0000 0.0000 0.0000 0.0000 0.0000 0.0000 0.0000],0.850468099117279,0.7737301052262712,1.0,0.0,0.6580327718215991,None
125,0.8996350169181824,0.9508330821990967,1.5985400676727295,1.8033323287963867,[0.1000 0.1000 0.1000 0.1000 0.1000 0.1000 0.1000],[0.0000 0.0000 0.0000 0.0000 0.0000 0.0000 0.0000],0.850468099117279,0.7737301052262712,1.0,0.0,0.6580327718215991,None
125,0.8996350169181824,0.9508330821990967,1.5985400676727295,1.8033323287963867,[0.1000 0.1000 0.1000 0.1000 0.1000 0.1000 0.1000],[0.0000 0.0000 0.0000 0.0000 0.0000 0.0000 0.0000],0.850468099117279,0.7737301052262712,1.0,0.0,0.6580327718215991,None
125,0.8996350169181824,0.9508330821990967,1.5985400676727295,1.8033323287963867,[0.1000 0.1000 0.1000 0.1000 0.1000 0.1000 0.1000],[0.0000 0.0000 0.0000 0.0000 0.0000 0.0000 0.0000],0.850468099117279,0.7737301052262712,1.0,0.0,0.6580327718215991,None
125,0.8996350169181824,0.9508330821990967,1.5985400676727295,1.8033323287963867,[0.1000 0.1000 0.1000 0.1000 0.1000 0.1000 0.1000],[0.0000 0.0000 0.0000 0.0000 0.0000 0.0000 0.0000],0.850468099117279,0.7737301052262712,1.0,0.0,0.6580327718215991,None
125,0.8996350169181824,0.9508330821990967,1.5985400676727295,1.8033323287963867,[0.1000 0.1000 0.1000 0.1000 0.1000 0.1000 0.1000],[0.0000 0.0000 0.0000 0.0000 0.0000 0.0000 0.0000],0.850468099117279,0.7737301052262712,1.0,0.0,0.6580327718215991,None
125,0.8996350169181824,0.9508330821990967,1.5985400676727295,1.8033323287963867,[0.1000 0.1000 0.1000 0.1000 0.1000 0.1000 0.1000],[0.0000 0.0000 0.0000 0.0000 0.0000 0.0000 0.0000],0.850468099117279,0.7737301052262712,1.0,0.0,0.6580327718215991,None
125,0.8996350169181824,0.9508330821990967,1.5985400676727295,1.8033323287963867,[0.1000 0.1000 0.1000 0.1000 0.1000 0.1000 0.1000],[0.0000 0.0000 0.0000 0.0000 0.0000 0.0000 0.0000],0.850468099117279,0.7737301052262712,1.0,0.0,0.6580327718215991,None
125,0.8996350169181824,0.9508330821990967,1.5985400676727295,1.8033323287963867,[0.1000 0.1000 0.1000 0.1000 0.1000 0.1000 0.1000],[0.0000 0.0000 0.0000 0.0000 0.0000 0.0000 0.0000],0.850468099117279,0.7737301052262712,1.0,0.0,0.6580327718215991,None
125,0.8996350169181824,0.9508330821990967,1.5985400676727295,1.8033323287963867,[0.1000 0.1000 0.1000 0.1000 0.1000 0.1000 0.1000],[0.0000 0.0000 0.0000 0.0000 0.0000 0.0000 0.0000],0.850468099117279,0.7737301052262712,1.0,0.0,0.6580327718215991,None
125,0.8996350169181824,0.9508330821990967,1.5985400676727295,1.8033323287963867,[0.1000 0.1000 0.1000 0.1000 0.1000 0.1000 0.1000],[0.0000 0.0000 0.0000 0.0000 0.0000 0.0000 0.0000],0.850468099117279,0.7737301052262712,1.0,0.0,0.6580327718215991,None
125,0.8996350169181824,0.9508330821990967,1.5985400676727295,1.8033323287963867,[0.1000 0.1000 0.1000 0.1000 0.1000 0.1000 0.1000],[0.0000 0.0000 0.0000 0.0000 0.0000 0.0000 0.0000],0.850468099117279,0.7737301052262712,1.0,0.0,0.6580327718215991,None
125,0.8996350169181824,0.9508330821990967,1.5985400676727295,1.8033323287963867,[0.1000 0.1000 0.1000 0.1000 0.1000 0.1000 0.1000],[0.0000 0.0000 0.0000 0.0000 0.0000 0.0000 0.0000],0.850468099117279,0.7737301052262712,1.0,0.0,0.6580327718215991,None
125,0.8996350169181824,0.9508330821990967,1.5985400676727295,1.8033323287963867,[0.1000 0.1000 0.1000 0.1000 0.1000 0.1000 0.1000],[0.0000 0.0000 0.0000 0.0000 0.0000 0.0000 0.0000],0.850468099117279,0.7737301052262712,1.0,0.0,0.6580327718215991,None
125,0.8996350169181824,0.9508330821990967,1.5985400676727295,1.8033323287963867,[0.1000 0.1000 0.1000 0.1000 0.1000 0.1000 0.1000],[0.0000 0.0000 0.0000 0.0000 0.0000 0.0000 0.0000],0.850468099117279,0.7737301052262712,1.0,0.0,0.6580327718215991,None
125,0.8996350169181824,0.9508330821990967,1.5985400676727295,1.8033323287963867,[0.1000 0.1000 0.1000 0.1000 0.1000 0.1000 0.1000],[0.0000 0.0000 0.0000 0.0000 0.0000 0.0000 0.0000],0.850468099117279,0.7737301052262712,1.0,0.0,0.6580327718215991,None
125,0.8996350169181824,0.9508330821990967,1.5985400676727295,1.8033323287963867,[0.1000 0.1000 0.1000 0.1000 0.1000 0.1000 0.1000],[0.0000 0.0000 0.0000 0.0000 0.0000 0.0000 0.0000],0.850468099117279,0.7737301052262712,1.0,0.0,0.6580327718215991,None
125,0.8996350169181824,0.9508330821990967,1.5985400676727295,1.8033323287963867,[0.1000 0.1000 0.1000 0.1000 0.1000 0.1000 0.1000],[0.0000 0.0000 0.0000 0.0000 0.0000 0.0000 0.0000],0.850468099117279,0.7737301052262712,1.0,0.0,0.6580327718215991,None
125,0.8996350169181824,0.9508330821990967,1.5985400676727295,1.8033323287963867,[0.1000 0.1000 0.1000 0.1000 0.1000 0.1000 0.1000],[0.0000 0.0000 0.0000 0.0000 0.0000 0.0000 0.0000],0.850468099117279,0.7737301052262712,1.0,0.0,0.6580327718215991,None
125,0.8996350169181824,0.9508330821990967,1.5985400676727295,1.8033323287963867,[0.1000 0.1000 0.1000 0.1000 0.1000 0.1000 0.1000],[0.0000 0.0000 0.0000 0.0000 0.0000 0.0000 0.0000],0.850468099117279,0.7737301052262712,1.0,0.0,0.6580327718215991,None
125,0.8996350169181824,0.9508330821990967,1.5985400676727295,1.8033323287963867,[0.1000 0.1000 0.1000 0.1000 0.1000 0.1000 0.1000],[0.0000 0.0000 0.0000 0.0000 0.0000 0.0000 0.0000],0.850468099117279,0.7737301052262712,1.0,0.0,0.6580327718215991,None
125,0.8996350169181824,0.9508330821990967,1.5985400676727295,1.8033323287963867,[0.1000 0.1000 0.1000 0.1000 0.1000 0.1000 0.1000],[0.0000 0.0000 0.0000 0.0000 0.0000 0.0000 0.0000],0.850468099117279,0.7737301052262712,1.0,0.0,0.6580327718215991,None
125,0.8996350169181824,0.9508330821990967,1.5985400676727295,1.8033323287963867,[0.1000 0.1000 0.1000 0.1000 0.1000 0.1000 0.1000],[0.0000 0.0000 0.0000 0.0000 0.0000 0.0000 0.0000],0.850468099117279,0.7737301052262712,1.0,0.0,0.6580327718215991,None
125,0.8996350169181824,0.9508330821990967,1.5985400676727295,1.8033323287963867,[0.1000 0.1000 0.1000 0.1000 0.1000 0.1000 0.1000],[0.0000 0.0000 0.0000 0.0000 0.0000 0.0000 0.0000],0.850468099117279,0.7737301052262712,1.0,0.0,0.6580327718215991,None
125,0.8996350169181824,0.9508330821990967,1.5985400676727295,1.8033323287963867,[0.1000 0.1000 0.1000 0.1000 0.1000 0.1000 0.1000],[0.0000 0.0000 0.0000 0.0000 0.0000 0.0000 0.0000],0.850468099117279,0.7737301052262712,1.0,0.0,0.6580327718215991,None
125,0.8996350169181824,0.9508330821990967,1.5985400676727295,1.8033323287963867,[0.1000 0.1000 0.1000 0.1000 0.1000 0.1000 0.1000],[0.0000 0.0000 0.0000 0.0000 0.0000 0.0000 0.0000],0.850468099117279,0.7737301052262712,1.0,0.0,0.6580327718215991,None
125,0.8996350169181824,0.9508330821990967,1.5985400676727295,1.8033323287963867,[0.1000 0.1000 0.1000 0.1000 0.1000 0.1000 0.1000],[0.0000 0.0000 0.0000 0.0000 0.0000 0.0000 0.0000],0.850468099117279,0.7737301052262712,1.0,0.0,0.6580327718215991,None
125,0.8996350169181824,0.9508330821990967,1.5985400676727295,1.8033323287963867,[0.1000 0.1000 0.1000 0.1000 0.1000 0.1000 0.1000],[0.0000 0.0000 0.0000 0.0000 0.0000 0.0000 0.0000],0.850468099117279,0.7737301052262712,1.0,0.0,0.6580327718215991,None
125,0.8996350169181824,0.9508330821990967,1.5985400676727295,1.8033323287963867,[0.1000 0.1000 0.1000 0.1000 0.1000 0.1000 0.1000],[0.0000 0.0000 0.0000 0.0000 0.0000 0.0000 0.0000],0.850468099117279,0.7737301052262712,1.0,0.0,0.6580327718215991,None
125,0.8996350169181824,0.9508330821990967,1.5985400676727295,1.8033323287963867,[0.1000 0.1000 0.1000 0.1000 0.1000 0.1000 0.1000],[0.0000 0.0000 0.0000 0.0000 0.0000 0.0000 0.0000],0.850468099117279,0.7737301052262712,1.0,0.0,0.6580327718215991,None
125,0.8996350169181824,0.9508330821990967,1.5985400676727295,1.8033323287963867,[0.1000 0.1000 0.1000 0.1000 0.1000 0.1000 0.1000],[0.0000 0.0000 0.0000 0.0000 0.0000 0.0000 0.0000],0.850468099117279,0.7737301052262712,1.0,0.0,0.6580327718215991,None
125,0.8996350169181824,0.9508330821990967,1.5985400676727295,1.8033323287963867,[0.1000 0.1000 0.1000 0.1000 0.1000 0.1000 0.1000],[0.0000 0.0000 0.0000 0.0000 0.0000 0.0000 0.0000],0.850468099117279,0.7737301052262712,1.0,0.0,0.6580327718215991,None
125,0.8996350169181824,0.9508330821990967,1.5985400676727295,1.8033323287963867,[0.1000 0.1000 0.1000 0.1000 0.1000 0.1000 0.1000],[0.0000 0.0000 0.0000 0.0000 0.0000 0.0000 0.0000],0.850468099117279,0.7737301052262712,1.0,0.0,0.6580327718215991,None
125,0.8996350169181824,0.9508330821990967,1.5985400676727295,1.8033323287963867,[0.1000 0.1000 0.1000 0.1000 0.1000 0.1000 0.1000],[0.0000 0.0000 0.0000 0.0000 0.0000 0.0000 0.0000],0.850468099117279,0.7737301052262712,1.0,0.0,0.6580327718215991,None
125,0.8996350169181824,0.9508330821990967,1.5985400676727295,1.8033323287963867,[0.1000 0.1000 0.1000 0.1000 0.1000 0.1000 0.1000],[0.0000 0.0000 0.0000 0.0000 0.0000 0.0000 0.0000],0.850468099117279,0.7737301052262712,1.0,0.0,0.6580327718215991,None
125,0.8996350169181824,0.9508330821990967,1.5985400676727295,1.8033323287963867,[0.1000 0.1000 0.1000 0.1000 0.1000 0.1000 0.1000],[0.0000 0.0000 0.0000 0.0000 0.0000 0.0000 0.0000],0.850468099117279,0.7737301052262712,1.0,0.0,0.6580327718215991,None
125,0.8996350169181824,0.9508330821990967,1.5985400676727295,1.8033323287963867,[0.1000 0.1000 0.1000 0.1000 0.1000 0.1000 0.1000],[0.0000 0.0000 0.0000 0.0000 0.0000 0.0000 0.0000],0.850468099117279,0.7737301052262712,1.0,0.0,0.6580327718215991,None
125,0.8996350169181824,0.9508330821990967,1.5985400676727295,1.8033323287963867,[0.1000 0.1000 0.1000 0.1000 0.1000 0.1000 0.1000],[0.0000 0.0000 0.0000 0.0000 0.0000 0.0000 0.0000],0.850468099117279,0.7737301052262712,1.0,0.0,0.6580327718215991,None
125,0.8996350169181824,0.9508330821990967,1.5985400676727295,1.8033323287963867,[0.1000 0.1000 0.1000 0.1000 0.1000 0.1000 0.1000],[0.0000 0.0000 0.0000 0.0000 0.0000 0.0000 0.0000],0.850468099117279,0.7737301052262712,1.0,0.0,0.6580327718215991,None
125,0.8996350169181824,0.9508330821990967,1.5985400676727295,1.8033323287963867,[0.1000 0.1000 0.1000 0.1000 0.1000 0.1000 0.1000],[0.0000 0.0000 0.0000 0.0000 0.0000 0.0000 0.0000],0.850468099117279,0.7737301052262712,1.0,0.0,0.6580327718215991,None
125,0.8996350169181824,0.9508330821990967,1.5985400676727295,1.8033323287963867,[0.1000 0.1000 0.1000 0.1000 0.1000 0.1000 0.1000],[0.0000 0.0000 0.0000 0.0000 0.0000 0.0000 0.0000],0.850468099117279,0.7737301052262712,1.0,0.0,0.6580327718215991,None
125,0.8996350169181824,0.9508330821990967,1.5985400676727295,1.8033323287963867,[0.1000 0.1000 0.1000 0.1000 0.1000 0.1000 0.1000],[0.0000 0.0000 0.0000 0.0000 0.0000 0.0000 0.0000],0.850468099117279,0.7737301052262712,1.0,0.0,0.6580327718215991,None
125,0.8996350169181824,0.9508330821990967,1.5985400676727295,1.8033323287963867,[0.1000 0.1000 0.1000 0.1000 0.1000 0.1000 0.1000],[0.0000 0.0000 0.0000 0.0000 0.0000 0.0000 0.0000],0.850468099117279,0.7737301052262712,1.0,0.0,0.6580327718215991,None
125,0.8996350169181824,0.9508330821990967,1.5985400676727295,1.8033323287963867,[0.1000 0.1000 0.1000 0.1000 0.1000 0.1000 0.1000],[0.0000 0.0000 0.0000 0.0000 0.0000 0.0000 0.0000],0.850468099117279,0.7737301052262712,1.0,0.0,0.6580327718215991,None
125,0.8996350169181824,0.9508330821990967,1.5985400676727295,1.8033323287963867,[0.1000 0.1000 0.1000 0.1000 0.1000 0.1000 0.1000],[0.0000 0.0000 0.0000 0.0000 0.0000 0.0000 0.0000],0.850468099117279,0.7737301052262712,1.0,0.0,0.6580327718215991,None
125,0.8996350169181824,0.9508330821990967,1.5985400676727295,1.8033323287963867,[0.1000 0.1000 0.1000 0.1000 0.1000 0.1000 0.1000],[0.0000 0.0000 0.0000 0.0000 0.0000 0.0000 0.0000],0.850468099117279,0.7737301052262712,1.0,0.0,0.6580327718215991,None
125,0.8996350169181824,0.9508330821990967,1.5985400676727295,1.8033323287963867,[0.1000 0.1000 0.1000 0.1000 0.1000 0.1000 0.1000],[0.0000 0.0000 0.0000 0.0000 0.0000 0.0000 0.0000],0.850468099117279,0.7737301052262712,1.0,0.0,0.6580327718215991,None
125,0.8996350169181824,0.9508330821990967,1.5985400676727295,1.8033323287963867,[0.1000 0.1000 0.1000 0.1000 0.1000 0.1000 0.1000],[0.0000 0.0000 0.0000 0.0000 0.0000 0.0000 0.0000],0.850468099117279,0.7737301052262712,1.0,0.0,0.6580327718215991,None
125,0.8996350169181824,0.9508330821990967,1.5985400676727295,1.8033323287963867,[0.1000 0.1000 0.1000 0.1000 0.1000 0.1000 0.1000],[0.0000 0.0000 0.0000 0.0000 0.0000 0.0000 0.0000],0.850468099117279,0.7737301052262712,1.0,0.0,0.6580327718215991,None
125,0.8996350169181824,0.9508330821990967,1.5985400676727295,1.8033323287963867,[0.1000 0.1000 0.1000 0.1000 0.1000 0.1000 0.1000],[0.0000 0.0000 0.0000 0.0000 0.0000 0.0000 0.0000],0.850468099117279,0.7737301052262712,1.0,0.0,0.6580327718215991,None
125,0.8996350169181824,0.9508330821990967,1.5985400676727295,1.8033323287963867,[0.1000 0.1000 0.1000 0.1000 0.1000 0.1000 0.1000],[0.0000 0.0000 0.0000 0.0000 0.0000 0.0000 0.0000],0.850468099117279,0.7737301052262712,1.0,0.0,0.6580327718215991,None
125,0.8996350169181824,0.9508330821990967,1.5985400676727295,1.8033323287963867,[0.1000 0.1000 0.1000 0.1000 0.1000 0.1000 0.1000],[0.0000 0.0000 0.0000 0.0000 0.0000 0.0000 0.0000],0.850468099117279,0.7737301052262712,1.0,0.0,0.6580327718215991,None
125,0.8996350169181824,0.9508330821990967,1.5985400676727295,1.8033323287963867,[0.1000 0.1000 0.1000 0.1000 0.1000 0.1000 0.1000],[0.0000 0.0000 0.0000 0.0000 0.0000 0.0000 0.0000],0.850468099117279,0.7737301052262712,1.0,0.0,0.6580327718215991,None
125,0.8996350169181824,0.9508330821990967,1.5985400676727295,1.8033323287963867,[0.1000 0.1000 0.1000 0.1000 0.1000 0.1000 0.1000],[0.0000 0.0000 0.0000 0.0000 0.0000 0.0000 0.0000],0.850468099117279,0.7737301052262712,1.0,0.0,0.6580327718215991,None
125,0.8996350169181824,0.9508330821990967,1.5985400676727295,1.8033323287963867,[0.1000 0.1000 0.1000 0.1000 0.1000 0.1000 0.1000],[0.0000 0.0000 0.0000 0.0000 0.0000 0.0000 0.0000],0.850468099117279,0.7737301052262712,1.0,0.0,0.6580327718215991,None
125,0.8996350169181824,0.9508330821990967,1.5985400676727295,1.8033323287963867,[0.1000 0.1000 0.1000 0.1000 0.1000 0.1000 0.1000],[0.0000 0.0000 0.0000 0.0000 0.0000 0.0000 0.0000],0.850468099117279,0.7737301052262712,1.0,0.0,0.6580327718215991,None
125,0.8996350169181824,0.9508330821990967,1.5985400676727295,1.8033323287963867,[0.1000 0.1000 0.1000 0.1000 0.1000 0.1000 0.1000],[0.0000 0.0000 0.0000 0.0000 0.0000 0.0000 0.0000],0.850468099117279,0.7737301052262712,1.0,0.0,0.6580327718215991,None
125,0.8996350169181824,0.9508330821990967,1.5985400676727295,1.8033323287963867,[0.1000 0.1000 0.1000 0.1000 0.1000 0.1000 0.1000],[0.0000 0.0000 0.0000 0.0000 0.0000 0.0000 0.0000],0.850468099117279,0.7737301052262712,1.0,0.0,0.6580327718215991,None
125,0.8996350169181824,0.9508330821990967,1.5985400676727295,1.8033323287963867,[0.1000 0.1000 0.1000 0.1000 0.1000 0.1000 0.1000],[0.0000 0.0000 0.0000 0.0000 0.0000 0.0000 0.0000],0.850468099117279,0.7737301052262712,1.0,0.0,0.6580327718215991,None
125,0.8996350169181824,0.9508330821990967,1.5985400676727295,1.8033323287963867,[0.1000 0.1000 0.1000 0.1000 0.1000 0.1000 0.1000],[0.0000 0.0000 0.0000 0.0000 0.0000 0.0000 0.0000],0.850468099117279,0.7737301052262712,1.0,0.0,0.6580327718215991,None
125,0.8996350169181824,0.9508330821990967,1.5985400676727295,1.8033323287963867,[0.1000 0.1000 0.1000 0.1000 0.1000 0.1000 0.1000],[0.0000 0.0000 0.0000 0.0000 0.0000 0.0000 0.0000],0.850468099117279,0.7737301052262712,1.0,0.0,0.6580327718215991,None
125,0.8996350169181824,0.9508330821990967,1.5985400676727295,1.8033323287963867,[0.1000 0.1000 0.1000 0.1000 0.1000 0.1000 0.1000],[0.0000 0.0000 0.0000 0.0000 0.0000 0.0000 0.0000],0.850468099117279,0.7737301052262712,1.0,0.0,0.6580327718215991,None
125,0.8983336091041565,0.9508330821990967,1.593334436416626,1.8033323287963867,[0.1000 0.1000 0.1000 0.1000 0.1066 0.1000 0.1000],[0.0000 0.0000 0.0000 0.0000 -0.0664 0.0000 0.0000],0.8491666913032532,0.770872365056198,1.0,0.0,0.6545991356518852,None
125,0.8986616134643555,0.9508330821990967,1.5946464538574219,1.8033323287963867,[0.1000 0.1000 0.1000 0.1000 0.1050 0.1000 0.1000],[0.0000 0.0000 0.0000 0.0000 -0.0499 0.0000 0.0000],0.8494946956634521,0.7715892543360947,1.0,0.0,0.6554609787894308,None
125,0.8989737629890442,0.9508330821990967,1.5958950519561768,1.8033323287963867,[0.1000 0.1000 0.1000 0.1000 0.1034 0.1000 0.1000],[0.0000 0.0000 0.0000 0.0000 -0.0340 0.0000 0.0000],0.8498068451881409,0.7722735869292882,1.0,0.0,0.6562833805305078,None
125,0.8993003368377686,0.9508330821990967,1.5972013473510742,1.8033323287963867,[0.1000 0.1000 0.1000 0.1000 0.1017 0.1000 0.1000],[0.0000 0.0000 0.0000 0.0000 -0.0173 0.0000 0.0000],0.8501334190368652,0.7729917504553455,1.0,0.0,0.6571461197018942,None
125,0.8996075987815857,0.9508330821990967,1.5984303951263428,1.8033323287963867,[0.1000 0.1000 0.1000 0.1000 0.1001 0.1000 0.1000],[0.0000 0.0000 0.0000 0.0000 -0.0014 0.0000 0.0000],0.8504406809806824,0.773669526096217,1.0,0.0,0.6579600386272686,None
125,0.8999388217926025,0.9508330821990967,1.5997552871704102,1.8033323287963867,[0.1000 0.1000 0.1000 0.1000 0.0984 0.1000 0.1000],[0.0000 0.0000 0.0000 0.0000 0.0159 0.0000 0.0000],0.8507719039916992,0.7744024370555078,0.9841205179691315,0.015879482030868586,0.6483778004952511,None
125,0.9002407193183899,0.9508330821990967,1.6009628772735596,1.8033323287963867,[0.1000 0.1000 0.1000 0.1000 0.0968 0.1000 0.1000],[0.0000 0.0000 0.0000 0.0000 0.0318 0.0000 0.0000],0.8510738015174866,0.7750725386247673,0.9681911021471024,0.0318088978528977,0.6386613854501246,None
125,0.9005419611930847,0.9508330821990967,1.6021678447723389,1.8033323287963867,[0.1000 0.1000 0.1000 0.1000 0.0952 0.1000 0.1000],[0.0000 0.0000 0.0000 0.0000 0.0479 0.0000 0.0000],0.8513750433921814,0.7757431806922876,0.952141210436821,0.04785878956317907,0.6288401238899969,None
125,0.9008416533470154,0.9508330821990967,1.6033666133880615,1.8033323287963867,[0.1000 0.1000 0.1000 0.1000 0.0936 0.1000 0.1000],[0.0000 0.0000 0.0000 0.0000 0.0640 0.0000 0.0000],0.8516747355461121,0.7764123687408417,0.93601293861866,0.06398706138134008,0.6189393033693978,None
125,0.9011428356170654,0.9508330821990967,1.6045713424682617,1.8033323287963867,[0.1000 0.1000 0.1000 0.1000 0.0920 0.1000 0.1000],[0.0000 0.0000 0.0000 0.0000 0.0804 0.0000 0.0000],0.8519759178161621,0.77708690800666,0.9196409583091736,0.08035904169082647,0.608856878236275,None
125,0.9014940857887268,0.9508330821990967,1.6059763431549072,1.8033323287963867,[0.1000 0.1000 0.1000 0.1000 0.0900 0.1000 0.1000],[0.0000 0.0000 0.0000 0.0000 0.0997 0.0000 0.0000],0.8523271679878235,0.7778761687473181,0.9003405272960663,0.09965947270393377,0.5969302640554464,None
125,0.9017992615699768,0.9508330821990967,1.6071970462799072,1.8033323287963867,[0.1000 0.1000 0.1000 0.1000 0.0883 0.1000 0.1000],[0.0000 0.0000 0.0000 0.0000 0.1166 0.0000 0.0000],0.8526323437690735,0.7785641839513764,0.8833751827478409,0.11662481725215917,0.5864100685496442,None
125,0.902106761932373,0.9508330821990967,1.6084270477294922,1.8033323287963867,[0.1000 0.1000 0.1000 0.1000 0.0866 0.1000 0.1000],[0.0000 0.0000 0.0000 0.0000 0.1339 0.0000 0.0000],0.8529398441314697,0.7792596088915225,0.8660905063152313,0.13390949368476873,0.575657075123054,None
125,0.9023904204368591,0.9508330821990967,1.6095616817474365,1.8033323287963867,[0.1000 0.1000 0.1000 0.1000 0.0850 0.1000 0.1000],[0.0000 0.0000 0.0000 0.0000 0.1500 0.0000 0.0000],0.8532235026359558,0.7799030628058683,0.8499813824892044,0.15001861751079565,0.5656044908387486,None
125,0.9025766849517822,0.9508330821990967,1.610306739807129,1.8033323287963867,[0.1000 0.1000 0.1000 0.1000 0.0839 0.1000 0.1000],[0.0000 0.0000 0.0000 0.0000 0.1607 0.0000 0.0000],0.8534097671508789,0.7803266123370551,0.8393159508705139,0.16068404912948614,0.5589326815800645,None
125,0.9027044773101807,0.9508330821990967,1.6108179092407227,1.8033323287963867,[0.1000 0.1000 0.1000 0.1000 0.0832 0.1000 0.1000],[0.0000 0.0000 0.0000 0.0000 0.1681 0.0000 0.0000],0.8535375595092773,0.7806176741646766,0.8319493383169174,0.16805066168308264,0.5543166165618495,None
125,0.9028400182723999,0.9508330821990967,1.6113600730895996,1.8033323287963867,[0.1000 0.1000 0.1000 0.1000 0.0824 0.1000 0.1000],[0.0000 0.0000 0.0000 0.0000 0.1759 0.0000 0.0000],0.8536731004714966,0.780926806919019,0.8241023868322372,0.1758976131677628,0.5493929726245644,None
125,0.9029627442359924,0.9508330821990967,1.6118509769439697,1.8033323287963867,[0.1000 0.1000 0.1000 0.1000 0.0817 0.1000 0.1000],[0.0000 0.0000 0.0000 0.0000 0.1830 0.0000 0.0000],0.8537958264350891,0.7812070888645972,0.8169610798358917,0.18303892016410833,0.544905975215318,None
125,0.9030855298042297,0.9508330821990967,1.612342119216919,1.8033323287963867,[0.1000 0.1000 0.1000 0.1000 0.0810 0.1000 0.1000],[0.0000 0.0000 0.0000 0.0000 0.1902 0.0000 0.0000],0.8539186120033264,0.7814878667101826,0.8097836375236511,0.19021636247634893,0.54039051336556,None
125,0.9031964540481567,0.9508330821990967,1.612785816192627,1.8033323287963867,[0.1000 0.1000 0.1000 0.1000 0.0803 0.1000 0.1000],[0.0000 0.0000 0.0000 0.0000 0.1967 0.0000 0.0000],0.8540295362472534,0.7817418314221896,0.8032757043838501,0.19672429561614996,0.5362914515319253,None
125,0.9033101797103882,0.9508330821990967,1.6132407188415527,1.8033323287963867,[0.1000 0.1000 0.1000 0.1000 0.0797 0.1000 0.1000],[0.0000 0.0000 0.0000 0.0000 0.2034 0.0000 0.0000],0.8541432619094849,0.7820025172422661,0.7965690642595291,0.20343093574047094,0.5320620780179763,None
125,0.9034260511398315,0.9508330821990967,1.6137042045593262,1.8033323287963867,[0.1000 0.1000 0.1000 0.1000 0.0790 0.1000 0.1000],[0.0000 0.0000 0.0000 0.0000 0.2103 0.0000 0.0000],0.8542591333389282,0.7822684426655954,0.7897081226110458,0.21029187738895422,0.5277303199044114,None
125,0.9035360217094421,0.9508330821990967,1.6141440868377686,1.8033323287963867,[0.1000 0.1000 0.1000 0.1000 0.0783 0.1000 0.1000],[0.0000 0.0000 0.0000 0.0000 0.2168 0.0000 0.0000],0.8543691039085388,0.7825211263371669,0.7831678539514542,0.2168321460485459,0.5235961677013377,None
125,0.9036464691162109,0.9508330821990967,1.6145858764648438,1.8033323287963867,[0.1000 0.1000 0.1000 0.1000 0.0777 0.1000 0.1000],[0.0000 0.0000 0.0000 0.0000 0.2234 0.0000 0.0000],0.8544795513153076,0.7827752015011045,0.7765702158212662,0.22342978417873388,0.5194209503315697,None
125,0.903769314289093,0.9508330821990967,1.615077257156372,1.8033323287963867,[0.1000 0.1000 0.1000 0.1000 0.0769 0.1000 0.1000],[0.0000 0.0000 0.0000 0.0000 0.2308 0.0000 0.0000],0.8546023964881897,0.783058146246503,0.7691952586174011,0.23080474138259893,0.5147480580024294,None
125,0.9038768410682678,0.9508330821990967,1.6155073642730713,1.8033323287963867,[0.1000 0.1000 0.1000 0.1000 0.0763 0.1000 0.1000],[0.0000 0.0000 0.0000 0.0000 0.2373 0.0000 0.0000],0.8547099232673645,0.7833061119209199,0.7627082616090775,0.2372917383909226,0.510632804990841,None
125,0.9039857387542725,0.9508330821990967,1.6159429550170898,1.8033323287963867,[0.1000 0.1000 0.1000 0.1000 0.0756 0.1000 0.1000],[0.0000 0.0000 0.0000 0.0000 0.2439 0.0000 0.0000],0.8548188209533691,0.7835575285559134,0.7561178505420685,0.24388214945793157,0.5064475266286308,None
125,0.904093325138092,0.9508330821990967,1.6163733005523682,1.8033323287963867,[0.1000 0.1000 0.1000 0.1000 0.0750 0.1000 0.1000],[0.0000 0.0000 0.0000 0.0000 0.2504 0.0000 0.0000],0.8549264073371887,0.7838062048508222,0.749577209353447,0.2504227906465531,0.5022891564868921,None
125,0.9042063355445862,0.9508330821990967,1.6168253421783447,1.8033323287963867,[0.1000 0.1000 0.1000 0.1000 0.0743 0.1000 0.1000],[0.0000 0.0000 0.0000 0.0000 0.2573 0.0000 0.0000],0.8550394177436829,0.7840677266953583,0.7426726818084717,0.2573273181915284,0.4978943106912788,None
125,0.9030608534812927,0.9492836594581604,1.612243413925171,1.7971346378326416,[0.1000 0.1000 0.1000 0.1073 0.0736 0.1000 0.1000],[0.0000 0.0000 0.0000 -0.0726 0.2638 0.0000 0.0000],0.8523445129394531,0.7850051024399238,0.7362166047096252,0.2637833952903748,0.4925986957699555,None
125,0.903334379196167,0.949486494064331,1.613337516784668,1.7979459762573242,[0.1000 0.1000 0.1000 0.1063 0.0730 0.1000 0.1000],[0.0000 0.0000 0.0000 -0.0633 0.2705 0.0000 0.0000],0.852820873260498,0.7851695671740988,0.7295352220535278,0.2704647779464722,0.4885033475384671,None
125,0.9036098718643188,0.9496922492980957,1.6144394874572754,1.7987689971923828,[0.1000 0.1000 0.1000 0.1054 0.0723 0.1000 0.1000],[0.0000 0.0000 0.0000 -0.0538 0.2772 0.0000 0.0000],0.8533021211624146,0.7853319366235936,0.7228301465511322,0.27716985344886785,0.48438684639340174,None
125,0.9038836359977722,0.9498959183692932,1.6155345439910889,1.7995836734771729,[0.1000 0.1000 0.1000 0.1044 0.0716 0.1000 0.1000],[0.0000 0.0000 0.0000 -0.0443 0.2839 0.0000 0.0000],0.8537795543670654,0.7854952625895619,0.7160667330026627,0.2839332669973374,0.48022284720707076,None
125,0.9041447639465332,0.9500901103019714,1.6165790557861328,1.8003604412078857,[0.1000 0.1000 0.1000 0.1035 0.0710 0.1000 0.1000],[0.0000 0.0000 0.0000 -0.0352 0.2904 0.0000 0.0000],0.8542348742485046,0.7856513439383437,0.7095552235841751,0.29044477641582495,0.47620434852302074,None
125,0.9044095277786255,0.9502881765365601,1.617638111114502,1.8011527061462402,[0.1000 0.1000 0.1000 0.1026 0.0703 0.1000 0.1000],[0.0000 0.0000 0.0000 -0.0259 0.2970 0.0000 0.0000],0.8546977043151855,0.7858069824715694,0.7029571384191513,0.29704286158084875,0.4721252920260335,None
125,0.904688835144043,0.950497031211853,1.6187553405761719,1.801988124847412,[0.1000 0.1000 0.1000 0.1016 0.0696 0.1000 0.1000],[0.0000 0.0000 0.0000 -0.0160 0.3041 0.0000 0.0000],0.855185866355896,0.7859715064113891,0.6959313899278641,0.304068610072136,0.46777148327621954,None
125,0.9049553871154785,0.9506934285163879,1.619821548461914,1.8027737140655518,[0.1000 0.1000 0.1000 0.1007 0.0689 0.1000 0.1000],[0.0000 0.0000 0.0000 -0.0067 0.3110 0.0000 0.0000],0.8556488156318665,0.7861354601601531,0.6890148669481277,0.3109851330518723,0.463469898499046,None
125,0.9052388072013855,0.9509068131446838,1.620955228805542,1.8036272525787354,[0.1000 0.1000 0.1000 0.0996 0.0682 0.1000 0.1000],[0.0000 0.0000 0.0000 0.0035 0.3182 0.0000 0.0000],0.8561456203460693,0.7862992607797101,0.6818383932113647,0.3181616067886353,0.4590045163117364,None
125,0.9055206179618835,0.9511191248893738,1.6220824718475342,1.8044764995574951,[0.1000 0.1000 0.1000 0.0986 0.0675 0.1000 0.1000],[0.0000 0.0000 0.0000 0.0138 0.3254 0.0000 0.0000],0.8566397428512573,0.786461930964312,0.6746312230825424,0.32536877691745764,0.45450886838127863,None
125,0.9058332443237305,0.9513571858406067,1.6233329772949219,1.8054287433624268,[0.1000 0.1000 0.1000 0.0975 0.0667 0.1000 0.1000],[0.0000 0.0000 0.0000 0.0253 0.3333 0.0000 0.0000],0.8571904301643372,0.7866365975222643,0.6666968017816544,0.3333031982183457,0.4495518956373292,None
125,0.9060894846916199,0.9515488147735596,1.6243579387664795,1.8061952590942383,[0.1000 0.1000 0.1000 0.0965 0.0660 0.1000 0.1000],[0.0000 0.0000 0.0000 0.0346 0.3401 0.0000 0.0000],0.8576382994651794,0.7867880629937909,0.6599446386098862,0.3400553613901139,0.4453171636790591,None
125,0.9063500761985779,0.9517446756362915,1.6254003047943115,1.806978702545166,[0.1000 0.1000 0.1000 0.0956 0.0653 0.1000 0.1000],[0.0000 0.0000 0.0000 0.0443 0.3469 0.0000 0.0000],0.8580947518348694,0.7869399158976191,0.6530674546957016,0.34693254530429846,0.4409962147979621,None
125,0.906609058380127,0.951939046382904,1.6264362335205078,1.8077561855316162,[0.1000 0.1000 0.1000 0.0946 0.0646 0.1000 0.1000],[0.0000 0.0000 0.0000 0.0538 0.3538 0.0000 0.0000],0.858548104763031,0.7870915971531958,0.6461583822965622,0.35384161770343786,0.43664540314800504,None
125,0.9068936109542847,0.9521521329879761,1.6275744438171387,1.8086085319519043,[0.1000 0.1000 0.1000 0.0936 0.0638 0.1000 0.1000],[0.0000 0.0000 0.0000 0.0644 0.3615 0.0000 0.0000],0.8590457439422607,0.7872594960199365,0.6384720653295517,0.36152793467044836,0.4317934985667483,None
125,0.9071390628814697,0.9523369073867798,1.628556251525879,1.8093476295471191,[0.1000 0.1000 0.1000 0.0926 0.0632 0.1000 0.1000],[0.0000 0.0000 0.0000 0.0737 0.3682 0.0000 0.0000],0.8594759702682495,0.7874021531028358,0.6318292021751404,0.3681707978248597,0.4275924530829906,None
125,0.9073977470397949,0.9525325894355774,1.6295909881591797,1.8101303577423096,[0.1000 0.1000 0.1000 0.0916 0.0625 0.1000 0.1000],[0.0000 0.0000 0.0000 0.0835 0.3752 0.0000 0.0000],0.8599303364753723,0.7875503768048,0.6248240917921066,0.3751759082078934,0.4231549060192552,None
125,0.9076690077781677,0.9527401328086853,1.630676031112671,1.8109605312347412,[0.1000 0.1000 0.1000 0.0906 0.0618 0.1000 0.1000],[0.0000 0.0000 0.0000 0.0940 0.3825 0.0000 0.0000],0.860409140586853,0.7877003885295181,0.6175330653786659,0.38246693462133413,0.41852970923393523,None
125,0.9079287648200989,0.9529386162757874,1.6317150592803955,1.8117544651031494,[0.1000 0.1000 0.1000 0.0896 0.0610 0.1000 0.1000],[0.0000 0.0000 0.0000 0.1041 0.3895 0.0000 0.0000],0.8608673810958862,0.7878447468110005,0.6104710325598717,0.3895289674401284,0.41403967311692824,None
125,0.9081863760948181,0.9531313180923462,1.6327455043792725,1.8125252723693848,[0.1000 0.1000 0.1000 0.0886 0.0603 0.1000 0.1000],[0.0000 0.0000 0.0000 0.1140 0.3968 0.0000 0.0000],0.8613176941871643,0.787997778319358,0.6031746044754982,0.39682539552450186,0.4093845138824981,None
125,0.9084358215332031,0.9533193707466125,1.6337432861328125,1.8132774829864502,[0.1000 0.1000 0.1000 0.0876 0.0596 0.1000 0.1000],[0.0000 0.0000 0.0000 0.1237 0.4039 0.0000 0.0000],0.8617551922798157,0.788142620583069,0.5961258709430695,0.4038741290569306,0.4048803431262891,None
125,0.908683717250824,0.9535049796104431,1.634734869003296,1.8140199184417725,[0.1000 0.1000 0.1000 0.0867 0.0589 0.1000 0.1000],[0.0000 0.0000 0.0000 0.1333 0.4110 0.0000 0.0000],0.8621886968612671,0.788289673469575,0.5889886245131493,0.4110113754868508,0.4003087374810416,None
125,0.9089362621307373,0.9536954760551453,1.6357450485229492,1.814781904220581,[0.1000 0.1000 0.1000 0.0857 0.0582 0.1000 0.1000],[0.0000 0.0000 0.0000 0.1433 0.4183 0.0000 0.0000],0.8626317381858826,0.788436265101015,0.5817300453782082,0.4182699546217919,0.3956521405868105,None
125,0.9092133641242981,0.9539032578468323,1.6368534564971924,1.815613031387329,[0.1000 0.1000 0.1000 0.0846 0.0574 0.1000 0.1000],[0.0000 0.0000 0.0000 0.1542 0.4264 0.0000 0.0000],0.8631166219711304,0.7886001567584919,0.5736104771494865,0.4263895228505135,0.39043021029564595,None
125,0.9094439148902893,0.9540753364562988,1.6377756595611572,1.8163013458251953,[0.1000 0.1000 0.1000 0.0837 0.0567 0.1000 0.1000],[0.0000 0.0000 0.0000 0.1633 0.4332 0.0000 0.0000],0.8635192513465881,0.7887384995650899,0.5667503178119659,0.4332496821880341,0.38600847193523624,None
125,0.9096913933753967,0.9542621970176697,1.638765573501587,1.8170487880706787,[0.1000 0.1000 0.1000 0.0827 0.0559 0.1000 0.1000],[0.0000 0.0000 0.0000 0.1733 0.4406 0.0000 0.0000],0.8639535903930664,0.7888820148772897,0.5594439432024956,0.4405560567975045,0.38129318687137104,None
125,0.9099235534667969,0.9544332027435303,1.6396942138671875,1.817732810974121,[0.1000 0.1000 0.1000 0.0818 0.0552 0.1000 0.1000],[0.0000 0.0000 0.0000 0.1825 0.4477 0.0000 0.0000],0.8643567562103271,0.789026899163108,0.5522771179676056,0.44772288203239446,0.3766533982365854,None
125,0.9101623892784119,0.9546120166778564,1.6406495571136475,1.8184480667114258,[0.1000 0.1000 0.1000 0.0808 0.0545 0.1000 0.1000],[0.0000 0.0000 0.0000 0.1921 0.4550 0.0000 0.0000],0.8647744059562683,0.789169197223355,0.5450140312314034,0.4549859687685967,0.37194663709216474,None
125,0.9104380011558533,0.9548234343528748,1.641752004623413,1.819293737411499,[0.1000 0.1000 0.1000 0.0796 0.0537 0.1000 0.1000],[0.0000 0.0000 0.0000 0.2036 0.4632 0.0000 0.0000],0.865261435508728,0.7893214932722812,0.5368312820792198,0.46316871792078024,0.3666393645768787,None
125,0.910682201385498,0.955010712146759,1.6427288055419922,1.8200428485870361,[0.1000 0.1000 0.1000 0.0786 0.0529 0.1000 0.1000],[0.0000 0.0000 0.0000 0.2139 0.4705 0.0000 0.0000],0.8656929135322571,0.789456629738049,0.529494397342205,0.470505602657795,0.36187077273718565,None
125,0.910919725894928,0.9551928639411926,1.643678903579712,1.8207714557647705,[0.1000 0.1000 0.1000 0.0776 0.0522 0.1000 0.1000],[0.0000 0.0000 0.0000 0.2239 0.4777 0.0000 0.0000],0.8661125898361206,0.7895881703747039,0.5222946032881737,0.4777053967118264,0.3571827882018949,None
125,0.911159098148346,0.9553762078285217,1.6446363925933838,1.821504831314087,[0.1000 0.1000 0.1000 0.0766 0.0515 0.1000 0.1000],[0.0000 0.0000 0.0000 0.2341 0.4850 0.0000 0.0000],0.8665353059768677,0.7897213522961122,0.5149663984775543,0.48503360152244573,0.3524025440869015,None
125,0.9114059805870056,0.9555636048316956,1.6456239223480225,1.8222544193267822,[0.1000 0.1000 0.1000 0.0755 0.0507 0.1000 0.1000],[0.0000 0.0000 0.0000 0.2445 0.4928 0.0000 0.0000],0.8669695854187012,0.7898628442071942,0.5072368308901787,0.4927631691098214,0.34734921945764696,None
125,0.9116221070289612,0.955729067325592,1.6464884281158447,1.8229162693023682,[0.1000 0.1000 0.1000 0.0746 0.0500 0.1000 0.1000],[0.0000 0.0000 0.0000 0.2538 0.4995 0.0000 0.0000],0.8673511743545532,0.7899834285190075,0.5004827678203583,0.4995172321796418,0.3429273163807185,None
125,0.9118534922599792,0.9559059143066406,1.647413969039917,1.8236236572265625,[0.1000 0.1000 0.1000 0.0736 0.0493 0.1000 0.1000],[0.0000 0.0000 0.0000 0.2639 0.5068 0.0000 0.0000],0.8677594065666199,0.7901133114114633,0.49317196011543274,0.5068280398845673,0.3381326320222129,None
125,0.9120815396308899,0.9560805559158325,1.6483261585235596,1.82432222366333,[0.1000 0.1000 0.1000 0.0726 0.0486 0.1000 0.1000],[0.0000 0.0000 0.0000 0.2738 0.5141 0.0000 0.0000],0.8681620955467224,0.7902405752178401,0.48592042177915573,0.5140795782208443,0.3333690649022478,None
125,0.9123048782348633,0.9562500715255737,1.6492195129394531,1.825000286102295,[0.1000 0.1000 0.1000 0.0716 0.0479 0.1000 0.1000],[0.0000 0.0000 0.0000 0.2836 0.5213 0.0000 0.0000],0.868554949760437,0.7903689114403342,0.4786554351449013,0.5213445648550987,0.3285868231719564,None
125,0.9125050902366638,0.9563980102539062,1.6500203609466553,1.825592041015625,[0.1000 0.1000 0.1000 0.0708 0.0472 0.1000 0.1000],[0.0000 0.0000 0.0000 0.2921 0.5282 0.0000 0.0000],0.8689031004905701,0.7904936277407237,0.4718491807579994,0.5281508192420006,0.3240954437761354,None
125,0.90833979845047,0.9508330821990967,1.6333591938018799,1.8033323287963867,[0.1000 0.1000 0.1000 0.1000 0.0465 0.1000 0.1000],[0.0000 0.0000 0.0000 0.0000 0.5352 0.0000 0.0000],0.8591728806495667,0.7938610086649625,0.4647696763277054,0.5352303236722946,0.3170025946366808,None
125,0.9084351062774658,0.9508330821990967,1.6337404251098633,1.8033323287963867,[0.1000 0.1000 0.1000 0.1000 0.0458 0.1000 0.1000],[0.0000 0.0000 0.0000 0.0000 0.5423 0.0000 0.0000],0.8592681884765625,0.7940923121356784,0.45767348259687424,0.5423265174031258,0.3122881289221159,None
125,0.9085285663604736,0.9508330821990967,1.6341142654418945,1.8033323287963867,[0.1000 0.1000 0.1000 0.1000 0.0451 0.1000 0.1000],[0.0000 0.0000 0.0000 0.0000 0.5493 0.0000 0.0000],0.8593616485595703,0.7943193839015863,0.4506855830550194,0.5493144169449806,0.3076414110688508,None
125,0.9086213707923889,0.9508330821990967,1.6344854831695557,1.8033323287963867,[0.1000 0.1000 0.1000 0.1000 0.0444 0.1000 0.1000],[0.0000 0.0000 0.0000 0.0000 0.5563 0.0000 0.0000],0.8594544529914856,0.7945451110177522,0.4437042400240898,0.5562957599759102,0.30299468100020416,None
125,0.9087086915969849,0.9508330821990967,1.6348347663879395,1.8033323287963867,[0.1000 0.1000 0.1000 0.1000 0.0437 0.1000 0.1000],[0.0000 0.0000 0.0000 0.0000 0.5629 0.0000 0.0000],0.8595417737960815,0.7947577270586982,0.4371078684926033,0.5628921315073967,0.298600390770537,None
125,0.9087994694709778,0.9508330821990967,1.6351978778839111,1.8033323287963867,[0.1000 0.1000 0.1000 0.1000 0.0430 0.1000 0.1000],[0.0000 0.0000 0.0000 0.0000 0.5698 0.0000 0.0000],0.8596325516700745,0.7949789944222327,0.43022271245718,0.56977728754282,0.2940098226710543,None
125,0.9088922142982483,0.9508330821990967,1.6355688571929932,1.8033323287963867,[0.1000 0.1000 0.1000 0.1000 0.0423 0.1000 0.1000],[0.0000 0.0000 0.0000 0.0000 0.5769 0.0000 0.0000],0.859725296497345,0.7952053030451023,0.4231439158320427,0.5768560841679573,0.28928577184467286,None
125,0.9089870452880859,0.9508330821990967,1.6359481811523438,1.8033323287963867,[0.1000 0.1000 0.1000 0.1000 0.0416 0.1000 0.1000],[0.0000 0.0000 0.0000 0.0000 0.5841 0.0000 0.0000],0.8598201274871826,0.7954369610339865,0.41587062180042267,0.5841293781995773,0.28442752106305785,None
125,0.9090952277183533,0.9508330821990967,1.636380910873413,1.8033323287963867,[0.1000 0.1000 0.1000 0.1000 0.0408 0.1000 0.1000],[0.0000 0.0000 0.0000 0.0000 0.5925 0.0000 0.0000],0.85992830991745,0.7957015553638662,0.4075249284505844,0.5924750715494156,0.2788474218837849,None
125,0.9091842174530029,0.9508330821990967,1.6367368698120117,1.8033323287963867,[0.1000 0.1000 0.1000 0.1000 0.0401 0.1000 0.1000],[0.0000 0.0000 0.0000 0.0000 0.5994 0.0000 0.0000],0.8600172996520996,0.7959194650484918,0.40062718093395233,0.5993728190660477,0.2742311118059131,None
125,0.9092758297920227,0.9508330821990967,1.6371033191680908,1.8033323287963867,[0.1000 0.1000 0.1000 0.1000 0.0393 0.1000 0.1000],[0.0000 0.0000 0.0000 0.0000 0.6065 0.0000 0.0000],0.8601089119911194,0.7961440400501522,0.39347946643829346,0.6065205335617065,0.26944316405476487,None
125,0.9093660116195679,0.9508330821990967,1.6374640464782715,1.8033323287963867,[0.1000 0.1000 0.1000 0.1000 0.0386 0.1000 0.1000],[0.0000 0.0000 0.0000 0.0000 0.6136 0.0000 0.0000],0.8601990938186646,0.7963653502482232,0.38641277700662613,0.6135872229933739,0.26470540828506484,None
125,0.9094575047492981,0.9508330821990967,1.6378300189971924,1.8033323287963867,[0.1000 0.1000 0.1000 0.1000 0.0379 0.1000 0.1000],[0.0000 0.0000 0.0000 0.0000 0.6208 0.0000 0.0000],0.8602905869483948,0.79659012450277,0.37920791655778885,0.6207920834422112,0.2598708006114083,None
125,0.9095585346221924,0.9508330821990967,1.6382341384887695,1.8033323287963867,[0.1000 0.1000 0.1000 0.1000 0.0371 0.1000 0.1000],[0.0000 0.0000 0.0000 0.0000 0.6288 0.0000 0.0000],0.8603916168212891,0.7968386169152605,0.3712077811360359,0.6287922188639641,0.25449755501635524,None
125,0.9096498489379883,0.9508330821990967,1.6385993957519531,1.8033323287963867,[0.1000 0.1000 0.1000 0.1000 0.0364 0.1000 0.1000],[0.0000 0.0000 0.0000 0.0000 0.6361 0.0000 0.0000],0.860482931137085,0.7970634747978856,0.36392930895090103,0.636070691049099,0.24960437936643098,None
125,0.9097409248352051,0.9508330821990967,1.6389636993408203,1.8033323287963867,[0.1000 0.1000 0.1000 0.1000 0.0357 0.1000 0.1000],[0.0000 0.0000 0.0000 0.0000 0.6434 0.0000 0.0000],0.8605740070343018,0.7972879940312079,0.35664018243551254,0.6433598175644875,0.24469986064787133,None
125,0.9098325371742249,0.9508330821990967,1.6393301486968994,1.8033323287963867,[0.1000 0.1000 0.1000 0.1000 0.0349 0.1000 0.1000],[0.0000 0.0000 0.0000 0.0000 0.6507 0.0000 0.0000],0.8606656193733215,0.7975140868483147,0.34925762563943863,0.6507423743605614,0.23972797389924358,None
125,0.9099416136741638,0.9508330821990967,1.6397664546966553,1.8033323287963867,[0.1000 0.1000 0.1000 0.1000 0.0340 0.1000 0.1000],[0.0000 0.0000 0.0000 0.0000 0.6596 0.0000 0.0000],0.8607746958732605,0.7977836096530925,0.34042853862047195,0.659571461379528,0.2337763435395476,None
125,0.9100264310836792,0.9508330821990967,1.6401057243347168,1.8033323287963867,[0.1000 0.1000 0.1000 0.1000 0.0334 0.1000 0.1000],[0.0000 0.0000 0.0000 0.0000 0.6665 0.0000 0.0000],0.8608595132827759,0.7979934379397108,0.333520844578743,0.666479155421257,0.229115560299844,None
125,0.9101162552833557,0.9508330821990967,1.6404650211334229,1.8033323287963867,[0.1000 0.1000 0.1000 0.1000 0.0326 0.1000 0.1000],[0.0000 0.0000 0.0000 0.0000 0.6738 0.0000 0.0000],0.8609493374824524,0.7982158903289435,0.32615963369607925,0.6738403663039207,0.22414454609268458,None
125,0.9102067947387695,0.9508330821990967,1.6408271789550781,1.8033323287963867,[0.1000 0.1000 0.1000 0.1000 0.0319 0.1000 0.1000],[0.0000 0.0000 0.0000 0.0000 0.6813 0.0000 0.0000],0.8610398769378662,0.7984403625218404,0.3186999633908272,0.6813000366091728,0.21910271641883208,None
125,0.9102936387062073,0.9508330821990967,1.641174554824829,1.8033323287963867,[0.1000 0.1000 0.1000 0.1000 0.0312 0.1000 0.1000],[0.0000 0.0000 0.0000 0.0000 0.6885 0.0000 0.0000],0.861126720905304,0.7986559077278665,0.31151827424764633,0.6884817257523537,0.2142448062330983,None
125,0.9103788733482361,0.9508330821990967,1.6415154933929443,1.8033323287963867,[0.1000 0.1000 0.1000 0.1000 0.0304 0.1000 0.1000],[0.0000 0.0000 0.0000 0.0000 0.6956 0.0000 0.0000],0.8612119555473328,0.79886768322604,0.3044196590781212,0.6955803409218788,0.20943902060270658,None
125,0.9104642868041992,0.9508330821990967,1.6418571472167969,1.8033323287963867,[0.1000 0.1000 0.1000 0.1000 0.0297 0.1000 0.1000],[0.0000 0.0000 0.0000 0.0000 0.7027 0.0000 0.0000],0.8612973690032959,0.7990801269289236,0.2972790598869324,0.7027209401130676,0.20460100819354288,None
125,0.9105520248413086,0.9508330821990967,1.6422080993652344,1.8033323287963867,[0.1000 0.1000 0.1000 0.1000 0.0290 0.1000 0.1000],[0.0000 0.0000 0.0000 0.0000 0.7101 0.0000 0.0000],0.8613851070404053,0.7992985865575728,0.2898947522044182,0.7101052477955818,0.19959366705877973,None
125,0.9106411933898926,0.9508330821990967,1.6425647735595703,1.8033323287963867,[0.1000 0.1000 0.1000 0.1000 0.0282 0.1000 0.1000],[0.0000 0.0000 0.0000 0.0000 0.7176 0.0000 0.0000],0.8614742755889893,0.7995208519341622,0.28235137462615967,0.7176486253738403,0.19447420950320216,None
125,0.9107287526130676,0.9508330821990967,1.6429150104522705,1.8033323287963867,[0.1000 0.1000 0.1000 0.1000 0.0275 0.1000 0.1000],[0.0000 0.0000 0.0000 0.0000 0.7251 0.0000 0.0000],0.8615618348121643,0.7997393458863448,0.2749030292034149,0.7250969707965851,0.1894150317154161,None
125,0.9108274579048157,0.9508330821990967,1.6433098316192627,1.8033323287963867,[0.1000 0.1000 0.1000 0.1000 0.0266 0.1000 0.1000],[0.0000 0.0000 0.0000 0.0000 0.7335 0.0000 0.0000],0.8616605401039124,0.7999859397585235,0.26645731180906296,0.733542688190937,0.18367337279472304,None
125,0.910910964012146,0.9508330821990967,1.643643856048584,1.8033323287963867,[0.1000 0.1000 0.1000 0.1000 0.0259 0.1000 0.1000],[0.0000 0.0000 0.0000 0.0000 0.7407 0.0000 0.0000],0.8617440462112427,0.8001947993996386,0.25927629321813583,0.7407237067818642,0.17878736559485098,None
125,0.9109960198402405,0.9508330821990967,1.643984079360962,1.8033323287963867,[0.1000 0.1000 0.1000 0.1000 0.0252 0.1000 0.1000],[0.0000 0.0000 0.0000 0.0000 0.7481 0.0000 0.0000],0.8618291020393372,0.8004077597729405,0.2519165351986885,0.7480834648013115,0.17377572937239869,None
125,0.9110770225524902,0.9508330821990967,1.644308090209961,1.8033323287963867,[0.1000 0.1000 0.1000 0.1000 0.0245 0.1000 0.1000],[0.0000 0.0000 0.0000 0.0000 0.7551 0.0000 0.0000],0.8619101047515869,0.8006107835247692,0.24486560374498367,0.7551343962550163,0.1689706177079835,None
125,0.9111565351486206,0.9508330821990967,1.6446261405944824,1.8033323287963867,[0.1000 0.1000 0.1000 0.1000 0.0238 0.1000 0.1000],[0.0000 0.0000 0.0000 0.0000 0.7621 0.0000 0.0000],0.8619896173477173,0.8008102737326143,0.2379143238067627,0.7620856761932373,0.16422991222710312,None
125,0.9112350940704346,0.9508330821990967,1.6449403762817383,1.8033323287963867,[0.1000 0.1000 0.1000 0.1000 0.0231 0.1000 0.1000],[0.0000 0.0000 0.0000 0.0000 0.7690 0.0000 0.0000],0.8620681762695312,0.8010075676598175,0.23101145401597023,0.7689885459840298,0.15951875299306031,None
125,0.9113189578056335,0.9508330821990967,1.6452758312225342,1.8033323287963867,[0.1000 0.1000 0.1000 0.1000 0.0224 0.1000 0.1000],[0.0000 0.0000 0.0000 0.0000 0.7764 0.0000 0.0000],0.8621520400047302,0.8012184002643525,0.22359557449817657,0.7764044255018234,0.15445357968969844,None
125,0.9114022254943848,0.9508330821990967,1.645608901977539,1.8033323287963867,[0.1000 0.1000 0.1000 0.1000 0.0216 0.1000 0.1000],[0.0000 0.0000 0.0000 0.0000 0.7838 0.0000 0.0000],0.8622353076934814,0.8014279558832313,0.21619867533445358,0.7838013246655464,0.14939749623551912,None
125,0.9114819169044495,0.9508330821990967,1.6459276676177979,1.8033323287963867,[0.1000 0.1000 0.1000 0.1000 0.0209 0.1000 0.1000],[0.0000 0.0000 0.0000 0.0000 0.7909 0.0000 0.0000],0.8623149991035461,0.8016287185738641,0.2090766280889511,0.7909233719110489,0.14452557141942315,None
125,0.9115694761276245,0.9508330821990967,1.646277904510498,1.8033323287963867,[0.1000 0.1000 0.1000 0.1000 0.0201 0.1000 0.1000],[0.0000 0.0000 0.0000 0.0000 0.7988 0.0000 0.0000],0.8624025583267212,0.801849536787137,0.20120464265346527,0.7987953573465347,0.13913644936818975,None
125,0.9116488695144653,0.9508330821990967,1.6465954780578613,1.8033323287963867,[0.1000 0.1000 0.1000 0.1000 0.0194 0.1000 0.1000],[0.0000 0.0000 0.0000 0.0000 0.8060 0.0000 0.0000],0.862481951713562,0.8020499742747393,0.19403278827667236,0.8059672117233276,0.13422288508306937,None
125,0.9117298722267151,0.9508330821990967,1.6469194889068604,1.8033323287963867,[0.1000 0.1000 0.1000 0.1000 0.0187 0.1000 0.1000],[0.0000 0.0000 0.0000 0.0000 0.8133 0.0000 0.0000],0.8625629544258118,0.8022546840696811,0.1866697147488594,0.8133302852511406,0.12917454108353352,None
125,0.9118120670318604,0.9508330821990967,1.6472482681274414,1.8033323287963867,[0.1000 0.1000 0.1000 0.1000 0.0179 0.1000 0.1000],[0.0000 0.0000 0.0000 0.0000 0.8208 0.0000 0.0000],0.862645149230957,0.8024626233665225,0.17916282638907433,0.8208371736109257,0.12402376263731804,None
125,0.9118945002555847,0.9508330821990967,1.6475780010223389,1.8033323287963867,[0.1000 0.1000 0.1000 0.1000 0.0172 0.1000 0.1000],[0.0000 0.0000 0.0000 0.0000 0.8284 0.0000 0.0000],0.8627275824546814,0.802671385897757,0.17158741131424904,0.828412588685751,0.11882200781719808,None
125,0.9119841456413269,0.9508330821990967,1.6479365825653076,1.8033323287963867,[0.1000 0.1000 0.1000 0.1000 0.0163 0.1000 0.1000],[0.0000 0.0000 0.0000 0.0000 0.8367 0.0000 0.0000],0.8628172278404236,0.8028986642415386,0.16329623758792877,0.8367037624120712,0.11312425236487356,None
125,0.9120635986328125,0.9508330821990967,1.64825439453125,1.8033323287963867,[0.1000 0.1000 0.1000 0.1000 0.0156 0.1000 0.1000],[0.0000 0.0000 0.0000 0.0000 0.8441 0.0000 0.0000],0.8628966808319092,0.8031003210609926,0.1559150032699108,0.8440849967300892,0.10804794371620051,None
125,0.912144124507904,0.9508330821990967,1.6485764980316162,1.8033323287963867,[0.1000 0.1000 0.1000 0.1000 0.0148 0.1000 0.1000],[0.0000 0.0000 0.0000 0.0000 0.8516 0.0000 0.0000],0.8629772067070007,0.8033049118783272,0.14838292263448238,0.8516170773655176,0.10286406161415021,None
125,0.9122247695922852,0.9508330821990967,1.6488990783691406,1.8033323287963867,[0.1000 0.1000 0.1000 0.1000 0.0141 0.1000 0.1000],[0.0000 0.0000 0.0000 0.0000 0.8592 0.0000 0.0000],0.8630578517913818,0.8035100190676087,0.14079606160521507,0.8592039383947849,0.09763863765685904,None
125,0.9123155474662781,0.9508330821990967,1.6492621898651123,1.8033323287963867,[0.1000 0.1000 0.1000 0.1000 0.0132 0.1000 0.1000],[0.0000 0.0000 0.0000 0.0000 0.8678 0.0000 0.0000],0.8631486296653748,0.8037411537463378,0.13220470398664474,0.8677952960133553,0.09171675895773422,None
125,0.9123900532722473,0.9508330821990967,1.6495602130889893,1.8033323287963867,[0.1000 0.1000 0.1000 0.1000 0.0125 0.1000 0.1000],[0.0000 0.0000 0.0000 0.0000 0.8749 0.0000 0.0000],0.863223135471344,0.8039310607800171,0.12510932981967926,0.8748906701803207,0.08682235819537058,None
125,0.912467360496521,0.9508330821990967,1.649869441986084,1.8033323287963867,[0.1000 0.1000 0.1000 0.1000 0.0118 0.1000 0.1000],[0.0000 0.0000 0.0000 0.0000 0.8823 0.0000 0.0000],0.8633004426956177,0.804128302956819,0.11771446093916893,0.8822855390608311,0.08171788730181358,None
125,0.9125459790229797,0.9508330821990967,1.650183916091919,1.8033323287963867,[0.1000 0.1000 0.1000 0.1000 0.0110 0.1000 0.1000],[0.0000 0.0000 0.0000 0.0000 0.8899 0.0000 0.0000],0.8633790612220764,0.8043290947122773,0.11014075018465519,0.8898592498153448,0.07648624154241676,None
125,0.9126242995262146,0.9508330821990967,1.6504971981048584,1.8033323287963867,[0.1000 0.1000 0.1000 0.1000 0.0103 0.1000 0.1000],[0.0000 0.0000 0.0000 0.0000 0.8974 0.0000 0.0000],0.8634573817253113,0.804529330402533,0.10255674831569195,0.897443251684308,0.07124379262566996,None
125,0.9127113819122314,0.9508330821990967,1.6508455276489258,1.8033323287963867,[0.1000 0.1000 0.1000 0.1000 0.0094 0.1000 0.1000],[0.0000 0.0000 0.0000 0.0000 0.9059 0.0000 0.0000],0.8635444641113281,0.8047522079846606,0.09406868368387222,0.9059313163161278,0.06537202652569903,None
125,0.9127861857414246,0.9508330821990967,1.6511447429656982,1.8033323287963867,[0.1000 0.1000 0.1000 0.1000 0.0087 0.1000 0.1000],[0.0000 0.0000 0.0000 0.0000 0.9133 0.0000 0.0000],0.8636192679405212,0.8049438633170642,0.08674478158354759,0.9132552184164524,0.06030193868936321,None
125,0.9059181213378906,0.9508330821990967,1.6236724853515625,1.8033323287963867,[0.1000 0.1000 0.1000 0.1000 0.0634 0.1000 0.1000],[0.0000 0.0000 0.0000 0.0000 0.3660 0.0000 0.0000],0.8567512035369873,0.7880684996013899,0.6339789181947708,0.36602108180522924,0.4280490209244633,None
125,0.9064591526985168,0.9508330821990967,1.6258366107940674,1.8033323287963867,[0.1000 0.1000 0.1000 0.1000 0.0598 0.1000 0.1000],[0.0000 0.0000 0.0000 0.0000 0.4021 0.0000 0.0000],0.8572922348976135,0.7893487965840693,0.5978760495781898,0.4021239504218102,0.40458427360254595,None
