134,0.6781122088432312,0.8500289916992188,0.7124488353729248,1.400115966796875,[0.1000 0.1000 0.1000 0.1000 0.1000 0.1000 0.1000],[0.0000 0.0000 0.0000 0.0000 0.0000 0.0000 0.0000],0.52814120054245,0.5853715122474246,1.0,0.0,0.30915881324170424,None
134,0.6781122088432312,0.8500289916992188,0.7124488353729248,1.400115966796875,[0.1000 0.1000 0.1000 0.1000 0.1000 0.1000 0.1000],[0.0000 0.0000 0.0000 0.0000 0.0000 0.0000 0.0000],0.52814120054245,0.5853715122474246,1.0,0.0,0.30915881324170424,None
134,0.6781122088432312,0.8500289916992188,0.7124488353729248,1.400115966796875,[0.1000 0.1000 0.1000 0.1000 0.1000 0.1000 0.1000],[0.0000 0.0000 0.0000 0.0000 0.0000 0.0000 0.0000],0.52814120054245,0.5853715122474246,1.0,0.0,0.30915881324170424,None
134,0.6781122088432312,0.8500289916992188,0.7124488353729248,1.400115966796875,[0.1000 0.1000 0.1000 0.1000 0.1000 0.1000 0.1000],[0.0000 0.0000 0.0000 0.0000 0.0000 0.0000 0.0000],0.52814120054245,0.5853715122474246,1.0,0.0,0.30915881324170424,None
134,0.6781122088432312,0.8500289916992188,0.7124488353729248,1.400115966796875,[0.1000 0.1000 0.1000 0.1000 0.1000 0.1000 0.1000],[0.0000 0.0000 0.0000 0.0000 0.0000 0.0000 0.0000],0.52814120054245,0.5853715122474246,1.0,0.0,0.30915881324170424,None
134,0.6781122088432312,0.8500289916992188,0.7124488353729248,1.400115966796875,[0.1000 0.1000 0.1000 0.1000 0.1000 0.1000 0.1000],[0.0000 0.0000 0.0000 0.0000 0.0000 0.0000 0.0000],0.52814120054245,0.5853715122474246,1.0,0.0,0.30915881324170424,None
134,0.6781122088432312,0.8500289916992188,0.7124488353729248,1.400115966796875,[0.1000 0.1000 0.1000 0.1000 0.1000 0.1000 0.1000],[0.0000 0.0000 0.0000 0.0000 0.0000 0.0000 0.0000],0.52814120054245,0.5853715122474246,1.0,0.0,0.30915881324170424,None
134,0.6781122088432312,0.8500289916992188,0.7124488353729248,1.400115966796875,[0.1000 0.1000 0.1000 0.1000 0.1000 0.1000 0.1000],[0.0000 0.0000 0.0000 0.0000 0.0000 0.0000 0.0000],0.52814120054245,0.5853715122474246,1.0,0.0,0.30915881324170424,None
134,0.6781122088432312,0.8500289916992188,0.7124488353729248,1.400115966796875,[0.1000 0.1000 0.1000 0.1000 0.1000 0.1000 0.1000],[0.0000 0.0000 0.0000 0.0000 0.0000 0.0000 0.0000],0.52814120054245,0.5853715122474246,1.0,0.0,0.30915881324170424,None
134,0.6781122088432312,0.8500289916992188,0.7124488353729248,1.400115966796875,[0.1000 0.1000 0.1000 0.1000 0.1000 0.1000 0.1000],[0.0000 0.0000 0.0000 0.0000 0.0000 0.0000 0.0000],0.52814120054245,0.5853715122474246,1.0,0.0,0.30915881324170424,None
134,0.6781122088432312,0.8500289916992188,0.7124488353729248,1.400115966796875,[0.1000 0.1000 0.1000 0.1000 0.1000 0.1000 0.1000],[0.0000 0.0000 0.0000 0.0000 0.0000 0.0000 0.0000],0.52814120054245,0.5853715122474246,1.0,0.0,0.30915881324170424,None
134,0.6781122088432312,0.8500289916992188,0.7124488353729248,1.400115966796875,[0.1000 0.1000 0.1000 0.1000 0.1000 0.1000 0.1000],[0.0000 0.0000 0.0000 0.0000 0.0000 0.0000 0.0000],0.52814120054245,0.5853715122474246,1.0,0.0,0.30915881324170424,None
134,0.6781122088432312,0.8500289916992188,0.7124488353729248,1.400115966796875,[0.1000 0.1000 0.1000 0.1000 0.1000 0.1000 0.1000],[0.0000 0.0000 0.0000 0.0000 0.0000 0.0000 0.0000],0.52814120054245,0.5853715122474246,1.0,0.0,0.30915881324170424,None
134,0.6781122088432312,0.8500289916992188,0.7124488353729248,1.400115966796875,[0.1000 0.1000 0.1000 0.1000 0.1000 0.1000 0.1000],[0.0000 0.0000 0.0000 0.0000 0.0000 0.0000 0.0000],0.52814120054245,0.5853715122474246,1.0,0.0,0.30915881324170424,None
134,0.6781122088432312,0.8500289916992188,0.7124488353729248,1.400115966796875,[0.1000 0.1000 0.1000 0.1000 0.1000 0.1000 0.1000],[0.0000 0.0000 0.0000 0.0000 0.0000 0.0000 0.0000],0.52814120054245,0.5853715122474246,1.0,0.0,0.30915881324170424,None
134,0.6781122088432312,0.8500289916992188,0.7124488353729248,1.400115966796875,[0.1000 0.1000 0.1000 0.1000 0.1000 0.1000 0.1000],[0.0000 0.0000 0.0000 0.0000 0.0000 0.0000 0.0000],0.52814120054245,0.5853715122474246,1.0,0.0,0.30915881324170424,None
134,0.6781122088432312,0.8500289916992188,0.7124488353729248,1.400115966796875,[0.1000 0.1000 0.1000 0.1000 0.1000 0.1000 0.1000],[0.0000 0.0000 0.0000 0.0000 0.0000 0.0000 0.0000],0.52814120054245,0.5853715122474246,1.0,0.0,0.30915881324170424,None
134,0.6781122088432312,0.8500289916992188,0.7124488353729248,1.400115966796875,[0.1000 0.1000 0.1000 0.1000 0.1000 0.1000 0.1000],[0.0000 0.0000 0.0000 0.0000 0.0000 0.0000 0.0000],0.52814120054245,0.5853715122474246,1.0,0.0,0.30915881324170424,None
134,0.6781122088432312,0.8500289916992188,0.7124488353729248,1.400115966796875,[0.1000 0.1000 0.1000 0.1000 0.1000 0.1000 0.1000],[0.0000 0.0000 0.0000 0.0000 0.0000 0.0000 0.0000],0.52814120054245,0.5853715122474246,1.0,0.0,0.30915881324170424,None
134,0.6781122088432312,0.8500289916992188,0.7124488353729248,1.400115966796875,[0.1000 0.1000 0.1000 0.1000 0.1000 0.1000 0.1000],[0.0000 0.0000 0.0000 0.0000 0.0000 0.0000 0.0000],0.52814120054245,0.5853715122474246,1.0,0.0,0.30915881324170424,None
134,0.6781122088432312,0.8500289916992188,0.7124488353729248,1.400115966796875,[0.1000 0.1000 0.1000 0.1000 0.1000 0.1000 0.1000],[0.0000 0.0000 0.0000 0.0000 0.0000 0.0000 0.0000],0.52814120054245,0.5853715122474246,1.0,0.0,0.30915881324170424,None
134,0.6781122088432312,0.8500289916992188,0.7124488353729248,1.400115966796875,[0.1000 0.1000 0.1000 0.1000 0.1000 0.1000 0.1000],[0.0000 0.0000 0.0000 0.0000 0.0000 0.0000 0.0000],0.52814120054245,0.5853715122474246,1.0,0.0,0.30915881324170424,None
134,0.6781122088432312,0.8500289916992188,0.7124488353729248,1.400115966796875,[0.1000 0.1000 0.1000 0.1000 0.1000 0.1000 0.1000],[0.0000 0.0000 0.0000 0.0000 0.0000 0.0000 0.0000],0.52814120054245,0.5853715122474246,1.0,0.0,0.30915881324170424,None
134,0.6781122088432312,0.8500289916992188,0.7124488353729248,1.400115966796875,[0.1000 0.1000 0.1000 0.1000 0.1000 0.1000 0.1000],[0.0000 0.0000 0.0000 0.0000 0.0000 0.0000 0.0000],0.52814120054245,0.5853715122474246,1.0,0.0,0.30915881324170424,None
134,0.6781122088432312,0.8500289916992188,0.7124488353729248,1.400115966796875,[0.1000 0.1000 0.1000 0.1000 0.1000 0.1000 0.1000],[0.0000 0.0000 0.0000 0.0000 0.0000 0.0000 0.0000],0.52814120054245,0.5853715122474246,1.0,0.0,0.30915881324170424,None
134,0.6781122088432312,0.8500289916992188,0.7124488353729248,1.400115966796875,[0.1000 0.1000 0.1000 0.1000 0.1000 0.1000 0.1000],[0.0000 0.0000 0.0000 0.0000 0.0000 0.0000 0.0000],0.52814120054245,0.5853715122474246,1.0,0.0,0.30915881324170424,None
134,0.6781122088432312,0.8500289916992188,0.7124488353729248,1.400115966796875,[0.1000 0.1000 0.1000 0.1000 0.1000 0.1000 0.1000],[0.0000 0.0000 0.0000 0.0000 0.0000 0.0000 0.0000],0.52814120054245,0.5853715122474246,1.0,0.0,0.30915881324170424,None
134,0.6781122088432312,0.8500289916992188,0.7124488353729248,1.400115966796875,[0.1000 0.1000 0.1000 0.1000 0.1000 0.1000 0.1000],[0.0000 0.0000 0.0000 0.0000 0.0000 0.0000 0.0000],0.52814120054245,0.5853715122474246,1.0,0.0,0.30915881324170424,None
134,0.6781122088432312,0.8500289916992188,0.7124488353729248,1.400115966796875,[0.1000 0.1000 0.1000 0.1000 0.1000 0.1000 0.1000],[0.0000 0.0000 0.0000 0.0000 0.0000 0.0000 0.0000],0.52814120054245,0.5853715122474246,1.0,0.0,0.30915881324170424,None
134,0.6781122088432312,0.8500289916992188,0.7124488353729248,1.400115966796875,[0.1000 0.1000 0.1000 0.1000 0.1000 0.1000 0.1000],[0.0000 0.0000 0.0000 0.0000 0.0000 0.0000 0.0000],0.52814120054245,0.5853715122474246,1.0,0.0,0.30915881324170424,None
134,0.6781122088432312,0.8500289916992188,0.7124488353729248,1.400115966796875,[0.1000 0.1000 0.1000 0.1000 0.1000 0.1000 0.1000],[0.0000 0.0000 0.0000 0.0000 0.0000 0.0000 0.0000],0.52814120054245,0.5853715122474246,1.0,0.0,0.30915881324170424,None
134,0.6781122088432312,0.8500289916992188,0.7124488353729248,1.400115966796875,[0.1000 0.1000 0.1000 0.1000 0.1000 0.1000 0.1000],[0.0000 0.0000 0.0000 0.0000 0.0000 0.0000 0.0000],0.52814120054245,0.5853715122474246,1.0,0.0,0.30915881324170424,None
134,0.6781122088432312,0.8500289916992188,0.7124488353729248,1.400115966796875,[0.1000 0.1000 0.1000 0.1000 0.1000 0.1000 0.1000],[0.0000 0.0000 0.0000 0.0000 0.0000 0.0000 0.0000],0.52814120054245,0.5853715122474246,1.0,0.0,0.30915881324170424,None
134,0.6781122088432312,0.8500289916992188,0.7124488353729248,1.400115966796875,[0.1000 0.1000 0.1000 0.1000 0.1000 0.1000 0.1000],[0.0000 0.0000 0.0000 0.0000 0.0000 0.0000 0.0000],0.52814120054245,0.5853715122474246,1.0,0.0,0.30915881324170424,None
134,0.6781122088432312,0.8500289916992188,0.7124488353729248,1.400115966796875,[0.1000 0.1000 0.1000 0.1000 0.1000 0.1000 0.1000],[0.0000 0.0000 0.0000 0.0000 0.0000 0.0000 0.0000],0.52814120054245,0.5853715122474246,1.0,0.0,0.30915881324170424,None
134,0.6781122088432312,0.8500289916992188,0.7124488353729248,1.400115966796875,[0.1000 0.1000 0.1000 0.1000 0.1000 0.1000 0.1000],[0.0000 0.0000 0.0000 0.0000 0.0000 0.0000 0.0000],0.52814120054245,0.5853715122474246,1.0,0.0,0.30915881324170424,None
134,0.6781122088432312,0.8500289916992188,0.7124488353729248,1.400115966796875,[0.1000 0.1000 0.1000 0.1000 0.1000 0.1000 0.1000],[0.0000 0.0000 0.0000 0.0000 0.0000 0.0000 0.0000],0.52814120054245,0.5853715122474246,1.0,0.0,0.30915881324170424,None
134,0.6781122088432312,0.8500289916992188,0.7124488353729248,1.400115966796875,[0.1000 0.1000 0.1000 0.1000 0.1000 0.1000 0.1000],[0.0000 0.0000 0.0000 0.0000 0.0000 0.0000 0.0000],0.52814120054245,0.5853715122474246,1.0,0.0,0.30915881324170424,None
134,0.6781122088432312,0.8500289916992188,0.7124488353729248,1.400115966796875,[0.1000 0.1000 0.1000 0.1000 0.1000 0.1000 0.1000],[0.0000 0.0000 0.0000 0.0000 0.0000 0.0000 0.0000],0.52814120054245,0.5853715122474246,1.0,0.0,0.30915881324170424,None
134,0.6781122088432312,0.8500289916992188,0.7124488353729248,1.400115966796875,[0.1000 0.1000 0.1000 0.1000 0.1000 0.1000 0.1000],[0.0000 0.0000 0.0000 0.0000 0.0000 0.0000 0.0000],0.52814120054245,0.5853715122474246,1.0,0.0,0.30915881324170424,None
134,0.6781122088432312,0.8500289916992188,0.7124488353729248,1.400115966796875,[0.1000 0.1000 0.1000 0.1000 0.1000 0.1000 0.1000],[0.0000 0.0000 0.0000 0.0000 0.0000 0.0000 0.0000],0.52814120054245,0.5853715122474246,1.0,0.0,0.30915881324170424,None
134,0.6781122088432312,0.8500289916992188,0.7124488353729248,1.400115966796875,[0.1000 0.1000 0.1000 0.1000 0.1000 0.1000 0.1000],[0.0000 0.0000 0.0000 0.0000 0.0000 0.0000 0.0000],0.52814120054245,0.5853715122474246,1.0,0.0,0.30915881324170424,None
134,0.6781122088432312,0.8500289916992188,0.7124488353729248,1.400115966796875,[0.1000 0.1000 0.1000 0.1000 0.1000 0.1000 0.1000],[0.0000 0.0000 0.0000 0.0000 0.0000 0.0000 0.0000],0.52814120054245,0.5853715122474246,1.0,0.0,0.30915881324170424,None
134,0.6781122088432312,0.8500289916992188,0.7124488353729248,1.400115966796875,[0.1000 0.1000 0.1000 0.1000 0.1000 0.1000 0.1000],[0.0000 0.0000 0.0000 0.0000 0.0000 0.0000 0.0000],0.52814120054245,0.5853715122474246,1.0,0.0,0.30915881324170424,None
134,0.6781122088432312,0.8500289916992188,0.7124488353729248,1.400115966796875,[0.1000 0.1000 0.1000 0.1000 0.1000 0.1000 0.1000],[0.0000 0.0000 0.0000 0.0000 0.0000 0.0000 0.0000],0.52814120054245,0.5853715122474246,1.0,0.0,0.30915881324170424,None
134,0.6781122088432312,0.8500289916992188,0.7124488353729248,1.400115966796875,[0.1000 0.1000 0.1000 0.1000 0.1000 0.1000 0.1000],[0.0000 0.0000 0.0000 0.0000 0.0000 0.0000 0.0000],0.52814120054245,0.5853715122474246,1.0,0.0,0.30915881324170424,None
134,0.6781122088432312,0.8500289916992188,0.7124488353729248,1.400115966796875,[0.1000 0.1000 0.1000 0.1000 0.1000 0.1000 0.1000],[0.0000 0.0000 0.0000 0.0000 0.0000 0.0000 0.0000],0.52814120054245,0.5853715122474246,1.0,0.0,0.30915881324170424,None
134,0.6781122088432312,0.8500289916992188,0.7124488353729248,1.400115966796875,[0.1000 0.1000 0.1000 0.1000 0.1000 0.1000 0.1000],[0.0000 0.0000 0.0000 0.0000 0.0000 0.0000 0.0000],0.52814120054245,0.5853715122474246,1.0,0.0,0.30915881324170424,None
134,0.6781122088432312,0.8500289916992188,0.7124488353729248,1.400115966796875,[0.1000 0.1000 0.1000 0.1000 0.1000 0.1000 0.1000],[0.0000 0.0000 0.0000 0.0000 0.0000 0.0000 0.0000],0.52814120054245,0.5853715122474246,1.0,0.0,0.30915881324170424,None
134,0.6781122088432312,0.8500289916992188,0.7124488353729248,1.400115966796875,[0.1000 0.1000 0.1000 0.1000 0.1000 0.1000 0.1000],[0.0000 0.0000 0.0000 0.0000 0.0000 0.0000 0.0000],0.52814120054245,0.5853715122474246,1.0,0.0,0.30915881324170424,None
134,0.6781122088432312,0.8500289916992188,0.7124488353729248,1.400115966796875,[0.1000 0.1000 0.1000 0.1000 0.1000 0.1000 0.1000],[0.0000 0.0000 0.0000 0.0000 0.0000 0.0000 0.0000],0.52814120054245,0.5853715122474246,1.0,0.0,0.30915881324170424,None
134,0.6781122088432312,0.8500289916992188,0.7124488353729248,1.400115966796875,[0.1000 0.1000 0.1000 0.1000 0.1000 0.1000 0.1000],[0.0000 0.0000 0.0000 0.0000 0.0000 0.0000 0.0000],0.52814120054245,0.5853715122474246,1.0,0.0,0.30915881324170424,None
134,0.6781122088432312,0.8500289916992188,0.7124488353729248,1.400115966796875,[0.1000 0.1000 0.1000 0.1000 0.1000 0.1000 0.1000],[0.0000 0.0000 0.0000 0.0000 0.0000 0.0000 0.0000],0.52814120054245,0.5853715122474246,1.0,0.0,0.30915881324170424,None
134,0.6781122088432312,0.8500289916992188,0.7124488353729248,1.400115966796875,[0.1000 0.1000 0.1000 0.1000 0.1000 0.1000 0.1000],[0.0000 0.0000 0.0000 0.0000 0.0000 0.0000 0.0000],0.52814120054245,0.5853715122474246,1.0,0.0,0.30915881324170424,None
134,0.6781122088432312,0.8500289916992188,0.7124488353729248,1.400115966796875,[0.1000 0.1000 0.1000 0.1000 0.1000 0.1000 0.1000],[0.0000 0.0000 0.0000 0.0000 0.0000 0.0000 0.0000],0.52814120054245,0.5853715122474246,1.0,0.0,0.30915881324170424,None
134,0.6781122088432312,0.8500289916992188,0.7124488353729248,1.400115966796875,[0.1000 0.1000 0.1000 0.1000 0.1000 0.1000 0.1000],[0.0000 0.0000 0.0000 0.0000 0.0000 0.0000 0.0000],0.52814120054245,0.5853715122474246,1.0,0.0,0.30915881324170424,None
134,0.6781122088432312,0.8500289916992188,0.7124488353729248,1.400115966796875,[0.1000 0.1000 0.1000 0.1000 0.1000 0.1000 0.1000],[0.0000 0.0000 0.0000 0.0000 0.0000 0.0000 0.0000],0.52814120054245,0.5853715122474246,1.0,0.0,0.30915881324170424,None
134,0.6781122088432312,0.8500289916992188,0.7124488353729248,1.400115966796875,[0.1000 0.1000 0.1000 0.1000 0.1000 0.1000 0.1000],[0.0000 0.0000 0.0000 0.0000 0.0000 0.0000 0.0000],0.52814120054245,0.5853715122474246,1.0,0.0,0.30915881324170424,None
134,0.6781122088432312,0.8500289916992188,0.7124488353729248,1.400115966796875,[0.1000 0.1000 0.1000 0.1000 0.1000 0.1000 0.1000],[0.0000 0.0000 0.0000 0.0000 0.0000 0.0000 0.0000],0.52814120054245,0.5853715122474246,1.0,0.0,0.30915881324170424,None
134,0.6781122088432312,0.8500289916992188,0.7124488353729248,1.400115966796875,[0.1000 0.1000 0.1000 0.1000 0.1000 0.1000 0.1000],[0.0000 0.0000 0.0000 0.0000 0.0000 0.0000 0.0000],0.52814120054245,0.5853715122474246,1.0,0.0,0.30915881324170424,None
134,0.6781122088432312,0.8500289916992188,0.7124488353729248,1.400115966796875,[0.1000 0.1000 0.1000 0.1000 0.1000 0.1000 0.1000],[0.0000 0.0000 0.0000 0.0000 0.0000 0.0000 0.0000],0.52814120054245,0.5853715122474246,1.0,0.0,0.30915881324170424,None
134,0.6781122088432312,0.8500289916992188,0.7124488353729248,1.400115966796875,[0.1000 0.1000 0.1000 0.1000 0.1000 0.1000 0.1000],[0.0000 0.0000 0.0000 0.0000 0.0000 0.0000 0.0000],0.52814120054245,0.5853715122474246,1.0,0.0,0.30915881324170424,None
134,0.6781122088432312,0.8500289916992188,0.7124488353729248,1.400115966796875,[0.1000 0.1000 0.1000 0.1000 0.1000 0.1000 0.1000],[0.0000 0.0000 0.0000 0.0000 0.0000 0.0000 0.0000],0.52814120054245,0.5853715122474246,1.0,0.0,0.30915881324170424,None
134,0.6781122088432312,0.8500289916992188,0.7124488353729248,1.400115966796875,[0.1000 0.1000 0.1000 0.1000 0.1000 0.1000 0.1000],[0.0000 0.0000 0.0000 0.0000 0.0000 0.0000 0.0000],0.52814120054245,0.5853715122474246,1.0,0.0,0.30915881324170424,None
134,0.6781122088432312,0.8500289916992188,0.7124488353729248,1.400115966796875,[0.1000 0.1000 0.1000 0.1000 0.1000 0.1000 0.1000],[0.0000 0.0000 0.0000 0.0000 0.0000 0.0000 0.0000],0.52814120054245,0.5853715122474246,1.0,0.0,0.30915881324170424,None
134,0.6781122088432312,0.8500289916992188,0.7124488353729248,1.400115966796875,[0.1000 0.1000 0.1000 0.1000 0.1000 0.1000 0.1000],[0.0000 0.0000 0.0000 0.0000 0.0000 0.0000 0.0000],0.52814120054245,0.5853715122474246,1.0,0.0,0.30915881324170424,None
134,0.6781122088432312,0.8500289916992188,0.7124488353729248,1.400115966796875,[0.1000 0.1000 0.1000 0.1000 0.1000 0.1000 0.1000],[0.0000 0.0000 0.0000 0.0000 0.0000 0.0000 0.0000],0.52814120054245,0.5853715122474246,1.0,0.0,0.30915881324170424,None
134,0.6781122088432312,0.8500289916992188,0.7124488353729248,1.400115966796875,[0.1000 0.1000 0.1000 0.1000 0.1000 0.1000 0.1000],[0.0000 0.0000 0.0000 0.0000 0.0000 0.0000 0.0000],0.52814120054245,0.5853715122474246,1.0,0.0,0.30915881324170424,None
134,0.6781122088432312,0.8500289916992188,0.7124488353729248,1.400115966796875,[0.1000 0.1000 0.1000 0.1000 0.1000 0.1000 0.1000],[0.0000 0.0000 0.0000 0.0000 0.0000 0.0000 0.0000],0.52814120054245,0.5853715122474246,1.0,0.0,0.30915881324170424,None
134,0.6781122088432312,0.8500289916992188,0.7124488353729248,1.400115966796875,[0.1000 0.1000 0.1000 0.1000 0.1000 0.1000 0.1000],[0.0000 0.0000 0.0000 0.0000 0.0000 0.0000 0.0000],0.52814120054245,0.5853715122474246,1.0,0.0,0.30915881324170424,None
134,0.6781122088432312,0.8500289916992188,0.7124488353729248,1.400115966796875,[0.1000 0.1000 0.1000 0.1000 0.1000 0.1000 0.1000],[0.0000 0.0000 0.0000 0.0000 0.0000 0.0000 0.0000],0.52814120054245,0.5853715122474246,1.0,0.0,0.30915881324170424,None
134,0.6781122088432312,0.8500289916992188,0.7124488353729248,1.400115966796875,[0.1000 0.1000 0.1000 0.1000 0.1000 0.1000 0.1000],[0.0000 0.0000 0.0000 0.0000 0.0000 0.0000 0.0000],0.52814120054245,0.5853715122474246,1.0,0.0,0.30915881324170424,None
134,0.6781122088432312,0.8500289916992188,0.7124488353729248,1.400115966796875,[0.1000 0.1000 0.1000 0.1000 0.1000 0.1000 0.1000],[0.0000 0.0000 0.0000 0.0000 0.0000 0.0000 0.0000],0.52814120054245,0.5853715122474246,1.0,0.0,0.30915881324170424,None
134,0.6781122088432312,0.8500289916992188,0.7124488353729248,1.400115966796875,[0.1000 0.1000 0.1000 0.1000 0.1000 0.1000 0.1000],[0.0000 0.0000 0.0000 0.0000 0.0000 0.0000 0.0000],0.52814120054245,0.5853715122474246,1.0,0.0,0.30915881324170424,None
134,0.6781122088432312,0.8500289916992188,0.7124488353729248,1.400115966796875,[0.1000 0.1000 0.1000 0.1000 0.1000 0.1000 0.1000],[0.0000 0.0000 0.0000 0.0000 0.0000 0.0000 0.0000],0.52814120054245,0.5853715122474246,1.0,0.0,0.30915881324170424,None
134,0.6781122088432312,0.8500289916992188,0.7124488353729248,1.400115966796875,[0.1000 0.1000 0.1000 0.1000 0.1000 0.1000 0.1000],[0.0000 0.0000 0.0000 0.0000 0.0000 0.0000 0.0000],0.52814120054245,0.5853715122474246,1.0,0.0,0.30915881324170424,None
134,0.6781122088432312,0.8500289916992188,0.7124488353729248,1.400115966796875,[0.1000 0.1000 0.1000 0.1000 0.1000 0.1000 0.1000],[0.0000 0.0000 0.0000 0.0000 0.0000 0.0000 0.0000],0.52814120054245,0.5853715122474246,1.0,0.0,0.30915881324170424,None
134,0.6781122088432312,0.8500289916992188,0.7124488353729248,1.400115966796875,[0.1000 0.1000 0.1000 0.1000 0.1000 0.1000 0.1000],[0.0000 0.0000 0.0000 0.0000 0.0000 0.0000 0.0000],0.52814120054245,0.5853715122474246,1.0,0.0,0.30915881324170424,None
134,0.6781122088432312,0.8500289916992188,0.7124488353729248,1.400115966796875,[0.1000 0.1000 0.1000 0.1000 0.1000 0.1000 0.1000],[0.0000 0.0000 0.0000 0.0000 0.0000 0.0000 0.0000],0.52814120054245,0.5853715122474246,1.0,0.0,0.30915881324170424,None
134,0.6781122088432312,0.8500289916992188,0.7124488353729248,1.400115966796875,[0.1000 0.1000 0.1000 0.1000 0.1000 0.1000 0.1000],[0.0000 0.0000 0.0000 0.0000 0.0000 0.0000 0.0000],0.52814120054245,0.5853715122474246,1.0,0.0,0.30915881324170424,None
134,0.6781122088432312,0.8500289916992188,0.7124488353729248,1.400115966796875,[0.1000 0.1000 0.1000 0.1000 0.1000 0.1000 0.1000],[0.0000 0.0000 0.0000 0.0000 0.0000 0.0000 0.0000],0.52814120054245,0.5853715122474246,1.0,0.0,0.30915881324170424,None
134,0.6781122088432312,0.8500289916992188,0.7124488353729248,1.400115966796875,[0.1000 0.1000 0.1000 0.1000 0.1000 0.1000 0.1000],[0.0000 0.0000 0.0000 0.0000 0.0000 0.0000 0.0000],0.52814120054245,0.5853715122474246,1.0,0.0,0.30915881324170424,None
134,0.6781122088432312,0.8500289916992188,0.7124488353729248,1.400115966796875,[0.1000 0.1000 0.1000 0.1000 0.1000 0.1000 0.1000],[0.0000 0.0000 0.0000 0.0000 0.0000 0.0000 0.0000],0.52814120054245,0.5853715122474246,1.0,0.0,0.30915881324170424,None
134,0.6781122088432312,0.8500289916992188,0.7124488353729248,1.400115966796875,[0.1000 0.1000 0.1000 0.1000 0.1000 0.1000 0.1000],[0.0000 0.0000 0.0000 0.0000 0.0000 0.0000 0.0000],0.52814120054245,0.5853715122474246,1.0,0.0,0.30915881324170424,None
134,0.6781122088432312,0.8500289916992188,0.7124488353729248,1.400115966796875,[0.1000 0.1000 0.1000 0.1000 0.1000 0.1000 0.1000],[0.0000 0.0000 0.0000 0.0000 0.0000 0.0000 0.0000],0.52814120054245,0.5853715122474246,1.0,0.0,0.30915881324170424,None
134,0.6781122088432312,0.8500289916992188,0.7124488353729248,1.400115966796875,[0.1000 0.1000 0.1000 0.1000 0.1000 0.1000 0.1000],[0.0000 0.0000 0.0000 0.0000 0.0000 0.0000 0.0000],0.52814120054245,0.5853715122474246,1.0,0.0,0.30915881324170424,None
134,0.6781122088432312,0.8500289916992188,0.7124488353729248,1.400115966796875,[0.1000 0.1000 0.1000 0.1000 0.1000 0.1000 0.1000],[0.0000 0.0000 0.0000 0.0000 0.0000 0.0000 0.0000],0.52814120054245,0.5853715122474246,1.0,0.0,0.30915881324170424,None
134,0.6781122088432312,0.8500289916992188,0.7124488353729248,1.400115966796875,[0.1000 0.1000 0.1000 0.1000 0.1000 0.1000 0.1000],[0.0000 0.0000 0.0000 0.0000 0.0000 0.0000 0.0000],0.52814120054245,0.5853715122474246,1.0,0.0,0.30915881324170424,None
134,0.6781122088432312,0.8500289916992188,0.7124488353729248,1.400115966796875,[0.1000 0.1000 0.1000 0.1000 0.1000 0.1000 0.1000],[0.0000 0.0000 0.0000 0.0000 0.0000 0.0000 0.0000],0.52814120054245,0.5853715122474246,1.0,0.0,0.30915881324170424,None
134,0.6781122088432312,0.8500289916992188,0.7124488353729248,1.400115966796875,[0.1000 0.1000 0.1000 0.1000 0.1000 0.1000 0.1000],[0.0000 0.0000 0.0000 0.0000 0.0000 0.0000 0.0000],0.52814120054245,0.5853715122474246,1.0,0.0,0.30915881324170424,None
134,0.6781122088432312,0.8500289916992188,0.7124488353729248,1.400115966796875,[0.1000 0.1000 0.1000 0.1000 0.1000 0.1000 0.1000],[0.0000 0.0000 0.0000 0.0000 0.0000 0.0000 0.0000],0.52814120054245,0.5853715122474246,1.0,0.0,0.30915881324170424,None
134,0.6781122088432312,0.8500289916992188,0.7124488353729248,1.400115966796875,[0.1000 0.1000 0.1000 0.1000 0.1000 0.1000 0.1000],[0.0000 0.0000 0.0000 0.0000 0.0000 0.0000 0.0000],0.52814120054245,0.5853715122474246,1.0,0.0,0.30915881324170424,None
134,0.6781122088432312,0.8500289916992188,0.7124488353729248,1.400115966796875,[0.1000 0.1000 0.1000 0.1000 0.1000 0.1000 0.1000],[0.0000 0.0000 0.0000 0.0000 0.0000 0.0000 0.0000],0.52814120054245,0.5853715122474246,1.0,0.0,0.30915881324170424,None
134,0.6781122088432312,0.8500289916992188,0.7124488353729248,1.400115966796875,[0.1000 0.1000 0.1000 0.1000 0.1000 0.1000 0.1000],[0.0000 0.0000 0.0000 0.0000 0.0000 0.0000 0.0000],0.52814120054245,0.5853715122474246,1.0,0.0,0.30915881324170424,None
134,0.6781122088432312,0.8500289916992188,0.7124488353729248,1.400115966796875,[0.1000 0.1000 0.1000 0.1000 0.1000 0.1000 0.1000],[0.0000 0.0000 0.0000 0.0000 0.0000 0.0000 0.0000],0.52814120054245,0.5853715122474246,1.0,0.0,0.30915881324170424,None
134,0.6781122088432312,0.8500289916992188,0.7124488353729248,1.400115966796875,[0.1000 0.1000 0.1000 0.1000 0.1000 0.1000 0.1000],[0.0000 0.0000 0.0000 0.0000 0.0000 0.0000 0.0000],0.52814120054245,0.5853715122474246,1.0,0.0,0.30915881324170424,None
134,0.6781122088432312,0.8500289916992188,0.7124488353729248,1.400115966796875,[0.1000 0.1000 0.1000 0.1000 0.1000 0.1000 0.1000],[0.0000 0.0000 0.0000 0.0000 0.0000 0.0000 0.0000],0.52814120054245,0.5853715122474246,1.0,0.0,0.30915881324170424,None
134,0.6781122088432312,0.8500289916992188,0.7124488353729248,1.400115966796875,[0.1000 0.1000 0.1000 0.1000 0.1000 0.1000 0.1000],[0.0000 0.0000 0.0000 0.0000 0.0000 0.0000 0.0000],0.52814120054245,0.5853715122474246,1.0,0.0,0.30915881324170424,None
134,0.6781122088432312,0.8500289916992188,0.7124488353729248,1.400115966796875,[0.1000 0.1000 0.1000 0.1000 0.1000 0.1000 0.1000],[0.0000 0.0000 0.0000 0.0000 0.0000 0.0000 0.0000],0.52814120054245,0.5853715122474246,1.0,0.0,0.30915881324170424,None
134,0.6781122088432312,0.8500289916992188,0.7124488353729248,1.400115966796875,[0.1000 0.1000 0.1000 0.1000 0.1000 0.1000 0.1000],[0.0000 0.0000 0.0000 0.0000 0.0000 0.0000 0.0000],0.52814120054245,0.5853715122474246,1.0,0.0,0.30915881324170424,None
134,0.6781122088432312,0.8500289916992188,0.7124488353729248,1.400115966796875,[0.1000 0.1000 0.1000 0.1000 0.1000 0.1000 0.1000],[0.0000 0.0000 0.0000 0.0000 0.0000 0.0000 0.0000],0.52814120054245,0.5853715122474246,1.0,0.0,0.30915881324170424,None
134,0.6781122088432312,0.8500289916992188,0.7124488353729248,1.400115966796875,[0.1000 0.1000 0.1000 0.1000 0.1000 0.1000 0.1000],[0.0000 0.0000 0.0000 0.0000 0.0000 0.0000 0.0000],0.52814120054245,0.5853715122474246,1.0,0.0,0.30915881324170424,None
134,0.6781122088432312,0.8500289916992188,0.7124488353729248,1.400115966796875,[0.1000 0.1000 0.1000 0.1000 0.1000 0.1000 0.1000],[0.0000 0.0000 0.0000 0.0000 0.0000 0.0000 0.0000],0.52814120054245,0.5853715122474246,1.0,0.0,0.30915881324170424,None
134,0.6781122088432312,0.8500289916992188,0.7124488353729248,1.400115966796875,[0.1000 0.1000 0.1000 0.1000 0.1000 0.1000 0.1000],[0.0000 0.0000 0.0000 0.0000 0.0000 0.0000 0.0000],0.52814120054245,0.5853715122474246,1.0,0.0,0.30915881324170424,None
134,0.6781122088432312,0.8500289916992188,0.7124488353729248,1.400115966796875,[0.1000 0.1000 0.1000 0.1000 0.1000 0.1000 0.1000],[0.0000 0.0000 0.0000 0.0000 0.0000 0.0000 0.0000],0.52814120054245,0.5853715122474246,1.0,0.0,0.30915881324170424,None
134,0.6781122088432312,0.8500289916992188,0.7124488353729248,1.400115966796875,[0.1000 0.1000 0.1000 0.1000 0.1000 0.1000 0.1000],[0.0000 0.0000 0.0000 0.0000 0.0000 0.0000 0.0000],0.52814120054245,0.5853715122474246,1.0,0.0,0.30915881324170424,None
134,0.6781122088432312,0.8500289916992188,0.7124488353729248,1.400115966796875,[0.1000 0.1000 0.1000 0.1000 0.1000 0.1000 0.1000],[0.0000 0.0000 0.0000 0.0000 0.0000 0.0000 0.0000],0.52814120054245,0.5853715122474246,1.0,0.0,0.30915881324170424,None
134,0.6781122088432312,0.8500289916992188,0.7124488353729248,1.400115966796875,[0.1000 0.1000 0.1000 0.1000 0.1000 0.1000 0.1000],[0.0000 0.0000 0.0000 0.0000 0.0000 0.0000 0.0000],0.52814120054245,0.5853715122474246,1.0,0.0,0.30915881324170424,None
134,0.6781122088432312,0.8500289916992188,0.7124488353729248,1.400115966796875,[0.1000 0.1000 0.1000 0.1000 0.1000 0.1000 0.1000],[0.0000 0.0000 0.0000 0.0000 0.0000 0.0000 0.0000],0.52814120054245,0.5853715122474246,1.0,0.0,0.30915881324170424,None
134,0.6781122088432312,0.8500289916992188,0.7124488353729248,1.400115966796875,[0.1000 0.1000 0.1000 0.1000 0.1000 0.1000 0.1000],[0.0000 0.0000 0.0000 0.0000 0.0000 0.0000 0.0000],0.52814120054245,0.5853715122474246,1.0,0.0,0.30915881324170424,None
134,0.6781122088432312,0.8500289916992188,0.7124488353729248,1.400115966796875,[0.1000 0.1000 0.1000 0.1000 0.1000 0.1000 0.1000],[0.0000 0.0000 0.0000 0.0000 0.0000 0.0000 0.0000],0.52814120054245,0.5853715122474246,1.0,0.0,0.30915881324170424,None
134,0.6781122088432312,0.8500289916992188,0.7124488353729248,1.400115966796875,[0.1000 0.1000 0.1000 0.1000 0.1000 0.1000 0.1000],[0.0000 0.0000 0.0000 0.0000 0.0000 0.0000 0.0000],0.52814120054245,0.5853715122474246,1.0,0.0,0.30915881324170424,None
134,0.6781122088432312,0.8500289916992188,0.7124488353729248,1.400115966796875,[0.1000 0.1000 0.1000 0.1000 0.1000 0.1000 0.1000],[0.0000 0.0000 0.0000 0.0000 0.0000 0.0000 0.0000],0.52814120054245,0.5853715122474246,1.0,0.0,0.30915881324170424,None
134,0.6781122088432312,0.8500289916992188,0.7124488353729248,1.400115966796875,[0.1000 0.1000 0.1000 0.1000 0.1000 0.1000 0.1000],[0.0000 0.0000 0.0000 0.0000 0.0000 0.0000 0.0000],0.52814120054245,0.5853715122474246,1.0,0.0,0.30915881324170424,None
134,0.6781122088432312,0.8500289916992188,0.7124488353729248,1.400115966796875,[0.1000 0.1000 0.1000 0.1000 0.1000 0.1000 0.1000],[0.0000 0.0000 0.0000 0.0000 0.0000 0.0000 0.0000],0.52814120054245,0.5853715122474246,1.0,0.0,0.30915881324170424,None
134,0.6781122088432312,0.8500289916992188,0.7124488353729248,1.400115966796875,[0.1000 0.1000 0.1000 0.1000 0.1000 0.1000 0.1000],[0.0000 0.0000 0.0000 0.0000 0.0000 0.0000 0.0000],0.52814120054245,0.5853715122474246,1.0,0.0,0.30915881324170424,None
134,0.6781122088432312,0.8500289916992188,0.7124488353729248,1.400115966796875,[0.1000 0.1000 0.1000 0.1000 0.1000 0.1000 0.1000],[0.0000 0.0000 0.0000 0.0000 0.0000 0.0000 0.0000],0.52814120054245,0.5853715122474246,1.0,0.0,0.30915881324170424,None
134,0.6781122088432312,0.8500289916992188,0.7124488353729248,1.400115966796875,[0.1000 0.1000 0.1000 0.1000 0.1000 0.1000 0.1000],[0.0000 0.0000 0.0000 0.0000 0.0000 0.0000 0.0000],0.52814120054245,0.5853715122474246,1.0,0.0,0.30915881324170424,None
134,0.6781122088432312,0.8500289916992188,0.7124488353729248,1.400115966796875,[0.1000 0.1000 0.1000 0.1000 0.1000 0.1000 0.1000],[0.0000 0.0000 0.0000 0.0000 0.0000 0.0000 0.0000],0.52814120054245,0.5853715122474246,1.0,0.0,0.30915881324170424,None
134,0.6781122088432312,0.8500289916992188,0.7124488353729248,1.400115966796875,[0.1000 0.1000 0.1000 0.1000 0.1000 0.1000 0.1000],[0.0000 0.0000 0.0000 0.0000 0.0000 0.0000 0.0000],0.52814120054245,0.5853715122474246,1.0,0.0,0.30915881324170424,None
134,0.6781122088432312,0.8500289916992188,0.7124488353729248,1.400115966796875,[0.1000 0.1000 0.1000 0.1000 0.1000 0.1000 0.1000],[0.0000 0.0000 0.0000 0.0000 0.0000 0.0000 0.0000],0.52814120054245,0.5853715122474246,1.0,0.0,0.30915881324170424,None
134,0.6781122088432312,0.8500289916992188,0.7124488353729248,1.400115966796875,[0.1000 0.1000 0.1000 0.1000 0.1000 0.1000 0.1000],[0.0000 0.0000 0.0000 0.0000 0.0000 0.0000 0.0000],0.52814120054245,0.5853715122474246,1.0,0.0,0.30915881324170424,None
134,0.6781122088432312,0.8500289916992188,0.7124488353729248,1.400115966796875,[0.1000 0.1000 0.1000 0.1000 0.1000 0.1000 0.1000],[0.0000 0.0000 0.0000 0.0000 0.0000 0.0000 0.0000],0.52814120054245,0.5853715122474246,1.0,0.0,0.30915881324170424,None
134,0.6781122088432312,0.8500289916992188,0.7124488353729248,1.400115966796875,[0.1000 0.1000 0.1000 0.1000 0.1000 0.1000 0.1000],[0.0000 0.0000 0.0000 0.0000 0.0000 0.0000 0.0000],0.52814120054245,0.5853715122474246,1.0,0.0,0.30915881324170424,None
134,0.6781122088432312,0.8500289916992188,0.7124488353729248,1.400115966796875,[0.1000 0.1000 0.1000 0.1000 0.1000 0.1000 0.1000],[0.0000 0.0000 0.0000 0.0000 0.0000 0.0000 0.0000],0.52814120054245,0.5853715122474246,1.0,0.0,0.30915881324170424,None
134,0.6781122088432312,0.8500289916992188,0.7124488353729248,1.400115966796875,[0.1000 0.1000 0.1000 0.1000 0.1000 0.1000 0.1000],[0.0000 0.0000 0.0000 0.0000 0.0000 0.0000 0.0000],0.52814120054245,0.5853715122474246,1.0,0.0,0.30915881324170424,None
134,0.6781122088432312,0.8500289916992188,0.7124488353729248,1.400115966796875,[0.1000 0.1000 0.1000 0.1000 0.1000 0.1000 0.1000],[0.0000 0.0000 0.0000 0.0000 0.0000 0.0000 0.0000],0.52814120054245,0.5853715122474246,1.0,0.0,0.30915881324170424,None
134,0.6781122088432312,0.8500289916992188,0.7124488353729248,1.400115966796875,[0.1000 0.1000 0.1000 0.1000 0.1000 0.1000 0.1000],[0.0000 0.0000 0.0000 0.0000 0.0000 0.0000 0.0000],0.52814120054245,0.5853715122474246,1.0,0.0,0.30915881324170424,None
134,0.6781122088432312,0.8500289916992188,0.7124488353729248,1.400115966796875,[0.1000 0.1000 0.1000 0.1000 0.1000 0.1000 0.1000],[0.0000 0.0000 0.0000 0.0000 0.0000 0.0000 0.0000],0.52814120054245,0.5853715122474246,1.0,0.0,0.30915881324170424,None
134,0.6781122088432312,0.8500289916992188,0.7124488353729248,1.400115966796875,[0.1000 0.1000 0.1000 0.1000 0.1000 0.1000 0.1000],[0.0000 0.0000 0.0000 0.0000 0.0000 0.0000 0.0000],0.52814120054245,0.5853715122474246,1.0,0.0,0.30915881324170424,None
134,0.6781122088432312,0.8500289916992188,0.7124488353729248,1.400115966796875,[0.1000 0.1000 0.1000 0.1000 0.1000 0.1000 0.1000],[0.0000 0.0000 0.0000 0.0000 0.0000 0.0000 0.0000],0.52814120054245,0.5853715122474246,1.0,0.0,0.30915881324170424,None
134,0.6781122088432312,0.8500289916992188,0.7124488353729248,1.400115966796875,[0.1000 0.1000 0.1000 0.1000 0.1000 0.1000 0.1000],[0.0000 0.0000 0.0000 0.0000 0.0000 0.0000 0.0000],0.52814120054245,0.5853715122474246,1.0,0.0,0.30915881324170424,None
134,0.6781122088432312,0.8500289916992188,0.7124488353729248,1.400115966796875,[0.1000 0.1000 0.1000 0.1000 0.1000 0.1000 0.1000],[0.0000 0.0000 0.0000 0.0000 0.0000 0.0000 0.0000],0.52814120054245,0.5853715122474246,1.0,0.0,0.30915881324170424,None
134,0.6781122088432312,0.8500289916992188,0.7124488353729248,1.400115966796875,[0.1000 0.1000 0.1000 0.1000 0.1000 0.1000 0.1000],[0.0000 0.0000 0.0000 0.0000 0.0000 0.0000 0.0000],0.52814120054245,0.5853715122474246,1.0,0.0,0.30915881324170424,None
134,0.6781122088432312,0.8500289916992188,0.7124488353729248,1.400115966796875,[0.1000 0.1000 0.1000 0.1000 0.1000 0.1000 0.1000],[0.0000 0.0000 0.0000 0.0000 0.0000 0.0000 0.0000],0.52814120054245,0.5853715122474246,1.0,0.0,0.30915881324170424,None
134,0.6781122088432312,0.8500289916992188,0.7124488353729248,1.400115966796875,[0.1000 0.1000 0.1000 0.1000 0.1000 0.1000 0.1000],[0.0000 0.0000 0.0000 0.0000 0.0000 0.0000 0.0000],0.52814120054245,0.5853715122474246,1.0,0.0,0.30915881324170424,None
134,0.6781122088432312,0.8500289916992188,0.7124488353729248,1.400115966796875,[0.1000 0.1000 0.1000 0.1000 0.1000 0.1000 0.1000],[0.0000 0.0000 0.0000 0.0000 0.0000 0.0000 0.0000],0.52814120054245,0.5853715122474246,1.0,0.0,0.30915881324170424,None
134,0.6781122088432312,0.8500289916992188,0.7124488353729248,1.400115966796875,[0.1000 0.1000 0.1000 0.1000 0.1000 0.1000 0.1000],[0.0000 0.0000 0.0000 0.0000 0.0000 0.0000 0.0000],0.52814120054245,0.5853715122474246,1.0,0.0,0.30915881324170424,None
134,0.6781122088432312,0.8500289916992188,0.7124488353729248,1.400115966796875,[0.1000 0.1000 0.1000 0.1000 0.1000 0.1000 0.1000],[0.0000 0.0000 0.0000 0.0000 0.0000 0.0000 0.0000],0.52814120054245,0.5853715122474246,1.0,0.0,0.30915881324170424,None
134,0.6781122088432312,0.8500289916992188,0.7124488353729248,1.400115966796875,[0.1000 0.1000 0.1000 0.1000 0.1000 0.1000 0.1000],[0.0000 0.0000 0.0000 0.0000 0.0000 0.0000 0.0000],0.52814120054245,0.5853715122474246,1.0,0.0,0.30915881324170424,None
134,0.6781122088432312,0.8500289916992188,0.7124488353729248,1.400115966796875,[0.1000 0.1000 0.1000 0.1000 0.1000 0.1000 0.1000],[0.0000 0.0000 0.0000 0.0000 0.0000 0.0000 0.0000],0.52814120054245,0.5853715122474246,1.0,0.0,0.30915881324170424,None
134,0.6781122088432312,0.8500289916992188,0.7124488353729248,1.400115966796875,[0.1000 0.1000 0.1000 0.1000 0.1000 0.1000 0.1000],[0.0000 0.0000 0.0000 0.0000 0.0000 0.0000 0.0000],0.52814120054245,0.5853715122474246,1.0,0.0,0.30915881324170424,None
134,0.6781122088432312,0.8500289916992188,0.7124488353729248,1.400115966796875,[0.1000 0.1000 0.1000 0.1000 0.1000 0.1000 0.1000],[0.0000 0.0000 0.0000 0.0000 0.0000 0.0000 0.0000],0.52814120054245,0.5853715122474246,1.0,0.0,0.30915881324170424,None
134,0.6781122088432312,0.8500289916992188,0.7124488353729248,1.400115966796875,[0.1000 0.1000 0.1000 0.1000 0.1000 0.1000 0.1000],[0.0000 0.0000 0.0000 0.0000 0.0000 0.0000 0.0000],0.52814120054245,0.5853715122474246,1.0,0.0,0.30915881324170424,None
134,0.6781122088432312,0.8500289916992188,0.7124488353729248,1.400115966796875,[0.1000 0.1000 0.1000 0.1000 0.1000 0.1000 0.1000],[0.0000 0.0000 0.0000 0.0000 0.0000 0.0000 0.0000],0.52814120054245,0.5853715122474246,1.0,0.0,0.30915881324170424,None
134,0.6781122088432312,0.8500289916992188,0.7124488353729248,1.400115966796875,[0.1000 0.1000 0.1000 0.1000 0.1000 0.1000 0.1000],[0.0000 0.0000 0.0000 0.0000 0.0000 0.0000 0.0000],0.52814120054245,0.5853715122474246,1.0,0.0,0.30915881324170424,None
134,0.6781122088432312,0.8500289916992188,0.7124488353729248,1.400115966796875,[0.1000 0.1000 0.1000 0.1000 0.1000 0.1000 0.1000],[0.0000 0.0000 0.0000 0.0000 0.0000 0.0000 0.0000],0.52814120054245,0.5853715122474246,1.0,0.0,0.30915881324170424,None
134,0.6781122088432312,0.8500289916992188,0.7124488353729248,1.400115966796875,[0.1000 0.1000 0.1000 0.1000 0.1000 0.1000 0.1000],[0.0000 0.0000 0.0000 0.0000 0.0000 0.0000 0.0000],0.52814120054245,0.5853715122474246,1.0,0.0,0.30915881324170424,None
134,0.6781122088432312,0.8500289916992188,0.7124488353729248,1.400115966796875,[0.1000 0.1000 0.1000 0.1000 0.1000 0.1000 0.1000],[0.0000 0.0000 0.0000 0.0000 0.0000 0.0000 0.0000],0.52814120054245,0.5853715122474246,1.0,0.0,0.30915881324170424,None
134,0.6781122088432312,0.8500289916992188,0.7124488353729248,1.400115966796875,[0.1000 0.1000 0.1000 0.1000 0.1000 0.1000 0.1000],[0.0000 0.0000 0.0000 0.0000 0.0000 0.0000 0.0000],0.52814120054245,0.5853715122474246,1.0,0.0,0.30915881324170424,None
134,0.6781122088432312,0.8500289916992188,0.7124488353729248,1.400115966796875,[0.1000 0.1000 0.1000 0.1000 0.1000 0.1000 0.1000],[0.0000 0.0000 0.0000 0.0000 0.0000 0.0000 0.0000],0.52814120054245,0.5853715122474246,1.0,0.0,0.30915881324170424,None
134,0.6781122088432312,0.8500289916992188,0.7124488353729248,1.400115966796875,[0.1000 0.1000 0.1000 0.1000 0.1000 0.1000 0.1000],[0.0000 0.0000 0.0000 0.0000 0.0000 0.0000 0.0000],0.52814120054245,0.5853715122474246,1.0,0.0,0.30915881324170424,None
134,0.6781122088432312,0.8500289916992188,0.7124488353729248,1.400115966796875,[0.1000 0.1000 0.1000 0.1000 0.1000 0.1000 0.1000],[0.0000 0.0000 0.0000 0.0000 0.0000 0.0000 0.0000],0.52814120054245,0.5853715122474246,1.0,0.0,0.30915881324170424,None
134,0.6781122088432312,0.8500289916992188,0.7124488353729248,1.400115966796875,[0.1000 0.1000 0.1000 0.1000 0.1000 0.1000 0.1000],[0.0000 0.0000 0.0000 0.0000 0.0000 0.0000 0.0000],0.52814120054245,0.5853715122474246,1.0,0.0,0.30915881324170424,None
134,0.6781122088432312,0.8500289916992188,0.7124488353729248,1.400115966796875,[0.1000 0.1000 0.1000 0.1000 0.1000 0.1000 0.1000],[0.0000 0.0000 0.0000 0.0000 0.0000 0.0000 0.0000],0.52814120054245,0.5853715122474246,1.0,0.0,0.30915881324170424,None
134,0.6781122088432312,0.8500289916992188,0.7124488353729248,1.400115966796875,[0.1000 0.1000 0.1000 0.1000 0.1000 0.1000 0.1000],[0.0000 0.0000 0.0000 0.0000 0.0000 0.0000 0.0000],0.52814120054245,0.5853715122474246,1.0,0.0,0.30915881324170424,None
134,0.6781122088432312,0.8500289916992188,0.7124488353729248,1.400115966796875,[0.1000 0.1000 0.1000 0.1000 0.1000 0.1000 0.1000],[0.0000 0.0000 0.0000 0.0000 0.0000 0.0000 0.0000],0.52814120054245,0.5853715122474246,1.0,0.0,0.30915881324170424,None
134,0.6781122088432312,0.8500289916992188,0.7124488353729248,1.400115966796875,[0.1000 0.1000 0.1000 0.1000 0.1000 0.1000 0.1000],[0.0000 0.0000 0.0000 0.0000 0.0000 0.0000 0.0000],0.52814120054245,0.5853715122474246,1.0,0.0,0.30915881324170424,None
134,0.6781122088432312,0.8500289916992188,0.7124488353729248,1.400115966796875,[0.1000 0.1000 0.1000 0.1000 0.1000 0.1000 0.1000],[0.0000 0.0000 0.0000 0.0000 0.0000 0.0000 0.0000],0.52814120054245,0.5853715122474246,1.0,0.0,0.30915881324170424,None
134,0.6781122088432312,0.8500289916992188,0.7124488353729248,1.400115966796875,[0.1000 0.1000 0.1000 0.1000 0.1000 0.1000 0.1000],[0.0000 0.0000 0.0000 0.0000 0.0000 0.0000 0.0000],0.52814120054245,0.5853715122474246,1.0,0.0,0.30915881324170424,None
134,0.6781122088432312,0.8500289916992188,0.7124488353729248,1.400115966796875,[0.1000 0.1000 0.1000 0.1000 0.1000 0.1000 0.1000],[0.0000 0.0000 0.0000 0.0000 0.0000 0.0000 0.0000],0.52814120054245,0.5853715122474246,1.0,0.0,0.30915881324170424,None
134,0.6781122088432312,0.8500289916992188,0.7124488353729248,1.400115966796875,[0.1000 0.1000 0.1000 0.1000 0.1000 0.1000 0.1000],[0.0000 0.0000 0.0000 0.0000 0.0000 0.0000 0.0000],0.52814120054245,0.5853715122474246,1.0,0.0,0.30915881324170424,None
134,0.6781122088432312,0.8500289916992188,0.7124488353729248,1.400115966796875,[0.1000 0.1000 0.1000 0.1000 0.1000 0.1000 0.1000],[0.0000 0.0000 0.0000 0.0000 0.0000 0.0000 0.0000],0.52814120054245,0.5853715122474246,1.0,0.0,0.30915881324170424,None
134,0.6781122088432312,0.8500289916992188,0.7124488353729248,1.400115966796875,[0.1000 0.1000 0.1000 0.1000 0.1000 0.1000 0.1000],[0.0000 0.0000 0.0000 0.0000 0.0000 0.0000 0.0000],0.52814120054245,0.5853715122474246,1.0,0.0,0.30915881324170424,None
134,0.6781122088432312,0.8500289916992188,0.7124488353729248,1.400115966796875,[0.1000 0.1000 0.1000 0.1000 0.1000 0.1000 0.1000],[0.0000 0.0000 0.0000 0.0000 0.0000 0.0000 0.0000],0.52814120054245,0.5853715122474246,1.0,0.0,0.30915881324170424,None
134,0.6781122088432312,0.8500289916992188,0.7124488353729248,1.400115966796875,[0.1000 0.1000 0.1000 0.1000 0.1000 0.1000 0.1000],[0.0000 0.0000 0.0000 0.0000 0.0000 0.0000 0.0000],0.52814120054245,0.5853715122474246,1.0,0.0,0.30915881324170424,None
134,0.6781122088432312,0.8500289916992188,0.7124488353729248,1.400115966796875,[0.1000 0.1000 0.1000 0.1000 0.1000 0.1000 0.1000],[0.0000 0.0000 0.0000 0.0000 0.0000 0.0000 0.0000],0.52814120054245,0.5853715122474246,1.0,0.0,0.30915881324170424,None
134,0.6781122088432312,0.8500289916992188,0.7124488353729248,1.400115966796875,[0.1000 0.1000 0.1000 0.1000 0.1000 0.1000 0.1000],[0.0000 0.0000 0.0000 0.0000 0.0000 0.0000 0.0000],0.52814120054245,0.5853715122474246,1.0,0.0,0.30915881324170424,None
134,0.6781122088432312,0.8500289916992188,0.7124488353729248,1.400115966796875,[0.1000 0.1000 0.1000 0.1000 0.1000 0.1000 0.1000],[0.0000 0.0000 0.0000 0.0000 0.0000 0.0000 0.0000],0.52814120054245,0.5853715122474246,1.0,0.0,0.30915881324170424,None
134,0.6781122088432312,0.8500289916992188,0.7124488353729248,1.400115966796875,[0.1000 0.1000 0.1000 0.1000 0.1000 0.1000 0.1000],[0.0000 0.0000 0.0000 0.0000 0.0000 0.0000 0.0000],0.52814120054245,0.5853715122474246,1.0,0.0,0.30915881324170424,None
134,0.6781122088432312,0.8500289916992188,0.7124488353729248,1.400115966796875,[0.1000 0.1000 0.1000 0.1000 0.1000 0.1000 0.1000],[0.0000 0.0000 0.0000 0.0000 0.0000 0.0000 0.0000],0.52814120054245,0.5853715122474246,1.0,0.0,0.30915881324170424,None
134,0.6781122088432312,0.8500289916992188,0.7124488353729248,1.400115966796875,[0.1000 0.1000 0.1000 0.1000 0.1000 0.1000 0.1000],[0.0000 0.0000 0.0000 0.0000 0.0000 0.0000 0.0000],0.52814120054245,0.5853715122474246,1.0,0.0,0.30915881324170424,None
134,0.6781122088432312,0.8500289916992188,0.7124488353729248,1.400115966796875,[0.1000 0.1000 0.1000 0.1000 0.1000 0.1000 0.1000],[0.0000 0.0000 0.0000 0.0000 0.0000 0.0000 0.0000],0.52814120054245,0.5853715122474246,1.0,0.0,0.30915881324170424,None
134,0.6781122088432312,0.8500289916992188,0.7124488353729248,1.400115966796875,[0.1000 0.1000 0.1000 0.1000 0.1000 0.1000 0.1000],[0.0000 0.0000 0.0000 0.0000 0.0000 0.0000 0.0000],0.52814120054245,0.5853715122474246,1.0,0.0,0.30915881324170424,None
134,0.6781122088432312,0.8500289916992188,0.7124488353729248,1.400115966796875,[0.1000 0.1000 0.1000 0.1000 0.1000 0.1000 0.1000],[0.0000 0.0000 0.0000 0.0000 0.0000 0.0000 0.0000],0.52814120054245,0.5853715122474246,1.0,0.0,0.30915881324170424,None
134,0.6781122088432312,0.8500289916992188,0.7124488353729248,1.400115966796875,[0.1000 0.1000 0.1000 0.1000 0.1000 0.1000 0.1000],[0.0000 0.0000 0.0000 0.0000 0.0000 0.0000 0.0000],0.52814120054245,0.5853715122474246,1.0,0.0,0.30915881324170424,None
134,0.6781122088432312,0.8500289916992188,0.7124488353729248,1.400115966796875,[0.1000 0.1000 0.1000 0.1000 0.1000 0.1000 0.1000],[0.0000 0.0000 0.0000 0.0000 0.0000 0.0000 0.0000],0.52814120054245,0.5853715122474246,1.0,0.0,0.30915881324170424,None
134,0.6781122088432312,0.8500289916992188,0.7124488353729248,1.400115966796875,[0.1000 0.1000 0.1000 0.1000 0.1000 0.1000 0.1000],[0.0000 0.0000 0.0000 0.0000 0.0000 0.0000 0.0000],0.52814120054245,0.5853715122474246,1.0,0.0,0.30915881324170424,None
134,0.6779159903526306,0.8499095439910889,0.7116639614105225,1.3996381759643555,[0.1000 0.1000 0.1000 0.1000 0.1056 0.1000 0.1000],[0.0000 0.0000 0.0000 0.0000 -0.0560 0.0000 0.0000],0.5278255343437195,0.5852789447852229,1.0,0.0,0.30892517177138856,None
134,0.6779242753982544,0.8499146103858948,0.7116971015930176,1.399658441543579,[0.1000 0.1000 0.1000 0.1000 0.1054 0.1000 0.1000],[0.0000 0.0000 0.0000 0.0000 -0.0536 0.0000 0.0000],0.5278388857841492,0.5852828253042317,1.0,0.0,0.3089350343771845,None
134,0.6779317855834961,0.8499191999435425,0.7117271423339844,1.39967679977417,[0.1000 0.1000 0.1000 0.1000 0.1051 0.1000 0.1000],[0.0000 0.0000 0.0000 0.0000 -0.0515 0.0000 0.0000],0.5278509855270386,0.5852863465473479,1.0,0.0,0.3089439748405374,None
134,0.6779388785362244,0.8499234914779663,0.7117555141448975,1.3996939659118652,[0.1000 0.1000 0.1000 0.1000 0.1049 0.1000 0.1000],[0.0000 0.0000 0.0000 0.0000 -0.0495 0.0000 0.0000],0.5278623700141907,0.5852897240943481,1.0,0.0,0.3089524209053943,None
134,0.6779457926750183,0.8499277234077454,0.7117831707000732,1.3997108936309814,[0.1000 0.1000 0.1000 0.1000 0.1048 0.1000 0.1000],[0.0000 0.0000 0.0000 0.0000 -0.0475 0.0000 0.0000],0.5278735160827637,0.5852929579417212,1.0,0.0,0.3089606516471775,None
134,0.677955150604248,0.849933385848999,0.7118206024169922,1.399733543395996,[0.1000 0.1000 0.1000 0.1000 0.1045 0.1000 0.1000],[0.0000 0.0000 0.0000 0.0000 -0.0448 0.0000 0.0000],0.5278885364532471,0.5852974135060754,1.0,0.0,0.30897179500559313,None
134,0.6779612302780151,0.8499370813369751,0.7118449211120605,1.3997483253479004,[0.1000 0.1000 0.1000 0.1000 0.1043 0.1000 0.1000],[0.0000 0.0000 0.0000 0.0000 -0.0431 0.0000 0.0000],0.5278983116149902,0.5853002880891283,1.0,0.0,0.3089790338700182,None
134,0.6779674887657166,0.8499408960342407,0.7118699550628662,1.399763584136963,[0.1000 0.1000 0.1000 0.1000 0.1041 0.1000 0.1000],[0.0000 0.0000 0.0000 0.0000 -0.0413 0.0000 0.0000],0.5279083847999573,0.5853032345574369,1.0,0.0,0.30898648517340704,None
134,0.677973747253418,0.8499447703361511,0.7118949890136719,1.3997790813446045,[0.1000 0.1000 0.1000 0.1000 0.1040 0.1000 0.1000],[0.0000 0.0000 0.0000 0.0000 -0.0395 0.0000 0.0000],0.5279185175895691,0.5853061091808403,1.0,0.0,0.30899393349486765,None
134,0.6779797673225403,0.8499484062194824,0.7119190692901611,1.3997936248779297,[0.1000 0.1000 0.1000 0.1000 0.1038 0.1000 0.1000],[0.0000 0.0000 0.0000 0.0000 -0.0378 0.0000 0.0000],0.5279281735420227,0.5853089838241705,1.0,0.0,0.30900110278803167,None
134,0.6779897212982178,0.8499544262886047,0.7119588851928711,1.399817705154419,[0.1000 0.1000 0.1000 0.1000 0.1035 0.1000 0.1000],[0.0000 0.0000 0.0000 0.0000 -0.0350 0.0000 0.0000],0.5279441475868225,0.5853137270292312,1.0,0.0,0.3090129566873136,None
134,0.6779933571815491,0.8499566316604614,0.7119734287261963,1.3998265266418457,[0.1000 0.1000 0.1000 0.1000 0.1034 0.1000 0.1000],[0.0000 0.0000 0.0000 0.0000 -0.0339 0.0000 0.0000],0.5279499888420105,0.5853154518445227,1.0,0.0,0.3090172862703721,None
134,0.6779987812042236,0.8499600291252136,0.7119951248168945,1.3998401165008545,[0.1000 0.1000 0.1000 0.1000 0.1032 0.1000 0.1000],[0.0000 0.0000 0.0000 0.0000 -0.0324 0.0000 0.0000],0.5279588103294373,0.585317895345133,1.0,0.0,0.3090237396909465,None
134,0.6780046820640564,0.8499635457992554,0.7120187282562256,1.3998541831970215,[0.1000 0.1000 0.1000 0.1000 0.1031 0.1000 0.1000],[0.0000 0.0000 0.0000 0.0000 -0.0307 0.0000 0.0000],0.5279682278633118,0.5853207700701675,1.0,0.0,0.3090307697055353,None
134,0.6780100464820862,0.849966824054718,0.7120401859283447,1.399867296218872,[0.1000 0.1000 0.1000 0.1000 0.1029 0.1000 0.1000],[0.0000 0.0000 0.0000 0.0000 -0.0292 0.0000 0.0000],0.5279768705368042,0.5853232854709203,1.0,0.0,0.309037156515257,None
134,0.6780200004577637,0.8499728441238403,0.7120800018310547,1.3998913764953613,[0.1000 0.1000 0.1000 0.1000 0.1026 0.1000 0.1000],[0.0000 0.0000 0.0000 0.0000 -0.0263 0.0000 0.0000],0.527992844581604,0.5853280288395698,1.0,0.0,0.3090490109603476,None
134,0.67802494764328,0.8499759435653687,0.7120997905731201,1.3999037742614746,[0.1000 0.1000 0.1000 0.1000 0.1025 0.1000 0.1000],[0.0000 0.0000 0.0000 0.0000 -0.0249 0.0000 0.0000],0.5280008912086487,0.5853302568041785,1.0,0.0,0.30905489724399343,None
134,0.6780318021774292,0.8499800562858582,0.7121272087097168,1.3999202251434326,[0.1000 0.1000 0.1000 0.1000 0.1023 0.1000 0.1000],[0.0000 0.0000 0.0000 0.0000 -0.0230 0.0000 0.0000],0.5280118584632874,0.5853335628382387,1.0,0.0,0.3090630623351558,None
134,0.6780388355255127,0.849984347820282,0.7121553421020508,1.399937391281128,[0.1000 0.1000 0.1000 0.1000 0.1021 0.1000 0.1000],[0.0000 0.0000 0.0000 0.0000 -0.0210 0.0000 0.0000],0.5280231833457947,0.5853368688986573,1.0,0.0,0.3090714368455291,None
134,0.6780456304550171,0.8499885201454163,0.7121825218200684,1.399954080581665,[0.1000 0.1000 0.1000 0.1000 0.1019 0.1000 0.1000],[0.0000 0.0000 0.0000 0.0000 -0.0190 0.0000 0.0000],0.5280341506004333,0.5853400312419836,1.0,0.0,0.30907952620929197,None
134,0.6780576705932617,0.8499958515167236,0.7122306823730469,1.3999834060668945,[0.1000 0.1000 0.1000 0.1000 0.1016 0.1000 0.1000],[0.0000 0.0000 0.0000 0.0000 -0.0156 0.0000 0.0000],0.5280535221099854,0.5853457091462071,1.0,0.0,0.3090938633666217,None
134,0.6780697703361511,0.8500031232833862,0.7122790813446045,1.400012493133545,[0.1000 0.1000 0.1000 0.1000 0.1012 0.1000 0.1000],[0.0000 0.0000 0.0000 0.0000 -0.0121 0.0000 0.0000],0.5280728936195374,0.5853515308755679,1.0,0.0,0.3091082766940871,None
134,0.6780853867530823,0.8500126004219055,0.7123415470123291,1.400050401687622,[0.1000 0.1000 0.1000 0.1000 0.1008 0.1000 0.1000],[0.0000 0.0000 0.0000 0.0000 -0.0077 0.0000 0.0000],0.5280979871749878,0.5853589339334281,1.0,0.0,0.30912687478514,None
134,0.6780921816825867,0.8500167727470398,0.7123687267303467,1.4000670909881592,[0.1000 0.1000 0.1000 0.1000 0.1006 0.1000 0.1000],[0.0000 0.0000 0.0000 0.0000 -0.0057 0.0000 0.0000],0.5281089544296265,0.585362096445039,1.0,0.0,0.30913496471632373,None
134,0.6780972480773926,0.8500198721885681,0.7123889923095703,1.4000794887542725,[0.1000 0.1000 0.1000 0.1000 0.1004 0.1000 0.1000],[0.0000 0.0000 0.0000 0.0000 -0.0043 0.0000 0.0000],0.5281171202659607,0.5853644683445767,1.0,0.0,0.3091409973281529,None
134,0.6781015992164612,0.850022554397583,0.7124063968658447,1.400090217590332,[0.1000 0.1000 0.1000 0.1000 0.1003 0.1000 0.1000],[0.0000 0.0000 0.0000 0.0000 -0.0030 0.0000 0.0000],0.5281241536140442,0.5853664808760369,1.0,0.0,0.3091461772666886,None
134,0.6781095266342163,0.8500273823738098,0.7124381065368652,1.4001095294952393,[0.1000 0.1000 0.1000 0.1000 0.1001 0.1000 0.1000],[0.0000 0.0000 0.0000 0.0000 -0.0008 0.0000 0.0000],0.5281369090080261,0.5853702184603794,1.0,0.0,0.30915561780301776,None
134,0.6781156659126282,0.8500310778617859,0.7124626636505127,1.4001243114471436,[0.1000 0.1000 0.1000 0.1000 0.0999 0.1000 0.1000],[0.0000 0.0000 0.0000 0.0000 0.0010 0.0000 0.0000],0.5281467437744141,0.5853731654256351,0.9990078955888748,0.0009921044111252386,0.30885620930465835,None
134,0.678119957447052,0.850033700466156,0.712479829788208,1.400134801864624,[0.1000 0.1000 0.1000 0.1000 0.0998 0.1000 0.1000],[0.0000 0.0000 0.0000 0.0000 0.0022 0.0000 0.0000],0.528153657913208,0.5853751779993098,0.9977889806032181,0.002211019396781977,0.30848446497528276,None
134,0.6781235933303833,0.8500359058380127,0.7124943733215332,1.4001436233520508,[0.1000 0.1000 0.1000 0.1000 0.0997 0.1000 0.1000],[0.0000 0.0000 0.0000 0.0000 0.0033 0.0000 0.0000],0.528159499168396,0.5853769030702349,0.9967470169067383,0.0032529830932617743,0.30816663945146394,None
134,0.6781274080276489,0.8500382304191589,0.7125096321105957,1.4001529216766357,[0.1000 0.1000 0.1000 0.1000 0.0996 0.1000 0.1000],[0.0000 0.0000 0.0000 0.0000 0.0043 0.0000 0.0000],0.5281656384468079,0.5853787000267473,0.9956726431846619,0.00432735681533819,0.30783899600324255,None
134,0.6781302094459534,0.8500399589538574,0.7125208377838135,1.4001598358154297,[0.1000 0.1000 0.1000 0.1000 0.0995 0.1000 0.1000],[0.0000 0.0000 0.0000 0.0000 0.0051 0.0000 0.0000],0.5281701683998108,0.5853799938402585,0.9948597103357315,0.005140289664268549,0.30759097388140677,None
134,0.6781434416770935,0.8500479459762573,0.712573766708374,1.4001917839050293,[0.1000 0.1000 0.1000 0.1000 0.0991 0.1000 0.1000],[0.0000 0.0000 0.0000 0.0000 0.0089 0.0000 0.0000],0.5281913876533508,0.5853863192088763,0.9910726547241211,0.008927345275878962,0.3064357126968875,None
134,0.6781598925590515,0.8500580191612244,0.712639570236206,1.4002320766448975,[0.1000 0.1000 0.1000 0.1000 0.0986 0.1000 0.1000],[0.0000 0.0000 0.0000 0.0000 0.0136 0.0000 0.0000],0.5282179117202759,0.5853940104120867,0.9863673895597458,0.013632610440254267,0.30500018587322186,None
134,0.6781752705574036,0.8500673174858093,0.7127010822296143,1.4002692699432373,[0.1000 0.1000 0.1000 0.1000 0.0982 0.1000 0.1000],[0.0000 0.0000 0.0000 0.0000 0.0180 0.0000 0.0000],0.5282425880432129,0.5854013423461121,0.9819696098566055,0.018030390143394526,0.3036583118994582,None
134,0.6781905889511108,0.8500767350196838,0.7127623558044434,1.4003069400787354,[0.1000 0.1000 0.1000 0.1000 0.0978 0.1000 0.1000],[0.0000 0.0000 0.0000 0.0000 0.0224 0.0000 0.0000],0.5282673239707947,0.5854084587590178,0.9775762259960175,0.0224237740039826,0.3023175593937894,None
134,0.6781954169273376,0.8500795364379883,0.7127816677093506,1.4003181457519531,[0.1000 0.1000 0.1000 0.1000 0.0976 0.1000 0.1000],[0.0000 0.0000 0.0000 0.0000 0.0238 0.0000 0.0000],0.5282749533653259,0.5854109028077914,0.9762007743120193,0.023799225687980707,0.3018978184088098,None
134,0.6782020330429077,0.850083589553833,0.7128081321716309,1.400334358215332,[0.1000 0.1000 0.1000 0.1000 0.0974 0.1000 0.1000],[0.0000 0.0000 0.0000 0.0000 0.0257 0.0000 0.0000],0.5282856225967407,0.5854139938312857,0.9742949157953262,0.025705084204673823,0.301316092874853,None
134,0.6782022714614868,0.8500837683677673,0.7128090858459473,1.4003350734710693,[0.1000 0.1000 0.1000 0.1000 0.0974 0.1000 0.1000],[0.0000 0.0000 0.0000 0.0000 0.0258 0.0000 0.0000],0.5282860398292542,0.5854140657158271,0.9742354601621628,0.025764539837837275,0.3012979802389661,None
134,0.6782045364379883,0.8500851392745972,0.7128181457519531,1.4003405570983887,[0.1000 0.1000 0.1000 0.1000 0.0974 0.1000 0.1000],[0.0000 0.0000 0.0000 0.0000 0.0264 0.0000 0.0000],0.5282896757125854,0.5854151439854455,0.9735935926437378,0.026406407356262263,0.30110209927653986,None
134,0.6782066822052002,0.8500864505767822,0.7128267288208008,1.400345802307129,[0.1000 0.1000 0.1000 0.1000 0.0973 0.1000 0.1000],[0.0000 0.0000 0.0000 0.0000 0.0270 0.0000 0.0000],0.5282931327819824,0.5854161503729529,0.9729854017496109,0.027014598250389155,0.300916491275686,None
134,0.6782081127166748,0.8500872850418091,0.7128324508666992,1.4003491401672363,[0.1000 0.1000 0.1000 0.1000 0.0973 0.1000 0.1000],[0.0000 0.0000 0.0000 0.0000 0.0274 0.0000 0.0000],0.5282953977584839,0.5854168692226681,0.9725809842348099,0.02741901576519018,0.30079307548186357,None
134,0.6782089471817017,0.8500878214836121,0.7128357887268066,1.4003512859344482,[0.1000 0.1000 0.1000 0.1000 0.0972 0.1000 0.1000],[0.0000 0.0000 0.0000 0.0000 0.0277 0.0000 0.0000],0.5282967686653137,0.5854172286479931,0.9723152965307236,0.027684703469276484,0.3007118703984671,None
134,0.6782262325286865,0.8500983119010925,0.7129049301147461,1.4003932476043701,[0.1000 0.1000 0.1000 0.1000 0.0967 0.1000 0.1000],[0.0000 0.0000 0.0000 0.0000 0.0326 0.0000 0.0000],0.528324544429779,0.5854254236299505,0.9673801064491272,0.03261989355087286,0.29920546264891856,None
134,0.678245484828949,0.8501099944114685,0.7129819393157959,1.400439977645874,[0.1000 0.1000 0.1000 0.1000 0.0962 0.1000 0.1000],[0.0000 0.0000 0.0000 0.0000 0.0381 0.0000 0.0000],0.5283554792404175,0.5854345533181528,0.9618762135505676,0.03812378644943243,0.29752519760922985,None
134,0.678257167339325,0.8501170873641968,0.7130286693572998,1.400468349456787,[0.1000 0.1000 0.1000 0.1000 0.0959 0.1000 0.1000],[0.0000 0.0000 0.0000 0.0000 0.0415 0.0000 0.0000],0.5283742547035217,0.5854400887388267,0.9585162252187729,0.04148377478122717,0.2964992335034453,None
134,0.6782724261283875,0.8501264452934265,0.7130897045135498,1.400505781173706,[0.1000 0.1000 0.1000 0.1000 0.0954 0.1000 0.1000],[0.0000 0.0000 0.0000 0.0000 0.0458 0.0000 0.0000],0.528398871421814,0.5854472058168718,0.9541506320238113,0.045849367976188715,0.2951661572232427,None
134,0.6782835721969604,0.8501332402229309,0.7131342887878418,1.4005329608917236,[0.1000 0.1000 0.1000 0.1000 0.0951 0.1000 0.1000],[0.0000 0.0000 0.0000 0.0000 0.0490 0.0000 0.0000],0.5284168124198914,0.5854524538415762,0.9509516507387161,0.04904834926128393,0.29418917895910757,None
134,0.6782888174057007,0.8501363396644592,0.7131552696228027,1.400545358657837,[0.1000 0.1000 0.1000 0.1000 0.0949 0.1000 0.1000],[0.0000 0.0000 0.0000 0.0000 0.0505 0.0000 0.0000],0.5284251570701599,0.5854550419330148,0.9494591504335403,0.05054084956645971,0.2937333916836042,None
134,0.6782882213592529,0.8501359820365906,0.7131528854370117,1.4005439281463623,[0.1000 0.1000 0.1000 0.1000 0.0950 0.1000 0.1000],[0.0000 0.0000 0.0000 0.0000 0.0504 0.0000 0.0000],0.5284242033958435,0.5854547543665014,0.9496240317821503,0.05037596821784979,0.29378372638101397,None
134,0.6782875061035156,0.8501355648040771,0.7131500244140625,1.4005422592163086,[0.1000 0.1000 0.1000 0.1000 0.0950 0.1000 0.1000],[0.0000 0.0000 0.0000 0.0000 0.0502 0.0000 0.0000],0.5284230709075928,0.5854543949086404,0.9498364478349686,0.05016355216503149,0.2938486310299909,None
134,0.6782867908477783,0.8501351475715637,0.7131471633911133,1.4005405902862549,[0.1000 0.1000 0.1000 0.1000 0.0950 0.1000 0.1000],[0.0000 0.0000 0.0000 0.0000 0.0500 0.0000 0.0000],0.528421938419342,0.5854540354510909,0.9500299394130707,0.04997006058692938,0.29390768071417334,None
134,0.678286075592041,0.8501346707344055,0.7131443023681641,1.400538682937622,[0.1000 0.1000 0.1000 0.1000 0.0950 0.1000 0.1000],[0.0000 0.0000 0.0000 0.0000 0.0498 0.0000 0.0000],0.5284207463264465,0.5854537478852757,0.9502295404672623,0.04977045953273779,0.29396862307200444,None
134,0.6782904267311096,0.8501373529434204,0.7131617069244385,1.4005494117736816,[0.1000 0.1000 0.1000 0.1000 0.0949 0.1000 0.1000],[0.0000 0.0000 0.0000 0.0000 0.0510 0.0000 0.0000],0.52842777967453,0.5854557608501708,0.9490044414997101,0.05099555850028997,0.2935945363973256,None
134,0.6782909035682678,0.8501375913619995,0.7131636142730713,1.400550365447998,[0.1000 0.1000 0.1000 0.1000 0.0949 0.1000 0.1000],[0.0000 0.0000 0.0000 0.0000 0.0511 0.0000 0.0000],0.5284284949302673,0.5854560484173823,0.9488612413406372,0.05113875865936285,0.29355077593227497,None
134,0.6782920360565186,0.8501383066177368,0.7131681442260742,1.4005532264709473,[0.1000 0.1000 0.1000 0.1000 0.0949 0.1000 0.1000],[0.0000 0.0000 0.0000 0.0000 0.0515 0.0000 0.0000],0.5284303426742554,0.5854565516604824,0.9485339373350143,0.05146606266498571,0.29345079569012883,None
134,0.6782910227775574,0.8501377105712891,0.7131640911102295,1.4005508422851562,[0.1000 0.1000 0.1000 0.1000 0.0949 0.1000 0.1000],[0.0000 0.0000 0.0000 0.0000 0.0512 0.0000 0.0000],0.5284287333488464,0.5854560484173823,0.9488292038440704,0.05117079615592962,0.29354099687982277,None
134,0.6782873868942261,0.8501354455947876,0.7131495475769043,1.4005417823791504,[0.1000 0.1000 0.1000 0.1000 0.0950 0.1000 0.1000],[0.0000 0.0000 0.0000 0.0000 0.0501 0.0000 0.0000],0.5284228324890137,0.5854543949086404,0.9498584270477295,0.05014157295227056,0.29385529810221217,None
134,0.6782892346382141,0.8501365780830383,0.7131569385528564,1.4005463123321533,[0.1000 0.1000 0.1000 0.1000 0.0949 0.1000 0.1000],[0.0000 0.0000 0.0000 0.0000 0.0507 0.0000 0.0000],0.5284258127212524,0.5854552576080307,0.9493262320756912,0.05067376792430883,0.29369274343717,None
134,0.6782847046852112,0.8501338362693787,0.7131388187408447,1.4005353450775146,[0.1000 0.1000 0.1000 0.1000 0.0951 0.1000 0.1000],[0.0000 0.0000 0.0000 0.0000 0.0494 0.0000 0.0000],0.5284185409545898,0.5854531008629211,0.9506314247846603,0.049368575215339716,0.29409139995724387,None
134,0.6782802939414978,0.8501311540603638,0.7131211757659912,1.400524616241455,[0.1000 0.1000 0.1000 0.1000 0.0952 0.1000 0.1000],[0.0000 0.0000 0.0000 0.0000 0.0481 0.0000 0.0000],0.5284114480018616,0.5854510160199811,0.9518946707248688,0.04810532927513128,0.29447720163079577,None
134,0.6782768368721008,0.8501290678977966,0.7131073474884033,1.4005162715911865,[0.1000 0.1000 0.1000 0.1000 0.0953 0.1000 0.1000],[0.0000 0.0000 0.0000 0.0000 0.0471 0.0000 0.0000],0.5284059047698975,0.5854493625313117,0.952882245182991,0.04711775481700903,0.2947787917707148,None
134,0.6782786846160889,0.8501302003860474,0.7131147384643555,1.4005208015441895,[0.1000 0.1000 0.1000 0.1000 0.0952 0.1000 0.1000],[0.0000 0.0000 0.0000 0.0000 0.0476 0.0000 0.0000],0.5284088850021362,0.5854502252202294,0.9523583203554153,0.04764167964458471,0.294618808843978,None
134,0.6782722473144531,0.850126326084137,0.7130889892578125,1.4005053043365479,[0.1000 0.1000 0.1000 0.1000 0.0954 0.1000 0.1000],[0.0000 0.0000 0.0000 0.0000 0.0458 0.0000 0.0000],0.5283985733985901,0.5854471339265837,0.9542001038789749,0.04579989612102514,0.29518125859118866,None
134,0.6782652139663696,0.8501220345497131,0.7130608558654785,1.4004881381988525,[0.1000 0.1000 0.1000 0.1000 0.0956 0.1000 0.1000],[0.0000 0.0000 0.0000 0.0000 0.0438 0.0000 0.0000],0.5283872485160828,0.5854438269868081,0.9562073647975922,0.04379263520240789,0.2957941930194066,None
134,0.6782582402229309,0.8501178026199341,0.7130329608917236,1.4004712104797363,[0.1000 0.1000 0.1000 0.1000 0.0958 0.1000 0.1000],[0.0000 0.0000 0.0000 0.0000 0.0418 0.0000 0.0000],0.528376042842865,0.5854405200734119,0.9582065045833588,0.04179349541664129,0.29640464864266614,None
134,0.6782510280609131,0.8501133918762207,0.7130041122436523,1.4004535675048828,[0.1000 0.1000 0.1000 0.1000 0.0960 0.1000 0.1000],[0.0000 0.0000 0.0000 0.0000 0.0397 0.0000 0.0000],0.5283644199371338,0.5854371412978394,0.9602810442447662,0.03971895575523382,0.2970381231223178,None
134,0.678243100643158,0.8501085638999939,0.7129724025726318,1.4004342555999756,[0.1000 0.1000 0.1000 0.1000 0.0963 0.1000 0.1000],[0.0000 0.0000 0.0000 0.0000 0.0375 0.0000 0.0000],0.5283516645431519,0.5854334031101445,0.962543711066246,0.03745628893375402,0.2977289317503529,None
134,0.6782364845275879,0.8501045107841492,0.7129459381103516,1.4004180431365967,[0.1000 0.1000 0.1000 0.1000 0.0964 0.1000 0.1000],[0.0000 0.0000 0.0000 0.0000 0.0355 0.0000 0.0000],0.5283409953117371,0.5854303119419351,0.9644529968500137,0.03554700314998632,0.29831190270532093,None
134,0.6782315373420715,0.8501015901565552,0.7129261493682861,1.4004063606262207,[0.1000 0.1000 0.1000 0.1000 0.0966 0.1000 0.1000],[0.0000 0.0000 0.0000 0.0000 0.0342 0.0000 0.0000],0.5283331274986267,0.5854278677787379,0.965849831700325,0.03415016829967504,0.29873825727821446,None
134,0.6782327890396118,0.8501023054122925,0.7129311561584473,1.40040922164917,[0.1000 0.1000 0.1000 0.1000 0.0966 0.1000 0.1000],[0.0000 0.0000 0.0000 0.0000 0.0345 0.0000 0.0000],0.5283350944519043,0.5854285147617113,0.965503603219986,0.034496396780014094,0.2986326103035324,None
134,0.6782238483428955,0.8500968813896179,0.712895393371582,1.4003875255584717,[0.1000 0.1000 0.1000 0.1000 0.0968 0.1000 0.1000],[0.0000 0.0000 0.0000 0.0000 0.0319 0.0000 0.0000],0.5283207297325134,0.5854242734472719,0.9680667519569397,0.03193324804306036,0.2994150882431009,None
134,0.6782692670822144,0.8500910401344299,0.7130770683288574,1.4003641605377197,[0.1000 0.1000 0.1000 0.1056 0.0971 0.1000 0.1000],[0.0000 0.0000 0.0000 -0.0557 0.0292 0.0000 0.0000],0.5283603072166443,0.5854861002906953,0.9707562625408173,0.029243737459182795,0.3003011353599831,None
134,0.6782165169715881,0.8500847816467285,0.7128660678863525,1.400339126586914,[0.1000 0.1000 0.1000 0.1013 0.0974 0.1000 0.1000],[0.0000 0.0000 0.0000 -0.0128 0.0263 0.0000 0.0000],0.5283012986183167,0.5854300243925756,0.973718985915184,0.026281014084816035,0.3011551596377542,None
134,0.6781648993492126,0.8500781059265137,0.7126595973968506,1.4003124237060547,[0.1000 0.1000 0.1000 0.0971 0.0977 0.1000 0.1000],[0.0000 0.0000 0.0000 0.0288 0.0231 0.0000 0.0000],0.5282430052757263,0.5853758249000656,0.9711640328168869,0.028835967183113154,0.3003040074370938,None
134,0.6781179308891296,0.8500716090202332,0.7124717235565186,1.4002864360809326,[0.1000 0.1000 0.1000 0.0933 0.0980 0.1000 0.1000],[0.0000 0.0000 0.0000 0.0667 0.0200 0.0000 0.0000],0.5281895399093628,0.5853270226659284,0.9333088994026184,0.06669110059738165,0.2885451493296258,None
134,0.6780946850776672,0.8500720858573914,0.712378740310669,1.4002883434295654,[0.1000 0.1000 0.1000 0.0908 0.0980 0.1000 0.1000],[0.0000 0.0000 0.0000 0.0921 0.0202 0.0000 0.0000],0.5281667709350586,0.5852984196078774,0.9078829735517502,0.09211702644824987,0.280658563104745,None
134,0.6780537366867065,0.8500661253929138,0.7122149467468262,1.4002645015716553,[0.1000 0.1000 0.1000 0.0874 0.0983 0.1000 0.1000],[0.0000 0.0000 0.0000 0.1255 0.0173 0.0000 0.0000],0.5281198620796204,0.5852562372907734,0.8744522929191589,0.12554770708084112,0.27028047461844484,None
134,0.6780141592025757,0.850059986114502,0.7120566368103027,1.4002399444580078,[0.1000 0.1000 0.1000 0.0843 0.0986 0.1000 0.1000],[0.0000 0.0000 0.0000 0.1575 0.0144 0.0000 0.0000],0.5280741453170776,0.5852159273646995,0.8425271511077881,0.15747284889221197,0.2603724007714547,None
134,0.6779743432998657,0.8500528335571289,0.7118973731994629,1.4002113342285156,[0.1000 0.1000 0.1000 0.0812 0.0989 0.1000 0.1000],[0.0000 0.0000 0.0000 0.1884 0.0111 0.0000 0.0000],0.5280271768569946,0.5851765553186956,0.8115857094526291,0.18841429054737097,0.250771157794372,None
134,0.6779375076293945,0.8500461578369141,0.7117500305175781,1.4001846313476562,[0.1000 0.1000 0.1000 0.0783 0.0992 0.1000 0.1000],[0.0000 0.0000 0.0000 0.2171 0.0079 0.0000 0.0000],0.5279836654663086,0.5851402041562481,0.7829377800226212,0.2170622199773789,0.2418842973371376,None
134,0.6779034733772278,0.8500397801399231,0.7116138935089111,1.4001591205596924,[0.1000 0.1000 0.1000 0.0757 0.0995 0.1000 0.1000],[0.0000 0.0000 0.0000 0.2435 0.0048 0.0000 0.0000],0.5279432535171509,0.585106873083326,0.7565455138683319,0.24345448613166815,0.23369935002440992,None
134,0.6778843402862549,0.8500386476516724,0.7115373611450195,1.4001545906066895,[0.1000 0.1000 0.1000 0.0737 0.0996 0.1000 0.1000],[0.0000 0.0000 0.0000 0.2634 0.0043 0.0000 0.0000],0.5279229879379272,0.5850851805907417,0.7366363704204559,0.2633636295795441,0.22753218075993373,None
134,0.677847683429718,0.8500303626060486,0.7113907337188721,1.4001214504241943,[0.1000 0.1000 0.1000 0.0710 0.1000 0.1000 0.1000],[0.0000 0.0000 0.0000 0.2897 0.0004 0.0000 0.0000],0.5278780460357666,0.5850509920769413,0.7102616876363754,0.28973831236362463,0.21935407636701953,None
134,0.6778135299682617,0.8500228524208069,0.7112541198730469,1.4000914096832275,[0.1000 0.1000 0.1000 0.0685 0.1003 0.1000 0.1000],[0.0000 0.0000 0.0000 0.3149 -0.0032 0.0000 0.0000],0.5278363823890686,0.585018889041266,0.6851238757371902,0.3148761242628098,0.2115623161201144,None
134,0.6777926087379456,0.8500149250030518,0.7111704349517822,1.400059700012207,[0.1000 0.1000 0.1000 0.0676 0.1007 0.1000 0.1000],[0.0000 0.0000 0.0000 0.3236 -0.0069 0.0000 0.0000],0.5278075337409973,0.5850032334281312,0.6763835996389389,0.32361640036106115,0.2088463646941531,None
134,0.6777763962745667,0.8500065207481384,0.7111055850982666,1.4000260829925537,[0.1000 0.1000 0.1000 0.0674 0.1011 0.1000 0.1000],[0.0000 0.0000 0.0000 0.3257 -0.0109 0.0000 0.0000],0.5277829170227051,0.5849938259813816,0.6743057072162628,0.32569429278373724,0.20819171712183102,None
134,0.6777609586715698,0.8499984741210938,0.7110438346862793,1.399993896484375,[0.1000 0.1000 0.1000 0.0672 0.1015 0.1000 0.1000],[0.0000 0.0000 0.0000 0.3278 -0.0146 0.0000 0.0000],0.5277594327926636,0.5849849214190839,0.6721821427345276,0.32781785726547247,0.20752367370040253,None
134,0.6777607202529907,0.8500005006790161,0.7110428810119629,1.4000020027160645,[0.1000 0.1000 0.1000 0.0668 0.1014 0.1000 0.1000],[0.0000 0.0000 0.0000 0.3321 -0.0137 0.0000 0.0000],0.5277612209320068,0.5849821926398514,0.6678872555494308,0.3321127444505692,0.20619744433148646,None
134,0.6777458786964417,0.8499928116798401,0.7109835147857666,1.3999712467193604,[0.1000 0.1000 0.1000 0.0666 0.1017 0.1000 0.1000],[0.0000 0.0000 0.0000 0.3340 -0.0173 0.0000 0.0000],0.5277386903762817,0.5849735755600634,0.6660146266222,0.33398537337780004,0.2056074990859308,None
134,0.6777300834655762,0.8499844670295715,0.7109203338623047,1.3999378681182861,[0.1000 0.1000 0.1000 0.0664 0.1021 0.1000 0.1000],[0.0000 0.0000 0.0000 0.3358 -0.0212 0.0000 0.0000],0.5277145504951477,0.5849645996255315,0.6641598790884018,0.33584012091159826,0.205022389384177,None
134,0.6777134537696838,0.8499757051467896,0.7108538150787354,1.3999028205871582,[0.1000 0.1000 0.1000 0.0662 0.1025 0.1000 0.1000],[0.0000 0.0000 0.0000 0.3376 -0.0253 0.0000 0.0000],0.5276891589164734,0.5849551212493934,0.662379115819931,0.337620884180069,0.20445952644665244,None
134,0.6776988506317139,0.849968433380127,0.7107954025268555,1.3998737335205078,[0.1000 0.1000 0.1000 0.0660 0.1029 0.1000 0.1000],[0.0000 0.0000 0.0000 0.3402 -0.0287 0.0000 0.0000],0.5276672840118408,0.5849462893209927,0.6598060578107834,0.34019394218921667,0.20365377143588337,None
134,0.6777089238166809,0.8499764800071716,0.7108356952667236,1.3999059200286865,[0.1000 0.1000 0.1000 0.0655 0.1025 0.1000 0.1000],[0.0000 0.0000 0.0000 0.3446 -0.0250 0.0000 0.0000],0.5276854038238525,0.5849487306482599,0.6553526967763901,0.34464730322361,0.20228700071070999,None
134,0.6777228713035583,0.8499871492385864,0.7108914852142334,1.3999485969543457,[0.1000 0.1000 0.1000 0.0650 0.1020 0.1000 0.1000],[0.0000 0.0000 0.0000 0.3500 -0.0200 0.0000 0.0000],0.5277100205421448,0.5849526798845365,0.6500434130430222,0.3499565869569779,0.20065890493888097,None
134,0.6777066588401794,0.8499786257743835,0.7108266353607178,1.3999145030975342,[0.1000 0.1000 0.1000 0.0648 0.1024 0.1000 0.1000],[0.0000 0.0000 0.0000 0.3519 -0.0240 0.0000 0.0000],0.527685284614563,0.584943417189651,0.6481070816516876,0.35189291834831243,0.20004864223056812,None
134,0.6776865720748901,0.8499676585197449,0.7107462882995605,1.3998706340789795,[0.1000 0.1000 0.1000 0.0647 0.1029 0.1000 0.1000],[0.0000 0.0000 0.0000 0.3532 -0.0291 0.0000 0.0000],0.527654230594635,0.5849324314706643,0.6467944383621216,0.3532055616378785,0.19962797566428964,None
134,0.6776635646820068,0.8499547243118286,0.7106542587280273,1.3998188972473145,[0.1000 0.1000 0.1000 0.0646 0.1035 0.1000 0.1000],[0.0000 0.0000 0.0000 0.3542 -0.0352 0.0000 0.0000],0.5276182889938354,0.5849202972562717,0.6457610428333282,0.3542389571666718,0.19929131591622753,None
134,0.6776516437530518,0.849949300289154,0.710606575012207,1.3997972011566162,[0.1000 0.1000 0.1000 0.0643 0.1038 0.1000 0.1000],[0.0000 0.0000 0.0000 0.3572 -0.0377 0.0000 0.0000],0.5276009440422058,0.5849124712351594,0.6427672505378723,0.35723274946212774,0.19835821262908743,None
134,0.6776344776153564,0.8499399423599243,0.7105379104614258,1.3997597694396973,[0.1000 0.1000 0.1000 0.0642 0.1042 0.1000 0.1000],[0.0000 0.0000 0.0000 0.3584 -0.0421 0.0000 0.0000],0.5275744199752808,0.5849030658453764,0.6415858119726181,0.35841418802738195,0.19798048294440673,None
134,0.6776192784309387,0.8499318361282349,0.7104771137237549,1.3997273445129395,[0.1000 0.1000 0.1000 0.0640 0.1046 0.1000 0.1000],[0.0000 0.0000 0.0000 0.3600 -0.0459 0.0000 0.0000],0.5275511145591736,0.5848945222027344,0.6400302797555923,0.3599697202444077,0.1974888677106588,None
134,0.677606463432312,0.8499252796173096,0.710425853729248,1.3997011184692383,[0.1000 0.1000 0.1000 0.0638 0.1049 0.1000 0.1000],[0.0000 0.0000 0.0000 0.3618 -0.0490 0.0000 0.0000],0.5275317430496216,0.5848869838405479,0.6381794065237045,0.3618205934762955,0.19690799039222565,None
134,0.6775938272476196,0.8499189019203186,0.7103753089904785,1.3996756076812744,[0.1000 0.1000 0.1000 0.0636 0.1052 0.1000 0.1000],[0.0000 0.0000 0.0000 0.3637 -0.0520 0.0000 0.0000],0.5275127291679382,0.5848794456152538,0.6363006681203842,0.36369933187961584,0.19631870578956942,None
134,0.6775851249694824,0.8499155044555664,0.7103404998779297,1.3996620178222656,[0.1000 0.1000 0.1000 0.0633 0.1054 0.1000 0.1000],[0.0000 0.0000 0.0000 0.3670 -0.0536 0.0000 0.0000],0.5275006294250488,0.584873056179096,0.6329715996980667,0.36702840030193334,0.19528497094792416,None
134,0.6775578260421753,0.8498998880386353,0.7102313041687012,1.399599552154541,[0.1000 0.1000 0.1000 0.0633 0.1061 0.1000 0.1000],[0.0000 0.0000 0.0000 0.3675 -0.0609 0.0000 0.0000],0.5274577140808105,0.5848589854080183,0.6325262784957886,0.3674737215042115,0.1951270091762934,None
134,0.6775326132774353,0.8498857617378235,0.7101304531097412,1.399543046951294,[0.1000 0.1000 0.1000 0.0631 0.1067 0.1000 0.1000],[0.0000 0.0000 0.0000 0.3686 -0.0675 0.0000 0.0000],0.5274183750152588,0.5848456329744463,0.6314291805028915,0.3685708194971085,0.19476959266425478,None
134,0.6775067448616028,0.8498713374137878,0.7100269794464111,1.3994853496551514,[0.1000 0.1000 0.1000 0.0630 0.1074 0.1000 0.1000],[0.0000 0.0000 0.0000 0.3696 -0.0742 0.0000 0.0000],0.5273780822753906,0.5848318502676475,0.6303720921278,0.36962790787220007,0.19442408822267976,None
134,0.6777792572975159,0.850029706954956,0.7111170291900635,1.4001188278198242,[0.1000 0.1000 0.1000 0.0629 0.1000 0.1000 0.1000],[0.0000 0.0000 0.0000 0.3707 0.0000 0.0000 0.0000],0.5278089642524719,0.584969338894775,0.6292995065450668,0.3707004934549332,0.19429751955750316,None
134,0.6777784824371338,0.850029706954956,0.7111139297485352,1.4001188278198242,[0.1000 0.1000 0.1000 0.0628 0.1000 0.1000 0.1000],[0.0000 0.0000 0.0000 0.3717 0.0000 0.0000 0.0000],0.5278081893920898,0.5849684053980682,0.6282885372638702,0.3717114627361298,0.1939847863620834,None
134,0.6777762174606323,0.850029706954956,0.7111048698425293,1.4001188278198242,[0.1000 0.1000 0.1000 0.0626 0.1000 0.1000 0.1000],[0.0000 0.0000 0.0000 0.3745 0.0000 0.0000 0.0000],0.5278059244155884,0.5849656767274256,0.6255248188972473,0.37447518110275274,0.19312975556626433,None
134,0.677776038646698,0.850029706954956,0.711104154586792,1.4001188278198242,[0.1000 0.1000 0.1000 0.0625 0.1000 0.1000 0.1000],[0.0000 0.0000 0.0000 0.3747 0.0000 0.0000 0.0000],0.527805745601654,0.5849654613068231,0.6253337115049362,0.37466628849506384,0.19307061496375907,None
134,0.6777759790420532,0.850029706954956,0.7111039161682129,1.4001188278198242,[0.1000 0.1000 0.1000 0.0625 0.1000 0.1000 0.1000],[0.0000 0.0000 0.0000 0.3748 0.0000 0.0000 0.0000],0.5278056859970093,0.5849653894999806,0.6251954287290573,0.37480457127094274,0.19302787492167423,None
134,0.6777756214141846,0.850029706954956,0.7111024856567383,1.4001188278198242,[0.1000 0.1000 0.1000 0.0625 0.1000 0.1000 0.1000],[0.0000 0.0000 0.0000 0.3752 0.0000 0.0000 0.0000],0.5278053283691406,0.5849649586591856,0.6248271092772484,0.3751728907227517,0.19291388420643926,None
134,0.6777752637863159,0.850029706954956,0.7111010551452637,1.4001188278198242,[0.1000 0.1000 0.1000 0.0624 0.1000 0.1000 0.1000],[0.0000 0.0000 0.0000 0.3757 0.0000 0.0000 0.0000],0.527804970741272,0.584964527818838,0.6243221461772919,0.3756778538227082,0.19275770547138002,None
134,0.6777749061584473,0.850029706954956,0.7110996246337891,1.4001188278198242,[0.1000 0.1000 0.1000 0.0624 0.1000 0.1000 0.1000],[0.0000 0.0000 0.0000 0.3761 0.0000 0.0000 0.0000],0.5278046131134033,0.5849640969789376,0.623902715742588,0.376097284257412,0.19262793510991427,None
134,0.6777726411819458,0.850029706954956,0.7110905647277832,1.4001188278198242,[0.1000 0.1000 0.1000 0.0621 0.1000 0.1000 0.1000],[0.0000 0.0000 0.0000 0.3790 0.0000 0.0000 0.0000],0.5278023481369019,0.5849613683366206,0.6210407242178917,0.37895927578210836,0.1917425872830605,None
134,0.677771806716919,0.850029706954956,0.7110872268676758,1.4001188278198242,[0.1000 0.1000 0.1000 0.0620 0.1000 0.1000 0.1000],[0.0000 0.0000 0.0000 0.3800 0.0000 0.0000 0.0000],0.527801513671875,0.584960363051868,0.6200272217392921,0.3799727782607079,0.1914290428557349,None
134,0.6777713298797607,0.850029706954956,0.711085319519043,1.4001188278198242,[0.1000 0.1000 0.1000 0.0619 0.1000 0.1000 0.1000],[0.0000 0.0000 0.0000 0.3806 0.0000 0.0000 0.0000],0.5278010368347168,0.5849597886045313,0.6194483861327171,0.3805516138672829,0.1912499708380515,None
134,0.6777703762054443,0.850029706954956,0.7110815048217773,1.4001188278198242,[0.1000 0.1000 0.1000 0.0618 0.1000 0.1000 0.1000],[0.0000 0.0000 0.0000 0.3818 0.0000 0.0000 0.0000],0.5278000831604004,0.584958639712243,0.6182181462645531,0.381781853735447,0.19086942389121905,None
134,0.6777693629264832,0.850029706954956,0.7110774517059326,1.4001188278198242,[0.1000 0.1000 0.1000 0.0617 0.1000 0.1000 0.1000],[0.0000 0.0000 0.0000 0.3830 0.0000 0.0000 0.0000],0.5277990698814392,0.5849574190176713,0.6170434132218361,0.38295658677816397,0.19050597209250095,None
134,0.6777670979499817,0.8500297665596008,0.7110683917999268,1.4001190662384033,[0.1000 0.1000 0.1000 0.0614 0.1000 0.1000 0.1000],[0.0000 0.0000 0.0000 0.3859 0.0000 0.0000 0.0000],0.5277968645095825,0.5849546186142783,0.6141426414251328,0.3858573585748673,0.18960868785733634,None
134,0.6777665615081787,0.8500297665596008,0.7110662460327148,1.4001190662384033,[0.1000 0.1000 0.1000 0.0614 0.1000 0.1000 0.1000],[0.0000 0.0000 0.0000 0.3865 0.0000 0.0000 0.0000],0.5277963280677795,0.5849539723700248,0.6135135143995285,0.38648648560047155,0.18941405115506474,None
134,0.6777666211128235,0.8500297665596008,0.711066484451294,1.4001190662384033,[0.1000 0.1000 0.1000 0.0614 0.1000 0.1000 0.1000],[0.0000 0.0000 0.0000 0.3864 0.0000 0.0000 0.0000],0.5277963876724243,0.5849540441748922,0.6136121973395348,0.3863878026604653,0.18944456283544153,None
134,0.6777666211128235,0.8500297665596008,0.711066484451294,1.4001190662384033,[0.1000 0.1000 0.1000 0.0614 0.1000 0.1000 0.1000],[0.0000 0.0000 0.0000 0.3864 0.0000 0.0000 0.0000],0.5277963876724243,0.5849540441748922,0.6135868653655052,0.38641313463449484,0.18943674192711119,None
134,0.6777665615081787,0.8500297665596008,0.7110662460327148,1.4001190662384033,[0.1000 0.1000 0.1000 0.0614 0.1000 0.1000 0.1000],[0.0000 0.0000 0.0000 0.3865 0.0000 0.0000 0.0000],0.5277963280677795,0.5849539723700248,0.6135101616382599,0.38648983836174017,0.1894130160350885,None
134,0.6777666211128235,0.8500297665596008,0.711066484451294,1.4001190662384033,[0.1000 0.1000 0.1000 0.0614 0.1000 0.1000 0.1000],[0.0000 0.0000 0.0000 0.3864 0.0000 0.0000 0.0000],0.5277963876724243,0.5849540441748922,0.6136392802000046,0.3863607197999955,0.18945292430655356,None
134,0.6777619123458862,0.8500297665596008,0.7110476493835449,1.4001190662384033,[0.1000 0.1000 0.1000 0.0608 0.1000 0.1000 0.1000],[0.0000 0.0000 0.0000 0.3922 0.0000 0.0000 0.0000],0.5277916789054871,0.5849483716286435,0.6077666208148003,0.3922333791851998,0.1876363255840748,None
134,0.677757978439331,0.8500297665596008,0.7110319137573242,1.4001190662384033,[0.1000 0.1000 0.1000 0.0603 0.1000 0.1000 0.1000],[0.0000 0.0000 0.0000 0.3972 0.0000 0.0000 0.0000],0.5277877449989319,0.5849436325988122,0.6027756258845329,0.3972243741154671,0.18609255658158763,None
134,0.6777557730674744,0.8500297665596008,0.7110230922698975,1.4001190662384033,[0.1000 0.1000 0.1000 0.0600 0.1000 0.1000 0.1000],[0.0000 0.0000 0.0000 0.4001 0.0000 0.0000 0.0000],0.5277855396270752,0.584940975893637,0.5999163910746574,0.4000836089253426,0.18520822113645677,None
134,0.6784286499023438,0.8504154086112976,0.713714599609375,1.4016616344451904,[0.1000 0.1000 0.0985 0.0599 0.1000 0.1000 0.1000],[0.0000 0.0000 0.0154 0.4008 0.0000 0.0000 0.0000],0.5288440585136414,0.5852871370346058,0.5991560593247414,0.4008439406752587,0.1854541537022003,None
134,0.6800965070724487,0.8513689637184143,0.7203860282897949,1.4054758548736572,[0.1000 0.1000 0.0946 0.0598 0.1000 0.1000 0.1000],[0.0000 0.0000 0.0540 0.4016 0.0000 0.0000 0.0000],0.531465470790863,0.586149233846347,0.5983897298574448,0.4016102701425553,0.1864092188512048,None
134,0.6816805005073547,0.8522731065750122,0.726722002029419,1.4090924263000488,[0.1000 0.1000 0.0908 0.0596 0.1000 0.1000 0.1000],[0.0000 0.0000 0.0916 0.4038 0.0000 0.0000 0.0000],0.5339536070823669,0.586971422214325,0.5962146446108818,0.40378535538911825,0.18686291580457126,None
134,0.6828355193138123,0.8529309034347534,0.731342077255249,1.4117236137390137,[0.1000 0.1000 0.0881 0.0595 0.1000 0.1000 0.1000],[0.0000 0.0000 0.1194 0.4051 0.0000 0.0000 0.0000],0.5357664227485657,0.5875737834218815,0.5949296802282333,0.4050703197717667,0.1872852340804732,None
134,0.6842042207717896,0.8537082672119141,0.7368168830871582,1.4148330688476562,[0.1000 0.1000 0.0847 0.0595 0.1000 0.1000 0.1000],[0.0000 0.0000 0.1530 0.4052 0.0000 0.0000 0.0000],0.5379124879837036,0.58829130876295,0.5947772040963173,0.40522279590368276,0.1882167951309991,None
134,0.6854920387268066,0.8544382452964783,0.7419681549072266,1.417752981185913,[0.1000 0.1000 0.0815 0.0595 0.1000 0.1000 0.1000],[0.0000 0.0000 0.1852 0.4054 0.0000 0.0000 0.0000],0.5399302840232849,0.58896933621727,0.5946062505245209,0.4053937494754792,0.18908620341523985,None
134,0.6866912841796875,0.8551167249679565,0.74676513671875,1.4204668998718262,[0.1000 0.1000 0.0784 0.0595 0.1000 0.1000 0.1000],[0.0000 0.0000 0.2158 0.4055 0.0000 0.0000 0.0000],0.541808009147644,0.5896033128931606,0.5945287272334099,0.4054712727665902,0.18992327036933881,None
134,0.6877212524414062,0.8556987047195435,0.750885009765625,1.4227948188781738,[0.1000 0.1000 0.0757 0.0594 0.1000 0.1000 0.1000],[0.0000 0.0000 0.2426 0.4061 0.0000 0.0000 0.0000],0.5434199571609497,0.5901494756888346,0.5938762798905373,0.4061237201094628,0.19045553074591506,None
134,0.6884598731994629,0.8561169505119324,0.7538394927978516,1.4244678020477295,[0.1000 0.1000 0.0738 0.0590 0.1000 0.1000 0.1000],[0.0000 0.0000 0.2621 0.4099 0.0000 0.0000 0.0000],0.5445768237113953,0.590540505895309,0.5901232734322548,0.40987672656774526,0.18978050113343115,None
134,0.6891365647315979,0.856499969959259,0.7565462589263916,1.4259998798370361,[0.1000 0.1000 0.0720 0.0586 0.1000 0.1000 0.1000],[0.0000 0.0000 0.2802 0.4138 0.0000 0.0000 0.0000],0.5456365346908569,0.5908992725163384,0.5861575528979301,0.4138424471020699,0.18898670921619556,None
134,0.6903090476989746,0.8571592569351196,0.7612361907958984,1.4286370277404785,[0.1000 0.1000 0.0688 0.0587 0.1000 0.1000 0.1000],[0.0000 0.0000 0.3119 0.4128 0.0000 0.0000 0.0000],0.5474683046340942,0.5915269785700101,0.5872289463877678,0.41277105361223226,0.19016955624289583,None
134,0.6914303302764893,0.8577885031700134,0.765721321105957,1.4311540126800537,[0.1000 0.1000 0.0657 0.0588 0.1000 0.1000 0.1000],[0.0000 0.0000 0.3428 0.4115 0.0000 0.0000 0.0000],0.5492188334465027,0.5921297107001735,0.588461384177208,0.4115386158227921,0.19137281409785648,None
134,0.6924937963485718,0.8583844304084778,0.7699751853942871,1.4335377216339111,[0.1000 0.1000 0.0627 0.0590 0.1000 0.1000 0.1000],[0.0000 0.0000 0.3727 0.4103 0.0000 0.0000 0.0000],0.5508782267570496,0.5927032604354584,0.589694045484066,0.41030595451593405,0.19253942306068958,None
134,0.6934783458709717,0.8589352369308472,0.7739133834838867,1.4357409477233887,[0.1000 0.1000 0.0599 0.0591 0.1000 0.1000 0.1000],[0.0000 0.0000 0.4009 0.4092 0.0000 0.0000 0.0000],0.5524135828018188,0.5932360745347794,0.5908431857824326,0.4091568142175675,0.19362620439180275,None
134,0.6944324374198914,0.8594681024551392,0.7777297496795654,1.4378724098205566,[0.1000 0.1000 0.0571 0.0592 0.1000 0.1000 0.1000],[0.0000 0.0000 0.4288 0.4078 0.0000 0.0000 0.0000],0.5539005398750305,0.5937541815165996,0.5711981654167175,0.4288018345832825,0.18785608772109458,None
134,0.6953088045120239,0.8599569797515869,0.7812352180480957,1.4398279190063477,[0.1000 0.1000 0.0545 0.0593 0.1000 0.1000 0.1000],[0.0000 0.0000 0.4549 0.4067 0.0000 0.0000 0.0000],0.5552657842636108,0.5942313772116392,0.5451265349984169,0.45487346500158315,0.1798679627037394,None
134,0.6960805058479309,0.8603878617286682,0.7843220233917236,1.4415514469146729,[0.1000 0.1000 0.0522 0.0592 0.1000 0.1000 0.1000],[0.0000 0.0000 0.4783 0.4078 0.0000 0.0000 0.0000],0.5564683675765991,0.5946515623802933,0.5217272788286209,0.47827272117137914,0.17264205260923948,None
134,0.6967710852622986,0.8607723712921143,0.7870843410491943,1.443089485168457,[0.1000 0.1000 0.0501 0.0593 0.1000 0.1000 0.1000],[0.0000 0.0000 0.4995 0.4071 0.0000 0.0000 0.0000],0.5575434565544128,0.5950292775646422,0.5005039647221565,0.49949603527784353,0.16604453273744607,None
134,0.6974695324897766,0.8611606359481812,0.7898781299591064,1.4446425437927246,[0.1000 0.1000 0.0479 0.0594 0.1000 0.1000 0.1000],[0.0000 0.0000 0.5213 0.4061 0.0000 0.0000 0.0000],0.5586301684379578,0.5954124279486522,0.4787210375070572,0.5212789624929428,0.15922996300848077,None
134,0.698168158531189,0.8615484833717346,0.7926726341247559,1.4461939334869385,[0.1000 0.1000 0.0457 0.0595 0.1000 0.1000 0.1000],[0.0000 0.0000 0.5434 0.4046 0.0000 0.0000 0.0000],0.5597166419029236,0.5957966788353346,0.45660417526960373,0.5433958247303963,0.15226713499609362,None
134,0.6988762021064758,0.8619409203529358,0.7955048084259033,1.4477636814117432,[0.1000 0.1000 0.0434 0.0597 0.1000 0.1000 0.1000],[0.0000 0.0000 0.5662 0.4027 0.0000 0.0000 0.0000],0.5608171224594116,0.5961872732980547,0.4338463023304939,0.5661536976695061,0.1450573923511768,None
134,0.6995290517807007,0.8623024821281433,0.7981162071228027,1.4492099285125732,[0.1000 0.1000 0.0413 0.0599 0.1000 0.1000 0.1000],[0.0000 0.0000 0.5875 0.4010 0.0000 0.0000 0.0000],0.561831533908844,0.5965481065263882,0.4125218838453293,0.5874781161546707,0.13826064389729112,None
134,0.6999413967132568,0.8625324964523315,0.7997655868530273,1.4501299858093262,[0.1000 0.1000 0.0399 0.0596 0.1000 0.1000 0.1000],[0.0000 0.0000 0.6012 0.4042 0.0000 0.0000 0.0000],0.5624738931655884,0.5967741330977454,0.3987761214375496,0.6012238785624504,0.13385712883566922,None
134,0.7005450129508972,0.8628663420677185,0.8021800518035889,1.451465368270874,[0.1000 0.1000 0.0379 0.0597 0.1000 0.1000 0.1000],[0.0000 0.0000 0.6214 0.4028 0.0000 0.0000 0.0000],0.5634113550186157,0.5971087874911873,0.3785610571503639,0.6214389428496361,0.1273547049104515,None
134,0.701142430305481,0.8631963133811951,0.8045697212219238,1.4527852535247803,[0.1000 0.1000 0.0358 0.0599 0.1000 0.1000 0.1000],[0.0000 0.0000 0.6417 0.4011 0.0000 0.0000 0.0000],0.564338743686676,0.5974408328261371,0.3582676872611046,0.6417323127388954,0.12079317840235451,None
134,0.7017307281494141,0.8635208606719971,0.8069229125976562,1.4540834426879883,[0.1000 0.1000 0.0338 0.0601 0.1000 0.1000 0.1000],[0.0000 0.0000 0.6620 0.3991 0.0000 0.0000 0.0000],0.5652515888214111,0.5977685585106716,0.3379889950156212,0.6620110049843788,0.11420297560655511,None
134,0.7023071050643921,0.8638384342193604,0.8092284202575684,1.4553537368774414,[0.1000 0.1000 0.0318 0.0603 0.1000 0.1000 0.1000],[0.0000 0.0000 0.6822 0.3968 0.0000 0.0000 0.0000],0.5661455392837524,0.5980903967868294,0.31783491373062134,0.6821650862693787,0.10762087561688634,None
134,0.7027906775474548,0.864107072353363,0.8111627101898193,1.4564282894134521,[0.1000 0.1000 0.0301 0.0599 0.1000 0.1000 0.1000],[0.0000 0.0000 0.6995 0.4007 0.0000 0.0000 0.0000],0.5668977499008179,0.5983578772017205,0.30052799731492996,0.69947200268507,0.10194142103919779,None
134,0.7031897306442261,0.8643283843994141,0.8127589225769043,1.4573135375976562,[0.1000 0.1000 0.0286 0.0597 0.1000 0.1000 0.1000],[0.0000 0.0000 0.7139 0.4032 0.0000 0.0000 0.0000],0.5675181150436401,0.5985792061250588,0.286097452044487,0.713902547955513,0.09718860413283571,None
134,0.7036325931549072,0.864572286605835,0.8145303726196289,1.4582891464233398,[0.1000 0.1000 0.0270 0.0598 0.1000 0.1000 0.1000],[0.0000 0.0000 0.7300 0.4025 0.0000 0.0000 0.0000],0.5682048797607422,0.5988271027961538,0.26999760419130325,0.7300023958086967,0.09186843493483722,None
134,0.7040383815765381,0.8647956848144531,0.8161535263061523,1.4591827392578125,[0.1000 0.1000 0.0255 0.0598 0.1000 0.1000 0.1000],[0.0000 0.0000 0.7449 0.4017 0.0000 0.0000 0.0000],0.5688340663909912,0.5990544884427373,0.2550726756453514,0.7449273243546486,0.08691922830783153,None
134,0.7044169306755066,0.8650040030479431,0.8176677227020264,1.4600160121917725,[0.1000 0.1000 0.0241 0.0599 0.1000 0.1000 0.1000],[0.0000 0.0000 0.7590 0.4013 0.0000 0.0000 0.0000],0.5694209337234497,0.5992668314545992,0.24098794907331467,0.7590120509266853,0.08223354177172934,None
134,0.7046827077865601,0.8651513457298279,0.8187308311462402,1.4606053829193115,[0.1000 0.1000 0.0231 0.0596 0.1000 0.1000 0.1000],[0.0000 0.0000 0.7691 0.4038 0.0000 0.0000 0.0000],0.5698340535163879,0.5994146308921557,0.2309274859726429,0.7690725140273571,0.07887717831699616,None
134,0.7047743201255798,0.8652017116546631,0.8190972805023193,1.4608068466186523,[0.1000 0.1000 0.0227 0.0596 0.1000 0.1000 0.1000],[0.0000 0.0000 0.7725 0.4036 0.0000 0.0000 0.0000],0.5699760317802429,0.5994661168776314,0.22747328504920006,0.7725267149507999,0.0777233719556393,None
134,0.7048566937446594,0.8652462363243103,0.8194267749786377,1.4609849452972412,[0.1000 0.1000 0.0224 0.0598 0.1000 0.1000 0.1000],[0.0000 0.0000 0.7756 0.4016 0.0000 0.0000 0.0000],0.5701029300689697,0.5995133677890723,0.22441308945417404,0.775586910545826,0.07670087688195304,None
134,0.7049326300621033,0.8652869462966919,0.8197305202484131,1.4611477851867676,[0.1000 0.1000 0.0222 0.0601 0.1000 0.1000 0.1000],[0.0000 0.0000 0.7784 0.3991 0.0000 0.0000 0.0000],0.5702195763587952,0.5995573496309508,0.22160427644848824,0.7783957235515118,0.07576192331009254,None
134,0.7050039172172546,0.8653250336647034,0.8200156688690186,1.4613001346588135,[0.1000 0.1000 0.0219 0.0604 0.1000 0.1000 0.1000],[0.0000 0.0000 0.7810 0.3964 0.0000 0.0000 0.0000],0.570328950881958,0.5995988056368353,0.21896950900554657,0.7810304909944534,0.07488068718999778,None
134,0.7051231265068054,0.8653910756111145,0.8204925060272217,1.461564302444458,[0.1000 0.1000 0.0214 0.0603 0.1000 0.1000 0.1000],[0.0000 0.0000 0.7856 0.3974 0.0000 0.0000 0.0000],0.5705142021179199,0.5996652037302914,0.21439462900161743,0.7856053709983826,0.07334815775570695,None
134,0.7051977515220642,0.8654310703277588,0.8207910060882568,1.4617242813110352,[0.1000 0.1000 0.0212 0.0605 0.1000 0.1000 0.1000],[0.0000 0.0000 0.7884 0.3951 0.0000 0.0000 0.0000],0.570628821849823,0.5997084577389942,0.21160751581192017,0.7883924841880798,0.07241440492762596,None
134,0.7052811980247498,0.8654761910438538,0.821124792098999,1.461904764175415,[0.1000 0.1000 0.0208 0.0607 0.1000 0.1000 0.1000],[0.0000 0.0000 0.7915 0.3931 0.0000 0.0000 0.0000],0.5707573890686035,0.5997563329431632,0.20846689119935036,0.7915331088006496,0.07136141863130853,None
134,0.7053623795509338,0.8655197620391846,0.8214495182037354,1.4620790481567383,[0.1000 0.1000 0.0205 0.0610 0.1000 0.1000 0.1000],[0.0000 0.0000 0.7946 0.3905 0.0000 0.0000 0.0000],0.5708821415901184,0.5998033202433449,0.20542457699775696,0.794575423002243,0.07034086820218025,None
134,0.7054348587989807,0.8655584454536438,0.8217394351959229,1.4622337818145752,[0.1000 0.1000 0.0203 0.0612 0.1000 0.1000 0.1000],[0.0000 0.0000 0.7973 0.3878 0.0000 0.0000 0.0000],0.5709933042526245,0.5998455465015251,0.20271196961402893,0.7972880303859711,0.06943042884840421,None
134,0.7055578231811523,0.8656265735626221,0.8222312927246094,1.4625062942504883,[0.1000 0.1000 0.0198 0.0611 0.1000 0.1000 0.1000],[0.0000 0.0000 0.8021 0.3889 0.0000 0.0000 0.0000],0.5711843967437744,0.5999140712528499,0.19792968407273293,0.8020703159272671,0.06782289369844757,None
134,0.7056217789649963,0.8656600713729858,0.8224871158599854,1.4626402854919434,[0.1000 0.1000 0.0196 0.0615 0.1000 0.1000 0.1000],[0.0000 0.0000 0.8044 0.3851 0.0000 0.0000 0.0000],0.5712818503379822,0.5999521373535543,0.19556861370801926,0.8044313862919807,0.06702953225971277,None
134,0.7056930661201477,0.8656978011131287,0.8227722644805908,1.4627912044525146,[0.1000 0.1000 0.0193 0.0619 0.1000 0.1000 0.1000],[0.0000 0.0000 0.8071 0.3815 0.0000 0.0000 0.0000],0.5713908672332764,0.5999940813025626,0.1929083652794361,0.8070916347205639,0.0661349944853362,None
134,0.7057620286941528,0.8657342195510864,0.8230481147766113,1.4629368782043457,[0.1000 0.1000 0.0190 0.0622 0.1000 0.1000 0.1000],[0.0000 0.0000 0.8097 0.3780 0.0000 0.0000 0.0000],0.5714962482452393,0.6000347629394105,0.1903296634554863,0.8096703365445137,0.06526739441513679,None
134,0.7058307528495789,0.8657705783843994,0.8233230113983154,1.4630823135375977,[0.1000 0.1000 0.0188 0.0625 0.1000 0.1000 0.1000],[0.0000 0.0000 0.8122 0.3748 0.0000 0.0000 0.0000],0.5716013312339783,0.6000752251550042,0.18775101751089096,0.812248982489109,0.06439931199807124,None
134,0.7059009671211243,0.8658079504966736,0.8236038684844971,1.4632318019866943,[0.1000 0.1000 0.0185 0.0628 0.1000 0.1000 0.1000],[0.0000 0.0000 0.8149 0.3718 0.0000 0.0000 0.0000],0.5717089176177979,0.6001162876840952,0.1851016841828823,0.8148983158171177,0.06350687616890707,None
134,0.7059736251831055,0.8658467531204224,0.8238945007324219,1.4633870124816895,[0.1000 0.1000 0.0182 0.0631 0.1000 0.1000 0.1000],[0.0000 0.0000 0.8177 0.3691 0.0000 0.0000 0.0000],0.5718203783035278,0.6001586215293409,0.18233861774206161,0.8176613822579384,0.06257550108978813,None
134,0.7061035633087158,0.8659188747406006,0.8244142532348633,1.4636754989624023,[0.1000 0.1000 0.0177 0.0629 0.1000 0.1000 0.1000],[0.0000 0.0000 0.8228 0.3710 0.0000 0.0000 0.0000],0.5720224380493164,0.6002309273694565,0.17718428745865822,0.8228157125413418,0.060835438128978105,None
134,0.7061628699302673,0.865949273109436,0.8246514797210693,1.4637970924377441,[0.1000 0.1000 0.0175 0.0634 0.1000 0.1000 0.1000],[0.0000 0.0000 0.8250 0.3659 0.0000 0.0000 0.0000],0.5721121430397034,0.6002670851941654,0.1750069111585617,0.8249930888414383,0.060100888919345216,None
134,0.7062241435050964,0.8659808039665222,0.8248965740203857,1.4639232158660889,[0.1000 0.1000 0.0173 0.0639 0.1000 0.1000 0.1000],[0.0000 0.0000 0.8273 0.3609 0.0000 0.0000 0.0000],0.5722049474716187,0.6003042901638476,0.17274323850870132,0.8272567614912987,0.059336798850137984,None
134,0.7062842845916748,0.8660115599632263,0.8251371383666992,1.4640462398529053,[0.1000 0.1000 0.0171 0.0645 0.1000 0.1000 0.1000],[0.0000 0.0000 0.8295 0.3554 0.0000 0.0000 0.0000],0.5722958445549011,0.6003410511804452,0.1705365814268589,0.8294634185731411,0.05859171183771239,None
134,0.7063424587249756,0.8660415410995483,0.8253698348999023,1.4641661643981934,[0.1000 0.1000 0.0168 0.0649 0.1000 0.1000 0.1000],[0.0000 0.0000 0.8316 0.3507 0.0000 0.0000 0.0000],0.5723839998245239,0.6003763240565285,0.16838159412145615,0.8316184058785439,0.057863627914070626,None
134,0.7066258192062378,0.8660725355148315,0.8265032768249512,1.4642901420593262,[0.1000 0.0627 0.0166 0.0653 0.1000 0.1000 0.1000],[0.0000 0.3729 0.8341 0.3471 0.0000 0.0000 0.0000],0.5726983547210693,0.6006922035464449,0.16589349135756493,0.8341065086424351,0.05706992186922469,None
134,0.7067314386367798,0.8661211133003235,0.8269257545471191,1.464484453201294,[0.1000 0.0596 0.0162 0.0654 0.1000 0.1000 0.1000],[0.0000 0.4040 0.8376 0.3460 0.0000 0.0000 0.0000],0.5728525519371033,0.6007636355947223,0.16236713156104088,0.8376328684389591,0.05587848299825939,None
134,0.7068315744400024,0.8661692142486572,0.8273262977600098,1.464676856994629,[0.1000 0.0572 0.0159 0.0654 0.1000 0.1000 0.1000],[0.0000 0.4279 0.8411 0.3462 0.0000 0.0000 0.0000],0.5730007886886597,0.6008288088944108,0.15885546803474426,0.8411445319652557,0.05469002683931748,None
134,0.7069090604782104,0.866199791431427,0.8276362419128418,1.464799165725708,[0.1000 0.0537 0.0157 0.0659 0.1000 0.1000 0.1000],[0.0000 0.4628 0.8434 0.3409 0.0000 0.0000 0.0000],0.5731088519096375,0.6008875710364101,0.15661459416151047,0.8433854058384895,0.05393399205144706,None
134,0.7069771885871887,0.86622554063797,0.8279087543487549,1.4649021625518799,[0.1000 0.0504 0.0155 0.0665 0.1000 0.1000 0.1000],[0.0000 0.4960 0.8453 0.3351 0.0000 0.0000 0.0000],0.5732027292251587,0.600940666002183,0.1547144167125225,0.8452855832874775,0.05329305637130238,None
134,0.7070401906967163,0.8662487864494324,0.8281607627868652,1.4649951457977295,[0.1000 0.0472 0.0153 0.0671 0.1000 0.1000 0.1000],[0.0000 0.5282 0.8470 0.3288 0.0000 0.0000 0.0000],0.5732889771461487,0.6009904816264202,0.15299907885491848,0.8470009211450815,0.05271448905593701,None
