191,0.9388346672058105,0.7310585975646973,1.7553386688232422,0.9242343902587891,[0.1000 0.1000 0.1000 0.1000 0.1000 0.1000 0.1000],[0.0000 0.0000 0.0000 0.0000 0.0000 0.0000 0.0000],0.6698932647705078,0.5441753959677985,1.0,0.0,0.36453943261265237,None
191,0.9388346672058105,0.7310585975646973,1.7553386688232422,0.9242343902587891,[0.1000 0.1000 0.1000 0.1000 0.1000 0.1000 0.1000],[0.0000 0.0000 0.0000 0.0000 0.0000 0.0000 0.0000],0.6698932647705078,0.5441753959677985,1.0,0.0,0.36453943261265237,None
191,0.9388346672058105,0.7310585975646973,1.7553386688232422,0.9242343902587891,[0.1000 0.1000 0.1000 0.1000 0.1000 0.1000 0.1000],[0.0000 0.0000 0.0000 0.0000 0.0000 0.0000 0.0000],0.6698932647705078,0.5441753959677985,1.0,0.0,0.36453943261265237,None
191,0.9388346672058105,0.7310585975646973,1.7553386688232422,0.9242343902587891,[0.1000 0.1000 0.1000 0.1000 0.1000 0.1000 0.1000],[0.0000 0.0000 0.0000 0.0000 0.0000 0.0000 0.0000],0.6698932647705078,0.5441753959677985,1.0,0.0,0.36453943261265237,None
191,0.9388346672058105,0.7310585975646973,1.7553386688232422,0.9242343902587891,[0.1000 0.1000 0.1000 0.1000 0.1000 0.1000 0.1000],[0.0000 0.0000 0.0000 0.0000 0.0000 0.0000 0.0000],0.6698932647705078,0.5441753959677985,1.0,0.0,0.36453943261265237,None
191,0.9388346672058105,0.7310585975646973,1.7553386688232422,0.9242343902587891,[0.1000 0.1000 0.1000 0.1000 0.1000 0.1000 0.1000],[0.0000 0.0000 0.0000 0.0000 0.0000 0.0000 0.0000],0.6698932647705078,0.5441753959677985,1.0,0.0,0.36453943261265237,None
191,0.9388346672058105,0.7310585975646973,1.7553386688232422,0.9242343902587891,[0.1000 0.1000 0.1000 0.1000 0.1000 0.1000 0.1000],[0.0000 0.0000 0.0000 0.0000 0.0000 0.0000 0.0000],0.6698932647705078,0.5441753959677985,1.0,0.0,0.36453943261265237,None
191,0.9388346672058105,0.7310585975646973,1.7553386688232422,0.9242343902587891,[0.1000 0.1000 0.1000 0.1000 0.1000 0.1000 0.1000],[0.0000 0.0000 0.0000 0.0000 0.0000 0.0000 0.0000],0.6698932647705078,0.5441753959677985,1.0,0.0,0.36453943261265237,None
191,0.9388346672058105,0.7310585975646973,1.7553386688232422,0.9242343902587891,[0.1000 0.1000 0.1000 0.1000 0.1000 0.1000 0.1000],[0.0000 0.0000 0.0000 0.0000 0.0000 0.0000 0.0000],0.6698932647705078,0.5441753959677985,1.0,0.0,0.36453943261265237,None
191,0.9388346672058105,0.7310585975646973,1.7553386688232422,0.9242343902587891,[0.1000 0.1000 0.1000 0.1000 0.1000 0.1000 0.1000],[0.0000 0.0000 0.0000 0.0000 0.0000 0.0000 0.0000],0.6698932647705078,0.5441753959677985,1.0,0.0,0.36453943261265237,None
191,0.9388346672058105,0.7310585975646973,1.7553386688232422,0.9242343902587891,[0.1000 0.1000 0.1000 0.1000 0.1000 0.1000 0.1000],[0.0000 0.0000 0.0000 0.0000 0.0000 0.0000 0.0000],0.6698932647705078,0.5441753959677985,1.0,0.0,0.36453943261265237,None
191,0.9388346672058105,0.7310585975646973,1.7553386688232422,0.9242343902587891,[0.1000 0.1000 0.1000 0.1000 0.1000 0.1000 0.1000],[0.0000 0.0000 0.0000 0.0000 0.0000 0.0000 0.0000],0.6698932647705078,0.5441753959677985,1.0,0.0,0.36453943261265237,None
191,0.9388346672058105,0.7310585975646973,1.7553386688232422,0.9242343902587891,[0.1000 0.1000 0.1000 0.1000 0.1000 0.1000 0.1000],[0.0000 0.0000 0.0000 0.0000 0.0000 0.0000 0.0000],0.6698932647705078,0.5441753959677985,1.0,0.0,0.36453943261265237,None
191,0.9388346672058105,0.7310585975646973,1.7553386688232422,0.9242343902587891,[0.1000 0.1000 0.1000 0.1000 0.1000 0.1000 0.1000],[0.0000 0.0000 0.0000 0.0000 0.0000 0.0000 0.0000],0.6698932647705078,0.5441753959677985,1.0,0.0,0.36453943261265237,None
191,0.9388346672058105,0.7310585975646973,1.7553386688232422,0.9242343902587891,[0.1000 0.1000 0.1000 0.1000 0.1000 0.1000 0.1000],[0.0000 0.0000 0.0000 0.0000 0.0000 0.0000 0.0000],0.6698932647705078,0.5441753959677985,1.0,0.0,0.36453943261265237,None
191,0.9388346672058105,0.7310585975646973,1.7553386688232422,0.9242343902587891,[0.1000 0.1000 0.1000 0.1000 0.1000 0.1000 0.1000],[0.0000 0.0000 0.0000 0.0000 0.0000 0.0000 0.0000],0.6698932647705078,0.5441753959677985,1.0,0.0,0.36453943261265237,None
191,0.9388346672058105,0.7310585975646973,1.7553386688232422,0.9242343902587891,[0.1000 0.1000 0.1000 0.1000 0.1000 0.1000 0.1000],[0.0000 0.0000 0.0000 0.0000 0.0000 0.0000 0.0000],0.6698932647705078,0.5441753959677985,1.0,0.0,0.36453943261265237,None
191,0.9388346672058105,0.7310585975646973,1.7553386688232422,0.9242343902587891,[0.1000 0.1000 0.1000 0.1000 0.1000 0.1000 0.1000],[0.0000 0.0000 0.0000 0.0000 0.0000 0.0000 0.0000],0.6698932647705078,0.5441753959677985,1.0,0.0,0.36453943261265237,None
191,0.9388346672058105,0.7310585975646973,1.7553386688232422,0.9242343902587891,[0.1000 0.1000 0.1000 0.1000 0.1000 0.1000 0.1000],[0.0000 0.0000 0.0000 0.0000 0.0000 0.0000 0.0000],0.6698932647705078,0.5441753959677985,1.0,0.0,0.36453943261265237,None
191,0.9388346672058105,0.7310585975646973,1.7553386688232422,0.9242343902587891,[0.1000 0.1000 0.1000 0.1000 0.1000 0.1000 0.1000],[0.0000 0.0000 0.0000 0.0000 0.0000 0.0000 0.0000],0.6698932647705078,0.5441753959677985,1.0,0.0,0.36453943261265237,None
191,0.9388346672058105,0.7310585975646973,1.7553386688232422,0.9242343902587891,[0.1000 0.1000 0.1000 0.1000 0.1000 0.1000 0.1000],[0.0000 0.0000 0.0000 0.0000 0.0000 0.0000 0.0000],0.6698932647705078,0.5441753959677985,1.0,0.0,0.36453943261265237,None
191,0.9388346672058105,0.7310585975646973,1.7553386688232422,0.9242343902587891,[0.1000 0.1000 0.1000 0.1000 0.1000 0.1000 0.1000],[0.0000 0.0000 0.0000 0.0000 0.0000 0.0000 0.0000],0.6698932647705078,0.5441753959677985,1.0,0.0,0.36453943261265237,None
191,0.9388346672058105,0.7310585975646973,1.7553386688232422,0.9242343902587891,[0.1000 0.1000 0.1000 0.1000 0.1000 0.1000 0.1000],[0.0000 0.0000 0.0000 0.0000 0.0000 0.0000 0.0000],0.6698932647705078,0.5441753959677985,1.0,0.0,0.36453943261265237,None
191,0.9388346672058105,0.7310585975646973,1.7553386688232422,0.9242343902587891,[0.1000 0.1000 0.1000 0.1000 0.1000 0.1000 0.1000],[0.0000 0.0000 0.0000 0.0000 0.0000 0.0000 0.0000],0.6698932647705078,0.5441753959677985,1.0,0.0,0.36453943261265237,None
191,0.9388346672058105,0.7310585975646973,1.7553386688232422,0.9242343902587891,[0.1000 0.1000 0.1000 0.1000 0.1000 0.1000 0.1000],[0.0000 0.0000 0.0000 0.0000 0.0000 0.0000 0.0000],0.6698932647705078,0.5441753959677985,1.0,0.0,0.36453943261265237,None
191,0.9388346672058105,0.7310585975646973,1.7553386688232422,0.9242343902587891,[0.1000 0.1000 0.1000 0.1000 0.1000 0.1000 0.1000],[0.0000 0.0000 0.0000 0.0000 0.0000 0.0000 0.0000],0.6698932647705078,0.5441753959677985,1.0,0.0,0.36453943261265237,None
191,0.9388346672058105,0.7310585975646973,1.7553386688232422,0.9242343902587891,[0.1000 0.1000 0.1000 0.1000 0.1000 0.1000 0.1000],[0.0000 0.0000 0.0000 0.0000 0.0000 0.0000 0.0000],0.6698932647705078,0.5441753959677985,1.0,0.0,0.36453943261265237,None
191,0.9388346672058105,0.7310585975646973,1.7553386688232422,0.9242343902587891,[0.1000 0.1000 0.1000 0.1000 0.1000 0.1000 0.1000],[0.0000 0.0000 0.0000 0.0000 0.0000 0.0000 0.0000],0.6698932647705078,0.5441753959677985,1.0,0.0,0.36453943261265237,None
191,0.9388346672058105,0.7310585975646973,1.7553386688232422,0.9242343902587891,[0.1000 0.1000 0.1000 0.1000 0.1000 0.1000 0.1000],[0.0000 0.0000 0.0000 0.0000 0.0000 0.0000 0.0000],0.6698932647705078,0.5441753959677985,1.0,0.0,0.36453943261265237,None
191,0.9388346672058105,0.7310585975646973,1.7553386688232422,0.9242343902587891,[0.1000 0.1000 0.1000 0.1000 0.1000 0.1000 0.1000],[0.0000 0.0000 0.0000 0.0000 0.0000 0.0000 0.0000],0.6698932647705078,0.5441753959677985,1.0,0.0,0.36453943261265237,None
191,0.9388346672058105,0.7310585975646973,1.7553386688232422,0.9242343902587891,[0.1000 0.1000 0.1000 0.1000 0.1000 0.1000 0.1000],[0.0000 0.0000 0.0000 0.0000 0.0000 0.0000 0.0000],0.6698932647705078,0.5441753959677985,1.0,0.0,0.36453943261265237,None
191,0.9388346672058105,0.7310585975646973,1.7553386688232422,0.9242343902587891,[0.1000 0.1000 0.1000 0.1000 0.1000 0.1000 0.1000],[0.0000 0.0000 0.0000 0.0000 0.0000 0.0000 0.0000],0.6698932647705078,0.5441753959677985,1.0,0.0,0.36453943261265237,None
191,0.9388346672058105,0.7310585975646973,1.7553386688232422,0.9242343902587891,[0.1000 0.1000 0.1000 0.1000 0.1000 0.1000 0.1000],[0.0000 0.0000 0.0000 0.0000 0.0000 0.0000 0.0000],0.6698932647705078,0.5441753959677985,1.0,0.0,0.36453943261265237,None
191,0.9388346672058105,0.7310585975646973,1.7553386688232422,0.9242343902587891,[0.1000 0.1000 0.1000 0.1000 0.1000 0.1000 0.1000],[0.0000 0.0000 0.0000 0.0000 0.0000 0.0000 0.0000],0.6698932647705078,0.5441753959677985,1.0,0.0,0.36453943261265237,None
191,0.9388346672058105,0.7310585975646973,1.7553386688232422,0.9242343902587891,[0.1000 0.1000 0.1000 0.1000 0.1000 0.1000 0.1000],[0.0000 0.0000 0.0000 0.0000 0.0000 0.0000 0.0000],0.6698932647705078,0.5441753959677985,1.0,0.0,0.36453943261265237,None
191,0.9388346672058105,0.7310585975646973,1.7553386688232422,0.9242343902587891,[0.1000 0.1000 0.1000 0.1000 0.1000 0.1000 0.1000],[0.0000 0.0000 0.0000 0.0000 0.0000 0.0000 0.0000],0.6698932647705078,0.5441753959677985,1.0,0.0,0.36453943261265237,None
191,0.9388346672058105,0.7310585975646973,1.7553386688232422,0.9242343902587891,[0.1000 0.1000 0.1000 0.1000 0.1000 0.1000 0.1000],[0.0000 0.0000 0.0000 0.0000 0.0000 0.0000 0.0000],0.6698932647705078,0.5441753959677985,1.0,0.0,0.36453943261265237,None
191,0.9388346672058105,0.7310585975646973,1.7553386688232422,0.9242343902587891,[0.1000 0.1000 0.1000 0.1000 0.1000 0.1000 0.1000],[0.0000 0.0000 0.0000 0.0000 0.0000 0.0000 0.0000],0.6698932647705078,0.5441753959677985,1.0,0.0,0.36453943261265237,None
191,0.9388346672058105,0.7310585975646973,1.7553386688232422,0.9242343902587891,[0.1000 0.1000 0.1000 0.1000 0.1000 0.1000 0.1000],[0.0000 0.0000 0.0000 0.0000 0.0000 0.0000 0.0000],0.6698932647705078,0.5441753959677985,1.0,0.0,0.36453943261265237,None
191,0.9388346672058105,0.7310585975646973,1.7553386688232422,0.9242343902587891,[0.1000 0.1000 0.1000 0.1000 0.1000 0.1000 0.1000],[0.0000 0.0000 0.0000 0.0000 0.0000 0.0000 0.0000],0.6698932647705078,0.5441753959677985,1.0,0.0,0.36453943261265237,None
191,0.9388346672058105,0.7310585975646973,1.7553386688232422,0.9242343902587891,[0.1000 0.1000 0.1000 0.1000 0.1000 0.1000 0.1000],[0.0000 0.0000 0.0000 0.0000 0.0000 0.0000 0.0000],0.6698932647705078,0.5441753959677985,1.0,0.0,0.36453943261265237,None
191,0.9388346672058105,0.7310585975646973,1.7553386688232422,0.9242343902587891,[0.1000 0.1000 0.1000 0.1000 0.1000 0.1000 0.1000],[0.0000 0.0000 0.0000 0.0000 0.0000 0.0000 0.0000],0.6698932647705078,0.5441753959677985,1.0,0.0,0.36453943261265237,None
191,0.9388346672058105,0.7310585975646973,1.7553386688232422,0.9242343902587891,[0.1000 0.1000 0.1000 0.1000 0.1000 0.1000 0.1000],[0.0000 0.0000 0.0000 0.0000 0.0000 0.0000 0.0000],0.6698932647705078,0.5441753959677985,1.0,0.0,0.36453943261265237,None
191,0.9388346672058105,0.7310585975646973,1.7553386688232422,0.9242343902587891,[0.1000 0.1000 0.1000 0.1000 0.1000 0.1000 0.1000],[0.0000 0.0000 0.0000 0.0000 0.0000 0.0000 0.0000],0.6698932647705078,0.5441753959677985,1.0,0.0,0.36453943261265237,None
191,0.9388346672058105,0.7310585975646973,1.7553386688232422,0.9242343902587891,[0.1000 0.1000 0.1000 0.1000 0.1000 0.1000 0.1000],[0.0000 0.0000 0.0000 0.0000 0.0000 0.0000 0.0000],0.6698932647705078,0.5441753959677985,1.0,0.0,0.36453943261265237,None
191,0.9388346672058105,0.7310585975646973,1.7553386688232422,0.9242343902587891,[0.1000 0.1000 0.1000 0.1000 0.1000 0.1000 0.1000],[0.0000 0.0000 0.0000 0.0000 0.0000 0.0000 0.0000],0.6698932647705078,0.5441753959677985,1.0,0.0,0.36453943261265237,None
191,0.9388346672058105,0.7310585975646973,1.7553386688232422,0.9242343902587891,[0.1000 0.1000 0.1000 0.1000 0.1000 0.1000 0.1000],[0.0000 0.0000 0.0000 0.0000 0.0000 0.0000 0.0000],0.6698932647705078,0.5441753959677985,1.0,0.0,0.36453943261265237,None
191,0.9388346672058105,0.7310585975646973,1.7553386688232422,0.9242343902587891,[0.1000 0.1000 0.1000 0.1000 0.1000 0.1000 0.1000],[0.0000 0.0000 0.0000 0.0000 0.0000 0.0000 0.0000],0.6698932647705078,0.5441753959677985,1.0,0.0,0.36453943261265237,None
191,0.9388346672058105,0.7310585975646973,1.7553386688232422,0.9242343902587891,[0.1000 0.1000 0.1000 0.1000 0.1000 0.1000 0.1000],[0.0000 0.0000 0.0000 0.0000 0.0000 0.0000 0.0000],0.6698932647705078,0.5441753959677985,1.0,0.0,0.36453943261265237,None
191,0.9388346672058105,0.7310585975646973,1.7553386688232422,0.9242343902587891,[0.1000 0.1000 0.1000 0.1000 0.1000 0.1000 0.1000],[0.0000 0.0000 0.0000 0.0000 0.0000 0.0000 0.0000],0.6698932647705078,0.5441753959677985,1.0,0.0,0.36453943261265237,None
191,0.9388346672058105,0.7310585975646973,1.7553386688232422,0.9242343902587891,[0.1000 0.1000 0.1000 0.1000 0.1000 0.1000 0.1000],[0.0000 0.0000 0.0000 0.0000 0.0000 0.0000 0.0000],0.6698932647705078,0.5441753959677985,1.0,0.0,0.36453943261265237,None
191,0.9388346672058105,0.7310585975646973,1.7553386688232422,0.9242343902587891,[0.1000 0.1000 0.1000 0.1000 0.1000 0.1000 0.1000],[0.0000 0.0000 0.0000 0.0000 0.0000 0.0000 0.0000],0.6698932647705078,0.5441753959677985,1.0,0.0,0.36453943261265237,None
191,0.9388346672058105,0.7310585975646973,1.7553386688232422,0.9242343902587891,[0.1000 0.1000 0.1000 0.1000 0.1000 0.1000 0.1000],[0.0000 0.0000 0.0000 0.0000 0.0000 0.0000 0.0000],0.6698932647705078,0.5441753959677985,1.0,0.0,0.36453943261265237,None
191,0.9388346672058105,0.7310585975646973,1.7553386688232422,0.9242343902587891,[0.1000 0.1000 0.1000 0.1000 0.1000 0.1000 0.1000],[0.0000 0.0000 0.0000 0.0000 0.0000 0.0000 0.0000],0.6698932647705078,0.5441753959677985,1.0,0.0,0.36453943261265237,None
191,0.9388346672058105,0.7310585975646973,1.7553386688232422,0.9242343902587891,[0.1000 0.1000 0.1000 0.1000 0.1000 0.1000 0.1000],[0.0000 0.0000 0.0000 0.0000 0.0000 0.0000 0.0000],0.6698932647705078,0.5441753959677985,1.0,0.0,0.36453943261265237,None
191,0.9388346672058105,0.7310585975646973,1.7553386688232422,0.9242343902587891,[0.1000 0.1000 0.1000 0.1000 0.1000 0.1000 0.1000],[0.0000 0.0000 0.0000 0.0000 0.0000 0.0000 0.0000],0.6698932647705078,0.5441753959677985,1.0,0.0,0.36453943261265237,None
191,0.9388346672058105,0.7310585975646973,1.7553386688232422,0.9242343902587891,[0.1000 0.1000 0.1000 0.1000 0.1000 0.1000 0.1000],[0.0000 0.0000 0.0000 0.0000 0.0000 0.0000 0.0000],0.6698932647705078,0.5441753959677985,1.0,0.0,0.36453943261265237,None
191,0.9388346672058105,0.7310585975646973,1.7553386688232422,0.9242343902587891,[0.1000 0.1000 0.1000 0.1000 0.1000 0.1000 0.1000],[0.0000 0.0000 0.0000 0.0000 0.0000 0.0000 0.0000],0.6698932647705078,0.5441753959677985,1.0,0.0,0.36453943261265237,None
191,0.9388346672058105,0.7310585975646973,1.7553386688232422,0.9242343902587891,[0.1000 0.1000 0.1000 0.1000 0.1000 0.1000 0.1000],[0.0000 0.0000 0.0000 0.0000 0.0000 0.0000 0.0000],0.6698932647705078,0.5441753959677985,1.0,0.0,0.36453943261265237,None
191,0.9388346672058105,0.7310585975646973,1.7553386688232422,0.9242343902587891,[0.1000 0.1000 0.1000 0.1000 0.1000 0.1000 0.1000],[0.0000 0.0000 0.0000 0.0000 0.0000 0.0000 0.0000],0.6698932647705078,0.5441753959677985,1.0,0.0,0.36453943261265237,None
191,0.9388346672058105,0.7310585975646973,1.7553386688232422,0.9242343902587891,[0.1000 0.1000 0.1000 0.1000 0.1000 0.1000 0.1000],[0.0000 0.0000 0.0000 0.0000 0.0000 0.0000 0.0000],0.6698932647705078,0.5441753959677985,1.0,0.0,0.36453943261265237,None
191,0.9388346672058105,0.7310585975646973,1.7553386688232422,0.9242343902587891,[0.1000 0.1000 0.1000 0.1000 0.1000 0.1000 0.1000],[0.0000 0.0000 0.0000 0.0000 0.0000 0.0000 0.0000],0.6698932647705078,0.5441753959677985,1.0,0.0,0.36453943261265237,None
191,0.9388346672058105,0.7310585975646973,1.7553386688232422,0.9242343902587891,[0.1000 0.1000 0.1000 0.1000 0.1000 0.1000 0.1000],[0.0000 0.0000 0.0000 0.0000 0.0000 0.0000 0.0000],0.6698932647705078,0.5441753959677985,1.0,0.0,0.36453943261265237,None
191,0.9388346672058105,0.7310585975646973,1.7553386688232422,0.9242343902587891,[0.1000 0.1000 0.1000 0.1000 0.1000 0.1000 0.1000],[0.0000 0.0000 0.0000 0.0000 0.0000 0.0000 0.0000],0.6698932647705078,0.5441753959677985,1.0,0.0,0.36453943261265237,None
191,0.9388346672058105,0.7310585975646973,1.7553386688232422,0.9242343902587891,[0.1000 0.1000 0.1000 0.1000 0.1000 0.1000 0.1000],[0.0000 0.0000 0.0000 0.0000 0.0000 0.0000 0.0000],0.6698932647705078,0.5441753959677985,1.0,0.0,0.36453943261265237,None
191,0.9388346672058105,0.7310585975646973,1.7553386688232422,0.9242343902587891,[0.1000 0.1000 0.1000 0.1000 0.1000 0.1000 0.1000],[0.0000 0.0000 0.0000 0.0000 0.0000 0.0000 0.0000],0.6698932647705078,0.5441753959677985,1.0,0.0,0.36453943261265237,None
191,0.9388346672058105,0.7310585975646973,1.7553386688232422,0.9242343902587891,[0.1000 0.1000 0.1000 0.1000 0.1000 0.1000 0.1000],[0.0000 0.0000 0.0000 0.0000 0.0000 0.0000 0.0000],0.6698932647705078,0.5441753959677985,1.0,0.0,0.36453943261265237,None
191,0.9388346672058105,0.7310585975646973,1.7553386688232422,0.9242343902587891,[0.1000 0.1000 0.1000 0.1000 0.1000 0.1000 0.1000],[0.0000 0.0000 0.0000 0.0000 0.0000 0.0000 0.0000],0.6698932647705078,0.5441753959677985,1.0,0.0,0.36453943261265237,None
191,0.9388346672058105,0.7310585975646973,1.7553386688232422,0.9242343902587891,[0.1000 0.1000 0.1000 0.1000 0.1000 0.1000 0.1000],[0.0000 0.0000 0.0000 0.0000 0.0000 0.0000 0.0000],0.6698932647705078,0.5441753959677985,1.0,0.0,0.36453943261265237,None
191,0.9388346672058105,0.7310585975646973,1.7553386688232422,0.9242343902587891,[0.1000 0.1000 0.1000 0.1000 0.1000 0.1000 0.1000],[0.0000 0.0000 0.0000 0.0000 0.0000 0.0000 0.0000],0.6698932647705078,0.5441753959677985,1.0,0.0,0.36453943261265237,None
191,0.9388346672058105,0.7310585975646973,1.7553386688232422,0.9242343902587891,[0.1000 0.1000 0.1000 0.1000 0.1000 0.1000 0.1000],[0.0000 0.0000 0.0000 0.0000 0.0000 0.0000 0.0000],0.6698932647705078,0.5441753959677985,1.0,0.0,0.36453943261265237,None
191,0.9388346672058105,0.7310585975646973,1.7553386688232422,0.9242343902587891,[0.1000 0.1000 0.1000 0.1000 0.1000 0.1000 0.1000],[0.0000 0.0000 0.0000 0.0000 0.0000 0.0000 0.0000],0.6698932647705078,0.5441753959677985,1.0,0.0,0.36453943261265237,None
191,0.9388346672058105,0.7310585975646973,1.7553386688232422,0.9242343902587891,[0.1000 0.1000 0.1000 0.1000 0.1000 0.1000 0.1000],[0.0000 0.0000 0.0000 0.0000 0.0000 0.0000 0.0000],0.6698932647705078,0.5441753959677985,1.0,0.0,0.36453943261265237,None
191,0.9388346672058105,0.7310585975646973,1.7553386688232422,0.9242343902587891,[0.1000 0.1000 0.1000 0.1000 0.1000 0.1000 0.1000],[0.0000 0.0000 0.0000 0.0000 0.0000 0.0000 0.0000],0.6698932647705078,0.5441753959677985,1.0,0.0,0.36453943261265237,None
191,0.9388346672058105,0.7310585975646973,1.7553386688232422,0.9242343902587891,[0.1000 0.1000 0.1000 0.1000 0.1000 0.1000 0.1000],[0.0000 0.0000 0.0000 0.0000 0.0000 0.0000 0.0000],0.6698932647705078,0.5441753959677985,1.0,0.0,0.36453943261265237,None
191,0.9359237551689148,0.7275611162185669,1.7436950206756592,0.9102444648742676,[0.1071 0.1000 0.1000 0.1000 0.1000 0.1000 0.1000],[-0.0709 0.0000 0.0000 0.0000 0.0000 0.0000 0.0000],0.6634848713874817,0.5435324338462284,1.0,0.0,0.36062554696538973,None
191,0.9363337755203247,0.728044331073761,1.7453351020812988,0.912177324295044,[0.1061 0.1000 0.1000 0.1000 0.1000 0.1000 0.1000],[-0.0611 0.0000 0.0000 0.0000 0.0000 0.0000 0.0000],0.6643781065940857,0.5436126158113441,1.0,0.0,0.36116432041339896,None
191,0.9367336630821228,0.728518545627594,1.7469346523284912,0.914074182510376,[0.1052 0.1000 0.1000 0.1000 0.1000 0.1000 0.1000],[-0.0515 0.0000 0.0000 0.0000 0.0000 0.0000 0.0000],0.6652522087097168,0.5436940527951353,1.0,0.0,0.3616936694843011,None
191,0.9371227025985718,0.7289828062057495,1.748490810394287,0.915931224822998,[0.1042 0.1000 0.1000 0.1000 0.1000 0.1000 0.1000],[-0.0421 0.0000 0.0000 0.0000 0.0000 0.0000 0.0000],0.6661055088043213,0.5437764841737964,1.0,0.0,0.3622125116664116,None
191,0.9375062584877014,0.7294429540634155,1.7500250339508057,0.9177718162536621,[0.1033 0.1000 0.1000 0.1000 0.1000 0.1000 0.1000],[-0.0328 0.0000 0.0000 0.0000 0.0000 0.0000 0.0000],0.6669492125511169,0.5438604331739179,1.0,0.0,0.3627272876430539,None
191,0.937885582447052,0.7299008965492249,1.751542329788208,0.9196035861968994,[0.1024 0.1000 0.1000 0.1000 0.1000 0.1000 0.1000],[-0.0235 0.0000 0.0000 0.0000 0.0000 0.0000 0.0000],0.6677864789962769,0.5439466194645334,1.0,0.0,0.3632401977741484,None
191,0.9382573366165161,0.7303523421287537,1.7530293464660645,0.9214093685150146,[0.1014 0.1000 0.1000 0.1000 0.1000 0.1000 0.1000],[-0.0144 0.0000 0.0000 0.0000 0.0000 0.0000 0.0000],0.6686096787452698,0.5440339985396252,1.0,0.0,0.3637463969900834,None
191,0.9386150240898132,0.7307891249656677,1.754460096359253,0.9231564998626709,[0.1005 0.1000 0.1000 0.1000 0.1000 0.1000 0.1000],[-0.0055 0.0000 0.0000 0.0000 0.0000 0.0000 0.0000],0.669404149055481,0.544120740629555,1.0,0.0,0.3642366813645653,None
191,0.9389558434486389,0.7312076091766357,1.7558233737945557,0.924830436706543,[0.0997 0.1000 0.1000 0.1000 0.1000 0.1000 0.1000],[0.0030 0.0000 0.0000 0.0000 0.0000 0.0000 0.0000],0.6701634526252747,0.5442059299727527,0.9969679266214371,0.0030320733785629828,0.3636011068115103,None
191,0.939283013343811,0.7316115498542786,1.7571320533752441,0.9264461994171143,[0.0989 0.1000 0.1000 0.1000 0.1000 0.1000 0.1000],[0.0113 0.0000 0.0000 0.0000 0.0000 0.0000 0.0000],0.6708945631980896,0.5442901542762846,0.9887433052062988,0.011256694793701227,0.3610507959419072,None
191,0.939597487449646,0.7320016026496887,1.758389949798584,0.9280064105987549,[0.0981 0.1000 0.1000 0.1000 0.1000 0.1000 0.1000],[0.0192 0.0000 0.0000 0.0000 0.0000 0.0000 0.0000],0.6715990900993347,0.5443730859574281,0.9807922691106796,0.01920773088932043,0.35857811377810406,None
191,0.9399049878120422,0.7323849201202393,1.759619951248169,0.929539680480957,[0.0973 0.1000 0.1000 0.1000 0.1000 0.1000 0.1000],[0.0270 0.0000 0.0000 0.0000 0.0000 0.0000 0.0000],0.6722899079322815,0.544456294421926,0.9729719907045364,0.027028009295463618,0.35613934299305705,None
191,0.9402086138725281,0.7327651977539062,1.7608344554901123,0.931060791015625,[0.0965 0.1000 0.1000 0.1000 0.1000 0.1000 0.1000],[0.0348 0.0000 0.0000 0.0000 0.0000 0.0000 0.0000],0.6729738116264343,0.544540434156201,0.965205505490303,0.034794494509697016,0.35371061059453335,None
191,0.9405354857444763,0.7331768274307251,1.7621419429779053,0.9327073097229004,[0.0957 0.1000 0.1000 0.1000 0.1000 0.1000 0.1000],[0.0432 0.0000 0.0000 0.0000 0.0000 0.0000 0.0000],0.6737123131752014,0.5446334901271821,0.9567905217409134,0.043209478259086664,0.35107159498209656,None
191,0.9408546090126038,0.7335806488990784,1.763418436050415,0.9343225955963135,[0.0949 0.1000 0.1000 0.1000 0.1000 0.1000 0.1000],[0.0515 0.0000 0.0000 0.0000 0.0000 0.0000 0.0000],0.6744352579116821,0.5447264996581447,0.9485237300395966,0.0514762699604035,0.34847126329530037,None
191,0.9411695003509521,0.7339812517166138,1.7646780014038086,0.9359250068664551,[0.0940 0.1000 0.1000 0.1000 0.1000 0.1000 0.1000],[0.0597 0.0000 0.0000 0.0000 0.0000 0.0000 0.0000],0.6751507520675659,0.5448206412474985,0.9403155744075775,0.05968442559242254,0.34588198138788384,None
191,0.9414705634117126,0.7343660593032837,1.7658822536468506,0.9374642372131348,[0.0932 0.1000 0.1000 0.1000 0.1000 0.1000 0.1000],[0.0676 0.0000 0.0000 0.0000 0.0000 0.0000 0.0000],0.6758366227149963,0.5449126412342034,0.9324204921722412,0.06757950782775884,0.3433842840850839,None
191,0.9417983293533325,0.7347872257232666,1.76719331741333,0.9391489028930664,[0.0924 0.1000 0.1000 0.1000 0.1000 0.1000 0.1000],[0.0762 0.0000 0.0000 0.0000 0.0000 0.0000 0.0000],0.6765855550765991,0.5450152709924585,0.923769399523735,0.07623060047626501,0.34063946691526414,None
191,0.9420498013496399,0.7351118326187134,1.7681992053985596,0.9404473304748535,[0.0917 0.1000 0.1000 0.1000 0.1000 0.1000 0.1000],[0.0829 0.0000 0.0000 0.0000 0.0000 0.0000 0.0000],0.6771616339683533,0.5450956488107346,0.9170924872159958,0.08290751278400427,0.33851521650291205,None
191,0.9403752684593201,0.7284953594207764,1.7615010738372803,0.9139814376831055,[0.0909 0.1071 0.1000 0.1000 0.1000 0.1000 0.1000],[0.0908 -0.0714 0.0000 0.0000 0.0000 0.0000 0.0000],0.6688706278800964,0.5396958515953352,0.9092241525650024,0.09077584743499761,0.32821782923229365,None
191,0.9410420656204224,0.730189859867096,1.7641682624816895,0.9207594394683838,[0.0902 0.1058 0.1000 0.1000 0.1000 0.1000 0.1000],[0.0985 -0.0581 0.0000 0.0000 0.0000 0.0000 0.0000],0.6712319254875183,0.5408135392312547,0.9015151858329773,0.09848481416702276,0.3272602115401972,None
191,0.941701352596283,0.731880247592926,1.7668054103851318,0.9275209903717041,[0.0894 0.1045 0.1000 0.1000 0.1000 0.1000 0.1000],[0.1062 -0.0447 0.0000 0.0000 0.0000 0.0000 0.0000],0.673581600189209,0.5419376625355923,0.8938457071781158,0.10615429282188421,0.32628875577845107,None
191,0.9423169493675232,0.733467698097229,1.7692677974700928,0.933870792388916,[0.0887 0.1032 0.1000 0.1000 0.1000 0.1000 0.1000],[0.1134 -0.0321 0.0000 0.0000 0.0000 0.0000 0.0000],0.6757846474647522,0.5429997250872882,0.8865825086832047,0.1134174913167954,0.32533222979595455,None
191,0.9429420828819275,0.735088586807251,1.77176833152771,0.9403543472290039,[0.0879 0.1019 0.1000 0.1000 0.1000 0.1000 0.1000],[0.1209 -0.0192 0.0000 0.0000 0.0000 0.0000 0.0000],0.6780306696891785,0.5440904738057379,0.8791027963161469,0.1208972036838532,0.3243098374904616,None
191,0.9435217976570129,0.7365722060203552,1.7740871906280518,0.9462888240814209,[0.0872 0.1008 0.1000 0.1000 0.1000 0.1000 0.1000],[0.1283 -0.0076 0.0000 0.0000 0.0000 0.0000 0.0000],0.6800940036773682,0.5450828738806839,0.871744230389595,0.12825576961040502,0.3231622062602947,None
191,0.9441165924072266,0.7381324172019958,1.7764663696289062,0.9525296688079834,[0.0864 0.0995 0.1000 0.1000 0.1000 0.1000 0.1000],[0.1356 0.0049 0.0000 0.0000 0.0000 0.0000 0.0000],0.6822490096092224,0.546145204712751,0.8644471317529678,0.13555286824703222,0.3220990740479032,None
191,0.9447028636932373,0.7396774291992188,1.7788114547729492,0.958709716796875,[0.0857 0.0983 0.1000 0.1000 0.1000 0.1000 0.1000],[0.1429 0.0173 0.0000 0.0000 0.0000 0.0000 0.0000],0.684380292892456,0.5472026562643961,0.8571476489305496,0.14285235106945043,0.3209972637840971,None
191,0.9452622532844543,0.7411606907844543,1.7810490131378174,0.9646427631378174,[0.0850 0.0971 0.1000 0.1000 0.1000 0.1000 0.1000],[0.1499 0.0293 0.0000 0.0000 0.0000 0.0000 0.0000],0.6864229440689087,0.54822399078747,0.8500955253839493,0.14990447461605078,0.31990244439474425,None
191,0.9458265900611877,0.7426654100418091,1.783306360244751,0.9706616401672363,[0.0843 0.0958 0.1000 0.1000 0.1000 0.1000 0.1000],[0.1571 0.0415 0.0000 0.0000 0.0000 0.0000 0.0000],0.6884920001029968,0.5492659542264655,0.8428976684808731,0.15710233151912695,0.31875457837291,None
191,0.9463841319084167,0.7441573739051819,1.785536527633667,0.9766294956207275,[0.0836 0.0946 0.1000 0.1000 0.1000 0.1000 0.1000],[0.1643 0.0536 0.0000 0.0000 0.0000 0.0000 0.0000],0.6905415058135986,0.5503037047036802,0.835658386349678,0.16434161365032202,0.3175564951152068,None
191,0.9469097256660461,0.7455600500106812,1.7876389026641846,0.9822402000427246,[0.0829 0.0935 0.1000 0.1000 0.1000 0.1000 0.1000],[0.1714 0.0650 0.0000 0.0000 0.0000 0.0000 0.0000],0.6924697756767273,0.5512799584870707,0.8286090195178986,0.1713909804821015,0.31631710918692557,None
191,0.9474212527275085,0.7469416260719299,1.7896850109100342,0.9877665042877197,[0.0822 0.0924 0.1000 0.1000 0.1000 0.1000 0.1000],[0.1782 0.0763 0.0000 0.0000 0.0000 0.0000 0.0000],0.6943628787994385,0.5522504867053694,0.8217795938253403,0.17822040617465978,0.3151214419996292,None
191,0.9479376077651978,0.7483437061309814,1.791750431060791,0.9933748245239258,[0.0815 0.0912 0.1000 0.1000 0.1000 0.1000 0.1000],[0.1852 0.0879 0.0000 0.0000 0.0000 0.0000 0.0000],0.6962813138961792,0.5532406669870049,0.8148042857646942,0.18519571423530584,0.31387168658266107,None
191,0.9484133720397949,0.7496383190155029,1.7936534881591797,0.9985532760620117,[0.0808 0.0901 0.1000 0.1000 0.1000 0.1000 0.1000],[0.1917 0.0985 0.0000 0.0000 0.0000 0.0000 0.0000],0.6980516910552979,0.5541580403054329,0.808255597949028,0.19174440205097204,0.31265828657412204,None
191,0.9488949179649353,0.7509518265724182,1.7955796718597412,1.0038073062896729,[0.0802 0.0891 0.1000 0.1000 0.1000 0.1000 0.1000],[0.1985 0.1094 0.0000 0.0000 0.0000 0.0000 0.0000],0.6998467445373535,0.5550920416619668,0.8015011250972748,0.19849887490272528,0.31136664273505726,None
191,0.9493807554244995,0.7522844672203064,1.797523021697998,1.0091378688812256,[0.0795 0.0880 0.1000 0.1000 0.1000 0.1000 0.1000],[0.2054 0.1205 0.0000 0.0000 0.0000 0.0000 0.0000],0.7016652226448059,0.5560447227431651,0.7946197688579559,0.20538023114204412,0.3100266591917887,None
191,0.9498506784439087,0.7535508275032043,1.7994027137756348,1.0142033100128174,[0.0788 0.0869 0.1000 0.1000 0.1000 0.1000 0.1000],[0.2125 0.1308 0.0000 0.0000 0.0000 0.0000 0.0000],0.703401505947113,0.5569426098791441,0.7875189930200577,0.21248100697994238,0.30851392862736315,None
191,0.9503117203712463,0.754814863204956,1.8012468814849854,1.0192594528198242,[0.0781 0.0859 0.1000 0.1000 0.1000 0.1000 0.1000],[0.2193 0.1413 0.0000 0.0000 0.0000 0.0000 0.0000],0.7051265835762024,0.5578497346305328,0.7806625217199326,0.2193374782800675,0.3070772544900565,None
191,0.9507763981819153,0.7560988664627075,1.8031055927276611,1.02439546585083,[0.0774 0.0848 0.1000 0.1000 0.1000 0.1000 0.1000],[0.2263 0.1520 0.0000 0.0000 0.0000 0.0000 0.0000],0.7068752646446228,0.558777231186776,0.7737205177545547,0.2262794822454453,0.30560862013635776,None
191,0.951233446598053,0.7573695182800293,1.804933786392212,1.0294780731201172,[0.0767 0.0837 0.1000 0.1000 0.1000 0.1000 0.1000],[0.2332 0.1628 0.0000 0.0000 0.0000 0.0000 0.0000],0.7086029648780823,0.559700183604372,0.7668290287256241,0.23317097127437597,0.30412838762281147,None
191,0.9516803026199341,0.7586125135421753,1.8067212104797363,1.0344500541687012,[0.0760 0.0827 0.1000 0.1000 0.1000 0.1000 0.1000],[0.2401 0.1733 0.0000 0.0000 0.0000 0.0000 0.0000],0.7102928161621094,0.5606052013533174,0.7599393278360367,0.24006067216396337,0.3026031646081364,None
191,0.9521278142929077,0.7598605751991272,1.8085112571716309,1.0394423007965088,[0.0753 0.0816 0.1000 0.1000 0.1000 0.1000 0.1000],[0.2471 0.1838 0.0000 0.0000 0.0000 0.0000 0.0000],0.7119883894920349,0.5615171165327197,0.7529223710298538,0.24707762897014623,0.301013596035997,None
191,0.9525594115257263,0.7610676884651184,1.8102376461029053,1.0442707538604736,[0.0746 0.0806 0.1000 0.1000 0.1000 0.1000 0.1000],[0.2540 0.1941 0.0000 0.0000 0.0000 0.0000 0.0000],0.7136270999908447,0.5624023274049461,0.7460466772317886,0.2539533227682114,0.29942250798172176,None
191,0.9529802799224854,0.7622613906860352,1.8119211196899414,1.0490455627441406,[0.0739 0.0796 0.1000 0.1000 0.1000 0.1000 0.1000],[0.2606 0.2044 0.0000 0.0000 0.0000 0.0000 0.0000],0.7152416706085205,0.5632862616811212,0.7394114881753922,0.2605885118246079,0.29789839399707924,None
191,0.9511829614639282,0.7602779269218445,1.804731845855713,1.041111707687378,[0.0733 0.0785 0.1074 0.1000 0.1000 0.1000 0.1000],[0.2674 0.2151 -0.0742 0.0000 0.0000 0.0000 0.0000],0.7114608883857727,0.5630731931523498,0.7326444983482361,0.26735550165176397,0.2935007226672083,None
191,0.9522055387496948,0.7623267769813538,1.8088221549987793,1.049307107925415,[0.0726 0.0774 0.1055 0.1000 0.1000 0.1000 0.1000],[0.2742 0.2256 -0.0552 0.0000 0.0000 0.0000 0.0000],0.7145323157310486,0.5642491976274271,0.7258371263742447,0.27416287362575537,0.29263886505491654,None
191,0.9531893730163574,0.764326274394989,1.8127574920654297,1.057305097579956,[0.0719 0.0764 0.1036 0.1000 0.1000 0.1000 0.1000],[0.2808 0.2359 -0.0363 0.0000 0.0000 0.0000 0.0000],0.7175156474113464,0.5654161776810274,0.7192445546388626,0.28075544536113745,0.29179388707403925,None
191,0.9541438221931458,0.7662973403930664,1.816575288772583,1.0651893615722656,[0.0713 0.0754 0.1018 0.1000 0.1000 0.1000 0.1000],[0.2875 0.2463 -0.0176 0.0000 0.0000 0.0000 0.0000],0.7204411625862122,0.5665874000446234,0.7125157862901688,0.2874842137098313,0.29084387455265953,None
191,0.9550690054893494,0.7682397961616516,1.8202760219573975,1.0729591846466064,[0.0706 0.0743 0.0999 0.1000 0.1000 0.1000 0.1000],[0.2945 0.2567 0.0006 0.0000 0.0000 0.0000 0.0000],0.723308801651001,0.5677625544591286,0.7055355608463287,0.2944644391536713,0.2897406328018818,None
191,0.9558824896812439,0.7699702978134155,1.8235299587249756,1.079881191253662,[0.0699 0.0734 0.0983 0.1000 0.1000 0.1000 0.1000],[0.3007 0.2662 0.0172 0.0000 0.0000 0.0000 0.0000],0.7258527874946594,0.5688246390761313,0.6992973387241364,0.3007026612758637,0.2887279480480001,None
191,0.9566968679428101,0.7717291712760925,1.8267874717712402,1.0869166851043701,[0.0693 0.0724 0.0966 0.1000 0.1000 0.1000 0.1000],[0.3075 0.2759 0.0337 0.0000 0.0000 0.0000 0.0000],0.7284260392189026,0.5699212901494455,0.6925484538078308,0.30745154619216924,0.28750837970535453,None
191,0.9574920535087585,0.7734676599502563,1.8299682140350342,1.0938706398010254,[0.0686 0.0714 0.0950 0.1000 0.1000 0.1000 0.1000],[0.3141 0.2857 0.0504 0.0000 0.0000 0.0000 0.0000],0.7309597134590149,0.5710193552635479,0.6858916580677032,0.3141083419322968,0.28628578992041487,None
191,0.958267092704773,0.7751843929290771,1.8330683708190918,1.1007375717163086,[0.0679 0.0705 0.0933 0.1000 0.1000 0.1000 0.1000],[0.3208 0.2955 0.0670 0.0000 0.0000 0.0000 0.0000],0.7334514856338501,0.5721183577486693,0.6791656464338303,0.3208343535661698,0.2849922080980375,None
191,0.9590005278587341,0.7768294811248779,1.8360021114349365,1.1073179244995117,[0.0673 0.0695 0.0917 0.1000 0.1000 0.1000 0.1000],[0.3274 0.3050 0.0831 0.0000 0.0000 0.0000 0.0000],0.7358300089836121,0.5731849970609559,0.6725849956274033,0.3274150043725968,0.28367396856050175,None
191,0.9597140550613403,0.7784504294395447,1.8388562202453613,1.1138017177581787,[0.0666 0.0685 0.0901 0.1000 0.1000 0.1000 0.1000],[0.3341 0.3146 0.0989 0.0000 0.0000 0.0000 0.0000],0.738164484500885,0.574249338671335,0.6658944487571716,0.3341055512428284,0.28226630889320914,None
191,0.9604344367980957,0.7801148295402527,1.8417377471923828,1.1204593181610107,[0.0658 0.0675 0.0886 0.1000 0.1000 0.1000 0.1000],[0.3418 0.3247 0.1145 0.0000 0.0000 0.0000 0.0000],0.7405492663383484,0.5753594375735603,0.6582104414701462,0.3417895585298539,0.2804516274938276,None
191,0.9610986113548279,0.7816565632820129,1.8443944454193115,1.1266262531280518,[0.0652 0.0666 0.0870 0.1000 0.1000 0.1000 0.1000],[0.3481 0.3340 0.1303 0.0000 0.0000 0.0000 0.0000],0.7427551746368408,0.5763939942909038,0.6519115716218948,0.3480884283781052,0.2790961355479379,None
191,0.961766242980957,0.7832273840904236,1.8470649719238281,1.1329095363616943,[0.0645 0.0656 0.0854 0.1000 0.1000 0.1000 0.1000],[0.3549 0.3437 0.1463 0.0000 0.0000 0.0000 0.0000],0.7449936270713806,0.5774614113592305,0.6451069563627243,0.35489304363727575,0.2775282841854215,None
191,0.9624258875846863,0.7847963571548462,1.8497035503387451,1.1391854286193848,[0.0638 0.0646 0.0838 0.1000 0.1000 0.1000 0.1000],[0.3618 0.3535 0.1625 0.0000 0.0000 0.0000 0.0000],0.7472222447395325,0.5785388150376833,0.6382482498884201,0.36175175011157995,0.2759128496623162,None
191,0.9630488157272339,0.7862953543663025,1.8521952629089355,1.14518141746521,[0.0632 0.0637 0.0822 0.1000 0.1000 0.1000 0.1000],[0.3685 0.3631 0.1781 0.0000 0.0000 0.0000 0.0000],0.7493441700935364,0.5795794232427112,0.6315450370311737,0.36845496296882635,0.2742828274817126,None
191,0.963655412197113,0.7877741456031799,1.8546216487884521,1.1510965824127197,[0.0624 0.0627 0.0807 0.1000 0.1000 0.1000 0.1000],[0.3755 0.3728 0.1933 0.0000 0.0000 0.0000 0.0000],0.751429557800293,0.5806179944323635,0.6244691461324692,0.3755308538675309,0.27245184365054154,None
191,0.9642261862754822,0.7891773581504822,1.8569047451019287,1.1567094326019287,[0.0618 0.0618 0.0792 0.1000 0.1000 0.1000 0.1000],[0.3820 0.3820 0.2084 0.0000 0.0000 0.0000 0.0000],0.7534035444259644,0.5816116300313786,0.6179618090391159,0.38203819096088415,0.27078361203997914,None
191,0.9647804498672485,0.7905539870262146,1.8591217994689941,1.1622159481048584,[0.0611 0.0609 0.0777 0.1000 0.1000 0.1000 0.1000],[0.3886 0.3913 0.2233 0.0000 0.0000 0.0000 0.0000],0.7553344368934631,0.5825955644209876,0.6087123602628708,0.39128763973712927,0.2678666088278599,None
191,0.9653141498565674,0.7918944358825684,1.8612565994262695,1.1675777435302734,[0.0605 0.0600 0.0762 0.1000 0.1000 0.1000 0.1000],[0.3952 0.4005 0.2378 0.0000 0.0000 0.0000 0.0000],0.7572085857391357,0.5835630732343744,0.5995331332087517,0.4004668667912484,0.26492108300747913,None
191,0.9658530950546265,0.793262243270874,1.8634123802185059,1.173048973083496,[0.0598 0.0590 0.0747 0.1000 0.1000 0.1000 0.1000],[0.4022 0.4100 0.2526 0.0000 0.0000 0.0000 0.0000],0.7591153383255005,0.5845594485564121,0.5899916216731071,0.4100083783268929,0.26180762783557154,None
191,0.9664575457572937,0.7948155403137207,1.8658301830291748,1.1792621612548828,[0.0589 0.0579 0.0731 0.1000 0.1000 0.1000 0.1000],[0.4107 0.4211 0.2693 0.0000 0.0000 0.0000 0.0000],0.7612730860710144,0.5857029985100387,0.5789067596197128,0.4210932403802872,0.25812290499077717,None
191,0.9669021368026733,0.7959678173065186,1.8676085472106934,1.1838712692260742,[0.0583 0.0571 0.0718 0.1000 0.1000 0.1000 0.1000],[0.4169 0.4294 0.2820 0.0000 0.0000 0.0000 0.0000],0.7628699541091919,0.5865579611406759,0.5705573782324791,0.42944262176752096,0.2553058522052572,None
191,0.9674065709114075,0.7972847819328308,1.8696262836456299,1.1891391277313232,[0.0576 0.0561 0.0703 0.1000 0.1000 0.1000 0.1000],[0.4239 0.4391 0.2971 0.0000 0.0000 0.0000 0.0000],0.7646913528442383,0.5875417730501953,0.5608845874667168,0.4391154125332833,0.25199877807426135,None
191,0.9678910374641418,0.7985621690750122,1.8715641498565674,1.1942486763000488,[0.0569 0.0551 0.0688 0.1000 0.1000 0.1000 0.1000],[0.4309 0.4487 0.3119 0.0000 0.0000 0.0000 0.0000],0.766453206539154,0.5885041089037102,0.5513200908899307,0.44867990911006933,0.2486789150657409,None
191,0.9683678150177002,0.7998323440551758,1.8734712600708008,1.1993293762207031,[0.0562 0.0542 0.0673 0.1000 0.1000 0.1000 0.1000],[0.4382 0.4584 0.3266 0.0000 0.0000 0.0000 0.0000],0.768200159072876,0.5894692813411835,0.5416160449385643,0.45838395506143575,0.24526020794422113,None
191,0.9679450988769531,0.7964845299720764,1.8717803955078125,1.1859381198883057,[0.0555 0.0532 0.0659 0.1069 0.1000 0.1000 0.1000],[0.4455 0.4681 0.3413 -0.0691 0.0000 0.0000 0.0000],0.7644296288490295,0.5859220255738338,0.5318672582507133,0.4681327417492867,0.23822130076202433,None
191,0.968746542930603,0.7994579672813416,1.874986171722412,1.1978318691253662,[0.0547 0.0522 0.0644 0.1044 0.1000 0.1000 0.1000],[0.4535 0.4782 0.3558 -0.0443 0.0000 0.0000 0.0000],0.7682045102119446,0.5885530706770781,0.5217909440398216,0.47820905596017843,0.23591688212324566,None
191,0.9695009589195251,0.8023267984390259,1.8780038356781006,1.2093071937561035,[0.0540 0.0512 0.0630 0.1019 0.1000 0.1000 0.1000],[0.4603 0.4876 0.3702 -0.0186 0.0000 0.0000 0.0000],0.771827757358551,0.5911306315208985,0.5123831331729889,0.48761686682701116,0.2337753320766148,None
191,0.9702401161193848,0.8051672577857971,1.880960464477539,1.2206690311431885,[0.0533 0.0503 0.0615 0.0992 0.1000 0.1000 0.1000],[0.4673 0.4972 0.3850 0.0077 0.0000 0.0000 0.0000],0.7754073739051819,0.5937084072570691,0.5027778819203377,0.4972221180796624,0.23146178051459876,None
191,0.9709356427192688,0.8078500032424927,1.8837425708770752,1.2314000129699707,[0.0526 0.0493 0.0601 0.0967 0.1000 0.1000 0.1000],[0.4744 0.5069 0.3995 0.0329 0.0000 0.0000 0.0000],0.7787856459617615,0.596161369509087,0.4931493476033211,0.5068506523966789,0.22896032459614396,None
191,0.9715975522994995,0.8104256391525269,1.886390209197998,1.2417025566101074,[0.0519 0.0484 0.0586 0.0942 0.1000 0.1000 0.1000],[0.4815 0.5164 0.4139 0.0579 0.0000 0.0000 0.0000],0.7820231914520264,0.5985377811711634,0.48358015716075897,0.516419842839241,0.2263495700881187,None
191,0.9721857905387878,0.8127205967903137,1.8887431621551514,1.2508823871612549,[0.0512 0.0475 0.0573 0.0919 0.1000 0.1000 0.1000],[0.4883 0.5255 0.4271 0.0805 0.0000 0.0000 0.0000],0.7849063873291016,0.6006690673783532,0.47454502433538437,0.5254549756646156,0.22373326222073028,None
191,0.9727383852005005,0.8148804306983948,1.890953540802002,1.259521722793579,[0.0505 0.0466 0.0560 0.0898 0.1000 0.1000 0.1000],[0.4954 0.5344 0.4401 0.1021 0.0000 0.0000 0.0000],0.7876188158988953,0.6026865790058109,0.46555306762456894,0.5344469323754311,0.22099212388907705,None
191,0.9732797741889954,0.8169804811477661,1.8931190967559814,1.2679219245910645,[0.0497 0.0456 0.0547 0.0877 0.1000 0.1000 0.1000],[0.5034 0.5440 0.4530 0.1228 0.0000 0.0000 0.0000],0.7902602553367615,0.6046529460825221,0.4559677466750145,0.5440322533249855,0.21787652364273602,None
191,0.973846435546875,0.819231390953064,1.8953857421875,1.2769255638122559,[0.0489 0.0446 0.0533 0.0853 0.1000 0.1000 0.1000],[0.5110 0.5540 0.4674 0.1468 0.0000 0.0000 0.0000],0.793077826499939,0.6067888040838473,0.44603481888771057,0.5539651811122894,0.21464566858504638,None
191,0.9743952751159668,0.8214288353919983,1.8975811004638672,1.2857153415679932,[0.0481 0.0436 0.0518 0.0829 0.1000 0.1000 0.1000],[0.5187 0.5640 0.4820 0.1711 0.0000 0.0000 0.0000],0.7958241105079651,0.6088907573017885,0.4360021650791168,0.5639978349208832,0.21127354529449993,None
191,0.9749143719673157,0.8235158920288086,1.8996574878692627,1.2940635681152344,[0.0474 0.0426 0.0504 0.0805 0.1000 0.1000 0.1000],[0.5263 0.5740 0.4963 0.1948 0.0000 0.0000 0.0000],0.7984302639961243,0.6109004241347633,0.4260272905230522,0.5739727094769478,0.20779966209012782,None
191,0.975375771522522,0.8253716826438904,1.901503086090088,1.3014867305755615,[0.0466 0.0417 0.0490 0.0784 0.1000 0.1000 0.1000],[0.5337 0.5834 0.5096 0.2162 0.0000 0.0000 0.0000],0.8007474541664124,0.6126963866956163,0.4166353866457939,0.5833646133542061,0.20440760014342724,None
191,0.9758015871047974,0.8270787596702576,1.9032063484191895,1.3083150386810303,[0.0459 0.0407 0.0478 0.0764 0.1000 0.1000 0.1000],[0.5413 0.5926 0.5221 0.2360 0.0000 0.0000 0.0000],0.8028803467750549,0.6143540128115685,0.40739357471466064,0.5926064252853394,0.20094800629485488,None
191,0.976241946220398,0.8288269639015198,1.9049677848815918,1.315307855606079,[0.0450 0.0397 0.0465 0.0744 0.1000 0.1000 0.1000],[0.5503 0.6029 0.5355 0.2561 0.0000 0.0000 0.0000],0.8050689101219177,0.6160534121536198,0.39705485105514526,0.6029451489448547,0.19692548752066177,None
191,0.9766519069671631,0.8304592967033386,1.9066076278686523,1.3218371868133545,[0.0441 0.0387 0.0452 0.0725 0.1000 0.1000 0.1000],[0.5592 0.6130 0.5484 0.2752 0.0000 0.0000 0.0000],0.8071112036705017,0.6176485775313181,0.3869904950261116,0.6130095049738884,0.1929190522786697,None
191,0.9770395755767822,0.8320430517196655,1.908158302307129,1.328172206878662,[0.0433 0.0378 0.0439 0.0704 0.1000 0.1000 0.1000],[0.5668 0.6224 0.5613 0.2956 0.0000 0.0000 0.0000],0.8090826272964478,0.6192159091333822,0.3776050731539726,0.6223949268460274,0.18917894638863114,None
191,0.9774278998374939,0.8336353898048401,1.9097115993499756,1.3345415592193604,[0.0425 0.0368 0.0425 0.0683 0.1000 0.1000 0.1000],[0.5746 0.6322 0.5747 0.3167 0.0000 0.0000 0.0000],0.811063289642334,0.6208001713704847,0.3678198531270027,0.6321801468729973,0.18520032291341618,None
191,0.9777953624725342,0.8351428508758545,1.9111814498901367,1.340571403503418,[0.0417 0.0358 0.0412 0.0663 0.1000 0.1000 0.1000],[0.5826 0.6419 0.5878 0.3371 0.0000 0.0000 0.0000],0.8129382133483887,0.6223063257126489,0.35810448229312897,0.641895517706871,0.18116383737980526,None
191,0.9781328439712524,0.8365213871002197,1.9125313758850098,1.346085548400879,[0.0409 0.0349 0.0400 0.0644 0.1000 0.1000 0.1000],[0.5906 0.6514 0.6003 0.3559 0.0000 0.0000 0.0000],0.8146542310714722,0.623687022717748,0.3486355021595955,0.6513644978404045,0.17713795845821453,None
191,0.9784590005874634,0.8378601670265198,1.9138360023498535,1.351440668106079,[0.0401 0.0339 0.0387 0.0625 0.1000 0.1000 0.1000],[0.5985 0.6608 0.6128 0.3748 0.0000 0.0000 0.0000],0.8163191676139832,0.6250348902085108,0.339178629219532,0.660821370780468,0.17305842050480755,None
191,0.9787786602973938,0.8391715288162231,1.9151146411895752,1.3566861152648926,[0.0393 0.0329 0.0375 0.0606 0.1000 0.1000 0.1000],[0.6068 0.6705 0.6254 0.3937 0.0000 0.0000 0.0000],0.8179501891136169,0.6263596227906161,0.32946422696113586,0.6705357730388641,0.16879472761013004,None
191,0.9790798425674438,0.8403864502906799,1.9163193702697754,1.3615458011627197,[0.0384 0.0320 0.0363 0.0589 0.1000 0.1000 0.1000],[0.6159 0.6804 0.6375 0.4107 0.0000 0.0000 0.0000],0.8194662928581238,0.6275843823404235,0.31955815851688385,0.6804418414831161,0.16434372700614272,None
191,0.979377031326294,0.841589629650116,1.9175081253051758,1.3663585186004639,[0.0375 0.0309 0.0350 0.0572 0.1000 0.1000 0.1000],[0.6252 0.6906 0.6498 0.4282 0.0000 0.0000 0.0000],0.8209666609764099,0.6288027455971987,0.30942533165216446,0.6905746683478355,0.15973342924985914,None
191,0.9796722531318665,0.8428024053573608,1.9186890125274658,1.3712096214294434,[0.0366 0.0299 0.0337 0.0553 0.1000 0.1000 0.1000],[0.6341 0.7008 0.6627 0.4469 0.0000 0.0000 0.0000],0.8224746584892273,0.6300407484945056,0.2992361783981323,0.7007638216018677,0.15506195817249613,None
191,0.9794086813926697,0.8433043360710144,1.9176347255706787,1.3732173442840576,[0.0357 0.0289 0.0325 0.0535 0.1067 0.1000 0.1000],[0.6432 0.7109 0.6753 0.4647 -0.0672 0.0000 0.0000],0.8227130174636841,0.631076775844004,0.2890840545296669,0.7109159454703331,0.15009101838632663,None
191,0.9799683094024658,0.8447859883308411,1.9198732376098633,1.3791439533233643,[0.0348 0.0279 0.0312 0.0517 0.1033 0.1000 0.1000],[0.6524 0.7212 0.6882 0.4832 -0.0333 0.0000 0.0000],0.8247542977333069,0.6323285147422706,0.27875296771526337,0.7212470322847366,0.14537403796648513,None
191,0.980480432510376,0.8461567163467407,1.921921730041504,1.384626865386963,[0.0338 0.0268 0.0299 0.0499 0.1002 0.1000 0.1000],[0.6620 0.7317 0.7009 0.5010 -0.0018 0.0000 0.0000],0.8266371488571167,0.6334979997822178,0.26825353503227234,0.7317464649677277,0.14047712817887692,None
191,0.9809402823448181,0.8474099636077881,1.9237611293792725,1.3896398544311523,[0.0328 0.0257 0.0287 0.0482 0.0974 0.1000 0.1000],[0.6724 0.7426 0.7134 0.5177 0.0262 0.0000 0.0000],0.8283502459526062,0.634581994508987,0.2574465423822403,0.7425534576177597,0.1353283586157629,None
191,0.9813634157180786,0.8485831022262573,1.9254536628723145,1.3943324089050293,[0.0316 0.0246 0.0274 0.0466 0.0948 0.1000 0.1000],[0.6836 0.7538 0.7259 0.5336 0.0516 0.0000 0.0000],0.8299465179443359,0.6356096687728648,0.24619393050670624,0.7538060694932938,0.12987272233181105,None
191,0.981813907623291,0.8497966527938843,1.927255630493164,1.399186611175537,[0.0306 0.0235 0.0261 0.0448 0.0917 0.1000 0.1000],[0.6938 0.7648 0.7390 0.5517 0.0831 0.0000 0.0000],0.8316105604171753,0.636658212106828,0.23519039154052734,0.7648096084594727,0.12452195087600582,None
191,0.9822385311126709,0.8509272933006287,1.9289541244506836,1.4037091732025146,[0.0297 0.0225 0.0248 0.0430 0.0885 0.1000 0.1000],[0.7030 0.7751 0.7518 0.5698 0.1155 0.0000 0.0000],0.8331658244132996,0.6376310749911878,0.2249116450548172,0.7750883549451828,0.11948485578150768,None
191,0.9826420545578003,0.8520026206970215,1.9305682182312012,1.408010482788086,[0.0288 0.0215 0.0235 0.0412 0.0852 0.1000 0.1000],[0.7121 0.7854 0.7646 0.5880 0.1477 0.0000 0.0000],0.8346446752548218,0.6385592249610197,0.21460417658090591,0.7853958234190941,0.11437760021372445,None
191,0.9830029606819153,0.85297030210495,1.9320118427276611,1.4118812084197998,[0.0279 0.0205 0.0223 0.0395 0.0823 0.1000 0.1000],[0.7211 0.7954 0.7768 0.6049 0.1772 0.0000 0.0000],0.8359732627868652,0.6393995860000083,0.20464276894927025,0.7953572310507298,0.10938584893375362,None
191,0.9833383560180664,0.8538740277290344,1.9333534240722656,1.4154961109161377,[0.0270 0.0195 0.0211 0.0379 0.0795 0.1000 0.1000],[0.7302 0.8052 0.7887 0.6214 0.2055 0.0000 0.0000],0.8372123837471008,0.6401884822729655,0.19475894048810005,0.8052410595119,0.10438567486717178,None
191,0.9836609959602356,0.854754626750946,1.9346439838409424,1.4190185070037842,[0.0260 0.0184 0.0199 0.0362 0.0767 0.1000 0.1000],[0.7401 0.8158 0.8010 0.6378 0.2327 0.0000 0.0000],0.8384156227111816,0.640964668578022,0.18422648310661316,0.8157735168933868,0.09900235252238575,None
191,0.983983039855957,0.8556196689605713,1.9359321594238281,1.4224786758422852,[0.0251 0.0174 0.0187 0.0345 0.0738 0.1000 0.1000],[0.7494 0.8260 0.8134 0.6550 0.2623 0.0000 0.0000],0.8396027088165283,0.6417216572336729,0.17396209761500359,0.8260379023849964,0.09372925458613812,None
191,0.9842866063117981,0.856438398361206,1.9371464252471924,1.4257535934448242,[0.0241 0.0164 0.0174 0.0328 0.0709 0.1000 0.1000],[0.7588 0.8363 0.8258 0.6720 0.2911 0.0000 0.0000],0.8407250046730042,0.6424413223670945,0.1636657491326332,0.8363342508673668,0.08839856893169759,None
191,0.9845812916755676,0.8572346568107605,1.9383251667022705,1.428938627243042,[0.0231 0.0153 0.0162 0.0311 0.0680 0.1000 0.1000],[0.7685 0.8469 0.8385 0.6892 0.3200 0.0000 0.0000],0.8418159484863281,0.6431433973361189,0.15312382951378822,0.8468761704862118,0.08290252279840658,None
191,0.9848572015762329,0.8579884767532349,1.9394288063049316,1.4319539070129395,[0.0221 0.0142 0.0149 0.0294 0.0653 0.1000 0.1000],[0.7787 0.8577 0.8510 0.7059 0.3473 0.0000 0.0000],0.8428456783294678,0.6438136375112067,0.14234917238354683,0.8576508276164532,0.0772437203132835,None
191,0.9851191639900208,0.858705997467041,1.940476655960083,1.434823989868164,[0.0211 0.0132 0.0136 0.0278 0.0626 0.1000 0.1000],[0.7890 0.8685 0.8635 0.7224 0.3740 0.0000 0.0000],0.8438251614570618,0.644453706919929,0.13153713196516037,0.8684628680348396,0.07153071490292168,None
191,0.9853729605674744,0.8594000339508057,1.9414918422698975,1.4376001358032227,[0.0201 0.0121 0.0124 0.0261 0.0599 0.1000 0.1000],[0.7992 0.8793 0.8761 0.7391 0.4010 0.0000 0.0000],0.84477299451828,0.6450733503712793,0.12070801109075546,0.8792919889092445,0.06577868945553354,None
191,0.9856134057044983,0.8600544333457947,1.9424536228179932,1.4402177333831787,[0.0191 0.0110 0.0112 0.0244 0.0572 0.1000 0.1000],[0.8090 0.8898 0.8884 0.7555 0.4279 0.0000 0.0000],0.845667839050293,0.6456569848879428,0.11019439436495304,0.889805605635047,0.06016738971866237,None
191,0.9858444929122925,0.8606843948364258,1.94337797164917,1.4427375793457031,[0.0181 0.0100 0.0099 0.0228 0.0545 0.1000 0.1000],[0.8189 0.9004 0.9008 0.7720 0.4545 0.0000 0.0000],0.8465288877487183,0.6462202689866663,0.09917687624692917,0.9008231237530708,0.054254127540881276,None
191,0.9860639572143555,0.8612825870513916,1.9442558288574219,1.4451303482055664,[0.0171 0.0089 0.0087 0.0212 0.0519 0.1000 0.1000],[0.8287 0.9108 0.9130 0.7882 0.4808 0.0000 0.0000],0.8473465442657471,0.6467559340017672,0.08695496246218681,0.9130450375378132,0.04765361553243186,None
191,0.9852731823921204,0.8574262261390686,1.9410927295684814,1.4297049045562744,[0.0161 0.0282 0.0278 0.0196 0.0493 0.1000 0.1000],[0.8386 0.7183 0.7221 0.8044 0.5066 0.0000 0.0000],0.842699408531189,0.6424430727100203,0.16142724081873894,0.8385727591812611,0.08739451234709274,None
191,0.985531210899353,0.858170747756958,1.942124843597412,1.432682991027832,[0.0151 0.0271 0.0265 0.0179 0.0467 0.1000 0.1000],[0.8494 0.7295 0.7354 0.8214 0.5334 0.0000 0.0000],0.843701958656311,0.643124022744042,0.1505622174590826,0.8494377825409174,0.08169581165027434,None
