197,0.9403641819953918,0.8807970285415649,1.7614567279815674,1.5231881141662598,[0.1000 0.1000 0.1000 0.1000 0.1000 0.1000 0.1000],[0.0000 0.0000 0.0000 0.0000 0.0000 0.0000 0.0000],0.8211612105369568,0.7559361693043664,1.0,0.0,0.6207454598746434,None
197,0.9403641819953918,0.8807970285415649,1.7614567279815674,1.5231881141662598,[0.1000 0.1000 0.1000 0.1000 0.1000 0.1000 0.1000],[0.0000 0.0000 0.0000 0.0000 0.0000 0.0000 0.0000],0.8211612105369568,0.7559361693043664,1.0,0.0,0.6207454598746434,None
197,0.9403641819953918,0.8807970285415649,1.7614567279815674,1.5231881141662598,[0.1000 0.1000 0.1000 0.1000 0.1000 0.1000 0.1000],[0.0000 0.0000 0.0000 0.0000 0.0000 0.0000 0.0000],0.8211612105369568,0.7559361693043664,1.0,0.0,0.6207454598746434,None
197,0.9403641819953918,0.8807970285415649,1.7614567279815674,1.5231881141662598,[0.1000 0.1000 0.1000 0.1000 0.1000 0.1000 0.1000],[0.0000 0.0000 0.0000 0.0000 0.0000 0.0000 0.0000],0.8211612105369568,0.7559361693043664,1.0,0.0,0.6207454598746434,None
197,0.9403641819953918,0.8807970285415649,1.7614567279815674,1.5231881141662598,[0.1000 0.1000 0.1000 0.1000 0.1000 0.1000 0.1000],[0.0000 0.0000 0.0000 0.0000 0.0000 0.0000 0.0000],0.8211612105369568,0.7559361693043664,1.0,0.0,0.6207454598746434,None
197,0.9403641819953918,0.8807970285415649,1.7614567279815674,1.5231881141662598,[0.1000 0.1000 0.1000 0.1000 0.1000 0.1000 0.1000],[0.0000 0.0000 0.0000 0.0000 0.0000 0.0000 0.0000],0.8211612105369568,0.7559361693043664,1.0,0.0,0.6207454598746434,None
197,0.9403641819953918,0.8807970285415649,1.7614567279815674,1.5231881141662598,[0.1000 0.1000 0.1000 0.1000 0.1000 0.1000 0.1000],[0.0000 0.0000 0.0000 0.0000 0.0000 0.0000 0.0000],0.8211612105369568,0.7559361693043664,1.0,0.0,0.6207454598746434,None
197,0.9403641819953918,0.8807970285415649,1.7614567279815674,1.5231881141662598,[0.1000 0.1000 0.1000 0.1000 0.1000 0.1000 0.1000],[0.0000 0.0000 0.0000 0.0000 0.0000 0.0000 0.0000],0.8211612105369568,0.7559361693043664,1.0,0.0,0.6207454598746434,None
197,0.9403641819953918,0.8807970285415649,1.7614567279815674,1.5231881141662598,[0.1000 0.1000 0.1000 0.1000 0.1000 0.1000 0.1000],[0.0000 0.0000 0.0000 0.0000 0.0000 0.0000 0.0000],0.8211612105369568,0.7559361693043664,1.0,0.0,0.6207454598746434,None
197,0.9403641819953918,0.8807970285415649,1.7614567279815674,1.5231881141662598,[0.1000 0.1000 0.1000 0.1000 0.1000 0.1000 0.1000],[0.0000 0.0000 0.0000 0.0000 0.0000 0.0000 0.0000],0.8211612105369568,0.7559361693043664,1.0,0.0,0.6207454598746434,None
197,0.9403641819953918,0.8807970285415649,1.7614567279815674,1.5231881141662598,[0.1000 0.1000 0.1000 0.1000 0.1000 0.1000 0.1000],[0.0000 0.0000 0.0000 0.0000 0.0000 0.0000 0.0000],0.8211612105369568,0.7559361693043664,1.0,0.0,0.6207454598746434,None
197,0.9403641819953918,0.8807970285415649,1.7614567279815674,1.5231881141662598,[0.1000 0.1000 0.1000 0.1000 0.1000 0.1000 0.1000],[0.0000 0.0000 0.0000 0.0000 0.0000 0.0000 0.0000],0.8211612105369568,0.7559361693043664,1.0,0.0,0.6207454598746434,None
197,0.9403641819953918,0.8807970285415649,1.7614567279815674,1.5231881141662598,[0.1000 0.1000 0.1000 0.1000 0.1000 0.1000 0.1000],[0.0000 0.0000 0.0000 0.0000 0.0000 0.0000 0.0000],0.8211612105369568,0.7559361693043664,1.0,0.0,0.6207454598746434,None
197,0.9403641819953918,0.8807970285415649,1.7614567279815674,1.5231881141662598,[0.1000 0.1000 0.1000 0.1000 0.1000 0.1000 0.1000],[0.0000 0.0000 0.0000 0.0000 0.0000 0.0000 0.0000],0.8211612105369568,0.7559361693043664,1.0,0.0,0.6207454598746434,None
197,0.9403641819953918,0.8807970285415649,1.7614567279815674,1.5231881141662598,[0.1000 0.1000 0.1000 0.1000 0.1000 0.1000 0.1000],[0.0000 0.0000 0.0000 0.0000 0.0000 0.0000 0.0000],0.8211612105369568,0.7559361693043664,1.0,0.0,0.6207454598746434,None
197,0.9403641819953918,0.8807970285415649,1.7614567279815674,1.5231881141662598,[0.1000 0.1000 0.1000 0.1000 0.1000 0.1000 0.1000],[0.0000 0.0000 0.0000 0.0000 0.0000 0.0000 0.0000],0.8211612105369568,0.7559361693043664,1.0,0.0,0.6207454598746434,None
197,0.9403641819953918,0.8807970285415649,1.7614567279815674,1.5231881141662598,[0.1000 0.1000 0.1000 0.1000 0.1000 0.1000 0.1000],[0.0000 0.0000 0.0000 0.0000 0.0000 0.0000 0.0000],0.8211612105369568,0.7559361693043664,1.0,0.0,0.6207454598746434,None
197,0.9403641819953918,0.8807970285415649,1.7614567279815674,1.5231881141662598,[0.1000 0.1000 0.1000 0.1000 0.1000 0.1000 0.1000],[0.0000 0.0000 0.0000 0.0000 0.0000 0.0000 0.0000],0.8211612105369568,0.7559361693043664,1.0,0.0,0.6207454598746434,None
197,0.9403641819953918,0.8807970285415649,1.7614567279815674,1.5231881141662598,[0.1000 0.1000 0.1000 0.1000 0.1000 0.1000 0.1000],[0.0000 0.0000 0.0000 0.0000 0.0000 0.0000 0.0000],0.8211612105369568,0.7559361693043664,1.0,0.0,0.6207454598746434,None
197,0.9403641819953918,0.8807970285415649,1.7614567279815674,1.5231881141662598,[0.1000 0.1000 0.1000 0.1000 0.1000 0.1000 0.1000],[0.0000 0.0000 0.0000 0.0000 0.0000 0.0000 0.0000],0.8211612105369568,0.7559361693043664,1.0,0.0,0.6207454598746434,None
197,0.9403641819953918,0.8807970285415649,1.7614567279815674,1.5231881141662598,[0.1000 0.1000 0.1000 0.1000 0.1000 0.1000 0.1000],[0.0000 0.0000 0.0000 0.0000 0.0000 0.0000 0.0000],0.8211612105369568,0.7559361693043664,1.0,0.0,0.6207454598746434,None
197,0.9403641819953918,0.8807970285415649,1.7614567279815674,1.5231881141662598,[0.1000 0.1000 0.1000 0.1000 0.1000 0.1000 0.1000],[0.0000 0.0000 0.0000 0.0000 0.0000 0.0000 0.0000],0.8211612105369568,0.7559361693043664,1.0,0.0,0.6207454598746434,None
197,0.9403641819953918,0.8807970285415649,1.7614567279815674,1.5231881141662598,[0.1000 0.1000 0.1000 0.1000 0.1000 0.1000 0.1000],[0.0000 0.0000 0.0000 0.0000 0.0000 0.0000 0.0000],0.8211612105369568,0.7559361693043664,1.0,0.0,0.6207454598746434,None
197,0.9403641819953918,0.8807970285415649,1.7614567279815674,1.5231881141662598,[0.1000 0.1000 0.1000 0.1000 0.1000 0.1000 0.1000],[0.0000 0.0000 0.0000 0.0000 0.0000 0.0000 0.0000],0.8211612105369568,0.7559361693043664,1.0,0.0,0.6207454598746434,None
197,0.9403641819953918,0.8807970285415649,1.7614567279815674,1.5231881141662598,[0.1000 0.1000 0.1000 0.1000 0.1000 0.1000 0.1000],[0.0000 0.0000 0.0000 0.0000 0.0000 0.0000 0.0000],0.8211612105369568,0.7559361693043664,1.0,0.0,0.6207454598746434,None
197,0.9403641819953918,0.8807970285415649,1.7614567279815674,1.5231881141662598,[0.1000 0.1000 0.1000 0.1000 0.1000 0.1000 0.1000],[0.0000 0.0000 0.0000 0.0000 0.0000 0.0000 0.0000],0.8211612105369568,0.7559361693043664,1.0,0.0,0.6207454598746434,None
197,0.9403641819953918,0.8807970285415649,1.7614567279815674,1.5231881141662598,[0.1000 0.1000 0.1000 0.1000 0.1000 0.1000 0.1000],[0.0000 0.0000 0.0000 0.0000 0.0000 0.0000 0.0000],0.8211612105369568,0.7559361693043664,1.0,0.0,0.6207454598746434,None
197,0.9403641819953918,0.8807970285415649,1.7614567279815674,1.5231881141662598,[0.1000 0.1000 0.1000 0.1000 0.1000 0.1000 0.1000],[0.0000 0.0000 0.0000 0.0000 0.0000 0.0000 0.0000],0.8211612105369568,0.7559361693043664,1.0,0.0,0.6207454598746434,None
197,0.9403641819953918,0.8807970285415649,1.7614567279815674,1.5231881141662598,[0.1000 0.1000 0.1000 0.1000 0.1000 0.1000 0.1000],[0.0000 0.0000 0.0000 0.0000 0.0000 0.0000 0.0000],0.8211612105369568,0.7559361693043664,1.0,0.0,0.6207454598746434,None
197,0.9403641819953918,0.8807970285415649,1.7614567279815674,1.5231881141662598,[0.1000 0.1000 0.1000 0.1000 0.1000 0.1000 0.1000],[0.0000 0.0000 0.0000 0.0000 0.0000 0.0000 0.0000],0.8211612105369568,0.7559361693043664,1.0,0.0,0.6207454598746434,None
197,0.9403641819953918,0.8807970285415649,1.7614567279815674,1.5231881141662598,[0.1000 0.1000 0.1000 0.1000 0.1000 0.1000 0.1000],[0.0000 0.0000 0.0000 0.0000 0.0000 0.0000 0.0000],0.8211612105369568,0.7559361693043664,1.0,0.0,0.6207454598746434,None
197,0.9403641819953918,0.8807970285415649,1.7614567279815674,1.5231881141662598,[0.1000 0.1000 0.1000 0.1000 0.1000 0.1000 0.1000],[0.0000 0.0000 0.0000 0.0000 0.0000 0.0000 0.0000],0.8211612105369568,0.7559361693043664,1.0,0.0,0.6207454598746434,None
197,0.9403641819953918,0.8807970285415649,1.7614567279815674,1.5231881141662598,[0.1000 0.1000 0.1000 0.1000 0.1000 0.1000 0.1000],[0.0000 0.0000 0.0000 0.0000 0.0000 0.0000 0.0000],0.8211612105369568,0.7559361693043664,1.0,0.0,0.6207454598746434,None
197,0.9403641819953918,0.8807970285415649,1.7614567279815674,1.5231881141662598,[0.1000 0.1000 0.1000 0.1000 0.1000 0.1000 0.1000],[0.0000 0.0000 0.0000 0.0000 0.0000 0.0000 0.0000],0.8211612105369568,0.7559361693043664,1.0,0.0,0.6207454598746434,None
197,0.9403641819953918,0.8807970285415649,1.7614567279815674,1.5231881141662598,[0.1000 0.1000 0.1000 0.1000 0.1000 0.1000 0.1000],[0.0000 0.0000 0.0000 0.0000 0.0000 0.0000 0.0000],0.8211612105369568,0.7559361693043664,1.0,0.0,0.6207454598746434,None
197,0.9403641819953918,0.8807970285415649,1.7614567279815674,1.5231881141662598,[0.1000 0.1000 0.1000 0.1000 0.1000 0.1000 0.1000],[0.0000 0.0000 0.0000 0.0000 0.0000 0.0000 0.0000],0.8211612105369568,0.7559361693043664,1.0,0.0,0.6207454598746434,None
197,0.9403641819953918,0.8807970285415649,1.7614567279815674,1.5231881141662598,[0.1000 0.1000 0.1000 0.1000 0.1000 0.1000 0.1000],[0.0000 0.0000 0.0000 0.0000 0.0000 0.0000 0.0000],0.8211612105369568,0.7559361693043664,1.0,0.0,0.6207454598746434,None
197,0.9403641819953918,0.8807970285415649,1.7614567279815674,1.5231881141662598,[0.1000 0.1000 0.1000 0.1000 0.1000 0.1000 0.1000],[0.0000 0.0000 0.0000 0.0000 0.0000 0.0000 0.0000],0.8211612105369568,0.7559361693043664,1.0,0.0,0.6207454598746434,None
197,0.9403641819953918,0.8807970285415649,1.7614567279815674,1.5231881141662598,[0.1000 0.1000 0.1000 0.1000 0.1000 0.1000 0.1000],[0.0000 0.0000 0.0000 0.0000 0.0000 0.0000 0.0000],0.8211612105369568,0.7559361693043664,1.0,0.0,0.6207454598746434,None
197,0.9403641819953918,0.8807970285415649,1.7614567279815674,1.5231881141662598,[0.1000 0.1000 0.1000 0.1000 0.1000 0.1000 0.1000],[0.0000 0.0000 0.0000 0.0000 0.0000 0.0000 0.0000],0.8211612105369568,0.7559361693043664,1.0,0.0,0.6207454598746434,None
197,0.9403641819953918,0.8807970285415649,1.7614567279815674,1.5231881141662598,[0.1000 0.1000 0.1000 0.1000 0.1000 0.1000 0.1000],[0.0000 0.0000 0.0000 0.0000 0.0000 0.0000 0.0000],0.8211612105369568,0.7559361693043664,1.0,0.0,0.6207454598746434,None
197,0.9403641819953918,0.8807970285415649,1.7614567279815674,1.5231881141662598,[0.1000 0.1000 0.1000 0.1000 0.1000 0.1000 0.1000],[0.0000 0.0000 0.0000 0.0000 0.0000 0.0000 0.0000],0.8211612105369568,0.7559361693043664,1.0,0.0,0.6207454598746434,None
197,0.9403641819953918,0.8807970285415649,1.7614567279815674,1.5231881141662598,[0.1000 0.1000 0.1000 0.1000 0.1000 0.1000 0.1000],[0.0000 0.0000 0.0000 0.0000 0.0000 0.0000 0.0000],0.8211612105369568,0.7559361693043664,1.0,0.0,0.6207454598746434,None
197,0.9403641819953918,0.8807970285415649,1.7614567279815674,1.5231881141662598,[0.1000 0.1000 0.1000 0.1000 0.1000 0.1000 0.1000],[0.0000 0.0000 0.0000 0.0000 0.0000 0.0000 0.0000],0.8211612105369568,0.7559361693043664,1.0,0.0,0.6207454598746434,None
197,0.9403641819953918,0.8807970285415649,1.7614567279815674,1.5231881141662598,[0.1000 0.1000 0.1000 0.1000 0.1000 0.1000 0.1000],[0.0000 0.0000 0.0000 0.0000 0.0000 0.0000 0.0000],0.8211612105369568,0.7559361693043664,1.0,0.0,0.6207454598746434,None
197,0.9403641819953918,0.8807970285415649,1.7614567279815674,1.5231881141662598,[0.1000 0.1000 0.1000 0.1000 0.1000 0.1000 0.1000],[0.0000 0.0000 0.0000 0.0000 0.0000 0.0000 0.0000],0.8211612105369568,0.7559361693043664,1.0,0.0,0.6207454598746434,None
197,0.9403641819953918,0.8807970285415649,1.7614567279815674,1.5231881141662598,[0.1000 0.1000 0.1000 0.1000 0.1000 0.1000 0.1000],[0.0000 0.0000 0.0000 0.0000 0.0000 0.0000 0.0000],0.8211612105369568,0.7559361693043664,1.0,0.0,0.6207454598746434,None
197,0.9403641819953918,0.8807970285415649,1.7614567279815674,1.5231881141662598,[0.1000 0.1000 0.1000 0.1000 0.1000 0.1000 0.1000],[0.0000 0.0000 0.0000 0.0000 0.0000 0.0000 0.0000],0.8211612105369568,0.7559361693043664,1.0,0.0,0.6207454598746434,None
197,0.9403641819953918,0.8807970285415649,1.7614567279815674,1.5231881141662598,[0.1000 0.1000 0.1000 0.1000 0.1000 0.1000 0.1000],[0.0000 0.0000 0.0000 0.0000 0.0000 0.0000 0.0000],0.8211612105369568,0.7559361693043664,1.0,0.0,0.6207454598746434,None
197,0.9403641819953918,0.8807970285415649,1.7614567279815674,1.5231881141662598,[0.1000 0.1000 0.1000 0.1000 0.1000 0.1000 0.1000],[0.0000 0.0000 0.0000 0.0000 0.0000 0.0000 0.0000],0.8211612105369568,0.7559361693043664,1.0,0.0,0.6207454598746434,None
197,0.9403641819953918,0.8807970285415649,1.7614567279815674,1.5231881141662598,[0.1000 0.1000 0.1000 0.1000 0.1000 0.1000 0.1000],[0.0000 0.0000 0.0000 0.0000 0.0000 0.0000 0.0000],0.8211612105369568,0.7559361693043664,1.0,0.0,0.6207454598746434,None
197,0.9403641819953918,0.8807970285415649,1.7614567279815674,1.5231881141662598,[0.1000 0.1000 0.1000 0.1000 0.1000 0.1000 0.1000],[0.0000 0.0000 0.0000 0.0000 0.0000 0.0000 0.0000],0.8211612105369568,0.7559361693043664,1.0,0.0,0.6207454598746434,None
197,0.9403641819953918,0.8807970285415649,1.7614567279815674,1.5231881141662598,[0.1000 0.1000 0.1000 0.1000 0.1000 0.1000 0.1000],[0.0000 0.0000 0.0000 0.0000 0.0000 0.0000 0.0000],0.8211612105369568,0.7559361693043664,1.0,0.0,0.6207454598746434,None
197,0.9403641819953918,0.8807970285415649,1.7614567279815674,1.5231881141662598,[0.1000 0.1000 0.1000 0.1000 0.1000 0.1000 0.1000],[0.0000 0.0000 0.0000 0.0000 0.0000 0.0000 0.0000],0.8211612105369568,0.7559361693043664,1.0,0.0,0.6207454598746434,None
197,0.9403641819953918,0.8807970285415649,1.7614567279815674,1.5231881141662598,[0.1000 0.1000 0.1000 0.1000 0.1000 0.1000 0.1000],[0.0000 0.0000 0.0000 0.0000 0.0000 0.0000 0.0000],0.8211612105369568,0.7559361693043664,1.0,0.0,0.6207454598746434,None
197,0.9403641819953918,0.8807970285415649,1.7614567279815674,1.5231881141662598,[0.1000 0.1000 0.1000 0.1000 0.1000 0.1000 0.1000],[0.0000 0.0000 0.0000 0.0000 0.0000 0.0000 0.0000],0.8211612105369568,0.7559361693043664,1.0,0.0,0.6207454598746434,None
197,0.9403641819953918,0.8807970285415649,1.7614567279815674,1.5231881141662598,[0.1000 0.1000 0.1000 0.1000 0.1000 0.1000 0.1000],[0.0000 0.0000 0.0000 0.0000 0.0000 0.0000 0.0000],0.8211612105369568,0.7559361693043664,1.0,0.0,0.6207454598746434,None
197,0.9403641819953918,0.8807970285415649,1.7614567279815674,1.5231881141662598,[0.1000 0.1000 0.1000 0.1000 0.1000 0.1000 0.1000],[0.0000 0.0000 0.0000 0.0000 0.0000 0.0000 0.0000],0.8211612105369568,0.7559361693043664,1.0,0.0,0.6207454598746434,None
197,0.9403641819953918,0.8807970285415649,1.7614567279815674,1.5231881141662598,[0.1000 0.1000 0.1000 0.1000 0.1000 0.1000 0.1000],[0.0000 0.0000 0.0000 0.0000 0.0000 0.0000 0.0000],0.8211612105369568,0.7559361693043664,1.0,0.0,0.6207454598746434,None
197,0.9403641819953918,0.8807970285415649,1.7614567279815674,1.5231881141662598,[0.1000 0.1000 0.1000 0.1000 0.1000 0.1000 0.1000],[0.0000 0.0000 0.0000 0.0000 0.0000 0.0000 0.0000],0.8211612105369568,0.7559361693043664,1.0,0.0,0.6207454598746434,None
197,0.9403641819953918,0.8807970285415649,1.7614567279815674,1.5231881141662598,[0.1000 0.1000 0.1000 0.1000 0.1000 0.1000 0.1000],[0.0000 0.0000 0.0000 0.0000 0.0000 0.0000 0.0000],0.8211612105369568,0.7559361693043664,1.0,0.0,0.6207454598746434,None
197,0.9403641819953918,0.8807970285415649,1.7614567279815674,1.5231881141662598,[0.1000 0.1000 0.1000 0.1000 0.1000 0.1000 0.1000],[0.0000 0.0000 0.0000 0.0000 0.0000 0.0000 0.0000],0.8211612105369568,0.7559361693043664,1.0,0.0,0.6207454598746434,None
197,0.9403641819953918,0.8807970285415649,1.7614567279815674,1.5231881141662598,[0.1000 0.1000 0.1000 0.1000 0.1000 0.1000 0.1000],[0.0000 0.0000 0.0000 0.0000 0.0000 0.0000 0.0000],0.8211612105369568,0.7559361693043664,1.0,0.0,0.6207454598746434,None
197,0.9403641819953918,0.8807970285415649,1.7614567279815674,1.5231881141662598,[0.1000 0.1000 0.1000 0.1000 0.1000 0.1000 0.1000],[0.0000 0.0000 0.0000 0.0000 0.0000 0.0000 0.0000],0.8211612105369568,0.7559361693043664,1.0,0.0,0.6207454598746434,None
197,0.9403641819953918,0.8807970285415649,1.7614567279815674,1.5231881141662598,[0.1000 0.1000 0.1000 0.1000 0.1000 0.1000 0.1000],[0.0000 0.0000 0.0000 0.0000 0.0000 0.0000 0.0000],0.8211612105369568,0.7559361693043664,1.0,0.0,0.6207454598746434,None
197,0.9403641819953918,0.8807970285415649,1.7614567279815674,1.5231881141662598,[0.1000 0.1000 0.1000 0.1000 0.1000 0.1000 0.1000],[0.0000 0.0000 0.0000 0.0000 0.0000 0.0000 0.0000],0.8211612105369568,0.7559361693043664,1.0,0.0,0.6207454598746434,None
197,0.9403641819953918,0.8807970285415649,1.7614567279815674,1.5231881141662598,[0.1000 0.1000 0.1000 0.1000 0.1000 0.1000 0.1000],[0.0000 0.0000 0.0000 0.0000 0.0000 0.0000 0.0000],0.8211612105369568,0.7559361693043664,1.0,0.0,0.6207454598746434,None
197,0.9403641819953918,0.8807970285415649,1.7614567279815674,1.5231881141662598,[0.1000 0.1000 0.1000 0.1000 0.1000 0.1000 0.1000],[0.0000 0.0000 0.0000 0.0000 0.0000 0.0000 0.0000],0.8211612105369568,0.7559361693043664,1.0,0.0,0.6207454598746434,None
197,0.9403641819953918,0.8807970285415649,1.7614567279815674,1.5231881141662598,[0.1000 0.1000 0.1000 0.1000 0.1000 0.1000 0.1000],[0.0000 0.0000 0.0000 0.0000 0.0000 0.0000 0.0000],0.8211612105369568,0.7559361693043664,1.0,0.0,0.6207454598746434,None
197,0.9403641819953918,0.8807970285415649,1.7614567279815674,1.5231881141662598,[0.1000 0.1000 0.1000 0.1000 0.1000 0.1000 0.1000],[0.0000 0.0000 0.0000 0.0000 0.0000 0.0000 0.0000],0.8211612105369568,0.7559361693043664,1.0,0.0,0.6207454598746434,None
197,0.9403641819953918,0.8807970285415649,1.7614567279815674,1.5231881141662598,[0.1000 0.1000 0.1000 0.1000 0.1000 0.1000 0.1000],[0.0000 0.0000 0.0000 0.0000 0.0000 0.0000 0.0000],0.8211612105369568,0.7559361693043664,1.0,0.0,0.6207454598746434,None
197,0.9403641819953918,0.8807970285415649,1.7614567279815674,1.5231881141662598,[0.1000 0.1000 0.1000 0.1000 0.1000 0.1000 0.1000],[0.0000 0.0000 0.0000 0.0000 0.0000 0.0000 0.0000],0.8211612105369568,0.7559361693043664,1.0,0.0,0.6207454598746434,None
197,0.9403641819953918,0.8807970285415649,1.7614567279815674,1.5231881141662598,[0.1000 0.1000 0.1000 0.1000 0.1000 0.1000 0.1000],[0.0000 0.0000 0.0000 0.0000 0.0000 0.0000 0.0000],0.8211612105369568,0.7559361693043664,1.0,0.0,0.6207454598746434,None
197,0.9403641819953918,0.8807970285415649,1.7614567279815674,1.5231881141662598,[0.1000 0.1000 0.1000 0.1000 0.1000 0.1000 0.1000],[0.0000 0.0000 0.0000 0.0000 0.0000 0.0000 0.0000],0.8211612105369568,0.7559361693043664,1.0,0.0,0.6207454598746434,None
197,0.9403641819953918,0.8807970285415649,1.7614567279815674,1.5231881141662598,[0.1000 0.1000 0.1000 0.1000 0.1000 0.1000 0.1000],[0.0000 0.0000 0.0000 0.0000 0.0000 0.0000 0.0000],0.8211612105369568,0.7559361693043664,1.0,0.0,0.6207454598746434,None
197,0.9403641819953918,0.8807970285415649,1.7614567279815674,1.5231881141662598,[0.1000 0.1000 0.1000 0.1000 0.1000 0.1000 0.1000],[0.0000 0.0000 0.0000 0.0000 0.0000 0.0000 0.0000],0.8211612105369568,0.7559361693043664,1.0,0.0,0.6207454598746434,None
197,0.9403641819953918,0.8807970285415649,1.7614567279815674,1.5231881141662598,[0.1000 0.1000 0.1000 0.1000 0.1000 0.1000 0.1000],[0.0000 0.0000 0.0000 0.0000 0.0000 0.0000 0.0000],0.8211612105369568,0.7559361693043664,1.0,0.0,0.6207454598746434,None
197,0.9403641819953918,0.8807970285415649,1.7614567279815674,1.5231881141662598,[0.1000 0.1000 0.1000 0.1000 0.1000 0.1000 0.1000],[0.0000 0.0000 0.0000 0.0000 0.0000 0.0000 0.0000],0.8211612105369568,0.7559361693043664,1.0,0.0,0.6207454598746434,None
197,0.9403641819953918,0.8807970285415649,1.7614567279815674,1.5231881141662598,[0.1000 0.1000 0.1000 0.1000 0.1000 0.1000 0.1000],[0.0000 0.0000 0.0000 0.0000 0.0000 0.0000 0.0000],0.8211612105369568,0.7559361693043664,1.0,0.0,0.6207454598746434,None
197,0.9403641819953918,0.8807970285415649,1.7614567279815674,1.5231881141662598,[0.1000 0.1000 0.1000 0.1000 0.1000 0.1000 0.1000],[0.0000 0.0000 0.0000 0.0000 0.0000 0.0000 0.0000],0.8211612105369568,0.7559361693043664,1.0,0.0,0.6207454598746434,None
197,0.9403641819953918,0.8807970285415649,1.7614567279815674,1.5231881141662598,[0.1000 0.1000 0.1000 0.1000 0.1000 0.1000 0.1000],[0.0000 0.0000 0.0000 0.0000 0.0000 0.0000 0.0000],0.8211612105369568,0.7559361693043664,1.0,0.0,0.6207454598746434,None
197,0.9403641819953918,0.8807970285415649,1.7614567279815674,1.5231881141662598,[0.1000 0.1000 0.1000 0.1000 0.1000 0.1000 0.1000],[0.0000 0.0000 0.0000 0.0000 0.0000 0.0000 0.0000],0.8211612105369568,0.7559361693043664,1.0,0.0,0.6207454598746434,None
197,0.9403641819953918,0.8807970285415649,1.7614567279815674,1.5231881141662598,[0.1000 0.1000 0.1000 0.1000 0.1000 0.1000 0.1000],[0.0000 0.0000 0.0000 0.0000 0.0000 0.0000 0.0000],0.8211612105369568,0.7559361693043664,1.0,0.0,0.6207454598746434,None
197,0.9403641819953918,0.8807970285415649,1.7614567279815674,1.5231881141662598,[0.1000 0.1000 0.1000 0.1000 0.1000 0.1000 0.1000],[0.0000 0.0000 0.0000 0.0000 0.0000 0.0000 0.0000],0.8211612105369568,0.7559361693043664,1.0,0.0,0.6207454598746434,None
197,0.9403641819953918,0.8807970285415649,1.7614567279815674,1.5231881141662598,[0.1000 0.1000 0.1000 0.1000 0.1000 0.1000 0.1000],[0.0000 0.0000 0.0000 0.0000 0.0000 0.0000 0.0000],0.8211612105369568,0.7559361693043664,1.0,0.0,0.6207454598746434,None
197,0.9403641819953918,0.8807970285415649,1.7614567279815674,1.5231881141662598,[0.1000 0.1000 0.1000 0.1000 0.1000 0.1000 0.1000],[0.0000 0.0000 0.0000 0.0000 0.0000 0.0000 0.0000],0.8211612105369568,0.7559361693043664,1.0,0.0,0.6207454598746434,None
197,0.9403641819953918,0.8807970285415649,1.7614567279815674,1.5231881141662598,[0.1000 0.1000 0.1000 0.1000 0.1000 0.1000 0.1000],[0.0000 0.0000 0.0000 0.0000 0.0000 0.0000 0.0000],0.8211612105369568,0.7559361693043664,1.0,0.0,0.6207454598746434,None
197,0.9403641819953918,0.8807970285415649,1.7614567279815674,1.5231881141662598,[0.1000 0.1000 0.1000 0.1000 0.1000 0.1000 0.1000],[0.0000 0.0000 0.0000 0.0000 0.0000 0.0000 0.0000],0.8211612105369568,0.7559361693043664,1.0,0.0,0.6207454598746434,None
197,0.9403641819953918,0.8807970285415649,1.7614567279815674,1.5231881141662598,[0.1000 0.1000 0.1000 0.1000 0.1000 0.1000 0.1000],[0.0000 0.0000 0.0000 0.0000 0.0000 0.0000 0.0000],0.8211612105369568,0.7559361693043664,1.0,0.0,0.6207454598746434,None
197,0.9403641819953918,0.8807970285415649,1.7614567279815674,1.5231881141662598,[0.1000 0.1000 0.1000 0.1000 0.1000 0.1000 0.1000],[0.0000 0.0000 0.0000 0.0000 0.0000 0.0000 0.0000],0.8211612105369568,0.7559361693043664,1.0,0.0,0.6207454598746434,None
197,0.9403641819953918,0.8807970285415649,1.7614567279815674,1.5231881141662598,[0.1000 0.1000 0.1000 0.1000 0.1000 0.1000 0.1000],[0.0000 0.0000 0.0000 0.0000 0.0000 0.0000 0.0000],0.8211612105369568,0.7559361693043664,1.0,0.0,0.6207454598746434,None
197,0.9403641819953918,0.8807970285415649,1.7614567279815674,1.5231881141662598,[0.1000 0.1000 0.1000 0.1000 0.1000 0.1000 0.1000],[0.0000 0.0000 0.0000 0.0000 0.0000 0.0000 0.0000],0.8211612105369568,0.7559361693043664,1.0,0.0,0.6207454598746434,None
197,0.9403641819953918,0.8807970285415649,1.7614567279815674,1.5231881141662598,[0.1000 0.1000 0.1000 0.1000 0.1000 0.1000 0.1000],[0.0000 0.0000 0.0000 0.0000 0.0000 0.0000 0.0000],0.8211612105369568,0.7559361693043664,1.0,0.0,0.6207454598746434,None
197,0.9403641819953918,0.8807970285415649,1.7614567279815674,1.5231881141662598,[0.1000 0.1000 0.1000 0.1000 0.1000 0.1000 0.1000],[0.0000 0.0000 0.0000 0.0000 0.0000 0.0000 0.0000],0.8211612105369568,0.7559361693043664,1.0,0.0,0.6207454598746434,None
197,0.9403641819953918,0.8807970285415649,1.7614567279815674,1.5231881141662598,[0.1000 0.1000 0.1000 0.1000 0.1000 0.1000 0.1000],[0.0000 0.0000 0.0000 0.0000 0.0000 0.0000 0.0000],0.8211612105369568,0.7559361693043664,1.0,0.0,0.6207454598746434,None
197,0.9403641819953918,0.8807970285415649,1.7614567279815674,1.5231881141662598,[0.1000 0.1000 0.1000 0.1000 0.1000 0.1000 0.1000],[0.0000 0.0000 0.0000 0.0000 0.0000 0.0000 0.0000],0.8211612105369568,0.7559361693043664,1.0,0.0,0.6207454598746434,None
197,0.9403641819953918,0.8807970285415649,1.7614567279815674,1.5231881141662598,[0.1000 0.1000 0.1000 0.1000 0.1000 0.1000 0.1000],[0.0000 0.0000 0.0000 0.0000 0.0000 0.0000 0.0000],0.8211612105369568,0.7559361693043664,1.0,0.0,0.6207454598746434,None
197,0.9403641819953918,0.8807970285415649,1.7614567279815674,1.5231881141662598,[0.1000 0.1000 0.1000 0.1000 0.1000 0.1000 0.1000],[0.0000 0.0000 0.0000 0.0000 0.0000 0.0000 0.0000],0.8211612105369568,0.7559361693043664,1.0,0.0,0.6207454598746434,None
197,0.9403641819953918,0.8807970285415649,1.7614567279815674,1.5231881141662598,[0.1000 0.1000 0.1000 0.1000 0.1000 0.1000 0.1000],[0.0000 0.0000 0.0000 0.0000 0.0000 0.0000 0.0000],0.8211612105369568,0.7559361693043664,1.0,0.0,0.6207454598746434,None
197,0.9403641819953918,0.8807970285415649,1.7614567279815674,1.5231881141662598,[0.1000 0.1000 0.1000 0.1000 0.1000 0.1000 0.1000],[0.0000 0.0000 0.0000 0.0000 0.0000 0.0000 0.0000],0.8211612105369568,0.7559361693043664,1.0,0.0,0.6207454598746434,None
197,0.9403641819953918,0.8807970285415649,1.7614567279815674,1.5231881141662598,[0.1000 0.1000 0.1000 0.1000 0.1000 0.1000 0.1000],[0.0000 0.0000 0.0000 0.0000 0.0000 0.0000 0.0000],0.8211612105369568,0.7559361693043664,1.0,0.0,0.6207454598746434,None
197,0.9403641819953918,0.8807970285415649,1.7614567279815674,1.5231881141662598,[0.1000 0.1000 0.1000 0.1000 0.1000 0.1000 0.1000],[0.0000 0.0000 0.0000 0.0000 0.0000 0.0000 0.0000],0.8211612105369568,0.7559361693043664,1.0,0.0,0.6207454598746434,None
197,0.9403641819953918,0.8807970285415649,1.7614567279815674,1.5231881141662598,[0.1000 0.1000 0.1000 0.1000 0.1000 0.1000 0.1000],[0.0000 0.0000 0.0000 0.0000 0.0000 0.0000 0.0000],0.8211612105369568,0.7559361693043664,1.0,0.0,0.6207454598746434,None
197,0.9403641819953918,0.8807970285415649,1.7614567279815674,1.5231881141662598,[0.1000 0.1000 0.1000 0.1000 0.1000 0.1000 0.1000],[0.0000 0.0000 0.0000 0.0000 0.0000 0.0000 0.0000],0.8211612105369568,0.7559361693043664,1.0,0.0,0.6207454598746434,None
197,0.9403641819953918,0.8807970285415649,1.7614567279815674,1.5231881141662598,[0.1000 0.1000 0.1000 0.1000 0.1000 0.1000 0.1000],[0.0000 0.0000 0.0000 0.0000 0.0000 0.0000 0.0000],0.8211612105369568,0.7559361693043664,1.0,0.0,0.6207454598746434,None
197,0.9403641819953918,0.8807970285415649,1.7614567279815674,1.5231881141662598,[0.1000 0.1000 0.1000 0.1000 0.1000 0.1000 0.1000],[0.0000 0.0000 0.0000 0.0000 0.0000 0.0000 0.0000],0.8211612105369568,0.7559361693043664,1.0,0.0,0.6207454598746434,None
197,0.9403641819953918,0.8807970285415649,1.7614567279815674,1.5231881141662598,[0.1000 0.1000 0.1000 0.1000 0.1000 0.1000 0.1000],[0.0000 0.0000 0.0000 0.0000 0.0000 0.0000 0.0000],0.8211612105369568,0.7559361693043664,1.0,0.0,0.6207454598746434,None
197,0.9403641819953918,0.8807970285415649,1.7614567279815674,1.5231881141662598,[0.1000 0.1000 0.1000 0.1000 0.1000 0.1000 0.1000],[0.0000 0.0000 0.0000 0.0000 0.0000 0.0000 0.0000],0.8211612105369568,0.7559361693043664,1.0,0.0,0.6207454598746434,None
197,0.9403641819953918,0.8807970285415649,1.7614567279815674,1.5231881141662598,[0.1000 0.1000 0.1000 0.1000 0.1000 0.1000 0.1000],[0.0000 0.0000 0.0000 0.0000 0.0000 0.0000 0.0000],0.8211612105369568,0.7559361693043664,1.0,0.0,0.6207454598746434,None
197,0.9403641819953918,0.8807970285415649,1.7614567279815674,1.5231881141662598,[0.1000 0.1000 0.1000 0.1000 0.1000 0.1000 0.1000],[0.0000 0.0000 0.0000 0.0000 0.0000 0.0000 0.0000],0.8211612105369568,0.7559361693043664,1.0,0.0,0.6207454598746434,None
197,0.9403641819953918,0.8807970285415649,1.7614567279815674,1.5231881141662598,[0.1000 0.1000 0.1000 0.1000 0.1000 0.1000 0.1000],[0.0000 0.0000 0.0000 0.0000 0.0000 0.0000 0.0000],0.8211612105369568,0.7559361693043664,1.0,0.0,0.6207454598746434,None
197,0.9403641819953918,0.8807970285415649,1.7614567279815674,1.5231881141662598,[0.1000 0.1000 0.1000 0.1000 0.1000 0.1000 0.1000],[0.0000 0.0000 0.0000 0.0000 0.0000 0.0000 0.0000],0.8211612105369568,0.7559361693043664,1.0,0.0,0.6207454598746434,None
197,0.9403641819953918,0.8807970285415649,1.7614567279815674,1.5231881141662598,[0.1000 0.1000 0.1000 0.1000 0.1000 0.1000 0.1000],[0.0000 0.0000 0.0000 0.0000 0.0000 0.0000 0.0000],0.8211612105369568,0.7559361693043664,1.0,0.0,0.6207454598746434,None
197,0.9403641819953918,0.8807970285415649,1.7614567279815674,1.5231881141662598,[0.1000 0.1000 0.1000 0.1000 0.1000 0.1000 0.1000],[0.0000 0.0000 0.0000 0.0000 0.0000 0.0000 0.0000],0.8211612105369568,0.7559361693043664,1.0,0.0,0.6207454598746434,None
197,0.9403641819953918,0.8807970285415649,1.7614567279815674,1.5231881141662598,[0.1000 0.1000 0.1000 0.1000 0.1000 0.1000 0.1000],[0.0000 0.0000 0.0000 0.0000 0.0000 0.0000 0.0000],0.8211612105369568,0.7559361693043664,1.0,0.0,0.6207454598746434,None
197,0.9403641819953918,0.8807970285415649,1.7614567279815674,1.5231881141662598,[0.1000 0.1000 0.1000 0.1000 0.1000 0.1000 0.1000],[0.0000 0.0000 0.0000 0.0000 0.0000 0.0000 0.0000],0.8211612105369568,0.7559361693043664,1.0,0.0,0.6207454598746434,None
197,0.9403641819953918,0.8807970285415649,1.7614567279815674,1.5231881141662598,[0.1000 0.1000 0.1000 0.1000 0.1000 0.1000 0.1000],[0.0000 0.0000 0.0000 0.0000 0.0000 0.0000 0.0000],0.8211612105369568,0.7559361693043664,1.0,0.0,0.6207454598746434,None
197,0.9403641819953918,0.8807970285415649,1.7614567279815674,1.5231881141662598,[0.1000 0.1000 0.1000 0.1000 0.1000 0.1000 0.1000],[0.0000 0.0000 0.0000 0.0000 0.0000 0.0000 0.0000],0.8211612105369568,0.7559361693043664,1.0,0.0,0.6207454598746434,None
197,0.9403641819953918,0.8807970285415649,1.7614567279815674,1.5231881141662598,[0.1000 0.1000 0.1000 0.1000 0.1000 0.1000 0.1000],[0.0000 0.0000 0.0000 0.0000 0.0000 0.0000 0.0000],0.8211612105369568,0.7559361693043664,1.0,0.0,0.6207454598746434,None
197,0.9403641819953918,0.8807970285415649,1.7614567279815674,1.5231881141662598,[0.1000 0.1000 0.1000 0.1000 0.1000 0.1000 0.1000],[0.0000 0.0000 0.0000 0.0000 0.0000 0.0000 0.0000],0.8211612105369568,0.7559361693043664,1.0,0.0,0.6207454598746434,None
197,0.9403641819953918,0.8807970285415649,1.7614567279815674,1.5231881141662598,[0.1000 0.1000 0.1000 0.1000 0.1000 0.1000 0.1000],[0.0000 0.0000 0.0000 0.0000 0.0000 0.0000 0.0000],0.8211612105369568,0.7559361693043664,1.0,0.0,0.6207454598746434,None
197,0.9403641819953918,0.8807970285415649,1.7614567279815674,1.5231881141662598,[0.1000 0.1000 0.1000 0.1000 0.1000 0.1000 0.1000],[0.0000 0.0000 0.0000 0.0000 0.0000 0.0000 0.0000],0.8211612105369568,0.7559361693043664,1.0,0.0,0.6207454598746434,None
197,0.9403641819953918,0.8807970285415649,1.7614567279815674,1.5231881141662598,[0.1000 0.1000 0.1000 0.1000 0.1000 0.1000 0.1000],[0.0000 0.0000 0.0000 0.0000 0.0000 0.0000 0.0000],0.8211612105369568,0.7559361693043664,1.0,0.0,0.6207454598746434,None
197,0.9403641819953918,0.8807970285415649,1.7614567279815674,1.5231881141662598,[0.1000 0.1000 0.1000 0.1000 0.1000 0.1000 0.1000],[0.0000 0.0000 0.0000 0.0000 0.0000 0.0000 0.0000],0.8211612105369568,0.7559361693043664,1.0,0.0,0.6207454598746434,None
197,0.9403641819953918,0.8807970285415649,1.7614567279815674,1.5231881141662598,[0.1000 0.1000 0.1000 0.1000 0.1000 0.1000 0.1000],[0.0000 0.0000 0.0000 0.0000 0.0000 0.0000 0.0000],0.8211612105369568,0.7559361693043664,1.0,0.0,0.6207454598746434,None
197,0.9403641819953918,0.8807970285415649,1.7614567279815674,1.5231881141662598,[0.1000 0.1000 0.1000 0.1000 0.1000 0.1000 0.1000],[0.0000 0.0000 0.0000 0.0000 0.0000 0.0000 0.0000],0.8211612105369568,0.7559361693043664,1.0,0.0,0.6207454598746434,None
197,0.9403641819953918,0.8807970285415649,1.7614567279815674,1.5231881141662598,[0.1000 0.1000 0.1000 0.1000 0.1000 0.1000 0.1000],[0.0000 0.0000 0.0000 0.0000 0.0000 0.0000 0.0000],0.8211612105369568,0.7559361693043664,1.0,0.0,0.6207454598746434,None
197,0.9403641819953918,0.8807970285415649,1.7614567279815674,1.5231881141662598,[0.1000 0.1000 0.1000 0.1000 0.1000 0.1000 0.1000],[0.0000 0.0000 0.0000 0.0000 0.0000 0.0000 0.0000],0.8211612105369568,0.7559361693043664,1.0,0.0,0.6207454598746434,None
197,0.9403641819953918,0.8807970285415649,1.7614567279815674,1.5231881141662598,[0.1000 0.1000 0.1000 0.1000 0.1000 0.1000 0.1000],[0.0000 0.0000 0.0000 0.0000 0.0000 0.0000 0.0000],0.8211612105369568,0.7559361693043664,1.0,0.0,0.6207454598746434,None
197,0.9403641819953918,0.8807970285415649,1.7614567279815674,1.5231881141662598,[0.1000 0.1000 0.1000 0.1000 0.1000 0.1000 0.1000],[0.0000 0.0000 0.0000 0.0000 0.0000 0.0000 0.0000],0.8211612105369568,0.7559361693043664,1.0,0.0,0.6207454598746434,None
197,0.9403641819953918,0.8807970285415649,1.7614567279815674,1.5231881141662598,[0.1000 0.1000 0.1000 0.1000 0.1000 0.1000 0.1000],[0.0000 0.0000 0.0000 0.0000 0.0000 0.0000 0.0000],0.8211612105369568,0.7559361693043664,1.0,0.0,0.6207454598746434,None
197,0.9403641819953918,0.8807970285415649,1.7614567279815674,1.5231881141662598,[0.1000 0.1000 0.1000 0.1000 0.1000 0.1000 0.1000],[0.0000 0.0000 0.0000 0.0000 0.0000 0.0000 0.0000],0.8211612105369568,0.7559361693043664,1.0,0.0,0.6207454598746434,None
197,0.9403641819953918,0.8807970285415649,1.7614567279815674,1.5231881141662598,[0.1000 0.1000 0.1000 0.1000 0.1000 0.1000 0.1000],[0.0000 0.0000 0.0000 0.0000 0.0000 0.0000 0.0000],0.8211612105369568,0.7559361693043664,1.0,0.0,0.6207454598746434,None
197,0.9403641819953918,0.8807970285415649,1.7614567279815674,1.5231881141662598,[0.1000 0.1000 0.1000 0.1000 0.1000 0.1000 0.1000],[0.0000 0.0000 0.0000 0.0000 0.0000 0.0000 0.0000],0.8211612105369568,0.7559361693043664,1.0,0.0,0.6207454598746434,None
197,0.9403641819953918,0.8807970285415649,1.7614567279815674,1.5231881141662598,[0.1000 0.1000 0.1000 0.1000 0.1000 0.1000 0.1000],[0.0000 0.0000 0.0000 0.0000 0.0000 0.0000 0.0000],0.8211612105369568,0.7559361693043664,1.0,0.0,0.6207454598746434,None
197,0.9403641819953918,0.8807970285415649,1.7614567279815674,1.5231881141662598,[0.1000 0.1000 0.1000 0.1000 0.1000 0.1000 0.1000],[0.0000 0.0000 0.0000 0.0000 0.0000 0.0000 0.0000],0.8211612105369568,0.7559361693043664,1.0,0.0,0.6207454598746434,None
197,0.9403641819953918,0.8807970285415649,1.7614567279815674,1.5231881141662598,[0.1000 0.1000 0.1000 0.1000 0.1000 0.1000 0.1000],[0.0000 0.0000 0.0000 0.0000 0.0000 0.0000 0.0000],0.8211612105369568,0.7559361693043664,1.0,0.0,0.6207454598746434,None
197,0.9403641819953918,0.8807970285415649,1.7614567279815674,1.5231881141662598,[0.1000 0.1000 0.1000 0.1000 0.1000 0.1000 0.1000],[0.0000 0.0000 0.0000 0.0000 0.0000 0.0000 0.0000],0.8211612105369568,0.7559361693043664,1.0,0.0,0.6207454598746434,None
197,0.9403641819953918,0.8807970285415649,1.7614567279815674,1.5231881141662598,[0.1000 0.1000 0.1000 0.1000 0.1000 0.1000 0.1000],[0.0000 0.0000 0.0000 0.0000 0.0000 0.0000 0.0000],0.8211612105369568,0.7559361693043664,1.0,0.0,0.6207454598746434,None
197,0.9403641819953918,0.8807970285415649,1.7614567279815674,1.5231881141662598,[0.1000 0.1000 0.1000 0.1000 0.1000 0.1000 0.1000],[0.0000 0.0000 0.0000 0.0000 0.0000 0.0000 0.0000],0.8211612105369568,0.7559361693043664,1.0,0.0,0.6207454598746434,None
197,0.9403641819953918,0.8807970285415649,1.7614567279815674,1.5231881141662598,[0.1000 0.1000 0.1000 0.1000 0.1000 0.1000 0.1000],[0.0000 0.0000 0.0000 0.0000 0.0000 0.0000 0.0000],0.8211612105369568,0.7559361693043664,1.0,0.0,0.6207454598746434,None
197,0.9403641819953918,0.8807970285415649,1.7614567279815674,1.5231881141662598,[0.1000 0.1000 0.1000 0.1000 0.1000 0.1000 0.1000],[0.0000 0.0000 0.0000 0.0000 0.0000 0.0000 0.0000],0.8211612105369568,0.7559361693043664,1.0,0.0,0.6207454598746434,None
197,0.9403641819953918,0.8807970285415649,1.7614567279815674,1.5231881141662598,[0.1000 0.1000 0.1000 0.1000 0.1000 0.1000 0.1000],[0.0000 0.0000 0.0000 0.0000 0.0000 0.0000 0.0000],0.8211612105369568,0.7559361693043664,1.0,0.0,0.6207454598746434,None
197,0.9403641819953918,0.8807970285415649,1.7614567279815674,1.5231881141662598,[0.1000 0.1000 0.1000 0.1000 0.1000 0.1000 0.1000],[0.0000 0.0000 0.0000 0.0000 0.0000 0.0000 0.0000],0.8211612105369568,0.7559361693043664,1.0,0.0,0.6207454598746434,None
197,0.9403641819953918,0.8807970285415649,1.7614567279815674,1.5231881141662598,[0.1000 0.1000 0.1000 0.1000 0.1000 0.1000 0.1000],[0.0000 0.0000 0.0000 0.0000 0.0000 0.0000 0.0000],0.8211612105369568,0.7559361693043664,1.0,0.0,0.6207454598746434,None
197,0.9403641819953918,0.8807970285415649,1.7614567279815674,1.5231881141662598,[0.1000 0.1000 0.1000 0.1000 0.1000 0.1000 0.1000],[0.0000 0.0000 0.0000 0.0000 0.0000 0.0000 0.0000],0.8211612105369568,0.7559361693043664,1.0,0.0,0.6207454598746434,None
197,0.9403641819953918,0.8807970285415649,1.7614567279815674,1.5231881141662598,[0.1000 0.1000 0.1000 0.1000 0.1000 0.1000 0.1000],[0.0000 0.0000 0.0000 0.0000 0.0000 0.0000 0.0000],0.8211612105369568,0.7559361693043664,1.0,0.0,0.6207454598746434,None
197,0.9403641819953918,0.8807970285415649,1.7614567279815674,1.5231881141662598,[0.1000 0.1000 0.1000 0.1000 0.1000 0.1000 0.1000],[0.0000 0.0000 0.0000 0.0000 0.0000 0.0000 0.0000],0.8211612105369568,0.7559361693043664,1.0,0.0,0.6207454598746434,None
197,0.9403641819953918,0.8807970285415649,1.7614567279815674,1.5231881141662598,[0.1000 0.1000 0.1000 0.1000 0.1000 0.1000 0.1000],[0.0000 0.0000 0.0000 0.0000 0.0000 0.0000 0.0000],0.8211612105369568,0.7559361693043664,1.0,0.0,0.6207454598746434,None
197,0.9403641819953918,0.8807970285415649,1.7614567279815674,1.5231881141662598,[0.1000 0.1000 0.1000 0.1000 0.1000 0.1000 0.1000],[0.0000 0.0000 0.0000 0.0000 0.0000 0.0000 0.0000],0.8211612105369568,0.7559361693043664,1.0,0.0,0.6207454598746434,None
197,0.9403641819953918,0.8807970285415649,1.7614567279815674,1.5231881141662598,[0.1000 0.1000 0.1000 0.1000 0.1000 0.1000 0.1000],[0.0000 0.0000 0.0000 0.0000 0.0000 0.0000 0.0000],0.8211612105369568,0.7559361693043664,1.0,0.0,0.6207454598746434,None
197,0.9403641819953918,0.8807970285415649,1.7614567279815674,1.5231881141662598,[0.1000 0.1000 0.1000 0.1000 0.1000 0.1000 0.1000],[0.0000 0.0000 0.0000 0.0000 0.0000 0.0000 0.0000],0.8211612105369568,0.7559361693043664,1.0,0.0,0.6207454598746434,None
197,0.9403641819953918,0.8807970285415649,1.7614567279815674,1.5231881141662598,[0.1000 0.1000 0.1000 0.1000 0.1000 0.1000 0.1000],[0.0000 0.0000 0.0000 0.0000 0.0000 0.0000 0.0000],0.8211612105369568,0.7559361693043664,1.0,0.0,0.6207454598746434,None
197,0.9403641819953918,0.8807970285415649,1.7614567279815674,1.5231881141662598,[0.1000 0.1000 0.1000 0.1000 0.1000 0.1000 0.1000],[0.0000 0.0000 0.0000 0.0000 0.0000 0.0000 0.0000],0.8211612105369568,0.7559361693043664,1.0,0.0,0.6207454598746434,None
197,0.9403641819953918,0.8807970285415649,1.7614567279815674,1.5231881141662598,[0.1000 0.1000 0.1000 0.1000 0.1000 0.1000 0.1000],[0.0000 0.0000 0.0000 0.0000 0.0000 0.0000 0.0000],0.8211612105369568,0.7559361693043664,1.0,0.0,0.6207454598746434,None
197,0.9403641819953918,0.8807970285415649,1.7614567279815674,1.5231881141662598,[0.1000 0.1000 0.1000 0.1000 0.1000 0.1000 0.1000],[0.0000 0.0000 0.0000 0.0000 0.0000 0.0000 0.0000],0.8211612105369568,0.7559361693043664,1.0,0.0,0.6207454598746434,None
197,0.9403641819953918,0.8807970285415649,1.7614567279815674,1.5231881141662598,[0.1000 0.1000 0.1000 0.1000 0.1000 0.1000 0.1000],[0.0000 0.0000 0.0000 0.0000 0.0000 0.0000 0.0000],0.8211612105369568,0.7559361693043664,1.0,0.0,0.6207454598746434,None
197,0.9403641819953918,0.8807970285415649,1.7614567279815674,1.5231881141662598,[0.1000 0.1000 0.1000 0.1000 0.1000 0.1000 0.1000],[0.0000 0.0000 0.0000 0.0000 0.0000 0.0000 0.0000],0.8211612105369568,0.7559361693043664,1.0,0.0,0.6207454598746434,None
197,0.9403641819953918,0.8807970285415649,1.7614567279815674,1.5231881141662598,[0.1000 0.1000 0.1000 0.1000 0.1000 0.1000 0.1000],[0.0000 0.0000 0.0000 0.0000 0.0000 0.0000 0.0000],0.8211612105369568,0.7559361693043664,1.0,0.0,0.6207454598746434,None
197,0.9403641819953918,0.8807970285415649,1.7614567279815674,1.5231881141662598,[0.1000 0.1000 0.1000 0.1000 0.1000 0.1000 0.1000],[0.0000 0.0000 0.0000 0.0000 0.0000 0.0000 0.0000],0.8211612105369568,0.7559361693043664,1.0,0.0,0.6207454598746434,None
197,0.9403641819953918,0.8807970285415649,1.7614567279815674,1.5231881141662598,[0.1000 0.1000 0.1000 0.1000 0.1000 0.1000 0.1000],[0.0000 0.0000 0.0000 0.0000 0.0000 0.0000 0.0000],0.8211612105369568,0.7559361693043664,1.0,0.0,0.6207454598746434,None
197,0.9403641819953918,0.8807970285415649,1.7614567279815674,1.5231881141662598,[0.1000 0.1000 0.1000 0.1000 0.1000 0.1000 0.1000],[0.0000 0.0000 0.0000 0.0000 0.0000 0.0000 0.0000],0.8211612105369568,0.7559361693043664,1.0,0.0,0.6207454598746434,None
197,0.9403641819953918,0.8807970285415649,1.7614567279815674,1.5231881141662598,[0.1000 0.1000 0.1000 0.1000 0.1000 0.1000 0.1000],[0.0000 0.0000 0.0000 0.0000 0.0000 0.0000 0.0000],0.8211612105369568,0.7559361693043664,1.0,0.0,0.6207454598746434,None
197,0.9403641819953918,0.8807970285415649,1.7614567279815674,1.5231881141662598,[0.1080 0.1000 0.1000 0.1000 0.1000 0.1000 0.1000],[-0.0796 0.0000 0.0000 0.0000 0.0000 0.0000 0.0000],0.8211612105369568,0.7559361693043664,1.0,0.0,0.6207454598746434,None
197,0.9403641819953918,0.8807970285415649,1.7614567279815674,1.5231881141662598,[0.1073 0.1000 0.1000 0.1000 0.1000 0.1000 0.1000],[-0.0731 0.0000 0.0000 0.0000 0.0000 0.0000 0.0000],0.8211612105369568,0.7559361693043664,1.0,0.0,0.6207454598746434,None
197,0.9403641819953918,0.8807970285415649,1.7614567279815674,1.5231881141662598,[0.1067 0.1000 0.1000 0.1000 0.1000 0.1000 0.1000],[-0.0667 0.0000 0.0000 0.0000 0.0000 0.0000 0.0000],0.8211612105369568,0.7559361693043664,1.0,0.0,0.6207454598746434,None
197,0.9403641819953918,0.8807970285415649,1.7614567279815674,1.5231881141662598,[0.1060 0.1000 0.1000 0.1000 0.1000 0.1000 0.1000],[-0.0604 0.0000 0.0000 0.0000 0.0000 0.0000 0.0000],0.8211612105369568,0.7559361693043664,1.0,0.0,0.6207454598746434,None
197,0.9403641819953918,0.8807970285415649,1.7614567279815674,1.5231881141662598,[0.1055 0.1000 0.1000 0.1000 0.1000 0.1000 0.1000],[-0.0548 0.0000 0.0000 0.0000 0.0000 0.0000 0.0000],0.8211612105369568,0.7559361693043664,1.0,0.0,0.6207454598746434,None
197,0.9403641819953918,0.8807970285415649,1.7614567279815674,1.5231881141662598,[0.1047 0.1000 0.1000 0.1000 0.1000 0.1000 0.1000],[-0.0473 0.0000 0.0000 0.0000 0.0000 0.0000 0.0000],0.8211612105369568,0.7559361693043664,1.0,0.0,0.6207454598746434,None
197,0.9403641819953918,0.8807970285415649,1.7614567279815674,1.5231881141662598,[0.1040 0.1000 0.1000 0.1000 0.1000 0.1000 0.1000],[-0.0398 0.0000 0.0000 0.0000 0.0000 0.0000 0.0000],0.8211612105369568,0.7559361693043664,1.0,0.0,0.6207454598746434,None
197,0.9403641819953918,0.8807970285415649,1.7614567279815674,1.5231881141662598,[0.1032 0.1000 0.1000 0.1000 0.1000 0.1000 0.1000],[-0.0324 0.0000 0.0000 0.0000 0.0000 0.0000 0.0000],0.8211612105369568,0.7559361693043664,1.0,0.0,0.6207454598746434,None
197,0.9403641819953918,0.8807970285415649,1.7614567279815674,1.5231881141662598,[0.1025 0.1000 0.1000 0.1000 0.1000 0.1000 0.1000],[-0.0249 0.0000 0.0000 0.0000 0.0000 0.0000 0.0000],0.8211612105369568,0.7559361693043664,1.0,0.0,0.6207454598746434,None
197,0.9403641819953918,0.8807970285415649,1.7614567279815674,1.5231881141662598,[0.1018 0.1000 0.1000 0.1000 0.1000 0.1000 0.1000],[-0.0184 0.0000 0.0000 0.0000 0.0000 0.0000 0.0000],0.8211612105369568,0.7559361693043664,1.0,0.0,0.6207454598746434,None
197,0.9403641819953918,0.8807970285415649,1.7614567279815674,1.5231881141662598,[0.1011 0.1000 0.1000 0.1000 0.1000 0.1000 0.1000],[-0.0113 0.0000 0.0000 0.0000 0.0000 0.0000 0.0000],0.8211612105369568,0.7559361693043664,1.0,0.0,0.6207454598746434,None
197,0.9403641819953918,0.8807970285415649,1.7614567279815674,1.5231881141662598,[0.1004 0.1000 0.1000 0.1000 0.1000 0.1000 0.1000],[-0.0043 0.0000 0.0000 0.0000 0.0000 0.0000 0.0000],0.8211612105369568,0.7559361693043664,1.0,0.0,0.6207454598746434,None
197,0.9403641819953918,0.8807970285415649,1.7614567279815674,1.5231881141662598,[0.0997 0.1000 0.1000 0.1000 0.1000 0.1000 0.1000],[0.0028 0.0000 0.0000 0.0000 0.0000 0.0000 0.0000],0.8211612105369568,0.7559361693043664,0.9971598535776138,0.002840146422386225,0.618982451877568,None
197,0.9403641819953918,0.8807970285415649,1.7614567279815674,1.5231881141662598,[0.0989 0.1000 0.1000 0.1000 0.1000 0.1000 0.1000],[0.0106 0.0000 0.0000 0.0000 0.0000 0.0000 0.0000],0.8211612105369568,0.7559361693043664,0.9894401580095291,0.010559841990470942,0.6141904859020649,None
197,0.9403641819953918,0.8807970285415649,1.7614567279815674,1.5231881141662598,[0.0981 0.1000 0.1000 0.1000 0.1000 0.1000 0.1000],[0.0189 0.0000 0.0000 0.0000 0.0000 0.0000 0.0000],0.8211612105369568,0.7559361693043664,0.9810961037874222,0.018903896212577875,0.6090109521267442,None
197,0.9403641819953918,0.8807970285415649,1.7614567279815674,1.5231881141662598,[0.0974 0.1000 0.1000 0.1000 0.1000 0.1000 0.1000],[0.0261 0.0000 0.0000 0.0000 0.0000 0.0000 0.0000],0.8211612105369568,0.7559361693043664,0.9738517552614212,0.026148244738578852,0.6045140556694796,None
197,0.9403641819953918,0.8807970285415649,1.7614567279815674,1.5231881141662598,[0.0966 0.1000 0.1000 0.1000 0.1000 0.1000 0.1000],[0.0336 0.0000 0.0000 0.0000 0.0000 0.0000 0.0000],0.8211612105369568,0.7559361693043664,0.9664388746023178,0.033561125397682245,0.5999125436557485,None
197,0.9403641819953918,0.8807970285415649,1.7614567279815674,1.5231881141662598,[0.0959 0.1000 0.1000 0.1000 0.1000 0.1000 0.1000],[0.0408 0.0000 0.0000 0.0000 0.0000 0.0000 0.0000],0.8211612105369568,0.7559361693043664,0.9592172503471375,0.040782749652862604,0.5954297531864248,None
197,0.9403641819953918,0.8807970285415649,1.7614567279815674,1.5231881141662598,[0.0952 0.1000 0.1000 0.1000 0.1000 0.1000 0.1000],[0.0480 0.0000 0.0000 0.0000 0.0000 0.0000 0.0000],0.8211612105369568,0.7559361693043664,0.9519553184509277,0.04804468154907232,0.5909219419319337,None
197,0.9403641819953918,0.8807970285415649,1.7614567279815674,1.5231881141662598,[0.0945 0.1000 0.1000 0.1000 0.1000 0.1000 0.1000],[0.0555 0.0000 0.0000 0.0000 0.0000 0.0000 0.0000],0.8211612105369568,0.7559361693043664,0.9445036202669144,0.05549637973308569,0.5862963341158512,None
197,0.9403641819953918,0.8807970285415649,1.7614567279815674,1.5231881141662598,[0.0938 0.1000 0.1000 0.1000 0.1000 0.1000 0.1000],[0.0619 0.0000 0.0000 0.0000 0.0000 0.0000 0.0000],0.8211612105369568,0.7559361693043664,0.9381293505430222,0.0618706494569779,0.5823395351247288,None
197,0.9403641819953918,0.8807970285415649,1.7614567279815674,1.5231881141662598,[0.0931 0.1000 0.1000 0.1000 0.1000 0.1000 0.1000],[0.0689 0.0000 0.0000 0.0000 0.0000 0.0000 0.0000],0.8211612105369568,0.7559361693043664,0.9311038255691528,0.06889617443084722,0.5779784723939635,None
197,0.9403641819953918,0.8807970285415649,1.7614567279815674,1.5231881141662598,[0.0924 0.1000 0.1000 0.1000 0.1000 0.1000 0.1000],[0.0761 0.0000 0.0000 0.0000 0.0000 0.0000 0.0000],0.8211612105369568,0.7559361693043664,0.9239420294761658,0.07605797052383428,0.5735328199846939,None
197,0.9403641819953918,0.8807970285415649,1.7614567279815674,1.5231881141662598,[0.0917 0.1000 0.1000 0.1000 0.1000 0.1000 0.1000],[0.0831 0.0000 0.0000 0.0000 0.0000 0.0000 0.0000],0.8211612105369568,0.7559361693043664,0.9168702363967896,0.0831297636032105,0.5691430365374981,None
197,0.9403641819953918,0.8807970285415649,1.7614567279815674,1.5231881141662598,[0.0910 0.1000 0.1000 0.1000 0.1000 0.1000 0.1000],[0.0902 0.0000 0.0000 0.0000 0.0000 0.0000 0.0000],0.8211612105369568,0.7559361693043664,0.9098076820373535,0.09019231796264654,0.5647589879837603,None
197,0.9403641819953918,0.8807970285415649,1.7614567279815674,1.5231881141662598,[0.0903 0.1000 0.1000 0.1000 0.1000 0.1000 0.1000],[0.0970 0.0000 0.0000 0.0000 0.0000 0.0000 0.0000],0.8211612105369568,0.7559361693043664,0.9029784053564072,0.09702159464359289,0.5605197454898351,None
197,0.9403641819953918,0.8807970285415649,1.7614567279815674,1.5231881141662598,[0.0896 0.1000 0.1000 0.1000 0.1000 0.1000 0.1000],[0.1044 0.0000 0.0000 0.0000 0.0000 0.0000 0.0000],0.8211612105369568,0.7559361693043664,0.89561827480793,0.10438172519207006,0.5559509778677832,None
197,0.9403641819953918,0.8807970285415649,1.7614567279815674,1.5231881141662598,[0.0888 0.1000 0.1000 0.1000 0.1000 0.1000 0.1000],[0.1118 0.0000 0.0000 0.0000 0.0000 0.0000 0.0000],0.8211612105369568,0.7559361693043664,0.8882474899291992,0.11175251007080084,0.5513755966185984,None
197,0.9403641819953918,0.8807970285415649,1.7614567279815674,1.5231881141662598,[0.0881 0.1000 0.1000 0.1000 0.1000 0.1000 0.1000],[0.1192 0.0000 0.0000 0.0000 0.0000 0.0000 0.0000],0.8211612105369568,0.7559361693043664,0.8808384090662003,0.1191615909337998,0.5467764433110477,None
197,0.9403641819953918,0.8807970285415649,1.7614567279815674,1.5231881141662598,[0.0874 0.1000 0.1000 0.1000 0.1000 0.1000 0.1000],[0.1260 0.0000 0.0000 0.0000 0.0000 0.0000 0.0000],0.8211612105369568,0.7559361693043664,0.8739922940731049,0.1260077059268952,0.542526748511304,None
197,0.9403641819953918,0.8807970285415649,1.7614567279815674,1.5231881141662598,[0.0867 0.1000 0.1000 0.1000 0.1000 0.1000 0.1000],[0.1330 0.0000 0.0000 0.0000 0.0000 0.0000 0.0000],0.8211612105369568,0.7559361693043664,0.8669882267713547,0.13301177322864538,0.5381790055330862,None
197,0.9403641819953918,0.8807970285415649,1.7614567279815674,1.5231881141662598,[0.0860 0.1000 0.1000 0.1000 0.1000 0.1000 0.1000],[0.1402 0.0000 0.0000 0.0000 0.0000 0.0000 0.0000],0.8211612105369568,0.7559361693043664,0.8598486334085464,0.1401513665914536,0.5337471353677717,None
197,0.9403641819953918,0.8807970285415649,1.7614567279815674,1.5231881141662598,[0.0852 0.1000 0.1000 0.1000 0.1000 0.1000 0.1000],[0.1476 0.0000 0.0000 0.0000 0.0000 0.0000 0.0000],0.8211612105369568,0.7559361693043664,0.8524159342050552,0.14758406579494482,0.5291333210825907,None
197,0.9403641819953918,0.8807970285415649,1.7614567279815674,1.5231881141662598,[0.0845 0.1000 0.1000 0.1000 0.1000 0.1000 0.1000],[0.1549 0.0000 0.0000 0.0000 0.0000 0.0000 0.0000],0.8211612105369568,0.7559361693043664,0.8450577408075333,0.1549422591924668,0.5245657559381994,None
197,0.9403641819953918,0.8807970285415649,1.7614567279815674,1.5231881141662598,[0.0838 0.1000 0.1000 0.1000 0.1000 0.1000 0.1000],[0.1622 0.0000 0.0000 0.0000 0.0000 0.0000 0.0000],0.8211612105369568,0.7559361693043664,0.8378387242555618,0.16216127574443823,0.5200845841888032,None
197,0.9403641819953918,0.8807970285415649,1.7614567279815674,1.5231881141662598,[0.0831 0.1000 0.1000 0.1000 0.1000 0.1000 0.1000],[0.1688 0.0000 0.0000 0.0000 0.0000 0.0000 0.0000],0.8211612105369568,0.7559361693043664,0.8311543613672256,0.1688456386327744,0.515935296273714,None
197,0.9403641819953918,0.8807970285415649,1.7614567279815674,1.5231881141662598,[0.0824 0.1000 0.1000 0.1000 0.1000 0.1000 0.1000],[0.1760 0.0000 0.0000 0.0000 0.0000 0.0000 0.0000],0.8211612105369568,0.7559361693043664,0.8240102231502533,0.17598977684974676,0.5115006049108115,None
197,0.9403641819953918,0.8807970285415649,1.7614567279815674,1.5231881141662598,[0.0817 0.1000 0.1000 0.1000 0.1000 0.1000 0.1000],[0.1834 0.0000 0.0000 0.0000 0.0000 0.0000 0.0000],0.8211612105369568,0.7559361693043664,0.8166041225194931,0.18339587748050695,0.5069033015688924,None
197,0.9403641819953918,0.8807970285415649,1.7614567279815674,1.5231881141662598,[0.0809 0.1000 0.1000 0.1000 0.1000 0.1000 0.1000],[0.1907 0.0000 0.0000 0.0000 0.0000 0.0000 0.0000],0.8211612105369568,0.7559361693043664,0.8093072474002838,0.19069275259971624,0.5023737994673709,None
197,0.9403641819953918,0.8807970285415649,1.7614567279815674,1.5231881141662598,[0.0803 0.1000 0.1000 0.1000 0.1000 0.1000 0.1000],[0.1970 0.0000 0.0000 0.0000 0.0000 0.0000 0.0000],0.8211612105369568,0.7559361693043664,0.8030027896165848,0.19699721038341528,0.4984603359211684,None
197,0.9403641819953918,0.8807970285415649,1.7614567279815674,1.5231881141662598,[0.0797 0.1000 0.1000 0.1000 0.1000 0.1000 0.1000],[0.2033 0.0000 0.0000 0.0000 0.0000 0.0000 0.0000],0.8211612105369568,0.7559361693043664,0.7967064529657364,0.20329354703426367,0.49455191353131195,None
197,0.9403641819953918,0.8807970285415649,1.7614567279815674,1.5231881141662598,[0.0789 0.1000 0.1000 0.1000 0.1000 0.1000 0.1000],[0.2106 0.0000 0.0000 0.0000 0.0000 0.0000 0.0000],0.8211612105369568,0.7559361693043664,0.7894475013017654,0.2105524986982346,0.4900459522424525,None
197,0.9403641819953918,0.8807970285415649,1.7614567279815674,1.5231881141662598,[0.0781 0.1000 0.1000 0.1000 0.1000 0.1000 0.1000],[0.2186 0.0000 0.0000 0.0000 0.0000 0.0000 0.0000],0.8211612105369568,0.7559361693043664,0.7813829928636551,0.21861700713634497,0.48503994524337474,None
197,0.9403641819953918,0.8807970285415649,1.7614567279815674,1.5231881141662598,[0.0773 0.1000 0.1000 0.1000 0.1000 0.1000 0.1000],[0.2270 0.0000 0.0000 0.0000 0.0000 0.0000 0.0000],0.8211612105369568,0.7559361693043664,0.7729822397232056,0.2270177602767945,0.47982521587191307,None
197,0.9403641819953918,0.8807970285415649,1.7614567279815674,1.5231881141662598,[0.0765 0.1000 0.1000 0.1000 0.1000 0.1000 0.1000],[0.2349 0.0000 0.0000 0.0000 0.0000 0.0000 0.0000],0.8211612105369568,0.7559361693043664,0.7650824636220932,0.23491753637790685,0.4749214657231213,None
197,0.9393379092216492,0.8788778781890869,1.7573516368865967,1.5155115127563477,[0.0758 0.1073 0.1000 0.1000 0.1000 0.1000 0.1000],[0.2419 -0.0726 0.0000 0.0000 0.0000 0.0000 0.0000],0.8182157874107361,0.7541137843787045,0.7581384479999542,0.24186155200004583,0.4677925016084592,None
197,0.9394838213920593,0.879150390625,1.7579352855682373,1.5166015625,[0.0751 0.1062 0.1000 0.1000 0.1000 0.1000 0.1000],[0.2489 -0.0624 0.0000 0.0000 0.0000 0.0000 0.0000],0.8186342120170593,0.7543713559719483,0.7510960847139359,0.2489039152860642,0.46384254214251774,None
197,0.939628541469574,0.8794207572937012,1.758514165878296,1.5176830291748047,[0.0744 0.1052 0.1000 0.1000 0.1000 0.1000 0.1000],[0.2559 -0.0522 0.0000 0.0000 0.0000 0.0000 0.0000],0.8190492987632751,0.7546272546188701,0.7440576702356339,0.2559423297643662,0.45988487589192234,None
197,0.9397774934768677,0.8796992301940918,1.7591099739074707,1.5187969207763672,[0.0737 0.1042 0.1000 0.1000 0.1000 0.1000 0.1000],[0.2632 -0.0417 0.0000 0.0000 0.0000 0.0000 0.0000],0.8194767236709595,0.7548913235261226,0.7368028163909912,0.26319718360900884,0.4557979141976683,None
197,0.9399304986000061,0.8799854516983032,1.7597219944000244,1.519941806793213,[0.0729 0.1031 0.1000 0.1000 0.1000 0.1000 0.1000],[0.2706 -0.0308 0.0000 0.0000 0.0000 0.0000 0.0000],0.8199159502983093,0.7551632239599148,0.7294489443302155,0.2705510556697846,0.4516531745102273,None
197,0.9400699734687805,0.8802462816238403,1.760279893875122,1.5209851264953613,[0.0722 0.1021 0.1000 0.1000 0.1000 0.1000 0.1000],[0.2775 -0.0209 0.0000 0.0000 0.0000 0.0000 0.0000],0.8203162550926208,0.7554111780049215,0.7224554568529129,0.27754454314708715,0.4476883572384142,None
197,0.9402035474777222,0.8804965019226074,1.7608141899108887,1.5219860076904297,[0.0716 0.1011 0.1000 0.1000 0.1000 0.1000 0.1000],[0.2841 -0.0114 0.0000 0.0000 0.0000 0.0000 0.0000],0.8207000494003296,0.7556497481991993,0.7158909738063812,0.28410902619361883,0.44396822466540337,None
197,0.9403505921363831,0.8807715177536011,1.7614023685455322,1.5230860710144043,[0.0709 0.1001 0.1000 0.1000 0.1000 0.1000 0.1000],[0.2913 -0.0010 0.0000 0.0000 0.0000 0.0000 0.0000],0.8211221098899841,0.7559117487817532,0.7086826115846634,0.29131738841533666,0.4398763560134098,None
197,0.9404928088188171,0.8810378313064575,1.7619712352752686,1.52415132522583,[0.0702 0.0991 0.1000 0.1000 0.1000 0.1000 0.1000],[0.2985 0.0092 0.0000 0.0000 0.0000 0.0000 0.0000],0.8215306401252747,0.7561660862136695,0.7015345245599747,0.2984654754400254,0.4358027937334657,None
197,0.9406387805938721,0.881311297416687,1.7625551223754883,1.525245189666748,[0.0694 0.0980 0.1000 0.1000 0.1000 0.1000 0.1000],[0.3058 0.0196 0.0000 0.0000 0.0000 0.0000 0.0000],0.8219500780105591,0.7564276633581205,0.6942475587129593,0.30575244128704077,0.43164548775746603,None
197,0.9407855868339539,0.8815864324569702,1.7631423473358154,1.5263457298278809,[0.0687 0.0970 0.1000 0.1000 0.1000 0.1000 0.1000],[0.3131 0.0302 0.0000 0.0000 0.0000 0.0000 0.0000],0.8223720192909241,0.7566912365388709,0.6869277358055115,0.3130722641944886,0.42746255933250554,None
197,0.9409176111221313,0.8818337917327881,1.7636704444885254,1.5273351669311523,[0.0680 0.0960 0.1000 0.1000 0.1000 0.1000 0.1000],[0.3198 0.0396 0.0000 0.0000 0.0000 0.0000 0.0000],0.8227514028549194,0.7569283657245394,0.680171325802803,0.319828674197197,0.42358613035797155,None
197,0.9410473704338074,0.8820770978927612,1.7641894817352295,1.528308391571045,[0.0673 0.0951 0.1000 0.1000 0.1000 0.1000 0.1000],[0.3267 0.0490 0.0000 0.0000 0.0000 0.0000 0.0000],0.8231244683265686,0.7571620446860785,0.6733311712741852,0.3266688287258149,0.41964598020392413,None
197,0.9411789178848267,0.8823237419128418,1.7647156715393066,1.5292949676513672,[0.0666 0.0941 0.1000 0.1000 0.1000 0.1000 0.1000],[0.3337 0.0585 0.0000 0.0000 0.0000 0.0000 0.0000],0.8235026597976685,0.7573991426808535,0.6663298606872559,0.3336701393127442,0.4156033996550601,None
197,0.9413071274757385,0.882564127445221,1.765228509902954,1.5302565097808838,[0.0659 0.0932 0.1000 0.1000 0.1000 0.1000 0.1000],[0.3406 0.0678 0.0000 0.0000 0.0000 0.0000 0.0000],0.8238712549209595,0.7576304473938247,0.6594447791576385,0.3405552208423615,0.41161880205562507,None
197,0.9414418339729309,0.8828170299530029,1.7657673358917236,1.5312681198120117,[0.0652 0.0922 0.1000 0.1000 0.1000 0.1000 0.1000],[0.3477 0.0776 0.0000 0.0000 0.0000 0.0000 0.0000],0.8242588639259338,0.7578744044510619,0.6523187458515167,0.34768125414848333,0.40749353719384923,None
197,0.9415716528892517,0.8830606341362,1.7662866115570068,1.5322425365447998,[0.0646 0.0913 0.1000 0.1000 0.1000 0.1000 0.1000],[0.3544 0.0870 0.0000 0.0000 0.0000 0.0000 0.0000],0.8246322870254517,0.758109490155046,0.6455554813146591,0.35444451868534094,0.4035764734967674,None
197,0.9417118430137634,0.8833237886428833,1.7668473720550537,1.5332951545715332,[0.0638 0.0903 0.1000 0.1000 0.1000 0.1000 0.1000],[0.3617 0.0972 0.0000 0.0000 0.0000 0.0000 0.0000],0.8250356316566467,0.7583637974746331,0.6383492797613144,0.36165072023868566,0.3994005610499058,None
197,0.9418513178825378,0.8835856318473816,1.7674052715301514,1.5343425273895264,[0.0631 0.0893 0.1000 0.1000 0.1000 0.1000 0.1000],[0.3689 0.1074 0.0000 0.0000 0.0000 0.0000 0.0000],0.8254369497299194,0.7586171380666054,0.6310810148715973,0.36891898512840277,0.3951770097377265,None
197,0.9419995546340942,0.8838642239570618,1.767998218536377,1.535456895828247,[0.0624 0.0882 0.1000 0.1000 0.1000 0.1000 0.1000],[0.3765 0.1183 0.0000 0.0000 0.0000 0.0000 0.0000],0.825863778591156,0.7588873071009482,0.6235387548804283,0.37646124511957174,0.3907951446844668,None
197,0.942139208316803,0.8841267824172974,1.768556833267212,1.5365071296691895,[0.0616 0.0871 0.1000 0.1000 0.1000 0.1000 0.1000],[0.3838 0.1286 0.0000 0.0000 0.0000 0.0000 0.0000],0.8262659907341003,0.7591423119360613,0.6162329763174057,0.38376702368259435,0.3865342754842597,None
197,0.9422505497932434,0.8843359351158142,1.7690021991729736,1.5373437404632568,[0.0610 0.0863 0.1000 0.1000 0.1000 0.1000 0.1000],[0.3901 0.1368 0.0000 0.0000 0.0000 0.0000 0.0000],0.8265864849090576,0.7593454453424386,0.609867125749588,0.39013287425041204,0.38279205584916176,None
197,0.9423696398735046,0.8845598101615906,1.7694785594940186,1.5382392406463623,[0.0603 0.0854 0.1000 0.1000 0.1000 0.1000 0.1000],[0.3970 0.1456 0.0000 0.0000 0.0000 0.0000 0.0000],0.8269294500350952,0.7595632521599203,0.6030481308698654,0.39695186913013464,0.3787776803431291,None
197,0.9424825310707092,0.8847719430923462,1.769930124282837,1.5390877723693848,[0.0596 0.0846 0.1000 0.1000 0.1000 0.1000 0.1000],[0.4038 0.1540 0.0000 0.0000 0.0000 0.0000 0.0000],0.8272544741630554,0.7597697188563377,0.5961845815181732,0.40381541848182684,0.37471566166842885,None
197,0.9425954818725586,0.8849846124649048,1.7703819274902344,1.5399384498596191,[0.0589 0.0838 0.1000 0.1000 0.1000 0.1000 0.1000],[0.4107 0.1624 0.0000 0.0000 0.0000 0.0000 0.0000],0.8275800943374634,0.7599773564689076,0.589306466281414,0.410693533718586,0.3706396655170844,None
197,0.9427148103713989,0.8852090835571289,1.7708592414855957,1.5408363342285156,[0.0582 0.0829 0.1000 0.1000 0.1000 0.1000 0.1000],[0.4176 0.1713 0.0000 0.0000 0.0000 0.0000 0.0000],0.8279238939285278,0.760196482898457,0.582355409860611,0.4176445901393891,0.3665256619578485,None
197,0.9428565502166748,0.8854758143424988,1.7714262008666992,1.5419032573699951,[0.0574 0.0818 0.1000 0.1000 0.1000 0.1000 0.1000],[0.4259 0.1819 0.0000 0.0000 0.0000 0.0000 0.0000],0.8283323645591736,0.7604572358133604,0.5741418525576591,0.4258581474423409,0.36165846385969386,None
197,0.9429841637611389,0.8857159614562988,1.7719366550445557,1.5428638458251953,[0.0567 0.0809 0.1000 0.1000 0.1000 0.1000 0.1000],[0.4327 0.1914 0.0000 0.0000 0.0000 0.0000 0.0000],0.8287001252174377,0.7606922435338961,0.5673171579837799,0.43268284201622015,0.35762865636046665,None
197,0.9431167840957642,0.8859658241271973,1.7724671363830566,1.543863296508789,[0.0560 0.0799 0.1000 0.1000 0.1000 0.1000 0.1000],[0.4399 0.2014 0.0000 0.0000 0.0000 0.0000 0.0000],0.8290826082229614,0.7609373304579594,0.5601261183619499,0.43987388163805013,0.3533723132533807,None
197,0.9432442784309387,0.886205792427063,1.7729771137237549,1.544823169708252,[0.0553 0.0789 0.1000 0.1000 0.1000 0.1000 0.1000],[0.4470 0.2110 0.0000 0.0000 0.0000 0.0000 0.0000],0.8294500708580017,0.7611726858086041,0.5530323088169098,0.44696769118309027,0.3491595685376955,None
197,0.9433689117431641,0.8864406943321228,1.7734756469726562,1.5457627773284912,[0.0546 0.0780 0.1000 0.1000 0.1000 0.1000 0.1000],[0.4541 0.2204 0.0000 0.0000 0.0000 0.0000 0.0000],0.8298096060752869,0.7614036517231639,0.5459170788526535,0.45408292114734655,0.3449213638635249,None
197,0.9434974789619446,0.8866828680038452,1.7739899158477783,1.5467314720153809,[0.0539 0.0770 0.1000 0.1000 0.1000 0.1000 0.1000],[0.4613 0.2302 0.0000 0.0000 0.0000 0.0000 0.0000],0.8301803469657898,0.7616418431055917,0.538666732609272,0.46133326739072805,0.34059902327887226,None
197,0.9436196684837341,0.8869132995605469,1.7744786739349365,1.5476531982421875,[0.0532 0.0760 0.1000 0.1000 0.1000 0.1000 0.1000],[0.4684 0.2395 0.0000 0.0000 0.0000 0.0000 0.0000],0.830532968044281,0.7618690088980704,0.5315795540809631,0.4684204459190369,0.33636085890879713,None
197,0.9437336921691895,0.8871281147003174,1.7749347686767578,1.5485124588012695,[0.0525 0.0752 0.1000 0.1000 0.1000 0.1000 0.1000],[0.4751 0.2482 0.0000 0.0000 0.0000 0.0000 0.0000],0.8308618068695068,0.7620807332962038,0.5248874053359032,0.4751125946640969,0.3323501887851714,None
197,0.9438529014587402,0.8873531222343445,1.775411605834961,1.549412488937378,[0.0518 0.0743 0.1000 0.1000 0.1000 0.1000 0.1000],[0.4821 0.2574 0.0000 0.0000 0.0000 0.0000 0.0000],0.8312060236930847,0.7623031779253333,0.517929382622242,0.4820706173777581,0.3281761092074356,None
197,0.9439750909805298,0.8875834345817566,1.7759003639221191,1.5503337383270264,[0.0511 0.0733 0.1000 0.1000 0.1000 0.1000 0.1000],[0.4892 0.2667 0.0000 0.0000 0.0000 0.0000 0.0000],0.8315585255622864,0.7625307253584725,0.5107852071523666,0.4892147928476334,0.3238832432539429,None
197,0.9440917372703552,0.8878036141395569,1.776366949081421,1.5512144565582275,[0.0504 0.0724 0.1000 0.1000 0.1000 0.1000 0.1000],[0.4963 0.2757 0.0000 0.0000 0.0000 0.0000 0.0000],0.8318953514099121,0.7627488184838728,0.5037422105669975,0.4962577894330025,0.3196381325744468,None
197,0.9442116618156433,0.8880301117897034,1.7768466472625732,1.5521204471588135,[0.0497 0.0715 0.1000 0.1000 0.1000 0.1000 0.1000],[0.5034 0.2850 0.0000 0.0000 0.0000 0.0000 0.0000],0.8322417736053467,0.7629735246308127,0.4965537413954735,0.5034462586045265,0.31530091976602714,None
197,0.9443551898002625,0.8883009552955627,1.7774207592010498,1.553203821182251,[0.0488 0.0704 0.1000 0.1000 0.1000 0.1000 0.1000],[0.5118 0.2962 0.0000 0.0000 0.0000 0.0000 0.0000],0.8326561450958252,0.7632422451012434,0.48822689801454544,0.5117731019854546,0.3102771504939981,None
197,0.9444839358329773,0.8885440826416016,1.7779357433319092,1.5541763305664062,[0.0481 0.0694 0.1000 0.1000 0.1000 0.1000 0.1000],[0.5191 0.3062 0.0000 0.0000 0.0000 0.0000 0.0000],0.8330280184745789,0.7634839261458627,0.4809422791004181,0.5190577208995819,0.3058809738324043,None
197,0.9446099996566772,0.8887822031974792,1.778439998626709,1.555128812789917,[0.0474 0.0684 0.1000 0.1000 0.1000 0.1000 0.1000],[0.5264 0.3161 0.0000 0.0000 0.0000 0.0000 0.0000],0.8333922028541565,0.7637209352075431,0.47363992780447006,0.5263600721955299,0.30146190197564077,None
197,0.9447321891784668,0.8890131711959839,1.7789287567138672,1.5560526847839355,[0.0467 0.0674 0.1000 0.1000 0.1000 0.1000 0.1000],[0.5334 0.3256 0.0000 0.0000 0.0000 0.0000 0.0000],0.8337453603744507,0.7639512381255031,0.46655938029289246,0.5334406197071075,0.2971707050896353,None
197,0.9448525905609131,0.889240562915802,1.7794103622436523,1.556962251663208,[0.0459 0.0665 0.1000 0.1000 0.1000 0.1000 0.1000],[0.5405 0.3351 0.0000 0.0000 0.0000 0.0000 0.0000],0.8340931534767151,0.7641779746395365,0.4594702273607254,0.5405297726392746,0.2928643089167755,None
197,0.9449790120124817,0.8894795775413513,1.7799160480499268,1.5579183101654053,[0.0452 0.0655 0.1000 0.1000 0.1000 0.1000 0.1000],[0.5479 0.3451 0.0000 0.0000 0.0000 0.0000 0.0000],0.834458589553833,0.764416820483443,0.4520583897829056,0.5479416102170944,0.2883563755320308,None
197,0.9450908899307251,0.889691174030304,1.7803635597229004,1.5587646961212158,[0.0445 0.0646 0.1000 0.1000 0.1000 0.1000 0.1000],[0.5548 0.3540 0.0000 0.0000 0.0000 0.0000 0.0000],0.834782063961029,0.7646285575937022,0.4452202469110489,0.5547797530889511,0.284183284642952,None
197,0.9452120065689087,0.8899203538894653,1.7808480262756348,1.5596814155578613,[0.0438 0.0636 0.1000 0.1000 0.1000 0.1000 0.1000],[0.5620 0.3637 0.0000 0.0000 0.0000 0.0000 0.0000],0.835132360458374,0.7648582285525531,0.4379565641283989,0.5620434358716011,0.2797481967239749,None
197,0.9453311562538147,0.8901458382606506,1.7813246250152588,1.5605833530426025,[0.0431 0.0627 0.1000 0.1000 0.1000 0.1000 0.1000],[0.5693 0.3732 0.0000 0.0000 0.0000 0.0000 0.0000],0.8354769945144653,0.7650844449740204,0.43065495789051056,0.5693450421094894,0.27527915056341606,None
197,0.9454524517059326,0.8903750777244568,1.7818098068237305,1.5615003108978271,[0.0423 0.0617 0.1000 0.1000 0.1000 0.1000 0.1000],[0.5768 0.3829 0.0000 0.0000 0.0000 0.0000 0.0000],0.8358275294303894,0.7653143081023561,0.42321063578128815,0.5767893642187119,0.2707154721531373,None
197,0.9455792307853699,0.8906152248382568,1.7823169231414795,1.5624608993530273,[0.0416 0.0607 0.1000 0.1000 0.1000 0.1000 0.1000],[0.5843 0.3932 0.0000 0.0000 0.0000 0.0000 0.0000],0.8361944556236267,0.7655559641468501,0.4156528040766716,0.5843471959233284,0.2660816607801881,None
197,0.9456907510757446,0.8908262848854065,1.7827630043029785,1.563305139541626,[0.0409 0.0598 0.1000 0.1000 0.1000 0.1000 0.1000],[0.5913 0.4022 0.0000 0.0000 0.0000 0.0000 0.0000],0.8365170359611511,0.7657683492985243,0.4087095335125923,0.5912904664874077,0.26181044582338353,None
197,0.945809006690979,0.8910503387451172,1.783236026763916,1.5642013549804688,[0.0401 0.0588 0.1000 0.1000 0.1000 0.1000 0.1000],[0.5985 0.4118 0.0000 0.0000 0.0000 0.0000 0.0000],0.8368593454360962,0.7659942993304184,0.4014759510755539,0.5985240489244461,0.2573579233403689,None
197,0.9459256529808044,0.8912714123725891,1.7837026119232178,1.5650856494903564,[0.0394 0.0579 0.1000 0.1000 0.1000 0.1000 0.1000],[0.6059 0.4213 0.0000 0.0000 0.0000 0.0000 0.0000],0.8371970653533936,0.7662175357127585,0.39408817887306213,0.6059118211269379,0.2527977430434607,None
197,0.9460464715957642,0.8915000557899475,1.7841858863830566,1.56600022315979,[0.0387 0.0569 0.1000 0.1000 0.1000 0.1000 0.1000],[0.6134 0.4312 0.0000 0.0000 0.0000 0.0000 0.0000],0.8375465273857117,0.7664482588251231,0.3865702822804451,0.6134297177195549,0.2481534107237591,None
197,0.9461634159088135,0.891721785068512,1.784653663635254,1.5668871402740479,[0.0379 0.0559 0.1000 0.1000 0.1000 0.1000 0.1000],[0.6208 0.4408 0.0000 0.0000 0.0000 0.0000 0.0000],0.8378852009773254,0.7666726958962978,0.37916481494903564,0.6208351850509644,0.24356929896812288,None
197,0.9462684392929077,0.891920804977417,1.7850737571716309,1.567683219909668,[0.0372 0.0551 0.1000 0.1000 0.1000 0.1000 0.1000],[0.6278 0.4495 0.0000 0.0000 0.0000 0.0000 0.0000],0.8381892442703247,0.7668742092442564,0.37217777222394943,0.6278222277760506,0.23923055501550913,None
197,0.9463785886764526,0.8921297788619995,1.7855143547058105,1.568519115447998,[0.0365 0.0541 0.1000 0.1000 0.1000 0.1000 0.1000],[0.6352 0.4586 0.0000 0.0000 0.0000 0.0000 0.0000],0.8385083675384521,0.7670862610010883,0.36484915763139725,0.6351508423686028,0.23467398763701258,None
197,0.9464924335479736,0.8923457860946655,1.7859697341918945,1.569383144378662,[0.0357 0.0532 0.1000 0.1000 0.1000 0.1000 0.1000],[0.6426 0.4681 0.0000 0.0000 0.0000 0.0000 0.0000],0.8388382196426392,0.7673056780810754,0.3573630750179291,0.6426369249820709,0.23001507396492735,None
197,0.9466168284416199,0.8925817012786865,1.7864673137664795,1.570326805114746,[0.0350 0.0522 0.1000 0.1000 0.1000 0.1000 0.1000],[0.6504 0.4785 0.0000 0.0000 0.0000 0.0000 0.0000],0.8391985297203064,0.7675454298944988,0.3496173396706581,0.6503826603293419,0.22519656837346544,None
197,0.9467324614524841,0.89280104637146,1.7869298458099365,1.5712041854858398,[0.0342 0.0512 0.1000 0.1000 0.1000 0.1000 0.1000],[0.6577 0.4882 0.0000 0.0000 0.0000 0.0000 0.0000],0.8395335078239441,0.7677686173640088,0.3423195332288742,0.6576804667711258,0.220648039070481,None
197,0.9468416571617126,0.8930083513259888,1.7873666286468506,1.572033405303955,[0.0335 0.0503 0.1000 0.1000 0.1000 0.1000 0.1000],[0.6647 0.4974 0.0000 0.0000 0.0000 0.0000 0.0000],0.8398500084877014,0.7679799451863614,0.33528972417116165,0.6647102758288383,0.21625783636998466,None
197,0.9445698857307434,0.8900254964828491,1.7782795429229736,1.5601019859313965,[0.0328 0.0494 0.1067 0.1000 0.1000 0.1000 0.1000],[0.6716 0.5057 -0.0674 0.0000 0.0000 0.0000 0.0000],0.8345953822135925,0.7664525974285,0.32844800502061844,0.6715519949793816,0.21010089677312213,None
197,0.9451730251312256,0.890884280204773,1.7806921005249023,1.5635371208190918,[0.0321 0.0486 0.1054 0.1000 0.1000 0.1000 0.1000],[0.6788 0.5145 -0.0536 0.0000 0.0000 0.0000 0.0000],0.8360573053359985,0.7670005473687703,0.32117996364831924,0.6788200363516808,0.20595871071782285,None
197,0.9457632303237915,0.8917285203933716,1.783052921295166,1.5669140815734863,[0.0314 0.0477 0.1040 0.1000 0.1000 0.1000 0.1000],[0.6861 0.5232 -0.0400 0.0000 0.0000 0.0000 0.0000],0.8374917507171631,0.767546327345813,0.31389646232128143,0.6861035376787186,0.20177695183769456,None
197,0.9462973475456238,0.8924976587295532,1.7851893901824951,1.569990634918213,[0.0307 0.0468 0.1028 0.1000 0.1000 0.1000 0.1000],[0.6932 0.5315 -0.0275 0.0000 0.0000 0.0000 0.0000],0.838795006275177,0.7680524007106981,0.30677836388349533,0.6932216361165047,0.19763843858676208,None
197,0.9468351602554321,0.8932744264602661,1.7873406410217285,1.5730977058410645,[0.0300 0.0460 0.1015 0.1000 0.1000 0.1000 0.1000],[0.7004 0.5400 -0.0148 0.0000 0.0000 0.0000 0.0000],0.8401095867156982,0.7685680795673033,0.29961228370666504,0.700387716293335,0.1934540823028345,None
197,0.9473165273666382,0.8939733505249023,1.7892661094665527,1.5758934020996094,[0.0293 0.0452 0.1003 0.1000 0.1000 0.1000 0.1000],[0.7071 0.5478 -0.0034 0.0000 0.0000 0.0000 0.0000],0.8412898778915405,0.7690385814865699,0.2928680554032326,0.7071319445967674,0.18948105558124342,None
197,0.9478248357772827,0.8947128653526306,1.7912993431091309,1.5788514614105225,[0.0286 0.0444 0.0991 0.1000 0.1000 0.1000 0.1000],[0.7141 0.5560 0.0089 0.0000 0.0000 0.0000 0.0000],0.8425377011299133,0.7695396554184384,0.2858857437968254,0.7141142562031746,0.1853586453934003,None
197,0.9484513998031616,0.8956215381622314,1.7938055992126465,1.5824861526489258,[0.0279 0.0435 0.0975 0.1000 0.1000 0.1000 0.1000],[0.7214 0.5652 0.0247 0.0000 0.0000 0.0000 0.0000],0.8440729379653931,0.77015252526745,0.2786002680659294,0.7213997319340706,0.181108256705205,None
197,0.9491207003593445,0.8965944647789001,1.796482801437378,1.5863778591156006,[0.0271 0.0425 0.0958 0.1000 0.1000 0.1000 0.1000],[0.7289 0.5748 0.0419 0.0000 0.0000 0.0000 0.0000],0.8457151651382446,0.7708139716726948,0.27114424854516983,0.7288557514548302,0.17675597075752267,None
197,0.9497450590133667,0.8975075483322144,1.7989802360534668,1.5900301933288574,[0.0264 0.0416 0.0942 0.1000 0.1000 0.1000 0.1000],[0.7362 0.5841 0.0582 0.0000 0.0000 0.0000 0.0000],0.847252607345581,0.7714447316705381,0.26384245604276657,0.7361575439572334,0.17244968784827497,None
197,0.9503052830696106,0.8983317017555237,1.8012211322784424,1.5933268070220947,[0.0257 0.0407 0.0927 0.1000 0.1000 0.1000 0.1000],[0.7431 0.5929 0.0730 0.0000 0.0000 0.0000 0.0000],0.8486369848251343,0.7720228491403428,0.25691069662570953,0.7430893033742905,0.16831944709143032,None
197,0.9508687853813171,0.8991647362709045,1.8034751415252686,1.5966589450836182,[0.0250 0.0398 0.0912 0.1000 0.1000 0.1000 0.1000],[0.7504 0.6019 0.0881 0.0000 0.0000 0.0000 0.0000],0.8500335216522217,0.7726147561726737,0.24964984506368637,0.7503501549363136,0.16395714680857554,None
197,0.9514302015304565,0.8999984264373779,1.8057208061218262,1.5999937057495117,[0.0242 0.0389 0.0897 0.1000 0.1000 0.1000 0.1000],[0.7578 0.6111 0.1034 0.0000 0.0000 0.0000 0.0000],0.8514286279678345,0.773214252888153,0.24222932755947113,0.7577706724405289,0.15946846837203327,None
197,0.9519686698913574,0.9008018970489502,1.8078746795654297,1.6032075881958008,[0.0235 0.0380 0.0882 0.1000 0.1000 0.1000 0.1000],[0.7652 0.6202 0.1182 0.0000 0.0000 0.0000 0.0000],0.8527705669403076,0.7737992642752742,0.23479970172047615,0.7652002982795238,0.15493803928996053,None
197,0.9524728059768677,0.9015586376190186,1.8098912239074707,1.6062345504760742,[0.0227 0.0371 0.0868 0.1000 0.1000 0.1000 0.1000],[0.7726 0.6291 0.1323 0.0000 0.0000 0.0000 0.0000],0.8540314435958862,0.7743583186602061,0.22739388048648834,0.7726061195135117,0.15038156561885713,None
197,0.9528983235359192,0.9022020697593689,1.8115932941436768,1.6088082790374756,[0.0220 0.0363 0.0856 0.1000 0.1000 0.1000 0.1000],[0.7796 0.6372 0.1441 0.0000 0.0000 0.0000 0.0000],0.8551003932952881,0.77484171395094,0.22039461880922318,0.7796053811907768,0.14602630153489177,None
197,0.9533746242523193,0.9029228091239929,1.8134984970092773,1.6116912364959717,[0.0213 0.0354 0.0842 0.1000 0.1000 0.1000 0.1000],[0.7871 0.6461 0.1577 0.0000 0.0000 0.0000 0.0000],0.8562974333763123,0.775385184975865,0.21288616582751274,0.7871138341724873,0.14134797184731937,None
197,0.9538280963897705,0.9036127924919128,1.815312385559082,1.6144511699676514,[0.0205 0.0345 0.0829 0.1000 0.1000 0.1000 0.1000],[0.7947 0.6550 0.1707 0.0000 0.0000 0.0000 0.0000],0.8574408888816833,0.775912285258969,0.20525092259049416,0.7947490774095058,0.1365532170395177,None
197,0.9542843699455261,0.904309093952179,1.8171374797821045,1.6172363758087158,[0.0198 0.0336 0.0816 0.1000 0.1000 0.1000 0.1000],[0.8025 0.6640 0.1841 0.0000 0.0000 0.0000 0.0000],0.8585934638977051,0.7764484936455422,0.19751666113734245,0.8024833388626575,0.1316751935424308,None
197,0.9547200798988342,0.9049773812294006,1.818880319595337,1.6199095249176025,[0.0190 0.0327 0.0803 0.1000 0.1000 0.1000 0.1000],[0.8103 0.6730 0.1969 0.0000 0.0000 0.0000 0.0000],0.8596974611282349,0.7769692876094559,0.18969645723700523,0.8103035427629948,0.1267093655712475,None
197,0.9551621079444885,0.9056548476219177,1.820648431777954,1.622619390487671,[0.0182 0.0318 0.0790 0.1000 0.1000 0.1000 0.1000],[0.8177 0.6817 0.2103 0.0000 0.0000 0.0000 0.0000],0.8608169555664062,0.7774977296237838,0.18231840804219246,0.8176815919578075,0.12202265276304868,None
197,0.9556608200073242,0.9064184427261353,1.8226432800292969,1.625673770904541,[0.0175 0.0309 0.0774 0.1000 0.1000 0.1000 0.1000],[0.8251 0.6910 0.2259 0.0000 0.0000 0.0000 0.0000],0.8620792627334595,0.7780937646635657,0.17488129436969757,0.8251187056303024,0.11730661213675245,None
197,0.9561624526977539,0.9071891903877258,1.8246498107910156,1.6287567615509033,[0.0167 0.0299 0.0758 0.1000 0.1000 0.1000 0.1000],[0.8327 0.7006 0.2419 0.0000 0.0000 0.0000 0.0000],0.8633516430854797,0.778700966314744,0.16726892441511154,0.8327310755848885,0.1124536866465221,None
197,0.9566662907600403,0.907965898513794,1.8266651630401611,1.6318635940551758,[0.0160 0.0290 0.0742 0.1000 0.1000 0.1000 0.1000],[0.8403 0.7102 0.2583 0.0000 0.0000 0.0000 0.0000],0.8646321892738342,0.7793183463759474,0.15967711806297302,0.840322881937027,0.10759423096442682,None
197,0.9571418166160583,0.90870201587677,1.8285672664642334,1.63480806350708,[0.0152 0.0281 0.0726 0.1000 0.1000 0.1000 0.1000],[0.8477 0.7195 0.2741 0.0000 0.0000 0.0000 0.0000],0.8658438324928284,0.7799095623629042,0.15227104537189007,0.8477289546281099,0.1028255739274806,None
197,0.9575538039207458,0.9093442559242249,1.8302152156829834,1.6373770236968994,[0.0145 0.0272 0.0712 0.1000 0.1000 0.1000 0.1000],[0.8549 0.7281 0.2878 0.0000 0.0000 0.0000 0.0000],0.8668980598449707,0.7804332721095453,0.1450953260064125,0.8549046739935875,0.09816512635750235,None
197,0.9579832553863525,0.9100149869918823,1.8319330215454102,1.6400599479675293,[0.0138 0.0263 0.0698 0.1000 0.1000 0.1000 0.1000],[0.8623 0.7372 0.3024 0.0000 0.0000 0.0000 0.0000],0.8679982423782349,0.7809834061207457,0.13770611956715584,0.8622938804328442,0.09334990762967006,None
197,0.9584493041038513,0.9107438921928406,1.8337972164154053,1.6429755687713623,[0.0130 0.0253 0.0681 0.1000 0.1000 0.1000 0.1000],[0.8700 0.7468 0.3187 0.0000 0.0000 0.0000 0.0000],0.8691931962966919,0.7815843139538492,0.13004811480641365,0.8699518851935863,0.0883478965290633,None
197,0.9589248895645142,0.9114903807640076,1.8356995582580566,1.6459615230560303,[0.0122 0.0243 0.0664 0.1000 0.1000 0.1000 0.1000],[0.8778 0.7568 0.3356 0.0000 0.0000 0.0000 0.0000],0.8704152703285217,0.7822053517633948,0.12215783819556236,0.8778421618044376,0.08317036799709226,None
197,0.9593575596809387,0.9121727347373962,1.8374302387237549,1.648690938949585,[0.0114 0.0234 0.0649 0.1000 0.1000 0.1000 0.1000],[0.8856 0.7663 0.3513 0.0000 0.0000 0.0000 0.0000],0.871530294418335,0.7827793174130454,0.11444865725934505,0.885551342740655,0.07807869245355827,None
197,0.9597538113594055,0.9128013849258423,1.839015245437622,1.6512055397033691,[0.0107 0.0224 0.0634 0.1000 0.1000 0.1000 0.1000],[0.8932 0.7755 0.3657 0.0000 0.0000 0.0000 0.0000],0.8725551962852478,0.7833149141413668,0.10676387697458267,0.8932361230254173,0.07297156169303781,None
197,0.9601055383682251,0.9133619070053101,1.8404221534729004,1.6534476280212402,[0.0100 0.0216 0.0621 0.1000 0.1000 0.1000 0.1000],[0.9005 0.7841 0.3787 0.0000 0.0000 0.0000 0.0000],0.8734674453735352,0.7837972447841725,0.09952081367373466,0.9004791863262653,0.06813407650667301,None
197,0.9604702591896057,0.9139447212219238,1.8418810367584229,1.6557788848876953,[0.0092 0.0207 0.0608 0.1000 0.1000 0.1000 0.1000],[0.9081 0.7931 0.3924 0.0000 0.0000 0.0000 0.0000],0.8744149804115295,0.784302206854864,0.09189026430249214,0.9081097356975079,0.0630188577378779,None
197,0.9608294367790222,0.9145201444625854,1.8433177471160889,1.6580805778503418,[0.0084 0.0198 0.0594 0.1000 0.1000 0.1000 0.1000],[0.9158 0.8022 0.4060 0.0000 0.0000 0.0000 0.0000],0.8753495812416077,0.7848040606413849,0.0842406414449215,0.9157593585550785,0.05787145944637884,None
