221,0.9388346672058105,0.8767619132995605,1.7553386688232422,1.5070476531982422,[0.1000 0.1000 0.1000 0.1000 0.1000 0.1000 0.1000],[0.0000 0.0000 0.0000 0.0000 0.0000 0.0000 0.0000],0.8155965805053711,0.7508559575140317,1.0,0.0,0.6123955514005305,None
221,0.9388346672058105,0.8767619132995605,1.7553386688232422,1.5070476531982422,[0.1000 0.1000 0.1000 0.1000 0.1000 0.1000 0.1000],[0.0000 0.0000 0.0000 0.0000 0.0000 0.0000 0.0000],0.8155965805053711,0.7508559575140317,1.0,0.0,0.6123955514005305,None
221,0.9388346672058105,0.8767619132995605,1.7553386688232422,1.5070476531982422,[0.1000 0.1000 0.1000 0.1000 0.1000 0.1000 0.1000],[0.0000 0.0000 0.0000 0.0000 0.0000 0.0000 0.0000],0.8155965805053711,0.7508559575140317,1.0,0.0,0.6123955514005305,None
221,0.9388346672058105,0.8767619132995605,1.7553386688232422,1.5070476531982422,[0.1000 0.1000 0.1000 0.1000 0.1000 0.1000 0.1000],[0.0000 0.0000 0.0000 0.0000 0.0000 0.0000 0.0000],0.8155965805053711,0.7508559575140317,1.0,0.0,0.6123955514005305,None
221,0.9388346672058105,0.8767619132995605,1.7553386688232422,1.5070476531982422,[0.1000 0.1000 0.1000 0.1000 0.1000 0.1000 0.1000],[0.0000 0.0000 0.0000 0.0000 0.0000 0.0000 0.0000],0.8155965805053711,0.7508559575140317,1.0,0.0,0.6123955514005305,None
221,0.9388346672058105,0.8767619132995605,1.7553386688232422,1.5070476531982422,[0.1000 0.1000 0.1000 0.1000 0.1000 0.1000 0.1000],[0.0000 0.0000 0.0000 0.0000 0.0000 0.0000 0.0000],0.8155965805053711,0.7508559575140317,1.0,0.0,0.6123955514005305,None
221,0.9388346672058105,0.8767619132995605,1.7553386688232422,1.5070476531982422,[0.1000 0.1000 0.1000 0.1000 0.1000 0.1000 0.1000],[0.0000 0.0000 0.0000 0.0000 0.0000 0.0000 0.0000],0.8155965805053711,0.7508559575140317,1.0,0.0,0.6123955514005305,None
221,0.9388346672058105,0.8767619132995605,1.7553386688232422,1.5070476531982422,[0.1000 0.1000 0.1000 0.1000 0.1000 0.1000 0.1000],[0.0000 0.0000 0.0000 0.0000 0.0000 0.0000 0.0000],0.8155965805053711,0.7508559575140317,1.0,0.0,0.6123955514005305,None
221,0.9388346672058105,0.8767619132995605,1.7553386688232422,1.5070476531982422,[0.1000 0.1000 0.1000 0.1000 0.1000 0.1000 0.1000],[0.0000 0.0000 0.0000 0.0000 0.0000 0.0000 0.0000],0.8155965805053711,0.7508559575140317,1.0,0.0,0.6123955514005305,None
221,0.9388346672058105,0.8767619132995605,1.7553386688232422,1.5070476531982422,[0.1000 0.1000 0.1000 0.1000 0.1000 0.1000 0.1000],[0.0000 0.0000 0.0000 0.0000 0.0000 0.0000 0.0000],0.8155965805053711,0.7508559575140317,1.0,0.0,0.6123955514005305,None
221,0.9388346672058105,0.8767619132995605,1.7553386688232422,1.5070476531982422,[0.1000 0.1000 0.1000 0.1000 0.1000 0.1000 0.1000],[0.0000 0.0000 0.0000 0.0000 0.0000 0.0000 0.0000],0.8155965805053711,0.7508559575140317,1.0,0.0,0.6123955514005305,None
221,0.9388346672058105,0.8767619132995605,1.7553386688232422,1.5070476531982422,[0.1000 0.1000 0.1000 0.1000 0.1000 0.1000 0.1000],[0.0000 0.0000 0.0000 0.0000 0.0000 0.0000 0.0000],0.8155965805053711,0.7508559575140317,1.0,0.0,0.6123955514005305,None
221,0.9388346672058105,0.8767619132995605,1.7553386688232422,1.5070476531982422,[0.1000 0.1000 0.1000 0.1000 0.1000 0.1000 0.1000],[0.0000 0.0000 0.0000 0.0000 0.0000 0.0000 0.0000],0.8155965805053711,0.7508559575140317,1.0,0.0,0.6123955514005305,None
221,0.9388346672058105,0.8767619132995605,1.7553386688232422,1.5070476531982422,[0.1000 0.1000 0.1000 0.1000 0.1000 0.1000 0.1000],[0.0000 0.0000 0.0000 0.0000 0.0000 0.0000 0.0000],0.8155965805053711,0.7508559575140317,1.0,0.0,0.6123955514005305,None
221,0.9388346672058105,0.8767619132995605,1.7553386688232422,1.5070476531982422,[0.1000 0.1000 0.1000 0.1000 0.1000 0.1000 0.1000],[0.0000 0.0000 0.0000 0.0000 0.0000 0.0000 0.0000],0.8155965805053711,0.7508559575140317,1.0,0.0,0.6123955514005305,None
221,0.9388346672058105,0.8767619132995605,1.7553386688232422,1.5070476531982422,[0.1000 0.1000 0.1000 0.1000 0.1000 0.1000 0.1000],[0.0000 0.0000 0.0000 0.0000 0.0000 0.0000 0.0000],0.8155965805053711,0.7508559575140317,1.0,0.0,0.6123955514005305,None
221,0.9388346672058105,0.8767619132995605,1.7553386688232422,1.5070476531982422,[0.1000 0.1000 0.1000 0.1000 0.1000 0.1000 0.1000],[0.0000 0.0000 0.0000 0.0000 0.0000 0.0000 0.0000],0.8155965805053711,0.7508559575140317,1.0,0.0,0.6123955514005305,None
221,0.9388346672058105,0.8767619132995605,1.7553386688232422,1.5070476531982422,[0.1000 0.1000 0.1000 0.1000 0.1000 0.1000 0.1000],[0.0000 0.0000 0.0000 0.0000 0.0000 0.0000 0.0000],0.8155965805053711,0.7508559575140317,1.0,0.0,0.6123955514005305,None
221,0.9388346672058105,0.8767619132995605,1.7553386688232422,1.5070476531982422,[0.1000 0.1000 0.1000 0.1000 0.1000 0.1000 0.1000],[0.0000 0.0000 0.0000 0.0000 0.0000 0.0000 0.0000],0.8155965805053711,0.7508559575140317,1.0,0.0,0.6123955514005305,None
221,0.9388346672058105,0.8767619132995605,1.7553386688232422,1.5070476531982422,[0.1000 0.1000 0.1000 0.1000 0.1000 0.1000 0.1000],[0.0000 0.0000 0.0000 0.0000 0.0000 0.0000 0.0000],0.8155965805053711,0.7508559575140317,1.0,0.0,0.6123955514005305,None
221,0.9388346672058105,0.8767619132995605,1.7553386688232422,1.5070476531982422,[0.1000 0.1000 0.1000 0.1000 0.1000 0.1000 0.1000],[0.0000 0.0000 0.0000 0.0000 0.0000 0.0000 0.0000],0.8155965805053711,0.7508559575140317,1.0,0.0,0.6123955514005305,None
221,0.9388346672058105,0.8767619132995605,1.7553386688232422,1.5070476531982422,[0.1000 0.1000 0.1000 0.1000 0.1000 0.1000 0.1000],[0.0000 0.0000 0.0000 0.0000 0.0000 0.0000 0.0000],0.8155965805053711,0.7508559575140317,1.0,0.0,0.6123955514005305,None
221,0.9388346672058105,0.8767619132995605,1.7553386688232422,1.5070476531982422,[0.1000 0.1000 0.1000 0.1000 0.1000 0.1000 0.1000],[0.0000 0.0000 0.0000 0.0000 0.0000 0.0000 0.0000],0.8155965805053711,0.7508559575140317,1.0,0.0,0.6123955514005305,None
221,0.9388346672058105,0.8767619132995605,1.7553386688232422,1.5070476531982422,[0.1000 0.1000 0.1000 0.1000 0.1000 0.1000 0.1000],[0.0000 0.0000 0.0000 0.0000 0.0000 0.0000 0.0000],0.8155965805053711,0.7508559575140317,1.0,0.0,0.6123955514005305,None
221,0.9388346672058105,0.8767619132995605,1.7553386688232422,1.5070476531982422,[0.1000 0.1000 0.1000 0.1000 0.1000 0.1000 0.1000],[0.0000 0.0000 0.0000 0.0000 0.0000 0.0000 0.0000],0.8155965805053711,0.7508559575140317,1.0,0.0,0.6123955514005305,None
221,0.9388346672058105,0.8767619132995605,1.7553386688232422,1.5070476531982422,[0.1000 0.1000 0.1000 0.1000 0.1000 0.1000 0.1000],[0.0000 0.0000 0.0000 0.0000 0.0000 0.0000 0.0000],0.8155965805053711,0.7508559575140317,1.0,0.0,0.6123955514005305,None
221,0.9388346672058105,0.8767619132995605,1.7553386688232422,1.5070476531982422,[0.1000 0.1000 0.1000 0.1000 0.1000 0.1000 0.1000],[0.0000 0.0000 0.0000 0.0000 0.0000 0.0000 0.0000],0.8155965805053711,0.7508559575140317,1.0,0.0,0.6123955514005305,None
221,0.9388346672058105,0.8767619132995605,1.7553386688232422,1.5070476531982422,[0.1000 0.1000 0.1000 0.1000 0.1000 0.1000 0.1000],[0.0000 0.0000 0.0000 0.0000 0.0000 0.0000 0.0000],0.8155965805053711,0.7508559575140317,1.0,0.0,0.6123955514005305,None
221,0.9388346672058105,0.8767619132995605,1.7553386688232422,1.5070476531982422,[0.1000 0.1000 0.1000 0.1000 0.1000 0.1000 0.1000],[0.0000 0.0000 0.0000 0.0000 0.0000 0.0000 0.0000],0.8155965805053711,0.7508559575140317,1.0,0.0,0.6123955514005305,None
221,0.9388346672058105,0.8767619132995605,1.7553386688232422,1.5070476531982422,[0.1000 0.1000 0.1000 0.1000 0.1000 0.1000 0.1000],[0.0000 0.0000 0.0000 0.0000 0.0000 0.0000 0.0000],0.8155965805053711,0.7508559575140317,1.0,0.0,0.6123955514005305,None
221,0.9388346672058105,0.8767619132995605,1.7553386688232422,1.5070476531982422,[0.1000 0.1000 0.1000 0.1000 0.1000 0.1000 0.1000],[0.0000 0.0000 0.0000 0.0000 0.0000 0.0000 0.0000],0.8155965805053711,0.7508559575140317,1.0,0.0,0.6123955514005305,None
221,0.9388346672058105,0.8767619132995605,1.7553386688232422,1.5070476531982422,[0.1000 0.1000 0.1000 0.1000 0.1000 0.1000 0.1000],[0.0000 0.0000 0.0000 0.0000 0.0000 0.0000 0.0000],0.8155965805053711,0.7508559575140317,1.0,0.0,0.6123955514005305,None
221,0.9388346672058105,0.8767619132995605,1.7553386688232422,1.5070476531982422,[0.1000 0.1000 0.1000 0.1000 0.1000 0.1000 0.1000],[0.0000 0.0000 0.0000 0.0000 0.0000 0.0000 0.0000],0.8155965805053711,0.7508559575140317,1.0,0.0,0.6123955514005305,None
221,0.9388346672058105,0.8767619132995605,1.7553386688232422,1.5070476531982422,[0.1000 0.1000 0.1000 0.1000 0.1000 0.1000 0.1000],[0.0000 0.0000 0.0000 0.0000 0.0000 0.0000 0.0000],0.8155965805053711,0.7508559575140317,1.0,0.0,0.6123955514005305,None
221,0.9388346672058105,0.8767619132995605,1.7553386688232422,1.5070476531982422,[0.1000 0.1000 0.1000 0.1000 0.1000 0.1000 0.1000],[0.0000 0.0000 0.0000 0.0000 0.0000 0.0000 0.0000],0.8155965805053711,0.7508559575140317,1.0,0.0,0.6123955514005305,None
221,0.9388346672058105,0.8767619132995605,1.7553386688232422,1.5070476531982422,[0.1000 0.1000 0.1000 0.1000 0.1000 0.1000 0.1000],[0.0000 0.0000 0.0000 0.0000 0.0000 0.0000 0.0000],0.8155965805053711,0.7508559575140317,1.0,0.0,0.6123955514005305,None
221,0.9388346672058105,0.8767619132995605,1.7553386688232422,1.5070476531982422,[0.1000 0.1000 0.1000 0.1000 0.1000 0.1000 0.1000],[0.0000 0.0000 0.0000 0.0000 0.0000 0.0000 0.0000],0.8155965805053711,0.7508559575140317,1.0,0.0,0.6123955514005305,None
221,0.9388346672058105,0.8767619132995605,1.7553386688232422,1.5070476531982422,[0.1000 0.1000 0.1000 0.1000 0.1000 0.1000 0.1000],[0.0000 0.0000 0.0000 0.0000 0.0000 0.0000 0.0000],0.8155965805053711,0.7508559575140317,1.0,0.0,0.6123955514005305,None
221,0.9388346672058105,0.8767619132995605,1.7553386688232422,1.5070476531982422,[0.1000 0.1000 0.1000 0.1000 0.1000 0.1000 0.1000],[0.0000 0.0000 0.0000 0.0000 0.0000 0.0000 0.0000],0.8155965805053711,0.7508559575140317,1.0,0.0,0.6123955514005305,None
221,0.9388346672058105,0.8767619132995605,1.7553386688232422,1.5070476531982422,[0.1000 0.1000 0.1000 0.1000 0.1000 0.1000 0.1000],[0.0000 0.0000 0.0000 0.0000 0.0000 0.0000 0.0000],0.8155965805053711,0.7508559575140317,1.0,0.0,0.6123955514005305,None
221,0.9388346672058105,0.8767619132995605,1.7553386688232422,1.5070476531982422,[0.1000 0.1000 0.1000 0.1000 0.1000 0.1000 0.1000],[0.0000 0.0000 0.0000 0.0000 0.0000 0.0000 0.0000],0.8155965805053711,0.7508559575140317,1.0,0.0,0.6123955514005305,None
221,0.9388346672058105,0.8767619132995605,1.7553386688232422,1.5070476531982422,[0.1000 0.1000 0.1000 0.1000 0.1000 0.1000 0.1000],[0.0000 0.0000 0.0000 0.0000 0.0000 0.0000 0.0000],0.8155965805053711,0.7508559575140317,1.0,0.0,0.6123955514005305,None
221,0.9388346672058105,0.8767619132995605,1.7553386688232422,1.5070476531982422,[0.1000 0.1000 0.1000 0.1000 0.1000 0.1000 0.1000],[0.0000 0.0000 0.0000 0.0000 0.0000 0.0000 0.0000],0.8155965805053711,0.7508559575140317,1.0,0.0,0.6123955514005305,None
221,0.9388346672058105,0.8767619132995605,1.7553386688232422,1.5070476531982422,[0.1000 0.1000 0.1000 0.1000 0.1000 0.1000 0.1000],[0.0000 0.0000 0.0000 0.0000 0.0000 0.0000 0.0000],0.8155965805053711,0.7508559575140317,1.0,0.0,0.6123955514005305,None
221,0.9388346672058105,0.8767619132995605,1.7553386688232422,1.5070476531982422,[0.1000 0.1000 0.1000 0.1000 0.1000 0.1000 0.1000],[0.0000 0.0000 0.0000 0.0000 0.0000 0.0000 0.0000],0.8155965805053711,0.7508559575140317,1.0,0.0,0.6123955514005305,None
221,0.9388346672058105,0.8767619132995605,1.7553386688232422,1.5070476531982422,[0.1000 0.1000 0.1000 0.1000 0.1000 0.1000 0.1000],[0.0000 0.0000 0.0000 0.0000 0.0000 0.0000 0.0000],0.8155965805053711,0.7508559575140317,1.0,0.0,0.6123955514005305,None
221,0.9388346672058105,0.8767619132995605,1.7553386688232422,1.5070476531982422,[0.1000 0.1000 0.1000 0.1000 0.1000 0.1000 0.1000],[0.0000 0.0000 0.0000 0.0000 0.0000 0.0000 0.0000],0.8155965805053711,0.7508559575140317,1.0,0.0,0.6123955514005305,None
221,0.9388346672058105,0.8767619132995605,1.7553386688232422,1.5070476531982422,[0.1000 0.1000 0.1000 0.1000 0.1000 0.1000 0.1000],[0.0000 0.0000 0.0000 0.0000 0.0000 0.0000 0.0000],0.8155965805053711,0.7508559575140317,1.0,0.0,0.6123955514005305,None
221,0.9388346672058105,0.8767619132995605,1.7553386688232422,1.5070476531982422,[0.1000 0.1000 0.1000 0.1000 0.1000 0.1000 0.1000],[0.0000 0.0000 0.0000 0.0000 0.0000 0.0000 0.0000],0.8155965805053711,0.7508559575140317,1.0,0.0,0.6123955514005305,None
221,0.9388346672058105,0.8767619132995605,1.7553386688232422,1.5070476531982422,[0.1000 0.1000 0.1000 0.1000 0.1000 0.1000 0.1000],[0.0000 0.0000 0.0000 0.0000 0.0000 0.0000 0.0000],0.8155965805053711,0.7508559575140317,1.0,0.0,0.6123955514005305,None
221,0.9388346672058105,0.8767619132995605,1.7553386688232422,1.5070476531982422,[0.1000 0.1000 0.1000 0.1000 0.1000 0.1000 0.1000],[0.0000 0.0000 0.0000 0.0000 0.0000 0.0000 0.0000],0.8155965805053711,0.7508559575140317,1.0,0.0,0.6123955514005305,None
221,0.9388346672058105,0.8767619132995605,1.7553386688232422,1.5070476531982422,[0.1000 0.1000 0.1000 0.1000 0.1000 0.1000 0.1000],[0.0000 0.0000 0.0000 0.0000 0.0000 0.0000 0.0000],0.8155965805053711,0.7508559575140317,1.0,0.0,0.6123955514005305,None
221,0.9388346672058105,0.8767619132995605,1.7553386688232422,1.5070476531982422,[0.1000 0.1000 0.1000 0.1000 0.1000 0.1000 0.1000],[0.0000 0.0000 0.0000 0.0000 0.0000 0.0000 0.0000],0.8155965805053711,0.7508559575140317,1.0,0.0,0.6123955514005305,None
221,0.9388346672058105,0.8767619132995605,1.7553386688232422,1.5070476531982422,[0.1000 0.1000 0.1000 0.1000 0.1000 0.1000 0.1000],[0.0000 0.0000 0.0000 0.0000 0.0000 0.0000 0.0000],0.8155965805053711,0.7508559575140317,1.0,0.0,0.6123955514005305,None
221,0.9388346672058105,0.8767619132995605,1.7553386688232422,1.5070476531982422,[0.1000 0.1000 0.1000 0.1000 0.1000 0.1000 0.1000],[0.0000 0.0000 0.0000 0.0000 0.0000 0.0000 0.0000],0.8155965805053711,0.7508559575140317,1.0,0.0,0.6123955514005305,None
221,0.9388346672058105,0.8767619132995605,1.7553386688232422,1.5070476531982422,[0.1000 0.1000 0.1000 0.1000 0.1000 0.1000 0.1000],[0.0000 0.0000 0.0000 0.0000 0.0000 0.0000 0.0000],0.8155965805053711,0.7508559575140317,1.0,0.0,0.6123955514005305,None
221,0.9388346672058105,0.8767619132995605,1.7553386688232422,1.5070476531982422,[0.1000 0.1000 0.1000 0.1000 0.1000 0.1000 0.1000],[0.0000 0.0000 0.0000 0.0000 0.0000 0.0000 0.0000],0.8155965805053711,0.7508559575140317,1.0,0.0,0.6123955514005305,None
221,0.9388346672058105,0.8767619132995605,1.7553386688232422,1.5070476531982422,[0.1000 0.1000 0.1000 0.1000 0.1000 0.1000 0.1000],[0.0000 0.0000 0.0000 0.0000 0.0000 0.0000 0.0000],0.8155965805053711,0.7508559575140317,1.0,0.0,0.6123955514005305,None
221,0.9388346672058105,0.8767619132995605,1.7553386688232422,1.5070476531982422,[0.1000 0.1000 0.1000 0.1000 0.1000 0.1000 0.1000],[0.0000 0.0000 0.0000 0.0000 0.0000 0.0000 0.0000],0.8155965805053711,0.7508559575140317,1.0,0.0,0.6123955514005305,None
221,0.9388346672058105,0.8767619132995605,1.7553386688232422,1.5070476531982422,[0.1000 0.1000 0.1000 0.1000 0.1000 0.1000 0.1000],[0.0000 0.0000 0.0000 0.0000 0.0000 0.0000 0.0000],0.8155965805053711,0.7508559575140317,1.0,0.0,0.6123955514005305,None
221,0.9388346672058105,0.8767619132995605,1.7553386688232422,1.5070476531982422,[0.1000 0.1000 0.1000 0.1000 0.1000 0.1000 0.1000],[0.0000 0.0000 0.0000 0.0000 0.0000 0.0000 0.0000],0.8155965805053711,0.7508559575140317,1.0,0.0,0.6123955514005305,None
221,0.9388346672058105,0.8767619132995605,1.7553386688232422,1.5070476531982422,[0.1000 0.1000 0.1000 0.1000 0.1000 0.1000 0.1000],[0.0000 0.0000 0.0000 0.0000 0.0000 0.0000 0.0000],0.8155965805053711,0.7508559575140317,1.0,0.0,0.6123955514005305,None
221,0.9388346672058105,0.8767619132995605,1.7553386688232422,1.5070476531982422,[0.1000 0.1000 0.1000 0.1000 0.1000 0.1000 0.1000],[0.0000 0.0000 0.0000 0.0000 0.0000 0.0000 0.0000],0.8155965805053711,0.7508559575140317,1.0,0.0,0.6123955514005305,None
221,0.9388346672058105,0.8767619132995605,1.7553386688232422,1.5070476531982422,[0.1000 0.1000 0.1000 0.1000 0.1000 0.1000 0.1000],[0.0000 0.0000 0.0000 0.0000 0.0000 0.0000 0.0000],0.8155965805053711,0.7508559575140317,1.0,0.0,0.6123955514005305,None
221,0.9388346672058105,0.8767619132995605,1.7553386688232422,1.5070476531982422,[0.1000 0.1000 0.1000 0.1000 0.1000 0.1000 0.1000],[0.0000 0.0000 0.0000 0.0000 0.0000 0.0000 0.0000],0.8155965805053711,0.7508559575140317,1.0,0.0,0.6123955514005305,None
221,0.9388346672058105,0.8767619132995605,1.7553386688232422,1.5070476531982422,[0.1000 0.1000 0.1000 0.1000 0.1000 0.1000 0.1000],[0.0000 0.0000 0.0000 0.0000 0.0000 0.0000 0.0000],0.8155965805053711,0.7508559575140317,1.0,0.0,0.6123955514005305,None
221,0.9388346672058105,0.8767619132995605,1.7553386688232422,1.5070476531982422,[0.1000 0.1000 0.1000 0.1000 0.1000 0.1000 0.1000],[0.0000 0.0000 0.0000 0.0000 0.0000 0.0000 0.0000],0.8155965805053711,0.7508559575140317,1.0,0.0,0.6123955514005305,None
221,0.9388346672058105,0.8767619132995605,1.7553386688232422,1.5070476531982422,[0.1000 0.1000 0.1000 0.1000 0.1000 0.1000 0.1000],[0.0000 0.0000 0.0000 0.0000 0.0000 0.0000 0.0000],0.8155965805053711,0.7508559575140317,1.0,0.0,0.6123955514005305,None
221,0.9388346672058105,0.8767619132995605,1.7553386688232422,1.5070476531982422,[0.1000 0.1000 0.1000 0.1000 0.1000 0.1000 0.1000],[0.0000 0.0000 0.0000 0.0000 0.0000 0.0000 0.0000],0.8155965805053711,0.7508559575140317,1.0,0.0,0.6123955514005305,None
221,0.9388346672058105,0.8767619132995605,1.7553386688232422,1.5070476531982422,[0.1000 0.1000 0.1000 0.1000 0.1000 0.1000 0.1000],[0.0000 0.0000 0.0000 0.0000 0.0000 0.0000 0.0000],0.8155965805053711,0.7508559575140317,1.0,0.0,0.6123955514005305,None
221,0.9388346672058105,0.8767619132995605,1.7553386688232422,1.5070476531982422,[0.1000 0.1000 0.1000 0.1000 0.1000 0.1000 0.1000],[0.0000 0.0000 0.0000 0.0000 0.0000 0.0000 0.0000],0.8155965805053711,0.7508559575140317,1.0,0.0,0.6123955514005305,None
221,0.9388346672058105,0.8767619132995605,1.7553386688232422,1.5070476531982422,[0.1000 0.1000 0.1000 0.1000 0.1000 0.1000 0.1000],[0.0000 0.0000 0.0000 0.0000 0.0000 0.0000 0.0000],0.8155965805053711,0.7508559575140317,1.0,0.0,0.6123955514005305,None
221,0.9388346672058105,0.8767619132995605,1.7553386688232422,1.5070476531982422,[0.1000 0.1000 0.1000 0.1000 0.1000 0.1000 0.1000],[0.0000 0.0000 0.0000 0.0000 0.0000 0.0000 0.0000],0.8155965805053711,0.7508559575140317,1.0,0.0,0.6123955514005305,None
221,0.9388346672058105,0.8767619132995605,1.7553386688232422,1.5070476531982422,[0.1000 0.1000 0.1000 0.1000 0.1000 0.1000 0.1000],[0.0000 0.0000 0.0000 0.0000 0.0000 0.0000 0.0000],0.8155965805053711,0.7508559575140317,1.0,0.0,0.6123955514005305,None
221,0.9388346672058105,0.8767619132995605,1.7553386688232422,1.5070476531982422,[0.1000 0.1000 0.1000 0.1000 0.1000 0.1000 0.1000],[0.0000 0.0000 0.0000 0.0000 0.0000 0.0000 0.0000],0.8155965805053711,0.7508559575140317,1.0,0.0,0.6123955514005305,None
221,0.9388346672058105,0.8767619132995605,1.7553386688232422,1.5070476531982422,[0.1000 0.1000 0.1000 0.1000 0.1000 0.1000 0.1000],[0.0000 0.0000 0.0000 0.0000 0.0000 0.0000 0.0000],0.8155965805053711,0.7508559575140317,1.0,0.0,0.6123955514005305,None
221,0.9388346672058105,0.8767619132995605,1.7553386688232422,1.5070476531982422,[0.1000 0.1000 0.1000 0.1000 0.1000 0.1000 0.1000],[0.0000 0.0000 0.0000 0.0000 0.0000 0.0000 0.0000],0.8155965805053711,0.7508559575140317,1.0,0.0,0.6123955514005305,None
221,0.9388346672058105,0.8767619132995605,1.7553386688232422,1.5070476531982422,[0.1000 0.1000 0.1000 0.1000 0.1000 0.1000 0.1000],[0.0000 0.0000 0.0000 0.0000 0.0000 0.0000 0.0000],0.8155965805053711,0.7508559575140317,1.0,0.0,0.6123955514005305,None
221,0.9388346672058105,0.8767619132995605,1.7553386688232422,1.5070476531982422,[0.1000 0.1000 0.1000 0.1000 0.1000 0.1000 0.1000],[0.0000 0.0000 0.0000 0.0000 0.0000 0.0000 0.0000],0.8155965805053711,0.7508559575140317,1.0,0.0,0.6123955514005305,None
221,0.9388346672058105,0.8767619132995605,1.7553386688232422,1.5070476531982422,[0.1000 0.1000 0.1000 0.1000 0.1000 0.1000 0.1000],[0.0000 0.0000 0.0000 0.0000 0.0000 0.0000 0.0000],0.8155965805053711,0.7508559575140317,1.0,0.0,0.6123955514005305,None
221,0.9388346672058105,0.8767619132995605,1.7553386688232422,1.5070476531982422,[0.1000 0.1000 0.1000 0.1000 0.1000 0.1000 0.1000],[0.0000 0.0000 0.0000 0.0000 0.0000 0.0000 0.0000],0.8155965805053711,0.7508559575140317,1.0,0.0,0.6123955514005305,None
221,0.9388346672058105,0.8767619132995605,1.7553386688232422,1.5070476531982422,[0.1000 0.1000 0.1000 0.1000 0.1000 0.1000 0.1000],[0.0000 0.0000 0.0000 0.0000 0.0000 0.0000 0.0000],0.8155965805053711,0.7508559575140317,1.0,0.0,0.6123955514005305,None
221,0.9388346672058105,0.8767619132995605,1.7553386688232422,1.5070476531982422,[0.1000 0.1000 0.1000 0.1000 0.1000 0.1000 0.1000],[0.0000 0.0000 0.0000 0.0000 0.0000 0.0000 0.0000],0.8155965805053711,0.7508559575140317,1.0,0.0,0.6123955514005305,None
221,0.9388346672058105,0.8767619132995605,1.7553386688232422,1.5070476531982422,[0.1000 0.1000 0.1000 0.1000 0.1000 0.1000 0.1000],[0.0000 0.0000 0.0000 0.0000 0.0000 0.0000 0.0000],0.8155965805053711,0.7508559575140317,1.0,0.0,0.6123955514005305,None
221,0.9388346672058105,0.8767619132995605,1.7553386688232422,1.5070476531982422,[0.1000 0.1000 0.1000 0.1000 0.1000 0.1000 0.1000],[0.0000 0.0000 0.0000 0.0000 0.0000 0.0000 0.0000],0.8155965805053711,0.7508559575140317,1.0,0.0,0.6123955514005305,None
221,0.9388346672058105,0.8767619132995605,1.7553386688232422,1.5070476531982422,[0.1000 0.1000 0.1000 0.1000 0.1000 0.1000 0.1000],[0.0000 0.0000 0.0000 0.0000 0.0000 0.0000 0.0000],0.8155965805053711,0.7508559575140317,1.0,0.0,0.6123955514005305,None
221,0.9388346672058105,0.8767619132995605,1.7553386688232422,1.5070476531982422,[0.1000 0.1000 0.1000 0.1000 0.1000 0.1000 0.1000],[0.0000 0.0000 0.0000 0.0000 0.0000 0.0000 0.0000],0.8155965805053711,0.7508559575140317,1.0,0.0,0.6123955514005305,None
221,0.9388346672058105,0.8767619132995605,1.7553386688232422,1.5070476531982422,[0.1000 0.1000 0.1000 0.1000 0.1000 0.1000 0.1000],[0.0000 0.0000 0.0000 0.0000 0.0000 0.0000 0.0000],0.8155965805053711,0.7508559575140317,1.0,0.0,0.6123955514005305,None
221,0.9388346672058105,0.8767619132995605,1.7553386688232422,1.5070476531982422,[0.1000 0.1000 0.1000 0.1000 0.1000 0.1000 0.1000],[0.0000 0.0000 0.0000 0.0000 0.0000 0.0000 0.0000],0.8155965805053711,0.7508559575140317,1.0,0.0,0.6123955514005305,None
221,0.9388346672058105,0.8767619132995605,1.7553386688232422,1.5070476531982422,[0.1000 0.1000 0.1000 0.1000 0.1000 0.1000 0.1000],[0.0000 0.0000 0.0000 0.0000 0.0000 0.0000 0.0000],0.8155965805053711,0.7508559575140317,1.0,0.0,0.6123955514005305,None
221,0.9388346672058105,0.8767619132995605,1.7553386688232422,1.5070476531982422,[0.1000 0.1000 0.1000 0.1000 0.1000 0.1000 0.1000],[0.0000 0.0000 0.0000 0.0000 0.0000 0.0000 0.0000],0.8155965805053711,0.7508559575140317,1.0,0.0,0.6123955514005305,None
221,0.9388346672058105,0.8767619132995605,1.7553386688232422,1.5070476531982422,[0.1000 0.1000 0.1000 0.1000 0.1000 0.1000 0.1000],[0.0000 0.0000 0.0000 0.0000 0.0000 0.0000 0.0000],0.8155965805053711,0.7508559575140317,1.0,0.0,0.6123955514005305,None
221,0.9388346672058105,0.8767619132995605,1.7553386688232422,1.5070476531982422,[0.1000 0.1000 0.1000 0.1000 0.1000 0.1000 0.1000],[0.0000 0.0000 0.0000 0.0000 0.0000 0.0000 0.0000],0.8155965805053711,0.7508559575140317,1.0,0.0,0.6123955514005305,None
221,0.9388346672058105,0.8767619132995605,1.7553386688232422,1.5070476531982422,[0.1000 0.1000 0.1000 0.1000 0.1000 0.1000 0.1000],[0.0000 0.0000 0.0000 0.0000 0.0000 0.0000 0.0000],0.8155965805053711,0.7508559575140317,1.0,0.0,0.6123955514005305,None
221,0.9388346672058105,0.8767619132995605,1.7553386688232422,1.5070476531982422,[0.1000 0.1000 0.1000 0.1000 0.1000 0.1000 0.1000],[0.0000 0.0000 0.0000 0.0000 0.0000 0.0000 0.0000],0.8155965805053711,0.7508559575140317,1.0,0.0,0.6123955514005305,None
221,0.9388346672058105,0.8767619132995605,1.7553386688232422,1.5070476531982422,[0.1000 0.1000 0.1000 0.1000 0.1000 0.1000 0.1000],[0.0000 0.0000 0.0000 0.0000 0.0000 0.0000 0.0000],0.8155965805053711,0.7508559575140317,1.0,0.0,0.6123955514005305,None
221,0.9388346672058105,0.8767619132995605,1.7553386688232422,1.5070476531982422,[0.1000 0.1000 0.1000 0.1000 0.1000 0.1000 0.1000],[0.0000 0.0000 0.0000 0.0000 0.0000 0.0000 0.0000],0.8155965805053711,0.7508559575140317,1.0,0.0,0.6123955514005305,None
221,0.9388346672058105,0.8767619132995605,1.7553386688232422,1.5070476531982422,[0.1000 0.1000 0.1000 0.1000 0.1000 0.1000 0.1000],[0.0000 0.0000 0.0000 0.0000 0.0000 0.0000 0.0000],0.8155965805053711,0.7508559575140317,1.0,0.0,0.6123955514005305,None
221,0.9388346672058105,0.8767619132995605,1.7553386688232422,1.5070476531982422,[0.1000 0.1000 0.1000 0.1000 0.1000 0.1000 0.1000],[0.0000 0.0000 0.0000 0.0000 0.0000 0.0000 0.0000],0.8155965805053711,0.7508559575140317,1.0,0.0,0.6123955514005305,None
221,0.9388346672058105,0.8767619132995605,1.7553386688232422,1.5070476531982422,[0.1000 0.1000 0.1000 0.1000 0.1000 0.1000 0.1000],[0.0000 0.0000 0.0000 0.0000 0.0000 0.0000 0.0000],0.8155965805053711,0.7508559575140317,1.0,0.0,0.6123955514005305,None
221,0.9388346672058105,0.8767619132995605,1.7553386688232422,1.5070476531982422,[0.1000 0.1000 0.1000 0.1000 0.1000 0.1000 0.1000],[0.0000 0.0000 0.0000 0.0000 0.0000 0.0000 0.0000],0.8155965805053711,0.7508559575140317,1.0,0.0,0.6123955514005305,None
221,0.9388346672058105,0.8767619132995605,1.7553386688232422,1.5070476531982422,[0.1000 0.1000 0.1000 0.1000 0.1000 0.1000 0.1000],[0.0000 0.0000 0.0000 0.0000 0.0000 0.0000 0.0000],0.8155965805053711,0.7508559575140317,1.0,0.0,0.6123955514005305,None
221,0.9388346672058105,0.8767619132995605,1.7553386688232422,1.5070476531982422,[0.1000 0.1000 0.1000 0.1000 0.1000 0.1000 0.1000],[0.0000 0.0000 0.0000 0.0000 0.0000 0.0000 0.0000],0.8155965805053711,0.7508559575140317,1.0,0.0,0.6123955514005305,None
221,0.9388346672058105,0.8767619132995605,1.7553386688232422,1.5070476531982422,[0.1000 0.1000 0.1000 0.1000 0.1000 0.1000 0.1000],[0.0000 0.0000 0.0000 0.0000 0.0000 0.0000 0.0000],0.8155965805053711,0.7508559575140317,1.0,0.0,0.6123955514005305,None
221,0.9388346672058105,0.8767619132995605,1.7553386688232422,1.5070476531982422,[0.1000 0.1000 0.1000 0.1000 0.1000 0.1000 0.1000],[0.0000 0.0000 0.0000 0.0000 0.0000 0.0000 0.0000],0.8155965805053711,0.7508559575140317,1.0,0.0,0.6123955514005305,None
221,0.9388346672058105,0.8767619132995605,1.7553386688232422,1.5070476531982422,[0.1000 0.1000 0.1000 0.1000 0.1000 0.1000 0.1000],[0.0000 0.0000 0.0000 0.0000 0.0000 0.0000 0.0000],0.8155965805053711,0.7508559575140317,1.0,0.0,0.6123955514005305,None
221,0.9388346672058105,0.8767619132995605,1.7553386688232422,1.5070476531982422,[0.1000 0.1000 0.1000 0.1000 0.1000 0.1000 0.1000],[0.0000 0.0000 0.0000 0.0000 0.0000 0.0000 0.0000],0.8155965805053711,0.7508559575140317,1.0,0.0,0.6123955514005305,None
221,0.9388346672058105,0.8767619132995605,1.7553386688232422,1.5070476531982422,[0.1000 0.1000 0.1000 0.1000 0.1000 0.1000 0.1000],[0.0000 0.0000 0.0000 0.0000 0.0000 0.0000 0.0000],0.8155965805053711,0.7508559575140317,1.0,0.0,0.6123955514005305,None
221,0.9388346672058105,0.8767619132995605,1.7553386688232422,1.5070476531982422,[0.1000 0.1000 0.1000 0.1000 0.1000 0.1000 0.1000],[0.0000 0.0000 0.0000 0.0000 0.0000 0.0000 0.0000],0.8155965805053711,0.7508559575140317,1.0,0.0,0.6123955514005305,None
221,0.9388346672058105,0.8767619132995605,1.7553386688232422,1.5070476531982422,[0.1000 0.1000 0.1000 0.1000 0.1000 0.1000 0.1000],[0.0000 0.0000 0.0000 0.0000 0.0000 0.0000 0.0000],0.8155965805053711,0.7508559575140317,1.0,0.0,0.6123955514005305,None
221,0.9388346672058105,0.8767619132995605,1.7553386688232422,1.5070476531982422,[0.1000 0.1000 0.1000 0.1000 0.1000 0.1000 0.1000],[0.0000 0.0000 0.0000 0.0000 0.0000 0.0000 0.0000],0.8155965805053711,0.7508559575140317,1.0,0.0,0.6123955514005305,None
221,0.9388346672058105,0.8767619132995605,1.7553386688232422,1.5070476531982422,[0.1000 0.1000 0.1000 0.1000 0.1000 0.1000 0.1000],[0.0000 0.0000 0.0000 0.0000 0.0000 0.0000 0.0000],0.8155965805053711,0.7508559575140317,1.0,0.0,0.6123955514005305,None
221,0.9388346672058105,0.8767619132995605,1.7553386688232422,1.5070476531982422,[0.1000 0.1000 0.1000 0.1000 0.1000 0.1000 0.1000],[0.0000 0.0000 0.0000 0.0000 0.0000 0.0000 0.0000],0.8155965805053711,0.7508559575140317,1.0,0.0,0.6123955514005305,None
221,0.9388346672058105,0.8767619132995605,1.7553386688232422,1.5070476531982422,[0.1000 0.1000 0.1000 0.1000 0.1000 0.1000 0.1000],[0.0000 0.0000 0.0000 0.0000 0.0000 0.0000 0.0000],0.8155965805053711,0.7508559575140317,1.0,0.0,0.6123955514005305,None
221,0.9388346672058105,0.8767619132995605,1.7553386688232422,1.5070476531982422,[0.1000 0.1000 0.1000 0.1000 0.1000 0.1000 0.1000],[0.0000 0.0000 0.0000 0.0000 0.0000 0.0000 0.0000],0.8155965805053711,0.7508559575140317,1.0,0.0,0.6123955514005305,None
221,0.9388346672058105,0.8767619132995605,1.7553386688232422,1.5070476531982422,[0.1000 0.1000 0.1000 0.1000 0.1000 0.1000 0.1000],[0.0000 0.0000 0.0000 0.0000 0.0000 0.0000 0.0000],0.8155965805053711,0.7508559575140317,1.0,0.0,0.6123955514005305,None
221,0.9388346672058105,0.8767619132995605,1.7553386688232422,1.5070476531982422,[0.1000 0.1000 0.1000 0.1000 0.1000 0.1000 0.1000],[0.0000 0.0000 0.0000 0.0000 0.0000 0.0000 0.0000],0.8155965805053711,0.7508559575140317,1.0,0.0,0.6123955514005305,None
221,0.9388346672058105,0.8767619132995605,1.7553386688232422,1.5070476531982422,[0.1000 0.1000 0.1000 0.1000 0.1000 0.1000 0.1000],[0.0000 0.0000 0.0000 0.0000 0.0000 0.0000 0.0000],0.8155965805053711,0.7508559575140317,1.0,0.0,0.6123955514005305,None
221,0.9388346672058105,0.8767619132995605,1.7553386688232422,1.5070476531982422,[0.1000 0.1000 0.1000 0.1000 0.1000 0.1000 0.1000],[0.0000 0.0000 0.0000 0.0000 0.0000 0.0000 0.0000],0.8155965805053711,0.7508559575140317,1.0,0.0,0.6123955514005305,None
221,0.9388346672058105,0.8767619132995605,1.7553386688232422,1.5070476531982422,[0.1000 0.1000 0.1000 0.1000 0.1000 0.1000 0.1000],[0.0000 0.0000 0.0000 0.0000 0.0000 0.0000 0.0000],0.8155965805053711,0.7508559575140317,1.0,0.0,0.6123955514005305,None
221,0.9388346672058105,0.8767619132995605,1.7553386688232422,1.5070476531982422,[0.1000 0.1000 0.1000 0.1000 0.1000 0.1000 0.1000],[0.0000 0.0000 0.0000 0.0000 0.0000 0.0000 0.0000],0.8155965805053711,0.7508559575140317,1.0,0.0,0.6123955514005305,None
221,0.9388346672058105,0.8767619132995605,1.7553386688232422,1.5070476531982422,[0.1000 0.1000 0.1000 0.1000 0.1000 0.1000 0.1000],[0.0000 0.0000 0.0000 0.0000 0.0000 0.0000 0.0000],0.8155965805053711,0.7508559575140317,1.0,0.0,0.6123955514005305,None
221,0.9388346672058105,0.8767619132995605,1.7553386688232422,1.5070476531982422,[0.1000 0.1000 0.1000 0.1000 0.1000 0.1000 0.1000],[0.0000 0.0000 0.0000 0.0000 0.0000 0.0000 0.0000],0.8155965805053711,0.7508559575140317,1.0,0.0,0.6123955514005305,None
221,0.9388346672058105,0.8767619132995605,1.7553386688232422,1.5070476531982422,[0.1000 0.1000 0.1000 0.1000 0.1000 0.1000 0.1000],[0.0000 0.0000 0.0000 0.0000 0.0000 0.0000 0.0000],0.8155965805053711,0.7508559575140317,1.0,0.0,0.6123955514005305,None
221,0.9388346672058105,0.8767619132995605,1.7553386688232422,1.5070476531982422,[0.1000 0.1000 0.1000 0.1000 0.1000 0.1000 0.1000],[0.0000 0.0000 0.0000 0.0000 0.0000 0.0000 0.0000],0.8155965805053711,0.7508559575140317,1.0,0.0,0.6123955514005305,None
221,0.9388346672058105,0.8767619132995605,1.7553386688232422,1.5070476531982422,[0.1000 0.1000 0.1000 0.1000 0.1000 0.1000 0.1000],[0.0000 0.0000 0.0000 0.0000 0.0000 0.0000 0.0000],0.8155965805053711,0.7508559575140317,1.0,0.0,0.6123955514005305,None
221,0.9388346672058105,0.8767619132995605,1.7553386688232422,1.5070476531982422,[0.1000 0.1000 0.1000 0.1000 0.1000 0.1000 0.1000],[0.0000 0.0000 0.0000 0.0000 0.0000 0.0000 0.0000],0.8155965805053711,0.7508559575140317,1.0,0.0,0.6123955514005305,None
221,0.9388346672058105,0.8767619132995605,1.7553386688232422,1.5070476531982422,[0.1000 0.1000 0.1000 0.1000 0.1000 0.1000 0.1000],[0.0000 0.0000 0.0000 0.0000 0.0000 0.0000 0.0000],0.8155965805053711,0.7508559575140317,1.0,0.0,0.6123955514005305,None
221,0.9388346672058105,0.8767619132995605,1.7553386688232422,1.5070476531982422,[0.1000 0.1000 0.1000 0.1000 0.1000 0.1000 0.1000],[0.0000 0.0000 0.0000 0.0000 0.0000 0.0000 0.0000],0.8155965805053711,0.7508559575140317,1.0,0.0,0.6123955514005305,None
221,0.9388346672058105,0.8767619132995605,1.7553386688232422,1.5070476531982422,[0.1000 0.1000 0.1000 0.1000 0.1000 0.1000 0.1000],[0.0000 0.0000 0.0000 0.0000 0.0000 0.0000 0.0000],0.8155965805053711,0.7508559575140317,1.0,0.0,0.6123955514005305,None
221,0.9388346672058105,0.8767619132995605,1.7553386688232422,1.5070476531982422,[0.1000 0.1000 0.1000 0.1000 0.1000 0.1000 0.1000],[0.0000 0.0000 0.0000 0.0000 0.0000 0.0000 0.0000],0.8155965805053711,0.7508559575140317,1.0,0.0,0.6123955514005305,None
221,0.9388346672058105,0.8767619132995605,1.7553386688232422,1.5070476531982422,[0.1000 0.1000 0.1000 0.1000 0.1000 0.1000 0.1000],[0.0000 0.0000 0.0000 0.0000 0.0000 0.0000 0.0000],0.8155965805053711,0.7508559575140317,1.0,0.0,0.6123955514005305,None
221,0.9388346672058105,0.8767619132995605,1.7553386688232422,1.5070476531982422,[0.1000 0.1000 0.1000 0.1000 0.1000 0.1000 0.1000],[0.0000 0.0000 0.0000 0.0000 0.0000 0.0000 0.0000],0.8155965805053711,0.7508559575140317,1.0,0.0,0.6123955514005305,None
221,0.9388346672058105,0.8767619132995605,1.7553386688232422,1.5070476531982422,[0.1000 0.1000 0.1000 0.1000 0.1000 0.1000 0.1000],[0.0000 0.0000 0.0000 0.0000 0.0000 0.0000 0.0000],0.8155965805053711,0.7508559575140317,1.0,0.0,0.6123955514005305,None
221,0.9388346672058105,0.8767619132995605,1.7553386688232422,1.5070476531982422,[0.1000 0.1000 0.1000 0.1000 0.1000 0.1000 0.1000],[0.0000 0.0000 0.0000 0.0000 0.0000 0.0000 0.0000],0.8155965805053711,0.7508559575140317,1.0,0.0,0.6123955514005305,None
221,0.9388346672058105,0.8767619132995605,1.7553386688232422,1.5070476531982422,[0.1000 0.1000 0.1000 0.1000 0.1000 0.1000 0.1000],[0.0000 0.0000 0.0000 0.0000 0.0000 0.0000 0.0000],0.8155965805053711,0.7508559575140317,1.0,0.0,0.6123955514005305,None
221,0.9388346672058105,0.8767619132995605,1.7553386688232422,1.5070476531982422,[0.1000 0.1000 0.1000 0.1000 0.1000 0.1000 0.1000],[0.0000 0.0000 0.0000 0.0000 0.0000 0.0000 0.0000],0.8155965805053711,0.7508559575140317,1.0,0.0,0.6123955514005305,None
221,0.9388346672058105,0.8767619132995605,1.7553386688232422,1.5070476531982422,[0.1000 0.1000 0.1000 0.1000 0.1000 0.1000 0.1000],[0.0000 0.0000 0.0000 0.0000 0.0000 0.0000 0.0000],0.8155965805053711,0.7508559575140317,1.0,0.0,0.6123955514005305,None
221,0.9388346672058105,0.8767619132995605,1.7553386688232422,1.5070476531982422,[0.1000 0.1000 0.1000 0.1000 0.1000 0.1000 0.1000],[0.0000 0.0000 0.0000 0.0000 0.0000 0.0000 0.0000],0.8155965805053711,0.7508559575140317,1.0,0.0,0.6123955514005305,None
221,0.9388346672058105,0.8767619132995605,1.7553386688232422,1.5070476531982422,[0.1000 0.1000 0.1000 0.1000 0.1000 0.1000 0.1000],[0.0000 0.0000 0.0000 0.0000 0.0000 0.0000 0.0000],0.8155965805053711,0.7508559575140317,1.0,0.0,0.6123955514005305,None
221,0.9388346672058105,0.8767619132995605,1.7553386688232422,1.5070476531982422,[0.1000 0.1000 0.1000 0.1000 0.1000 0.1000 0.1000],[0.0000 0.0000 0.0000 0.0000 0.0000 0.0000 0.0000],0.8155965805053711,0.7508559575140317,1.0,0.0,0.6123955514005305,None
221,0.9388346672058105,0.8767619132995605,1.7553386688232422,1.5070476531982422,[0.1000 0.1000 0.1000 0.1000 0.1000 0.1000 0.1000],[0.0000 0.0000 0.0000 0.0000 0.0000 0.0000 0.0000],0.8155965805053711,0.7508559575140317,1.0,0.0,0.6123955514005305,None
221,0.9388346672058105,0.8767619132995605,1.7553386688232422,1.5070476531982422,[0.1000 0.1000 0.1000 0.1000 0.1000 0.1000 0.1000],[0.0000 0.0000 0.0000 0.0000 0.0000 0.0000 0.0000],0.8155965805053711,0.7508559575140317,1.0,0.0,0.6123955514005305,None
221,0.9388346672058105,0.8767619132995605,1.7553386688232422,1.5070476531982422,[0.1000 0.1000 0.1000 0.1000 0.1000 0.1000 0.1000],[0.0000 0.0000 0.0000 0.0000 0.0000 0.0000 0.0000],0.8155965805053711,0.7508559575140317,1.0,0.0,0.6123955514005305,None
221,0.9388346672058105,0.8767619132995605,1.7553386688232422,1.5070476531982422,[0.1000 0.1000 0.1000 0.1000 0.1000 0.1000 0.1000],[0.0000 0.0000 0.0000 0.0000 0.0000 0.0000 0.0000],0.8155965805053711,0.7508559575140317,1.0,0.0,0.6123955514005305,None
221,0.9388346672058105,0.8767619132995605,1.7553386688232422,1.5070476531982422,[0.1000 0.1000 0.1000 0.1000 0.1000 0.1000 0.1000],[0.0000 0.0000 0.0000 0.0000 0.0000 0.0000 0.0000],0.8155965805053711,0.7508559575140317,1.0,0.0,0.6123955514005305,None
221,0.9388346672058105,0.8767619132995605,1.7553386688232422,1.5070476531982422,[0.1000 0.1000 0.1000 0.1000 0.1000 0.1000 0.1000],[0.0000 0.0000 0.0000 0.0000 0.0000 0.0000 0.0000],0.8155965805053711,0.7508559575140317,1.0,0.0,0.6123955514005305,None
221,0.9388346672058105,0.8767619132995605,1.7553386688232422,1.5070476531982422,[0.1000 0.1000 0.1000 0.1000 0.1000 0.1000 0.1000],[0.0000 0.0000 0.0000 0.0000 0.0000 0.0000 0.0000],0.8155965805053711,0.7508559575140317,1.0,0.0,0.6123955514005305,None
221,0.9388346672058105,0.8767619132995605,1.7553386688232422,1.5070476531982422,[0.1000 0.1000 0.1000 0.1000 0.1000 0.1000 0.1000],[0.0000 0.0000 0.0000 0.0000 0.0000 0.0000 0.0000],0.8155965805053711,0.7508559575140317,1.0,0.0,0.6123955514005305,None
221,0.9388346672058105,0.8767619132995605,1.7553386688232422,1.5070476531982422,[0.1000 0.1000 0.1000 0.1000 0.1000 0.1000 0.1000],[0.0000 0.0000 0.0000 0.0000 0.0000 0.0000 0.0000],0.8155965805053711,0.7508559575140317,1.0,0.0,0.6123955514005305,None
221,0.9388346672058105,0.8767619132995605,1.7553386688232422,1.5070476531982422,[0.1000 0.1000 0.1000 0.1000 0.1000 0.1000 0.1000],[0.0000 0.0000 0.0000 0.0000 0.0000 0.0000 0.0000],0.8155965805053711,0.7508559575140317,1.0,0.0,0.6123955514005305,None
221,0.9388346672058105,0.8767619132995605,1.7553386688232422,1.5070476531982422,[0.1000 0.1000 0.1000 0.1000 0.1000 0.1000 0.1000],[0.0000 0.0000 0.0000 0.0000 0.0000 0.0000 0.0000],0.8155965805053711,0.7508559575140317,1.0,0.0,0.6123955514005305,None
221,0.9388346672058105,0.8767619132995605,1.7553386688232422,1.5070476531982422,[0.1000 0.1000 0.1000 0.1000 0.1000 0.1000 0.1000],[0.0000 0.0000 0.0000 0.0000 0.0000 0.0000 0.0000],0.8155965805053711,0.7508559575140317,1.0,0.0,0.6123955514005305,None
221,0.9388346672058105,0.8767619132995605,1.7553386688232422,1.5070476531982422,[0.1000 0.1000 0.1000 0.1000 0.1000 0.1000 0.1000],[0.0000 0.0000 0.0000 0.0000 0.0000 0.0000 0.0000],0.8155965805053711,0.7508559575140317,1.0,0.0,0.6123955514005305,None
221,0.9388346672058105,0.8767619132995605,1.7553386688232422,1.5070476531982422,[0.1000 0.1000 0.1000 0.1000 0.1000 0.1000 0.1000],[0.0000 0.0000 0.0000 0.0000 0.0000 0.0000 0.0000],0.8155965805053711,0.7508559575140317,1.0,0.0,0.6123955514005305,None
221,0.9388346672058105,0.8767619132995605,1.7553386688232422,1.5070476531982422,[0.1000 0.1000 0.1000 0.1000 0.1000 0.1000 0.1000],[0.0000 0.0000 0.0000 0.0000 0.0000 0.0000 0.0000],0.8155965805053711,0.7508559575140317,1.0,0.0,0.6123955514005305,None
221,0.9388346672058105,0.8767619132995605,1.7553386688232422,1.5070476531982422,[0.1000 0.1000 0.1000 0.1000 0.1000 0.1000 0.1000],[0.0000 0.0000 0.0000 0.0000 0.0000 0.0000 0.0000],0.8155965805053711,0.7508559575140317,1.0,0.0,0.6123955514005305,None
221,0.9388346672058105,0.8767619132995605,1.7553386688232422,1.5070476531982422,[0.1000 0.1000 0.1000 0.1000 0.1000 0.1000 0.1000],[0.0000 0.0000 0.0000 0.0000 0.0000 0.0000 0.0000],0.8155965805053711,0.7508559575140317,1.0,0.0,0.6123955514005305,None
221,0.9388346672058105,0.8767619132995605,1.7553386688232422,1.5070476531982422,[0.1000 0.1000 0.1000 0.1000 0.1000 0.1000 0.1000],[0.0000 0.0000 0.0000 0.0000 0.0000 0.0000 0.0000],0.8155965805053711,0.7508559575140317,1.0,0.0,0.6123955514005305,None
221,0.9388346672058105,0.8767619132995605,1.7553386688232422,1.5070476531982422,[0.1000 0.1000 0.1000 0.1000 0.1000 0.1000 0.1000],[0.0000 0.0000 0.0000 0.0000 0.0000 0.0000 0.0000],0.8155965805053711,0.7508559575140317,1.0,0.0,0.6123955514005305,None
221,0.9388346672058105,0.8767619132995605,1.7553386688232422,1.5070476531982422,[0.1000 0.1000 0.1000 0.1000 0.1000 0.1000 0.1000],[0.0000 0.0000 0.0000 0.0000 0.0000 0.0000 0.0000],0.8155965805053711,0.7508559575140317,1.0,0.0,0.6123955514005305,None
221,0.9388346672058105,0.8767619132995605,1.7553386688232422,1.5070476531982422,[0.1000 0.1000 0.1000 0.1000 0.1000 0.1000 0.1000],[0.0000 0.0000 0.0000 0.0000 0.0000 0.0000 0.0000],0.8155965805053711,0.7508559575140317,1.0,0.0,0.6123955514005305,None
221,0.9388346672058105,0.8767619132995605,1.7553386688232422,1.5070476531982422,[0.1000 0.1000 0.1000 0.1000 0.1000 0.1000 0.1000],[0.0000 0.0000 0.0000 0.0000 0.0000 0.0000 0.0000],0.8155965805053711,0.7508559575140317,1.0,0.0,0.6123955514005305,None
221,0.9388346672058105,0.8767619132995605,1.7553386688232422,1.5070476531982422,[0.1076 0.1000 0.1000 0.1000 0.1000 0.1000 0.1000],[-0.0761 0.0000 0.0000 0.0000 0.0000 0.0000 0.0000],0.8155965805053711,0.7508559575140317,1.0,0.0,0.6123955514005305,None
221,0.9388346672058105,0.8767619132995605,1.7553386688232422,1.5070476531982422,[0.1068 0.1000 0.1000 0.1000 0.1000 0.1000 0.1000],[-0.0684 0.0000 0.0000 0.0000 0.0000 0.0000 0.0000],0.8155965805053711,0.7508559575140317,1.0,0.0,0.6123955514005305,None
221,0.9388346672058105,0.8767619132995605,1.7553386688232422,1.5070476531982422,[0.1060 0.1000 0.1000 0.1000 0.1000 0.1000 0.1000],[-0.0597 0.0000 0.0000 0.0000 0.0000 0.0000 0.0000],0.8155965805053711,0.7508559575140317,1.0,0.0,0.6123955514005305,None
221,0.9388346672058105,0.8767619132995605,1.7553386688232422,1.5070476531982422,[0.1051 0.1000 0.1000 0.1000 0.1000 0.1000 0.1000],[-0.0510 0.0000 0.0000 0.0000 0.0000 0.0000 0.0000],0.8155965805053711,0.7508559575140317,1.0,0.0,0.6123955514005305,None
221,0.9388346672058105,0.8767619132995605,1.7553386688232422,1.5070476531982422,[0.1044 0.1000 0.1000 0.1000 0.1000 0.1000 0.1000],[-0.0438 0.0000 0.0000 0.0000 0.0000 0.0000 0.0000],0.8155965805053711,0.7508559575140317,1.0,0.0,0.6123955514005305,None
221,0.9388346672058105,0.8767619132995605,1.7553386688232422,1.5070476531982422,[0.1036 0.1000 0.1000 0.1000 0.1000 0.1000 0.1000],[-0.0355 0.0000 0.0000 0.0000 0.0000 0.0000 0.0000],0.8155965805053711,0.7508559575140317,1.0,0.0,0.6123955514005305,None
221,0.9388346672058105,0.8767619132995605,1.7553386688232422,1.5070476531982422,[0.1027 0.1000 0.1000 0.1000 0.1000 0.1000 0.1000],[-0.0271 0.0000 0.0000 0.0000 0.0000 0.0000 0.0000],0.8155965805053711,0.7508559575140317,1.0,0.0,0.6123955514005305,None
221,0.9388346672058105,0.8767619132995605,1.7553386688232422,1.5070476531982422,[0.1019 0.1000 0.1000 0.1000 0.1000 0.1000 0.1000],[-0.0188 0.0000 0.0000 0.0000 0.0000 0.0000 0.0000],0.8155965805053711,0.7508559575140317,1.0,0.0,0.6123955514005305,None
221,0.9388346672058105,0.8767619132995605,1.7553386688232422,1.5070476531982422,[0.1011 0.1000 0.1000 0.1000 0.1000 0.1000 0.1000],[-0.0105 0.0000 0.0000 0.0000 0.0000 0.0000 0.0000],0.8155965805053711,0.7508559575140317,1.0,0.0,0.6123955514005305,None
221,0.9388346672058105,0.8767619132995605,1.7553386688232422,1.5070476531982422,[0.1004 0.1000 0.1000 0.1000 0.1000 0.1000 0.1000],[-0.0037 0.0000 0.0000 0.0000 0.0000 0.0000 0.0000],0.8155965805053711,0.7508559575140317,1.0,0.0,0.6123955514005305,None
221,0.9388346672058105,0.8767619132995605,1.7553386688232422,1.5070476531982422,[0.0996 0.1000 0.1000 0.1000 0.1000 0.1000 0.1000],[0.0039 0.0000 0.0000 0.0000 0.0000 0.0000 0.0000],0.8155965805053711,0.7508559575140317,0.9960924834012985,0.0039075165987015326,0.610002605618462,None
221,0.9388346672058105,0.8767619132995605,1.7553386688232422,1.5070476531982422,[0.0989 0.1000 0.1000 0.1000 0.1000 0.1000 0.1000],[0.0113 0.0000 0.0000 0.0000 0.0000 0.0000 0.0000],0.8155965805053711,0.7508559575140317,0.9886786341667175,0.011321365833282526,0.6054623973284503,None
221,0.9388346672058105,0.8767619132995605,1.7553386688232422,1.5070476531982422,[0.0981 0.1000 0.1000 0.1000 0.1000 0.1000 0.1000],[0.0187 0.0000 0.0000 0.0000 0.0000 0.0000 0.0000],0.8155965805053711,0.7508559575140317,0.981292724609375,0.018707275390625056,0.6009392991724871,None
221,0.9388346672058105,0.8767619132995605,1.7553386688232422,1.5070476531982422,[0.0974 0.1000 0.1000 0.1000 0.1000 0.1000 0.1000],[0.0262 0.0000 0.0000 0.0000 0.0000 0.0000 0.0000],0.8155965805053711,0.7508559575140317,0.9737589210271835,0.026241078972816523,0.5963256313736277,None
221,0.9388346672058105,0.8767619132995605,1.7553386688232422,1.5070476531982422,[0.0966 0.1000 0.1000 0.1000 0.1000 0.1000 0.1000],[0.0344 0.0000 0.0000 0.0000 0.0000 0.0000 0.0000],0.8155965805053711,0.7508559575140317,0.9655582904815674,0.03444170951843267,0.591303601708813,None
221,0.9388346672058105,0.8767619132995605,1.7553386688232422,1.5070476531982422,[0.0958 0.1000 0.1000 0.1000 0.1000 0.1000 0.1000],[0.0423 0.0000 0.0000 0.0000 0.0000 0.0000 0.0000],0.8155965805053711,0.7508559575140317,0.9577030688524246,0.042296931147575434,0.5864930989278608,None
221,0.9388346672058105,0.8767619132995605,1.7553386688232422,1.5070476531982422,[0.0950 0.1000 0.1000 0.1000 0.1000 0.1000 0.1000],[0.0498 0.0000 0.0000 0.0000 0.0000 0.0000 0.0000],0.8155965805053711,0.7508559575140317,0.9501929581165314,0.04980704188346868,0.5818939405226744,None
221,0.9388346672058105,0.8767619132995605,1.7553386688232422,1.5070476531982422,[0.0942 0.1000 0.1000 0.1000 0.1000 0.1000 0.1000],[0.0578 0.0000 0.0000 0.0000 0.0000 0.0000 0.0000],0.8155965805053711,0.7508559575140317,0.9422054886817932,0.05779451131820684,0.577002449773893,None
221,0.9388346672058105,0.8767619132995605,1.7553386688232422,1.5070476531982422,[0.0935 0.1000 0.1000 0.1000 0.1000 0.1000 0.1000],[0.0654 0.0000 0.0000 0.0000 0.0000 0.0000 0.0000],0.8155965805053711,0.7508559575140317,0.9346340596675873,0.06536594033241278,0.5723657403278484,None
221,0.9388346672058105,0.8767619132995605,1.7553386688232422,1.5070476531982422,[0.0927 0.1000 0.1000 0.1000 0.1000 0.1000 0.1000],[0.0734 0.0000 0.0000 0.0000 0.0000 0.0000 0.0000],0.8155965805053711,0.7508559575140317,0.9265733510255814,0.0734266489744187,0.5674293982143482,None
221,0.9388346672058105,0.8767619132995605,1.7553386688232422,1.5070476531982422,[0.0919 0.1000 0.1000 0.1000 0.1000 0.1000 0.1000],[0.0809 0.0000 0.0000 0.0000 0.0000 0.0000 0.0000],0.8155965805053711,0.7508559575140317,0.9190753847360611,0.08092461526393896,0.5628376770140948,None
221,0.9388346672058105,0.8767619132995605,1.7553386688232422,1.5070476531982422,[0.0912 0.1000 0.1000 0.1000 0.1000 0.1000 0.1000],[0.0882 0.0000 0.0000 0.0000 0.0000 0.0000 0.0000],0.8155965805053711,0.7508559575140317,0.9117693454027176,0.08823065459728247,0.558363491027998,None
221,0.9388346672058105,0.8767619132995605,1.7553386688232422,1.5070476531982422,[0.0905 0.1000 0.1000 0.1000 0.1000 0.1000 0.1000],[0.0954 0.0000 0.0000 0.0000 0.0000 0.0000 0.0000],0.8155965805053711,0.7508559575140317,0.9046006947755814,0.0953993052244187,0.5539734412743951,None
221,0.9388346672058105,0.8767619132995605,1.7553386688232422,1.5070476531982422,[0.0898 0.1000 0.1000 0.1000 0.1000 0.1000 0.1000],[0.1025 0.0000 0.0000 0.0000 0.0000 0.0000 0.0000],0.8155965805053711,0.7508559575140317,0.8975041657686234,0.1024958342313767,0.5496275584801492,None
221,0.9388346672058105,0.8767619132995605,1.7553386688232422,1.5070476531982422,[0.0891 0.1000 0.1000 0.1000 0.1000 0.1000 0.1000],[0.1090 0.0000 0.0000 0.0000 0.0000 0.0000 0.0000],0.8155965805053711,0.7508559575140317,0.8909544348716736,0.10904556512832647,0.5456165324159866,None
221,0.9388346672058105,0.8767619132995605,1.7553386688232422,1.5070476531982422,[0.0884 0.1000 0.1000 0.1000 0.1000 0.1000 0.1000],[0.1155 0.0000 0.0000 0.0000 0.0000 0.0000 0.0000],0.8155965805053711,0.7508559575140317,0.8844996988773346,0.11550030112266546,0.5416636808075885,None
221,0.9388346672058105,0.8767619132995605,1.7553386688232422,1.5070476531982422,[0.0878 0.1000 0.1000 0.1000 0.1000 0.1000 0.1000],[0.1220 0.0000 0.0000 0.0000 0.0000 0.0000 0.0000],0.8155965805053711,0.7508559575140317,0.8779503405094147,0.12204965949058538,0.5376528828785465,None
221,0.9388346672058105,0.8767619132995605,1.7553386688232422,1.5070476531982422,[0.0871 0.1000 0.1000 0.1000 0.1000 0.1000 0.1000],[0.1292 0.0000 0.0000 0.0000 0.0000 0.0000 0.0000],0.8155965805053711,0.7508559575140317,0.8707919716835022,0.12920802831649786,0.5332691296542734,None
221,0.9388346672058105,0.8767619132995605,1.7553386688232422,1.5070476531982422,[0.0864 0.1000 0.1000 0.1000 0.1000 0.1000 0.1000],[0.1362 0.0000 0.0000 0.0000 0.0000 0.0000 0.0000],0.8155965805053711,0.7508559575140317,0.8638114482164383,0.13618855178356176,0.5289942881365965,None
221,0.9388346672058105,0.8767619132995605,1.7553386688232422,1.5070476531982422,[0.0857 0.1000 0.1000 0.1000 0.1000 0.1000 0.1000],[0.1426 0.0000 0.0000 0.0000 0.0000 0.0000 0.0000],0.8155965805053711,0.7508559575140317,0.8574076741933823,0.1425923258066178,0.5250726454127027,None
221,0.9388346672058105,0.8767619132995605,1.7553386688232422,1.5070476531982422,[0.0851 0.1000 0.1000 0.1000 0.1000 0.1000 0.1000],[0.1489 0.0000 0.0000 0.0000 0.0000 0.0000 0.0000],0.8155965805053711,0.7508559575140317,0.8511355519294739,0.14886444807052618,0.521231625640445,None
221,0.9388346672058105,0.8767619132995605,1.7553386688232422,1.5070476531982422,[0.0845 0.1000 0.1000 0.1000 0.1000 0.1000 0.1000],[0.1555 0.0000 0.0000 0.0000 0.0000 0.0000 0.0000],0.8155965805053711,0.7508559575140317,0.844506025314331,0.155493974685669,0.5171717330334401,None
221,0.9388346672058105,0.8767619132995605,1.7553386688232422,1.5070476531982422,[0.0838 0.1000 0.1000 0.1000 0.1000 0.1000 0.1000],[0.1621 0.0000 0.0000 0.0000 0.0000 0.0000 0.0000],0.8155965805053711,0.7508559575140317,0.83792544901371,0.16207455098629003,0.5131418173812881,None
221,0.9388346672058105,0.8767619132995605,1.7553386688232422,1.5070476531982422,[0.0831 0.1000 0.1000 0.1000 0.1000 0.1000 0.1000],[0.1692 0.0000 0.0000 0.0000 0.0000 0.0000 0.0000],0.8155965805053711,0.7508559575140317,0.8307919651269913,0.16920803487300878,0.5087733035830742,None
221,0.9388346672058105,0.8767619132995605,1.7553386688232422,1.5070476531982422,[0.0824 0.1000 0.1000 0.1000 0.1000 0.1000 0.1000],[0.1763 0.0000 0.0000 0.0000 0.0000 0.0000 0.0000],0.8155965805053711,0.7508559575140317,0.8236650377511978,0.17633496224880224,0.5044088049629836,None
221,0.9388346672058105,0.8767619132995605,1.7553386688232422,1.5070476531982422,[0.0815 0.1000 0.1000 0.1000 0.1000 0.1000 0.1000],[0.1850 0.0000 0.0000 0.0000 0.0000 0.0000 0.0000],0.8155965805053711,0.7508559575140317,0.8150400966405869,0.1849599033594132,0.4991269293957538,None
221,0.9388346672058105,0.8767619132995605,1.7553386688232422,1.5070476531982422,[0.0808 0.1000 0.1000 0.1000 0.1000 0.1000 0.1000],[0.1922 0.0000 0.0000 0.0000 0.0000 0.0000 0.0000],0.8155965805053711,0.7508559575140317,0.8078449964523315,0.1921550035476685,0.49472068204858516,None
221,0.9388346672058105,0.8767619132995605,1.7553386688232422,1.5070476531982422,[0.0801 0.1000 0.1000 0.1000 0.1000 0.1000 0.1000],[0.1988 0.0000 0.0000 0.0000 0.0000 0.0000 0.0000],0.8155965805053711,0.7508559575140317,0.8012164384126663,0.19878356158733373,0.49066138259289394,None
221,0.9388346672058105,0.8767619132995605,1.7553386688232422,1.5070476531982422,[0.0795 0.1000 0.1000 0.1000 0.1000 0.1000 0.1000],[0.2049 0.0000 0.0000 0.0000 0.0000 0.0000 0.0000],0.8155965805053711,0.7508559575140317,0.7951243966817856,0.20487560331821447,0.4869306433379562,None
221,0.9388346672058105,0.8767619132995605,1.7553386688232422,1.5070476531982422,[0.0789 0.1000 0.1000 0.1000 0.1000 0.1000 0.1000],[0.2110 0.0000 0.0000 0.0000 0.0000 0.0000 0.0000],0.8155965805053711,0.7508559575140317,0.7889991253614426,0.2110008746385575,0.4831795544302569,None
221,0.9388346672058105,0.8767619132995605,1.7553386688232422,1.5070476531982422,[0.0784 0.1000 0.1000 0.1000 0.1000 0.1000 0.1000],[0.2156 0.0000 0.0000 0.0000 0.0000 0.0000 0.0000],0.8155965805053711,0.7508559575140317,0.7843594998121262,0.2156405001878739,0.48033826838369126,None
221,0.9388346672058105,0.8767619132995605,1.7553386688232422,1.5070476531982422,[0.0779 0.1000 0.1000 0.1000 0.1000 0.1000 0.1000],[0.2206 0.0000 0.0000 0.0000 0.0000 0.0000 0.0000],0.8155965805053711,0.7508559575140317,0.7793613523244858,0.22063864767551428,0.4772774250970166,None
221,0.9388346672058105,0.8767619132995605,1.7553386688232422,1.5070476531982422,[0.0772 0.1000 0.1000 0.1000 0.1000 0.1000 0.1000],[0.2277 0.0000 0.0000 0.0000 0.0000 0.0000 0.0000],0.8155965805053711,0.7508559575140317,0.7723217457532883,0.2276782542467118,0.47296640134920526,None
221,0.9388346672058105,0.8767619132995605,1.7553386688232422,1.5070476531982422,[0.0765 0.1000 0.1000 0.1000 0.1000 0.1000 0.1000],[0.2350 0.0000 0.0000 0.0000 0.0000 0.0000 0.0000],0.8155965805053711,0.7508559575140317,0.7650025933980942,0.23499740660190588,0.4684841850068617,None
221,0.936904788017273,0.8731381893157959,1.7476191520690918,1.4925527572631836,[0.0758 0.1074 0.1000 0.1000 0.1000 0.1000 0.1000],[0.2423 -0.0736 0.0000 0.0000 0.0000 0.0000 0.0000],0.8100429773330688,0.7474795083533278,0.7577354460954666,0.24226455390453344,0.4588016341600988,None
221,0.9371569156646729,0.87361079454422,1.7486276626586914,1.4944431781768799,[0.0751 0.1064 0.1000 0.1000 0.1000 0.1000 0.1000],[0.2488 -0.0642 0.0000 0.0000 0.0000 0.0000 0.0000],0.8107677102088928,0.7479164402019582,0.7512208819389343,0.24877911806106573,0.4555302010630325,None
221,0.9374302625656128,0.8741233944892883,1.7497210502624512,1.4964935779571533,[0.0744 0.1054 0.1000 0.1000 0.1000 0.1000 0.1000],[0.2558 -0.0539 0.0000 0.0000 0.0000 0.0000 0.0000],0.8115536570549011,0.7483914387857113,0.7441893965005875,0.2558106034994126,0.45199072975944415,None
221,0.9377069473266602,0.8746426105499268,1.7508277893066406,1.498570442199707,[0.0737 0.1043 0.1000 0.1000 0.1000 0.1000 0.1000],[0.2630 -0.0434 0.0000 0.0000 0.0000 0.0000 0.0000],0.8123495578765869,0.7488738628164455,0.7370259612798691,0.262974038720131,0.44836779143131433,None
221,0.9379826784133911,0.875160276889801,1.7519307136535645,1.500641107559204,[0.0730 0.1033 0.1000 0.1000 0.1000 0.1000 0.1000],[0.2701 -0.0329 0.0000 0.0000 0.0000 0.0000 0.0000],0.8131429553031921,0.7493560263569258,0.7298556715250015,0.27014432847499853,0.44472556472219443,None
221,0.9382646083831787,0.8756898641586304,1.7530584335327148,1.5027594566345215,[0.0723 0.1022 0.1000 0.1000 0.1000 0.1000 0.1000],[0.2775 -0.0221 0.0000 0.0000 0.0000 0.0000 0.0000],0.8139544725418091,0.7498505562177914,0.7225134968757629,0.2774865031242371,0.4409819323343901,None
221,0.9385189414024353,0.8761680126190186,1.7540757656097412,1.5046720504760742,[0.0716 0.1012 0.1000 0.1000 0.1000 0.1000 0.1000],[0.2843 -0.0123 0.0000 0.0000 0.0000 0.0000 0.0000],0.8146869540214539,0.7502983204233165,0.7157386094331741,0.2842613905668259,0.4375011322022284,None
221,0.9387926459312439,0.8766829371452332,1.7551705837249756,1.5067317485809326,[0.0709 0.1002 0.1000 0.1000 0.1000 0.1000 0.1000],[0.2914 -0.0016 0.0000 0.0000 0.0000 0.0000 0.0000],0.815475583076477,0.7507818048656745,0.7085655629634857,0.29143443703651434,0.43381517756206484,None
221,0.9390521049499512,0.8771712779998779,1.7562084197998047,1.5086851119995117,[0.0701 0.0991 0.1000 0.1000 0.1000 0.1000 0.1000],[0.2986 0.0085 0.0000 0.0000 0.0000 0.0000 0.0000],0.8162233829498291,0.7512414283887423,0.7014463096857071,0.29855369031429296,0.43011342342325287,None
221,0.9393032193183899,0.8776440620422363,1.7572128772735596,1.5105762481689453,[0.0694 0.0982 0.1000 0.1000 0.1000 0.1000 0.1000],[0.3056 0.0184 0.0000 0.0000 0.0000 0.0000 0.0000],0.8169472813606262,0.7516873799498834,0.6943502277135849,0.30564977228641516,0.42639281024222364,None
221,0.939577579498291,0.8781609535217285,1.758310317993164,1.512643814086914,[0.0687 0.0971 0.1000 0.1000 0.1000 0.1000 0.1000],[0.3131 0.0292 0.0000 0.0000 0.0000 0.0000 0.0000],0.8177385330200195,0.7521762199130952,0.6869290769100189,0.31307092308998113,0.4225187262077173,None
221,0.939836859703064,0.8786496520042419,1.7593474388122559,1.5145986080169678,[0.0680 0.0960 0.1000 0.1000 0.1000 0.1000 0.1000],[0.3203 0.0395 0.0000 0.0000 0.0000 0.0000 0.0000],0.8184865117073059,0.7526395187205077,0.6796788424253464,0.3203211575746537,0.41869935890099064,None
221,0.940085232257843,0.8791181445121765,1.760340929031372,1.516472578048706,[0.0673 0.0951 0.1000 0.1000 0.1000 0.1000 0.1000],[0.3272 0.0495 0.0000 0.0000 0.0000 0.0000 0.0000],0.8192033767700195,0.7530848571965127,0.6727848201990128,0.3272151798009873,0.41506090903952886,None
221,0.9403672218322754,0.8796505331993103,1.7614688873291016,1.5186021327972412,[0.0665 0.0939 0.1000 0.1000 0.1000 0.1000 0.1000],[0.3348 0.0609 0.0000 0.0000 0.0000 0.0000 0.0000],0.8200177550315857,0.7535924338966737,0.6652432680130005,0.33475673198699957,0.4110931816428966,None
221,0.9406532049179077,0.8801904320716858,1.7626128196716309,1.5207617282867432,[0.0658 0.0928 0.1000 0.1000 0.1000 0.1000 0.1000],[0.3425 0.0725 0.0000 0.0000 0.0000 0.0000 0.0000],0.8208436369895935,0.7541082090710999,0.6575202941894531,0.34247970581054693,0.40700830040231273,None
221,0.9409247040748596,0.8807035684585571,1.7636988162994385,1.5228142738342285,[0.0650 0.0916 0.1000 0.1000 0.1000 0.1000 0.1000],[0.3500 0.0836 0.0000 0.0000 0.0000 0.0000 0.0000],0.8216282725334167,0.7546000496815403,0.649954229593277,0.3500457704067231,0.40297210024193636,None
221,0.9411855340003967,0.8811966776847839,1.764742136001587,1.5247867107391357,[0.0642 0.0906 0.1000 0.1000 0.1000 0.1000 0.1000],[0.3575 0.0943 0.0000 0.0000 0.0000 0.0000 0.0000],0.8223822116851807,0.7550737737284698,0.6424896419048309,0.3575103580951691,0.39895987976070507,None
221,0.941447913646698,0.8816931247711182,1.765791654586792,1.5267724990844727,[0.0635 0.0895 0.1000 0.1000 0.1000 0.1000 0.1000],[0.3651 0.1052 0.0000 0.0000 0.0000 0.0000 0.0000],0.8231410384178162,0.7555520732843499,0.6349290907382965,0.36507090926170355,0.39487885773788617,None
221,0.9417321085929871,0.8822311162948608,1.7669284343719482,1.5289244651794434,[0.0627 0.0883 0.1000 0.1000 0.1000 0.1000 0.1000],[0.3728 0.1171 0.0000 0.0000 0.0000 0.0000 0.0000],0.8239632248878479,0.7560717476426189,0.6271529942750931,0.372847005724907,0.39070083443403125,None
221,0.9420039057731628,0.8827456831932068,1.7680156230926514,1.5309827327728271,[0.0619 0.0872 0.1000 0.1000 0.1000 0.1000 0.1000],[0.3806 0.1285 0.0000 0.0000 0.0000 0.0000 0.0000],0.8247495889663696,0.756569881526636,0.6193893775343895,0.38061062246561056,0.3864870166315225,None
221,0.9422539472579956,0.8832195997238159,1.7690157890319824,1.5328783988952637,[0.0612 0.0861 0.1000 0.1000 0.1000 0.1000 0.1000],[0.3881 0.1391 0.0000 0.0000 0.0000 0.0000 0.0000],0.8254735469818115,0.7570301509771641,0.6118936836719513,0.38810631632804876,0.38237748074375244,None
221,0.9425062537193298,0.883698046207428,1.7700250148773193,1.534792184829712,[0.0604 0.0850 0.1000 0.1000 0.1000 0.1000 0.1000],[0.3956 0.1498 0.0000 0.0000 0.0000 0.0000 0.0000],0.8262042999267578,0.7574959639265733,0.6043554842472076,0.3956445157527924,0.37823371777866865,None
221,0.9427649974822998,0.8841889500617981,1.7710599899291992,1.5367558002471924,[0.0597 0.0839 0.1000 0.1000 0.1000 0.1000 0.1000],[0.4034 0.1609 0.0000 0.0000 0.0000 0.0000 0.0000],0.8269539475440979,0.7579751099153195,0.596621073782444,0.40337892621755606,0.37396835910752546,None
221,0.9429901242256165,0.8846161365509033,1.7719604969024658,1.5384645462036133,[0.0590 0.0829 0.1000 0.1000 0.1000 0.1000 0.1000],[0.4104 0.1707 0.0000 0.0000 0.0000 0.0000 0.0000],0.8276062607765198,0.7583929064064692,0.5896476283669472,0.4103523716330529,0.37009275699929023,None
221,0.9432364106178284,0.8850840330123901,1.7729456424713135,1.5403361320495605,[0.0582 0.0819 0.1000 0.1000 0.1000 0.1000 0.1000],[0.4179 0.1814 0.0000 0.0000 0.0000 0.0000 0.0000],0.8283204436302185,0.7588519591507361,0.5821116268634796,0.41788837313652044,0.36589941381273094,None
221,0.9434725642204285,0.8855326175689697,1.7738902568817139,1.542130470275879,[0.0575 0.0808 0.1000 0.1000 0.1000 0.1000 0.1000],[0.4254 0.1917 0.0000 0.0000 0.0000 0.0000 0.0000],0.8290051817893982,0.7592928196927671,0.5746317654848099,0.4253682345151902,0.36170637911758097,None
221,0.943710446357727,0.8859848976135254,1.7748417854309082,1.5439395904541016,[0.0567 0.0798 0.1000 0.1000 0.1000 0.1000 0.1000],[0.4329 0.2022 0.0000 0.0000 0.0000 0.0000 0.0000],0.8296953439712524,0.7597385824894025,0.567089281976223,0.43291071802377706,0.3574656161200785,None
221,0.9439322352409363,0.8864067792892456,1.7757289409637451,1.5456271171569824,[0.0560 0.0788 0.1000 0.1000 0.1000 0.1000 0.1000],[0.4402 0.2121 0.0000 0.0000 0.0000 0.0000 0.0000],0.8303390145301819,0.7601553503792702,0.5597519874572754,0.44024801254272466,0.3533079787286681,None
221,0.9441850185394287,0.8868879079818726,1.7767400741577148,1.5475516319274902,[0.0551 0.0777 0.1000 0.1000 0.1000 0.1000 0.1000],[0.4487 0.2234 0.0000 0.0000 0.0000 0.0000 0.0000],0.8310729265213013,0.7606318514138605,0.5512941628694534,0.4487058371305466,0.3484953891314472,None
221,0.9444026350975037,0.8873021006584167,1.7776105403900146,1.549208402633667,[0.0544 0.0767 0.1000 0.1000 0.1000 0.1000 0.1000],[0.4559 0.2332 0.0000 0.0000 0.0000 0.0000 0.0000],0.8317047357559204,0.7610428188166614,0.5441192910075188,0.4558807089924813,0.3444073333724656,None
221,0.9446216821670532,0.8877195715904236,1.778486728668213,1.5508782863616943,[0.0537 0.0757 0.1000 0.1000 0.1000 0.1000 0.1000],[0.4633 0.2431 0.0000 0.0000 0.0000 0.0000 0.0000],0.8323412537574768,0.7614583672047379,0.5367057025432587,0.4632942974567414,0.3401604311368547,None
221,0.944856584072113,0.8881672024726868,1.7794263362884521,1.552668809890747,[0.0529 0.0746 0.1000 0.1000 0.1000 0.1000 0.1000],[0.4710 0.2539 0.0000 0.0000 0.0000 0.0000 0.0000],0.8330237865447998,0.7619046795936,0.5290345475077629,0.47096545249223715,0.3357701442802202,None
221,0.9450814127922058,0.8885959386825562,1.7803256511688232,1.5543837547302246,[0.0522 0.0736 0.1000 0.1000 0.1000 0.1000 0.1000],[0.4785 0.2642 0.0000 0.0000 0.0000 0.0000 0.0000],0.833677351474762,0.7623332709240739,0.5215387046337128,0.4784612953662873,0.3314586990830287,None
221,0.9452998638153076,0.8890126943588257,1.7811994552612305,1.5560507774353027,[0.0514 0.0726 0.1000 0.1000 0.1000 0.1000 0.1000],[0.4859 0.2743 0.0000 0.0000 0.0000 0.0000 0.0000],0.8343125581741333,0.7627508283334125,0.5140698328614235,0.48593016713857656,0.3271399534650812,None
221,0.9454952478408813,0.8893855214118958,1.7819809913635254,1.557542085647583,[0.0507 0.0717 0.1000 0.1000 0.1000 0.1000 0.1000],[0.4928 0.2834 0.0000 0.0000 0.0000 0.0000 0.0000],0.8348807692527771,0.7631250827356649,0.5071667581796646,0.49283324182033544,0.32312530196196537,None
221,0.9457058906555176,0.8897877931594849,1.7828235626220703,1.5591511726379395,[0.0500 0.0707 0.1000 0.1000 0.1000 0.1000 0.1000],[0.5003 0.2933 0.0000 0.0000 0.0000 0.0000 0.0000],0.8354936838150024,0.7635299226201491,0.49970023334026337,0.5002997666597366,0.31877098540157417,None
221,0.9459083080291748,0.8901744484901428,1.7836332321166992,1.5606977939605713,[0.0492 0.0697 0.1000 0.1000 0.1000 0.1000 0.1000],[0.5077 0.3029 0.0000 0.0000 0.0000 0.0000 0.0000],0.8360827565193176,0.7639198027384931,0.49228619784116745,0.5077138021588326,0.3144232804322561,None
221,0.9461163282394409,0.8905718326568604,1.7844653129577637,1.5622873306274414,[0.0485 0.0687 0.1000 0.1000 0.1000 0.1000 0.1000],[0.5153 0.3128 0.0000 0.0000 0.0000 0.0000 0.0000],0.8366881608963013,0.7643212025179598,0.48472605645656586,0.5152739435434341,0.30998158662991016,None
221,0.946311354637146,0.8909448385238647,1.785245418548584,1.563779354095459,[0.0477 0.0678 0.1000 0.1000 0.1000 0.1000 0.1000],[0.5226 0.3221 0.0000 0.0000 0.0000 0.0000 0.0000],0.8372561931610107,0.7646990945336563,0.4773731529712677,0.5226268470287323,0.305637709023398,None
221,0.9465034008026123,0.8913121819496155,1.7860136032104492,1.565248727798462,[0.0470 0.0669 0.1000 0.1000 0.1000 0.1000 0.1000],[0.5300 0.3314 0.0000 0.0000 0.0000 0.0000 0.0000],0.8378155827522278,0.7650718857756764,0.47000519931316376,0.5299948006868362,0.3012682321827064,None
221,0.9466953873634338,0.8916794061660767,1.7867815494537354,1.5667176246643066,[0.0463 0.0659 0.1000 0.1000 0.1000 0.1000 0.1000],[0.5374 0.3407 0.0000 0.0000 0.0000 0.0000 0.0000],0.8383747935295105,0.7654451424562749,0.4626196622848511,0.5373803377151489,0.2968768757527162,None
221,0.9469238519668579,0.8921169638633728,1.7876954078674316,1.5684678554534912,[0.0454 0.0648 0.1000 0.1000 0.1000 0.1000 0.1000],[0.5459 0.3518 0.0000 0.0000 0.0000 0.0000 0.0000],0.8390408158302307,0.7658912899879948,0.45409485697746277,0.5459051430225372,0.2918077363928356,None
221,0.9471184015274048,0.8924896121025085,1.7884736061096191,1.5699584484100342,[0.0447 0.0639 0.1000 0.1000 0.1000 0.1000 0.1000],[0.5531 0.3614 0.0000 0.0000 0.0000 0.0000 0.0000],0.8396080136299133,0.7662719755251924,0.4469088837504387,0.5530911162495613,0.2875269155105624,None
221,0.9473180174827576,0.892872154712677,1.7892720699310303,1.571488618850708,[0.0439 0.0629 0.1000 0.1000 0.1000 0.1000 0.1000],[0.5605 0.3713 0.0000 0.0000 0.0000 0.0000 0.0000],0.8401901721954346,0.76666362741724,0.4394501820206642,0.5605498179793358,0.28306886632225037,None
221,0.9475110173225403,0.8932421207427979,1.7900440692901611,1.5729684829711914,[0.0432 0.0619 0.1000 0.1000 0.1000 0.1000 0.1000],[0.5680 0.3809 0.0000 0.0000 0.0000 0.0000 0.0000],0.8407531380653381,0.7670431443813202,0.4319905862212181,0.5680094137787819,0.2785881071606817,None
221,0.9477019906044006,0.8936084508895874,1.7908079624176025,1.5744338035583496,[0.0424 0.0609 0.1000 0.1000 0.1000 0.1000 0.1000],[0.5756 0.3905 0.0000 0.0000 0.0000 0.0000 0.0000],0.841310441493988,0.7674198208900569,0.42444951832294464,0.5755504816770554,0.27404086897906915,None
221,0.9478797912597656,0.893949568271637,1.7915191650390625,1.5757982730865479,[0.0417 0.0600 0.1000 0.1000 0.1000 0.1000 0.1000],[0.5828 0.3995 0.0000 0.0000 0.0000 0.0000 0.0000],0.8418293595314026,0.7677711839841389,0.4171852394938469,0.5828147605061531,0.26964030541394374,None
221,0.9480664134025574,0.8943074941635132,1.7922656536102295,1.5772299766540527,[0.0410 0.0591 0.1000 0.1000 0.1000 0.1000 0.1000],[0.5902 0.4090 0.0000 0.0000 0.0000 0.0000 0.0000],0.8423739075660706,0.7681403026849121,0.4097576439380646,0.5902423560619354,0.2651383335757739,None
221,0.9482790231704712,0.8947158455848694,1.7931160926818848,1.5788633823394775,[0.0401 0.0580 0.1000 0.1000 0.1000 0.1000 0.1000],[0.5988 0.4199 0.0000 0.0000 0.0000 0.0000 0.0000],0.8429948687553406,0.7685627999097773,0.4011833295226097,0.5988166704773903,0.25992447134148255,None
221,0.9484543204307556,0.8950527310371399,1.7938172817230225,1.5802109241485596,[0.0394 0.0571 0.1000 0.1000 0.1000 0.1000 0.1000],[0.6057 0.4290 0.0000 0.0000 0.0000 0.0000 0.0000],0.8435070514678955,0.7689121608703398,0.39427217096090317,0.6057278290390968,0.2557181602954702,None
221,0.9486380219459534,0.8954057693481445,1.7945520877838135,1.5816230773925781,[0.0387 0.0561 0.1000 0.1000 0.1000 0.1000 0.1000],[0.6132 0.4385 0.0000 0.0000 0.0000 0.0000 0.0000],0.8440437912940979,0.7692788423273478,0.3868434578180313,0.6131565421819687,0.25117940323154,None
221,0.9488134980201721,0.8957428932189941,1.7952539920806885,1.5829715728759766,[0.0379 0.0552 0.1000 0.1000 0.1000 0.1000 0.1000],[0.6206 0.4477 0.0000 0.0000 0.0000 0.0000 0.0000],0.8445563912391663,0.7696294185422583,0.37935391068458557,0.6206460893154144,0.24657831372826775,None
221,0.9489921927452087,0.8960868120193481,1.795968770980835,1.5843472480773926,[0.0372 0.0543 0.1000 0.1000 0.1000 0.1000 0.1000],[0.6282 0.4571 0.0000 0.0000 0.0000 0.0000 0.0000],0.8450790047645569,0.7699883030672992,0.37175998091697693,0.6282400190830231,0.2419045723221023,None
221,0.9491586089134216,0.896406888961792,1.7966344356536865,1.585627555847168,[0.0365 0.0534 0.1000 0.1000 0.1000 0.1000 0.1000],[0.6353 0.4659 0.0000 0.0000 0.0000 0.0000 0.0000],0.8455654978752136,0.7703225741357466,0.36474186927080154,0.6352581307291985,0.23757760412232468,None
221,0.949327826499939,0.8967325091362,1.7973113059997559,1.5869300365447998,[0.0357 0.0525 0.1000 0.1000 0.1000 0.1000 0.1000],[0.6425 0.4750 0.0000 0.0000 0.0000 0.0000 0.0000],0.8460603356361389,0.7706633100357926,0.35749342292547226,0.6425065770745277,0.23309559956909848,None
221,0.9494993090629578,0.8970627784729004,1.797997236251831,1.5882511138916016,[0.0350 0.0516 0.1000 0.1000 0.1000 0.1000 0.1000],[0.6499 0.4842 0.0000 0.0000 0.0000 0.0000 0.0000],0.8465620875358582,0.7710097587449252,0.3500823304057121,0.6499176695942879,0.22850140848982903,None
221,0.9496336579322815,0.8973215818405151,1.798534631729126,1.5892863273620605,[0.0342 0.0506 0.1070 0.1000 0.1000 0.1000 0.1000],[0.6576 0.4940 -0.0703 0.0000 0.0000 0.0000 0.0000],0.8469552397727966,0.7712816664721291,0.3424481302499771,0.6575518697500229,0.22370117575014417,None
221,0.9498233199119568,0.8976869583129883,1.7992932796478271,1.5907478332519531,[0.0335 0.0496 0.1053 0.1000 0.1000 0.1000 0.1000],[0.6652 0.5037 -0.0533 0.0000 0.0000 0.0000 0.0000],0.8475102782249451,0.7716661181537692,0.3348362073302269,0.6651637926697731,0.21898119419366344,None
221,0.9500046968460083,0.8980364799499512,1.8000187873840332,1.5921459197998047,[0.0328 0.0487 0.1037 0.1000 0.1000 0.1000 0.1000],[0.6724 0.5131 -0.0369 0.0000 0.0000 0.0000 0.0000],0.8480411767959595,0.7720346146976319,0.32755177468061447,0.6724482253193855,0.21445376216092255,None
221,0.9501929879188538,0.8983996510505676,1.800771951675415,1.5935986042022705,[0.0320 0.0477 0.1019 0.1000 0.1000 0.1000 0.1000],[0.6800 0.5229 -0.0194 0.0000 0.0000 0.0000 0.0000],0.8485926389694214,0.7724185049959331,0.3200047090649605,0.6799952909350395,0.20975305705834843,None
221,0.9503824710845947,0.8987652063369751,1.801529884338379,1.5950608253479004,[0.0312 0.0467 0.1002 0.1000 0.1000 0.1000 0.1000],[0.6877 0.5328 -0.0019 0.0000 0.0000 0.0000 0.0000],0.8491476774215698,0.7728056674394812,0.3123253956437111,0.6876746043562889,0.20495608805905785,None
221,0.9505690336227417,0.8991252183914185,1.8022761344909668,1.5965008735656738,[0.0305 0.0457 0.0985 0.1000 0.1000 0.1000 0.1000],[0.6953 0.5426 0.0154 0.0000 0.0000 0.0000 0.0000],0.8496942520141602,0.7731877092586841,0.304676815867424,0.695323184132576,0.20016448814860835,None
221,0.9507499933242798,0.8994746208190918,1.8029999732971191,1.5978984832763672,[0.0297 0.0448 0.0968 0.1000 0.1000 0.1000 0.1000],[0.7029 0.5522 0.0320 0.0000 0.0000 0.0000 0.0000],0.8502246141433716,0.7735593399912728,0.2970987558364868,0.7029012441635132,0.19540161146804066,None
221,0.950931191444397,0.8998245596885681,1.803724765777588,1.5992982387542725,[0.0289 0.0438 0.0951 0.1000 0.1000 0.1000 0.1000],[0.7106 0.5619 0.0486 0.0000 0.0000 0.0000 0.0000],0.8507557511329651,0.7739322407864649,0.28943590819835663,0.7105640918016434,0.19057250495789294,None
221,0.9511117935180664,0.9001734256744385,1.8044471740722656,1.600693702697754,[0.0282 0.0428 0.0935 0.1000 0.1000 0.1000 0.1000],[0.7183 0.5717 0.0652 0.0000 0.0000 0.0000 0.0000],0.8512852191925049,0.7743047013258186,0.2817065268754959,0.7182934731245041,0.18568802553679775,None
221,0.9513192772865295,0.9005746841430664,1.8052771091461182,1.6022987365722656,[0.0273 0.0417 0.0916 0.1000 0.1000 0.1000 0.1000],[0.7273 0.5830 0.0842 0.0000 0.0000 0.0000 0.0000],0.851893961429596,0.7747343942288056,0.27268286794424057,0.7273171320557594,0.17996838926068773,None
221,0.9514766335487366,0.9008788466453552,1.8059065341949463,1.603515386581421,[0.0266 0.0408 0.0902 0.1000 0.1000 0.1000 0.1000],[0.7344 0.5916 0.0980 0.0000 0.0000 0.0000 0.0000],0.8523554801940918,0.7750604816770043,0.26556726545095444,0.7344327345490456,0.17544091889629174,None
221,0.9516440629959106,0.9012027382850647,1.8065762519836426,1.6048109531402588,[0.0258 0.0399 0.0887 0.1000 0.1000 0.1000 0.1000],[0.7421 0.6009 0.1128 0.0000 0.0000 0.0000 0.0000],0.8528468012809753,0.7754085382058215,0.25793321430683136,0.7420667856931686,0.17057244471343913,None
221,0.9518097639083862,0.9015235304832458,1.807239055633545,1.6060941219329834,[0.0250 0.0390 0.0872 0.1000 0.1000 0.1000 0.1000],[0.7496 0.6102 0.1277 0.0000 0.0000 0.0000 0.0000],0.8533332943916321,0.7757540782418989,0.25036823004484177,0.7496317699551582,0.16573795554654663,None
221,0.9519765377044678,0.9018464088439941,1.807906150817871,1.6073856353759766,[0.0243 0.0380 0.0857 0.1000 0.1000 0.1000 0.1000],[0.7573 0.6195 0.1427 0.0000 0.0000 0.0000 0.0000],0.8538229465484619,0.776102414348717,0.24266038089990616,0.7573396191000938,0.1607998842367341,None
221,0.9521418809890747,0.9021664261817932,1.8085675239562988,1.6086657047271729,[0.0235 0.0371 0.0842 0.1000 0.1000 0.1000 0.1000],[0.7651 0.6289 0.1575 0.0000 0.0000 0.0000 0.0000],0.8543083071708679,0.7764480937068943,0.234941728413105,0.765058271586895,0.15584297022514088,None
221,0.9523010849952698,0.9024748802185059,1.809204339981079,1.6098995208740234,[0.0227 0.0362 0.0828 0.1000 0.1000 0.1000 0.1000],[0.7726 0.6380 0.1718 0.0000 0.0000 0.0000 0.0000],0.8547759652137756,0.7767821584712281,0.22742047905921936,0.7725795209407806,0.15100144873915836,None
221,0.9524620175361633,0.9027866721153259,1.8098480701446533,1.6111466884613037,[0.0220 0.0353 0.0813 0.1000 0.1000 0.1000 0.1000],[0.7802 0.6472 0.1866 0.0000 0.0000 0.0000 0.0000],0.8552486896514893,0.7771203342140934,0.21982107311487198,0.780178926885128,0.1460999320774007,None
221,0.9526197910308838,0.9030927419662476,1.8104791641235352,1.6123709678649902,[0.0212 0.0344 0.0800 0.1000 0.1000 0.1000 0.1000],[0.7879 0.6564 0.2004 0.0000 0.0000 0.0000 0.0000],0.8557125329971313,0.7774532654370407,0.2120668813586235,0.7879331186413765,0.14108311324383704,None
221,0.9527787566184998,0.9034008383750916,1.811115026473999,1.6136033535003662,[0.0204 0.0334 0.0785 0.1000 0.1000 0.1000 0.1000],[0.7957 0.6656 0.2146 0.0000 0.0000 0.0000 0.0000],0.8561795949935913,0.7777885731034333,0.20425722002983093,0.7957427799701691,0.1360203376111661,None
221,0.9529393911361694,0.9037125706672668,1.8117575645446777,1.6148502826690674,[0.0196 0.0325 0.0770 0.1000 0.1000 0.1000 0.1000],[0.8035 0.6751 0.2295 0.0000 0.0000 0.0000 0.0000],0.8566519618034363,0.7781288201029647,0.19647445529699326,0.8035255447030067,0.13096703879375332,None
221,0.9531037211418152,0.90403151512146,1.8124148845672607,1.6161260604858398,[0.0189 0.0315 0.0755 0.1000 0.1000 0.1000 0.1000],[0.8114 0.6848 0.2453 0.0000 0.0000 0.0000 0.0000],0.8571352362632751,0.7784775270534494,0.18860995769500732,0.8113900423049927,0.12585197827458777,None
221,0.9532930254936218,0.9043989777565002,1.8131721019744873,1.617595911026001,[0.0180 0.0304 0.0736 0.1000 0.1000 0.1000 0.1000],[0.8204 0.6960 0.2641 0.0000 0.0000 0.0000 0.0000],0.8576920032501221,0.7788800150662053,0.17961539328098297,0.820384606719017,0.11999011652478983,None
221,0.9534375071525574,0.9046796560287476,1.8137500286102295,1.6187186241149902,[0.0172 0.0295 0.0722 0.1000 0.1000 0.1000 0.1000],[0.8275 0.7047 0.2780 0.0000 0.0000 0.0000 0.0000],0.8581171631813049,0.7791881997632151,0.17247825860977173,0.8275217413902283,0.11532496035558794,None
221,0.9535914063453674,0.9049785137176514,1.8143656253814697,1.6199140548706055,[0.0165 0.0286 0.0707 0.1000 0.1000 0.1000 0.1000],[0.8352 0.7140 0.2927 0.0000 0.0000 0.0000 0.0000],0.8585699200630188,0.7795166840150574,0.1647857390344143,0.8352142609655857,0.1102860818728057,None
221,0.9537447690963745,0.9052767157554626,1.814979076385498,1.6211068630218506,[0.0157 0.0277 0.0693 0.1000 0.1000 0.1000 0.1000],[0.8430 0.7234 0.3072 0.0000 0.0000 0.0000 0.0000],0.8590214848518372,0.7798453876456097,0.1569601520895958,0.8430398479104042,0.10514822475518543,None
221,0.9538940191268921,0.9055667519569397,1.8155760765075684,1.6222670078277588,[0.0149 0.0267 0.0679 0.1000 0.1000 0.1000 0.1000],[0.8509 0.7326 0.3208 0.0000 0.0000 0.0000 0.0000],0.8594607710838318,0.7801653640347991,0.14906836673617363,0.8509316332638264,0.09995354864481286,None
221,0.9540464282035828,0.9058632254600525,1.816185712814331,1.62345290184021,[0.0141 0.0258 0.0665 0.1000 0.1000 0.1000 0.1000],[0.8589 0.7421 0.3353 0.0000 0.0000 0.0000 0.0000],0.8599096536636353,0.7804932740357821,0.141119547188282,0.858880452811718,0.09471290637362495,None
221,0.9542238116264343,0.9062082767486572,1.8168952465057373,1.624833106994629,[0.0132 0.0247 0.0646 0.1000 0.1000 0.1000 0.1000],[0.8676 0.7531 0.3539 0.0000 0.0000 0.0000 0.0000],0.8604320883750916,0.7808755265202513,0.13238473795354366,0.8676152620464563,0.08894802924804546,None
221,0.9543841481208801,0.9065201878547668,1.8175365924835205,1.6260807514190674,[0.0124 0.0237 0.0629 0.1000 0.1000 0.1000 0.1000],[0.8756 0.7632 0.3709 0.0000 0.0000 0.0000 0.0000],0.860904335975647,0.7812216640841391,0.12444980442523956,0.8755501955747604,0.0836996017959385,None
221,0.9545258283615112,0.9067961573600769,1.818103313446045,1.6271846294403076,[0.0117 0.0228 0.0615 0.1000 0.1000 0.1000 0.1000],[0.8829 0.7722 0.3854 0.0000 0.0000 0.0000 0.0000],0.8613219857215881,0.7815287867900342,0.11710556223988533,0.8828944377601147,0.07882936640767875,None
221,0.9546673893928528,0.9070718884468079,1.8186695575714111,1.6282875537872314,[0.0110 0.0219 0.0600 0.1000 0.1000 0.1000 0.1000],[0.8904 0.7812 0.3997 0.0000 0.0000 0.0000 0.0000],0.8617392778396606,0.7818360686409302,0.109643479809165,0.890356520190835,0.07387107190667733,None
221,0.954811692237854,0.9073529839515686,1.819246768951416,1.6294119358062744,[0.0102 0.0209 0.0586 0.1000 0.1000 0.1000 0.1000],[0.8980 0.7905 0.4144 0.0000 0.0000 0.0000 0.0000],0.8621646761894226,0.7821498031070768,0.10198654606938362,0.8980134539306164,0.06877380448663704,None
221,0.9549583196640015,0.9076387882232666,1.8198332786560059,1.6305551528930664,[0.0094 0.0200 0.0570 0.1000 0.1000 0.1000 0.1000],[0.9058 0.8001 0.4296 0.0000 0.0000 0.0000 0.0000],0.8625971078872681,0.782469470095035,0.09417854249477386,0.9058214575052261,0.06356636309051177,None
221,0.9550997614860535,0.9079145193099976,1.8203990459442139,1.6316580772399902,[0.0086 0.0191 0.0556 0.1000 0.1000 0.1000 0.1000],[0.9136 0.8093 0.4439 0.0000 0.0000 0.0000 0.0000],0.863014280796051,0.7827783570266169,0.08643088862299919,0.9135691113770008,0.05838829180547497,None
221,0.9552417397499084,0.9081910848617554,1.8209669589996338,1.6327643394470215,[0.0288 0.0181 0.0542 0.1000 0.1000 0.1000 0.1000],[0.7125 0.8187 0.4580 0.0000 0.0000 0.0000 0.0000],0.8634328246116638,0.7830883707862737,0.18125858157873154,0.8187414184212685,0.12255693934314227,None
