244,0.7310585975646973,0.9030040502548218,0.9242343902587891,1.612016201019287,[0.1000 0.1000 0.1000 0.1000 0.1000 0.1000 0.1000],[0.0000 0.0000 0.0000 0.0000 0.0000 0.0000 0.0000],0.634062647819519,0.5853369407698288,1.0,0.0,0.37114029053109465,None
244,0.7310585975646973,0.9030040502548218,0.9242343902587891,1.612016201019287,[0.1000 0.1000 0.1000 0.1000 0.1000 0.1000 0.1000],[0.0000 0.0000 0.0000 0.0000 0.0000 0.0000 0.0000],0.634062647819519,0.5853369407698288,1.0,0.0,0.37114029053109465,None
244,0.7310585975646973,0.9030040502548218,0.9242343902587891,1.612016201019287,[0.1000 0.1000 0.1000 0.1000 0.1000 0.1000 0.1000],[0.0000 0.0000 0.0000 0.0000 0.0000 0.0000 0.0000],0.634062647819519,0.5853369407698288,1.0,0.0,0.37114029053109465,None
244,0.7310585975646973,0.9030040502548218,0.9242343902587891,1.612016201019287,[0.1000 0.1000 0.1000 0.1000 0.1000 0.1000 0.1000],[0.0000 0.0000 0.0000 0.0000 0.0000 0.0000 0.0000],0.634062647819519,0.5853369407698288,1.0,0.0,0.37114029053109465,None
244,0.7310585975646973,0.9030040502548218,0.9242343902587891,1.612016201019287,[0.1000 0.1000 0.1000 0.1000 0.1000 0.1000 0.1000],[0.0000 0.0000 0.0000 0.0000 0.0000 0.0000 0.0000],0.634062647819519,0.5853369407698288,1.0,0.0,0.37114029053109465,None
244,0.7310585975646973,0.9030040502548218,0.9242343902587891,1.612016201019287,[0.1000 0.1000 0.1000 0.1000 0.1000 0.1000 0.1000],[0.0000 0.0000 0.0000 0.0000 0.0000 0.0000 0.0000],0.634062647819519,0.5853369407698288,1.0,0.0,0.37114029053109465,None
244,0.7310585975646973,0.9030040502548218,0.9242343902587891,1.612016201019287,[0.1000 0.1000 0.1000 0.1000 0.1000 0.1000 0.1000],[0.0000 0.0000 0.0000 0.0000 0.0000 0.0000 0.0000],0.634062647819519,0.5853369407698288,1.0,0.0,0.37114029053109465,None
244,0.7310585975646973,0.9030040502548218,0.9242343902587891,1.612016201019287,[0.1000 0.1000 0.1000 0.1000 0.1000 0.1000 0.1000],[0.0000 0.0000 0.0000 0.0000 0.0000 0.0000 0.0000],0.634062647819519,0.5853369407698288,1.0,0.0,0.37114029053109465,None
244,0.7310585975646973,0.9030040502548218,0.9242343902587891,1.612016201019287,[0.1000 0.1000 0.1000 0.1000 0.1000 0.1000 0.1000],[0.0000 0.0000 0.0000 0.0000 0.0000 0.0000 0.0000],0.634062647819519,0.5853369407698288,1.0,0.0,0.37114029053109465,None
244,0.7310585975646973,0.9030040502548218,0.9242343902587891,1.612016201019287,[0.1000 0.1000 0.1000 0.1000 0.1000 0.1000 0.1000],[0.0000 0.0000 0.0000 0.0000 0.0000 0.0000 0.0000],0.634062647819519,0.5853369407698288,1.0,0.0,0.37114029053109465,None
244,0.7310585975646973,0.9030040502548218,0.9242343902587891,1.612016201019287,[0.1000 0.1000 0.1000 0.1000 0.1000 0.1000 0.1000],[0.0000 0.0000 0.0000 0.0000 0.0000 0.0000 0.0000],0.634062647819519,0.5853369407698288,1.0,0.0,0.37114029053109465,None
244,0.7310585975646973,0.9030040502548218,0.9242343902587891,1.612016201019287,[0.1000 0.1000 0.1000 0.1000 0.1000 0.1000 0.1000],[0.0000 0.0000 0.0000 0.0000 0.0000 0.0000 0.0000],0.634062647819519,0.5853369407698288,1.0,0.0,0.37114029053109465,None
244,0.7310585975646973,0.9030040502548218,0.9242343902587891,1.612016201019287,[0.1000 0.1000 0.1000 0.1000 0.1000 0.1000 0.1000],[0.0000 0.0000 0.0000 0.0000 0.0000 0.0000 0.0000],0.634062647819519,0.5853369407698288,1.0,0.0,0.37114029053109465,None
244,0.7310585975646973,0.9030040502548218,0.9242343902587891,1.612016201019287,[0.1000 0.1000 0.1000 0.1000 0.1000 0.1000 0.1000],[0.0000 0.0000 0.0000 0.0000 0.0000 0.0000 0.0000],0.634062647819519,0.5853369407698288,1.0,0.0,0.37114029053109465,None
244,0.7310585975646973,0.9030040502548218,0.9242343902587891,1.612016201019287,[0.1000 0.1000 0.1000 0.1000 0.1000 0.1000 0.1000],[0.0000 0.0000 0.0000 0.0000 0.0000 0.0000 0.0000],0.634062647819519,0.5853369407698288,1.0,0.0,0.37114029053109465,None
244,0.7310585975646973,0.9030040502548218,0.9242343902587891,1.612016201019287,[0.1000 0.1000 0.1000 0.1000 0.1000 0.1000 0.1000],[0.0000 0.0000 0.0000 0.0000 0.0000 0.0000 0.0000],0.634062647819519,0.5853369407698288,1.0,0.0,0.37114029053109465,None
244,0.7310585975646973,0.9030040502548218,0.9242343902587891,1.612016201019287,[0.1000 0.1000 0.1000 0.1000 0.1000 0.1000 0.1000],[0.0000 0.0000 0.0000 0.0000 0.0000 0.0000 0.0000],0.634062647819519,0.5853369407698288,1.0,0.0,0.37114029053109465,None
244,0.7310585975646973,0.9030040502548218,0.9242343902587891,1.612016201019287,[0.1000 0.1000 0.1000 0.1000 0.1000 0.1000 0.1000],[0.0000 0.0000 0.0000 0.0000 0.0000 0.0000 0.0000],0.634062647819519,0.5853369407698288,1.0,0.0,0.37114029053109465,None
244,0.7310585975646973,0.9030040502548218,0.9242343902587891,1.612016201019287,[0.1000 0.1000 0.1000 0.1000 0.1000 0.1000 0.1000],[0.0000 0.0000 0.0000 0.0000 0.0000 0.0000 0.0000],0.634062647819519,0.5853369407698288,1.0,0.0,0.37114029053109465,None
244,0.7310585975646973,0.9030040502548218,0.9242343902587891,1.612016201019287,[0.1000 0.1000 0.1000 0.1000 0.1000 0.1000 0.1000],[0.0000 0.0000 0.0000 0.0000 0.0000 0.0000 0.0000],0.634062647819519,0.5853369407698288,1.0,0.0,0.37114029053109465,None
244,0.7310585975646973,0.9030040502548218,0.9242343902587891,1.612016201019287,[0.1000 0.1000 0.1000 0.1000 0.1000 0.1000 0.1000],[0.0000 0.0000 0.0000 0.0000 0.0000 0.0000 0.0000],0.634062647819519,0.5853369407698288,1.0,0.0,0.37114029053109465,None
244,0.7310585975646973,0.9030040502548218,0.9242343902587891,1.612016201019287,[0.1000 0.1000 0.1000 0.1000 0.1000 0.1000 0.1000],[0.0000 0.0000 0.0000 0.0000 0.0000 0.0000 0.0000],0.634062647819519,0.5853369407698288,1.0,0.0,0.37114029053109465,None
244,0.7310585975646973,0.9030040502548218,0.9242343902587891,1.612016201019287,[0.1000 0.1000 0.1000 0.1000 0.1000 0.1000 0.1000],[0.0000 0.0000 0.0000 0.0000 0.0000 0.0000 0.0000],0.634062647819519,0.5853369407698288,1.0,0.0,0.37114029053109465,None
244,0.7310585975646973,0.9030040502548218,0.9242343902587891,1.612016201019287,[0.1000 0.1000 0.1000 0.1000 0.1000 0.1000 0.1000],[0.0000 0.0000 0.0000 0.0000 0.0000 0.0000 0.0000],0.634062647819519,0.5853369407698288,1.0,0.0,0.37114029053109465,None
244,0.7310585975646973,0.9030040502548218,0.9242343902587891,1.612016201019287,[0.1000 0.1000 0.1000 0.1000 0.1000 0.1000 0.1000],[0.0000 0.0000 0.0000 0.0000 0.0000 0.0000 0.0000],0.634062647819519,0.5853369407698288,1.0,0.0,0.37114029053109465,None
244,0.7310585975646973,0.9030040502548218,0.9242343902587891,1.612016201019287,[0.1000 0.1000 0.1000 0.1000 0.1000 0.1000 0.1000],[0.0000 0.0000 0.0000 0.0000 0.0000 0.0000 0.0000],0.634062647819519,0.5853369407698288,1.0,0.0,0.37114029053109465,None
244,0.7310585975646973,0.9030040502548218,0.9242343902587891,1.612016201019287,[0.1000 0.1000 0.1000 0.1000 0.1000 0.1000 0.1000],[0.0000 0.0000 0.0000 0.0000 0.0000 0.0000 0.0000],0.634062647819519,0.5853369407698288,1.0,0.0,0.37114029053109465,None
244,0.7310585975646973,0.9030040502548218,0.9242343902587891,1.612016201019287,[0.1000 0.1000 0.1000 0.1000 0.1000 0.1000 0.1000],[0.0000 0.0000 0.0000 0.0000 0.0000 0.0000 0.0000],0.634062647819519,0.5853369407698288,1.0,0.0,0.37114029053109465,None
244,0.7310585975646973,0.9030040502548218,0.9242343902587891,1.612016201019287,[0.1000 0.1000 0.1000 0.1000 0.1000 0.1000 0.1000],[0.0000 0.0000 0.0000 0.0000 0.0000 0.0000 0.0000],0.634062647819519,0.5853369407698288,1.0,0.0,0.37114029053109465,None
244,0.7310585975646973,0.9030040502548218,0.9242343902587891,1.612016201019287,[0.1000 0.1000 0.1000 0.1000 0.1000 0.1000 0.1000],[0.0000 0.0000 0.0000 0.0000 0.0000 0.0000 0.0000],0.634062647819519,0.5853369407698288,1.0,0.0,0.37114029053109465,None
244,0.7310585975646973,0.9030040502548218,0.9242343902587891,1.612016201019287,[0.1000 0.1000 0.1000 0.1000 0.1000 0.1000 0.1000],[0.0000 0.0000 0.0000 0.0000 0.0000 0.0000 0.0000],0.634062647819519,0.5853369407698288,1.0,0.0,0.37114029053109465,None
244,0.7310585975646973,0.9030040502548218,0.9242343902587891,1.612016201019287,[0.1000 0.1000 0.1000 0.1000 0.1000 0.1000 0.1000],[0.0000 0.0000 0.0000 0.0000 0.0000 0.0000 0.0000],0.634062647819519,0.5853369407698288,1.0,0.0,0.37114029053109465,None
244,0.7310585975646973,0.9030040502548218,0.9242343902587891,1.612016201019287,[0.1000 0.1000 0.1000 0.1000 0.1000 0.1000 0.1000],[0.0000 0.0000 0.0000 0.0000 0.0000 0.0000 0.0000],0.634062647819519,0.5853369407698288,1.0,0.0,0.37114029053109465,None
244,0.7310585975646973,0.9030040502548218,0.9242343902587891,1.612016201019287,[0.1000 0.1000 0.1000 0.1000 0.1000 0.1000 0.1000],[0.0000 0.0000 0.0000 0.0000 0.0000 0.0000 0.0000],0.634062647819519,0.5853369407698288,1.0,0.0,0.37114029053109465,None
244,0.7310585975646973,0.9030040502548218,0.9242343902587891,1.612016201019287,[0.1000 0.1000 0.1000 0.1000 0.1000 0.1000 0.1000],[0.0000 0.0000 0.0000 0.0000 0.0000 0.0000 0.0000],0.634062647819519,0.5853369407698288,1.0,0.0,0.37114029053109465,None
244,0.7310585975646973,0.9030040502548218,0.9242343902587891,1.612016201019287,[0.1000 0.1000 0.1000 0.1000 0.1000 0.1000 0.1000],[0.0000 0.0000 0.0000 0.0000 0.0000 0.0000 0.0000],0.634062647819519,0.5853369407698288,1.0,0.0,0.37114029053109465,None
244,0.7310585975646973,0.9030040502548218,0.9242343902587891,1.612016201019287,[0.1000 0.1000 0.1000 0.1000 0.1000 0.1000 0.1000],[0.0000 0.0000 0.0000 0.0000 0.0000 0.0000 0.0000],0.634062647819519,0.5853369407698288,1.0,0.0,0.37114029053109465,None
244,0.7310585975646973,0.9030040502548218,0.9242343902587891,1.612016201019287,[0.1000 0.1000 0.1000 0.1000 0.1000 0.1000 0.1000],[0.0000 0.0000 0.0000 0.0000 0.0000 0.0000 0.0000],0.634062647819519,0.5853369407698288,1.0,0.0,0.37114029053109465,None
244,0.7310585975646973,0.9030040502548218,0.9242343902587891,1.612016201019287,[0.1000 0.1000 0.1000 0.1000 0.1000 0.1000 0.1000],[0.0000 0.0000 0.0000 0.0000 0.0000 0.0000 0.0000],0.634062647819519,0.5853369407698288,1.0,0.0,0.37114029053109465,None
244,0.7310585975646973,0.9030040502548218,0.9242343902587891,1.612016201019287,[0.1000 0.1000 0.1000 0.1000 0.1000 0.1000 0.1000],[0.0000 0.0000 0.0000 0.0000 0.0000 0.0000 0.0000],0.634062647819519,0.5853369407698288,1.0,0.0,0.37114029053109465,None
244,0.7310585975646973,0.9030040502548218,0.9242343902587891,1.612016201019287,[0.1000 0.1000 0.1000 0.1000 0.1000 0.1000 0.1000],[0.0000 0.0000 0.0000 0.0000 0.0000 0.0000 0.0000],0.634062647819519,0.5853369407698288,1.0,0.0,0.37114029053109465,None
244,0.7310585975646973,0.9030040502548218,0.9242343902587891,1.612016201019287,[0.1000 0.1000 0.1000 0.1000 0.1000 0.1000 0.1000],[0.0000 0.0000 0.0000 0.0000 0.0000 0.0000 0.0000],0.634062647819519,0.5853369407698288,1.0,0.0,0.37114029053109465,None
244,0.7310585975646973,0.9030040502548218,0.9242343902587891,1.612016201019287,[0.1000 0.1000 0.1000 0.1000 0.1000 0.1000 0.1000],[0.0000 0.0000 0.0000 0.0000 0.0000 0.0000 0.0000],0.634062647819519,0.5853369407698288,1.0,0.0,0.37114029053109465,None
244,0.7310585975646973,0.9030040502548218,0.9242343902587891,1.612016201019287,[0.1000 0.1000 0.1000 0.1000 0.1000 0.1000 0.1000],[0.0000 0.0000 0.0000 0.0000 0.0000 0.0000 0.0000],0.634062647819519,0.5853369407698288,1.0,0.0,0.37114029053109465,None
244,0.7310585975646973,0.9030040502548218,0.9242343902587891,1.612016201019287,[0.1000 0.1000 0.1000 0.1000 0.1000 0.1000 0.1000],[0.0000 0.0000 0.0000 0.0000 0.0000 0.0000 0.0000],0.634062647819519,0.5853369407698288,1.0,0.0,0.37114029053109465,None
244,0.7310585975646973,0.9030040502548218,0.9242343902587891,1.612016201019287,[0.1000 0.1000 0.1000 0.1000 0.1000 0.1000 0.1000],[0.0000 0.0000 0.0000 0.0000 0.0000 0.0000 0.0000],0.634062647819519,0.5853369407698288,1.0,0.0,0.37114029053109465,None
244,0.7310585975646973,0.9030040502548218,0.9242343902587891,1.612016201019287,[0.1000 0.1000 0.1000 0.1000 0.1000 0.1000 0.1000],[0.0000 0.0000 0.0000 0.0000 0.0000 0.0000 0.0000],0.634062647819519,0.5853369407698288,1.0,0.0,0.37114029053109465,None
244,0.7310585975646973,0.9030040502548218,0.9242343902587891,1.612016201019287,[0.1000 0.1000 0.1000 0.1000 0.1000 0.1000 0.1000],[0.0000 0.0000 0.0000 0.0000 0.0000 0.0000 0.0000],0.634062647819519,0.5853369407698288,1.0,0.0,0.37114029053109465,None
244,0.7310585975646973,0.9030040502548218,0.9242343902587891,1.612016201019287,[0.1000 0.1000 0.1000 0.1000 0.1000 0.1000 0.1000],[0.0000 0.0000 0.0000 0.0000 0.0000 0.0000 0.0000],0.634062647819519,0.5853369407698288,1.0,0.0,0.37114029053109465,None
244,0.7310585975646973,0.9030040502548218,0.9242343902587891,1.612016201019287,[0.1000 0.1000 0.1000 0.1000 0.1000 0.1000 0.1000],[0.0000 0.0000 0.0000 0.0000 0.0000 0.0000 0.0000],0.634062647819519,0.5853369407698288,1.0,0.0,0.37114029053109465,None
244,0.7310585975646973,0.9030040502548218,0.9242343902587891,1.612016201019287,[0.1000 0.1000 0.1000 0.1000 0.1000 0.1000 0.1000],[0.0000 0.0000 0.0000 0.0000 0.0000 0.0000 0.0000],0.634062647819519,0.5853369407698288,1.0,0.0,0.37114029053109465,None
244,0.7310585975646973,0.9030040502548218,0.9242343902587891,1.612016201019287,[0.1000 0.1000 0.1000 0.1000 0.1000 0.1000 0.1000],[0.0000 0.0000 0.0000 0.0000 0.0000 0.0000 0.0000],0.634062647819519,0.5853369407698288,1.0,0.0,0.37114029053109465,None
244,0.7310585975646973,0.9030040502548218,0.9242343902587891,1.612016201019287,[0.1000 0.1000 0.1000 0.1000 0.1000 0.1000 0.1000],[0.0000 0.0000 0.0000 0.0000 0.0000 0.0000 0.0000],0.634062647819519,0.5853369407698288,1.0,0.0,0.37114029053109465,None
244,0.7310585975646973,0.9030040502548218,0.9242343902587891,1.612016201019287,[0.1000 0.1000 0.1000 0.1000 0.1000 0.1000 0.1000],[0.0000 0.0000 0.0000 0.0000 0.0000 0.0000 0.0000],0.634062647819519,0.5853369407698288,1.0,0.0,0.37114029053109465,None
244,0.7310585975646973,0.9030040502548218,0.9242343902587891,1.612016201019287,[0.1000 0.1000 0.1000 0.1000 0.1000 0.1000 0.1000],[0.0000 0.0000 0.0000 0.0000 0.0000 0.0000 0.0000],0.634062647819519,0.5853369407698288,1.0,0.0,0.37114029053109465,None
244,0.7310585975646973,0.9030040502548218,0.9242343902587891,1.612016201019287,[0.1000 0.1000 0.1000 0.1000 0.1000 0.1000 0.1000],[0.0000 0.0000 0.0000 0.0000 0.0000 0.0000 0.0000],0.634062647819519,0.5853369407698288,1.0,0.0,0.37114029053109465,None
244,0.7310585975646973,0.9030040502548218,0.9242343902587891,1.612016201019287,[0.1000 0.1000 0.1000 0.1000 0.1000 0.1000 0.1000],[0.0000 0.0000 0.0000 0.0000 0.0000 0.0000 0.0000],0.634062647819519,0.5853369407698288,1.0,0.0,0.37114029053109465,None
244,0.7310585975646973,0.9030040502548218,0.9242343902587891,1.612016201019287,[0.1000 0.1000 0.1000 0.1000 0.1000 0.1000 0.1000],[0.0000 0.0000 0.0000 0.0000 0.0000 0.0000 0.0000],0.634062647819519,0.5853369407698288,1.0,0.0,0.37114029053109465,None
244,0.7310585975646973,0.9030040502548218,0.9242343902587891,1.612016201019287,[0.1000 0.1000 0.1000 0.1000 0.1000 0.1000 0.1000],[0.0000 0.0000 0.0000 0.0000 0.0000 0.0000 0.0000],0.634062647819519,0.5853369407698288,1.0,0.0,0.37114029053109465,None
244,0.7310585975646973,0.9030040502548218,0.9242343902587891,1.612016201019287,[0.1000 0.1000 0.1000 0.1000 0.1000 0.1000 0.1000],[0.0000 0.0000 0.0000 0.0000 0.0000 0.0000 0.0000],0.634062647819519,0.5853369407698288,1.0,0.0,0.37114029053109465,None
244,0.7310585975646973,0.9030040502548218,0.9242343902587891,1.612016201019287,[0.1000 0.1000 0.1000 0.1000 0.1000 0.1000 0.1000],[0.0000 0.0000 0.0000 0.0000 0.0000 0.0000 0.0000],0.634062647819519,0.5853369407698288,1.0,0.0,0.37114029053109465,None
244,0.7310585975646973,0.9030040502548218,0.9242343902587891,1.612016201019287,[0.1000 0.1000 0.1000 0.1000 0.1000 0.1000 0.1000],[0.0000 0.0000 0.0000 0.0000 0.0000 0.0000 0.0000],0.634062647819519,0.5853369407698288,1.0,0.0,0.37114029053109465,None
244,0.7310585975646973,0.9030040502548218,0.9242343902587891,1.612016201019287,[0.1000 0.1000 0.1000 0.1000 0.1000 0.1000 0.1000],[0.0000 0.0000 0.0000 0.0000 0.0000 0.0000 0.0000],0.634062647819519,0.5853369407698288,1.0,0.0,0.37114029053109465,None
244,0.7310585975646973,0.9030040502548218,0.9242343902587891,1.612016201019287,[0.1000 0.1000 0.1000 0.1000 0.1000 0.1000 0.1000],[0.0000 0.0000 0.0000 0.0000 0.0000 0.0000 0.0000],0.634062647819519,0.5853369407698288,1.0,0.0,0.37114029053109465,None
244,0.7310585975646973,0.9030040502548218,0.9242343902587891,1.612016201019287,[0.1000 0.1000 0.1000 0.1000 0.1000 0.1000 0.1000],[0.0000 0.0000 0.0000 0.0000 0.0000 0.0000 0.0000],0.634062647819519,0.5853369407698288,1.0,0.0,0.37114029053109465,None
244,0.7310585975646973,0.9030040502548218,0.9242343902587891,1.612016201019287,[0.1000 0.1000 0.1000 0.1000 0.1000 0.1000 0.1000],[0.0000 0.0000 0.0000 0.0000 0.0000 0.0000 0.0000],0.634062647819519,0.5853369407698288,1.0,0.0,0.37114029053109465,None
244,0.7310585975646973,0.9030040502548218,0.9242343902587891,1.612016201019287,[0.1000 0.1000 0.1000 0.1000 0.1000 0.1000 0.1000],[0.0000 0.0000 0.0000 0.0000 0.0000 0.0000 0.0000],0.634062647819519,0.5853369407698288,1.0,0.0,0.37114029053109465,None
244,0.7310585975646973,0.9030040502548218,0.9242343902587891,1.612016201019287,[0.1000 0.1000 0.1000 0.1000 0.1000 0.1000 0.1000],[0.0000 0.0000 0.0000 0.0000 0.0000 0.0000 0.0000],0.634062647819519,0.5853369407698288,1.0,0.0,0.37114029053109465,None
244,0.7310585975646973,0.9030040502548218,0.9242343902587891,1.612016201019287,[0.1000 0.1000 0.1000 0.1000 0.1000 0.1000 0.1000],[0.0000 0.0000 0.0000 0.0000 0.0000 0.0000 0.0000],0.634062647819519,0.5853369407698288,1.0,0.0,0.37114029053109465,None
244,0.7310585975646973,0.9030040502548218,0.9242343902587891,1.612016201019287,[0.1000 0.1000 0.1000 0.1000 0.1000 0.1000 0.1000],[0.0000 0.0000 0.0000 0.0000 0.0000 0.0000 0.0000],0.634062647819519,0.5853369407698288,1.0,0.0,0.37114029053109465,None
244,0.7310585975646973,0.9030040502548218,0.9242343902587891,1.612016201019287,[0.1000 0.1000 0.1000 0.1000 0.1000 0.1000 0.1000],[0.0000 0.0000 0.0000 0.0000 0.0000 0.0000 0.0000],0.634062647819519,0.5853369407698288,1.0,0.0,0.37114029053109465,None
244,0.7310585975646973,0.9030040502548218,0.9242343902587891,1.612016201019287,[0.1000 0.1000 0.1000 0.1000 0.1000 0.1000 0.1000],[0.0000 0.0000 0.0000 0.0000 0.0000 0.0000 0.0000],0.634062647819519,0.5853369407698288,1.0,0.0,0.37114029053109465,None
244,0.7310585975646973,0.9030040502548218,0.9242343902587891,1.612016201019287,[0.1000 0.1000 0.1000 0.1000 0.1000 0.1000 0.1000],[0.0000 0.0000 0.0000 0.0000 0.0000 0.0000 0.0000],0.634062647819519,0.5853369407698288,1.0,0.0,0.37114029053109465,None
244,0.7310585975646973,0.9030040502548218,0.9242343902587891,1.612016201019287,[0.1000 0.1000 0.1000 0.1000 0.1000 0.1000 0.1000],[0.0000 0.0000 0.0000 0.0000 0.0000 0.0000 0.0000],0.634062647819519,0.5853369407698288,1.0,0.0,0.37114029053109465,None
244,0.7310585975646973,0.9030040502548218,0.9242343902587891,1.612016201019287,[0.1000 0.1000 0.1000 0.1000 0.1000 0.1000 0.1000],[0.0000 0.0000 0.0000 0.0000 0.0000 0.0000 0.0000],0.634062647819519,0.5853369407698288,1.0,0.0,0.37114029053109465,None
244,0.7310585975646973,0.9030040502548218,0.9242343902587891,1.612016201019287,[0.1000 0.1000 0.1000 0.1000 0.1000 0.1000 0.1000],[0.0000 0.0000 0.0000 0.0000 0.0000 0.0000 0.0000],0.634062647819519,0.5853369407698288,1.0,0.0,0.37114029053109465,None
244,0.7310585975646973,0.9030040502548218,0.9242343902587891,1.612016201019287,[0.1000 0.1000 0.1000 0.1000 0.1000 0.1000 0.1000],[0.0000 0.0000 0.0000 0.0000 0.0000 0.0000 0.0000],0.634062647819519,0.5853369407698288,1.0,0.0,0.37114029053109465,None
244,0.7310585975646973,0.9030040502548218,0.9242343902587891,1.612016201019287,[0.1000 0.1000 0.1000 0.1000 0.1000 0.1000 0.1000],[0.0000 0.0000 0.0000 0.0000 0.0000 0.0000 0.0000],0.634062647819519,0.5853369407698288,1.0,0.0,0.37114029053109465,None
244,0.7310585975646973,0.9030040502548218,0.9242343902587891,1.612016201019287,[0.1000 0.1000 0.1000 0.1000 0.1000 0.1000 0.1000],[0.0000 0.0000 0.0000 0.0000 0.0000 0.0000 0.0000],0.634062647819519,0.5853369407698288,1.0,0.0,0.37114029053109465,None
244,0.7310585975646973,0.9030040502548218,0.9242343902587891,1.612016201019287,[0.1000 0.1000 0.1000 0.1000 0.1000 0.1000 0.1000],[0.0000 0.0000 0.0000 0.0000 0.0000 0.0000 0.0000],0.634062647819519,0.5853369407698288,1.0,0.0,0.37114029053109465,None
244,0.7310585975646973,0.9030040502548218,0.9242343902587891,1.612016201019287,[0.1000 0.1000 0.1000 0.1000 0.1000 0.1000 0.1000],[0.0000 0.0000 0.0000 0.0000 0.0000 0.0000 0.0000],0.634062647819519,0.5853369407698288,1.0,0.0,0.37114029053109465,None
244,0.7310585975646973,0.9030040502548218,0.9242343902587891,1.612016201019287,[0.1000 0.1000 0.1000 0.1000 0.1000 0.1000 0.1000],[0.0000 0.0000 0.0000 0.0000 0.0000 0.0000 0.0000],0.634062647819519,0.5853369407698288,1.0,0.0,0.37114029053109465,None
244,0.7310585975646973,0.9030040502548218,0.9242343902587891,1.612016201019287,[0.1000 0.1000 0.1000 0.1000 0.1000 0.1000 0.1000],[0.0000 0.0000 0.0000 0.0000 0.0000 0.0000 0.0000],0.634062647819519,0.5853369407698288,1.0,0.0,0.37114029053109465,None
244,0.7310585975646973,0.9030040502548218,0.9242343902587891,1.612016201019287,[0.1000 0.1000 0.1000 0.1000 0.1000 0.1000 0.1000],[0.0000 0.0000 0.0000 0.0000 0.0000 0.0000 0.0000],0.634062647819519,0.5853369407698288,1.0,0.0,0.37114029053109465,None
244,0.7310585975646973,0.9030040502548218,0.9242343902587891,1.612016201019287,[0.1000 0.1000 0.1000 0.1000 0.1000 0.1000 0.1000],[0.0000 0.0000 0.0000 0.0000 0.0000 0.0000 0.0000],0.634062647819519,0.5853369407698288,1.0,0.0,0.37114029053109465,None
244,0.7310585975646973,0.9030040502548218,0.9242343902587891,1.612016201019287,[0.1000 0.1000 0.1000 0.1000 0.1000 0.1000 0.1000],[0.0000 0.0000 0.0000 0.0000 0.0000 0.0000 0.0000],0.634062647819519,0.5853369407698288,1.0,0.0,0.37114029053109465,None
244,0.7310585975646973,0.9030040502548218,0.9242343902587891,1.612016201019287,[0.1000 0.1000 0.1000 0.1000 0.1000 0.1000 0.1000],[0.0000 0.0000 0.0000 0.0000 0.0000 0.0000 0.0000],0.634062647819519,0.5853369407698288,1.0,0.0,0.37114029053109465,None
244,0.7310585975646973,0.9030040502548218,0.9242343902587891,1.612016201019287,[0.1000 0.1000 0.1000 0.1000 0.1000 0.1000 0.1000],[0.0000 0.0000 0.0000 0.0000 0.0000 0.0000 0.0000],0.634062647819519,0.5853369407698288,1.0,0.0,0.37114029053109465,None
244,0.7310585975646973,0.9030040502548218,0.9242343902587891,1.612016201019287,[0.1000 0.1000 0.1000 0.1000 0.1000 0.1000 0.1000],[0.0000 0.0000 0.0000 0.0000 0.0000 0.0000 0.0000],0.634062647819519,0.5853369407698288,1.0,0.0,0.37114029053109465,None
244,0.7310585975646973,0.9030040502548218,0.9242343902587891,1.612016201019287,[0.1000 0.1000 0.1000 0.1000 0.1000 0.1000 0.1000],[0.0000 0.0000 0.0000 0.0000 0.0000 0.0000 0.0000],0.634062647819519,0.5853369407698288,1.0,0.0,0.37114029053109465,None
244,0.7310585975646973,0.9030040502548218,0.9242343902587891,1.612016201019287,[0.1000 0.1000 0.1000 0.1000 0.1000 0.1000 0.1000],[0.0000 0.0000 0.0000 0.0000 0.0000 0.0000 0.0000],0.634062647819519,0.5853369407698288,1.0,0.0,0.37114029053109465,None
244,0.7310585975646973,0.9030040502548218,0.9242343902587891,1.612016201019287,[0.1000 0.1000 0.1000 0.1000 0.1000 0.1000 0.1000],[0.0000 0.0000 0.0000 0.0000 0.0000 0.0000 0.0000],0.634062647819519,0.5853369407698288,1.0,0.0,0.37114029053109465,None
244,0.7310585975646973,0.9030040502548218,0.9242343902587891,1.612016201019287,[0.1000 0.1000 0.1000 0.1000 0.1000 0.1000 0.1000],[0.0000 0.0000 0.0000 0.0000 0.0000 0.0000 0.0000],0.634062647819519,0.5853369407698288,1.0,0.0,0.37114029053109465,None
244,0.7310585975646973,0.9030040502548218,0.9242343902587891,1.612016201019287,[0.1000 0.1000 0.1000 0.1000 0.1000 0.1000 0.1000],[0.0000 0.0000 0.0000 0.0000 0.0000 0.0000 0.0000],0.634062647819519,0.5853369407698288,1.0,0.0,0.37114029053109465,None
244,0.7310585975646973,0.9030040502548218,0.9242343902587891,1.612016201019287,[0.1000 0.1000 0.1000 0.1000 0.1000 0.1000 0.1000],[0.0000 0.0000 0.0000 0.0000 0.0000 0.0000 0.0000],0.634062647819519,0.5853369407698288,1.0,0.0,0.37114029053109465,None
244,0.7310585975646973,0.9030040502548218,0.9242343902587891,1.612016201019287,[0.1000 0.1000 0.1000 0.1000 0.1000 0.1000 0.1000],[0.0000 0.0000 0.0000 0.0000 0.0000 0.0000 0.0000],0.634062647819519,0.5853369407698288,1.0,0.0,0.37114029053109465,None
244,0.7310585975646973,0.9030040502548218,0.9242343902587891,1.612016201019287,[0.1000 0.1000 0.1000 0.1000 0.1000 0.1000 0.1000],[0.0000 0.0000 0.0000 0.0000 0.0000 0.0000 0.0000],0.634062647819519,0.5853369407698288,1.0,0.0,0.37114029053109465,None
244,0.7310585975646973,0.9030040502548218,0.9242343902587891,1.612016201019287,[0.1000 0.1000 0.1000 0.1000 0.1000 0.1000 0.1000],[0.0000 0.0000 0.0000 0.0000 0.0000 0.0000 0.0000],0.634062647819519,0.5853369407698288,1.0,0.0,0.37114029053109465,None
244,0.7310585975646973,0.9030040502548218,0.9242343902587891,1.612016201019287,[0.1000 0.1000 0.1000 0.1000 0.1000 0.1000 0.1000],[0.0000 0.0000 0.0000 0.0000 0.0000 0.0000 0.0000],0.634062647819519,0.5853369407698288,1.0,0.0,0.37114029053109465,None
244,0.7310585975646973,0.9030040502548218,0.9242343902587891,1.612016201019287,[0.1000 0.1000 0.1000 0.1000 0.1000 0.1000 0.1000],[0.0000 0.0000 0.0000 0.0000 0.0000 0.0000 0.0000],0.634062647819519,0.5853369407698288,1.0,0.0,0.37114029053109465,None
244,0.7310585975646973,0.9030040502548218,0.9242343902587891,1.612016201019287,[0.1000 0.1000 0.1000 0.1000 0.1000 0.1000 0.1000],[0.0000 0.0000 0.0000 0.0000 0.0000 0.0000 0.0000],0.634062647819519,0.5853369407698288,1.0,0.0,0.37114029053109465,None
244,0.7310585975646973,0.9030040502548218,0.9242343902587891,1.612016201019287,[0.1000 0.1000 0.1000 0.1000 0.1000 0.1000 0.1000],[0.0000 0.0000 0.0000 0.0000 0.0000 0.0000 0.0000],0.634062647819519,0.5853369407698288,1.0,0.0,0.37114029053109465,None
244,0.7310585975646973,0.9030040502548218,0.9242343902587891,1.612016201019287,[0.1000 0.1000 0.1000 0.1000 0.1000 0.1000 0.1000],[0.0000 0.0000 0.0000 0.0000 0.0000 0.0000 0.0000],0.634062647819519,0.5853369407698288,1.0,0.0,0.37114029053109465,None
244,0.7310585975646973,0.9030040502548218,0.9242343902587891,1.612016201019287,[0.1000 0.1000 0.1000 0.1000 0.1000 0.1000 0.1000],[0.0000 0.0000 0.0000 0.0000 0.0000 0.0000 0.0000],0.634062647819519,0.5853369407698288,1.0,0.0,0.37114029053109465,None
244,0.7310585975646973,0.9030040502548218,0.9242343902587891,1.612016201019287,[0.1000 0.1000 0.1000 0.1000 0.1000 0.1000 0.1000],[0.0000 0.0000 0.0000 0.0000 0.0000 0.0000 0.0000],0.634062647819519,0.5853369407698288,1.0,0.0,0.37114029053109465,None
244,0.7310585975646973,0.9030040502548218,0.9242343902587891,1.612016201019287,[0.1000 0.1000 0.1000 0.1000 0.1000 0.1000 0.1000],[0.0000 0.0000 0.0000 0.0000 0.0000 0.0000 0.0000],0.634062647819519,0.5853369407698288,1.0,0.0,0.37114029053109465,None
244,0.7310585975646973,0.9030040502548218,0.9242343902587891,1.612016201019287,[0.1000 0.1000 0.1000 0.1000 0.1000 0.1000 0.1000],[0.0000 0.0000 0.0000 0.0000 0.0000 0.0000 0.0000],0.634062647819519,0.5853369407698288,1.0,0.0,0.37114029053109465,None
244,0.7310585975646973,0.9030040502548218,0.9242343902587891,1.612016201019287,[0.1000 0.1000 0.1000 0.1000 0.1000 0.1000 0.1000],[0.0000 0.0000 0.0000 0.0000 0.0000 0.0000 0.0000],0.634062647819519,0.5853369407698288,1.0,0.0,0.37114029053109465,None
244,0.7310585975646973,0.9030040502548218,0.9242343902587891,1.612016201019287,[0.1000 0.1000 0.1000 0.1000 0.1000 0.1000 0.1000],[0.0000 0.0000 0.0000 0.0000 0.0000 0.0000 0.0000],0.634062647819519,0.5853369407698288,1.0,0.0,0.37114029053109465,None
244,0.7310585975646973,0.9030040502548218,0.9242343902587891,1.612016201019287,[0.1000 0.1000 0.1000 0.1000 0.1000 0.1000 0.1000],[0.0000 0.0000 0.0000 0.0000 0.0000 0.0000 0.0000],0.634062647819519,0.5853369407698288,1.0,0.0,0.37114029053109465,None
244,0.7310585975646973,0.9030040502548218,0.9242343902587891,1.612016201019287,[0.1000 0.1000 0.1000 0.1000 0.1000 0.1000 0.1000],[0.0000 0.0000 0.0000 0.0000 0.0000 0.0000 0.0000],0.634062647819519,0.5853369407698288,1.0,0.0,0.37114029053109465,None
244,0.7310585975646973,0.9030040502548218,0.9242343902587891,1.612016201019287,[0.1000 0.1000 0.1000 0.1000 0.1000 0.1000 0.1000],[0.0000 0.0000 0.0000 0.0000 0.0000 0.0000 0.0000],0.634062647819519,0.5853369407698288,1.0,0.0,0.37114029053109465,None
244,0.7310585975646973,0.9030040502548218,0.9242343902587891,1.612016201019287,[0.1000 0.1000 0.1000 0.1000 0.1000 0.1000 0.1000],[0.0000 0.0000 0.0000 0.0000 0.0000 0.0000 0.0000],0.634062647819519,0.5853369407698288,1.0,0.0,0.37114029053109465,None
244,0.7310585975646973,0.9030040502548218,0.9242343902587891,1.612016201019287,[0.1000 0.1000 0.1000 0.1000 0.1000 0.1000 0.1000],[0.0000 0.0000 0.0000 0.0000 0.0000 0.0000 0.0000],0.634062647819519,0.5853369407698288,1.0,0.0,0.37114029053109465,None
244,0.7310585975646973,0.9030040502548218,0.9242343902587891,1.612016201019287,[0.1000 0.1000 0.1000 0.1000 0.1000 0.1000 0.1000],[0.0000 0.0000 0.0000 0.0000 0.0000 0.0000 0.0000],0.634062647819519,0.5853369407698288,1.0,0.0,0.37114029053109465,None
244,0.7310585975646973,0.9030040502548218,0.9242343902587891,1.612016201019287,[0.1000 0.1000 0.1000 0.1000 0.1000 0.1000 0.1000],[0.0000 0.0000 0.0000 0.0000 0.0000 0.0000 0.0000],0.634062647819519,0.5853369407698288,1.0,0.0,0.37114029053109465,None
244,0.7310585975646973,0.9030040502548218,0.9242343902587891,1.612016201019287,[0.1000 0.1000 0.1000 0.1000 0.1000 0.1000 0.1000],[0.0000 0.0000 0.0000 0.0000 0.0000 0.0000 0.0000],0.634062647819519,0.5853369407698288,1.0,0.0,0.37114029053109465,None
244,0.7310585975646973,0.9030040502548218,0.9242343902587891,1.612016201019287,[0.1000 0.1000 0.1000 0.1000 0.1000 0.1000 0.1000],[0.0000 0.0000 0.0000 0.0000 0.0000 0.0000 0.0000],0.634062647819519,0.5853369407698288,1.0,0.0,0.37114029053109465,None
244,0.7310585975646973,0.9030040502548218,0.9242343902587891,1.612016201019287,[0.1000 0.1000 0.1000 0.1000 0.1000 0.1000 0.1000],[0.0000 0.0000 0.0000 0.0000 0.0000 0.0000 0.0000],0.634062647819519,0.5853369407698288,1.0,0.0,0.37114029053109465,None
244,0.7310585975646973,0.9030040502548218,0.9242343902587891,1.612016201019287,[0.1000 0.1000 0.1000 0.1000 0.1000 0.1000 0.1000],[0.0000 0.0000 0.0000 0.0000 0.0000 0.0000 0.0000],0.634062647819519,0.5853369407698288,1.0,0.0,0.37114029053109465,None
244,0.7310585975646973,0.9030040502548218,0.9242343902587891,1.612016201019287,[0.1000 0.1000 0.1000 0.1000 0.1000 0.1000 0.1000],[0.0000 0.0000 0.0000 0.0000 0.0000 0.0000 0.0000],0.634062647819519,0.5853369407698288,1.0,0.0,0.37114029053109465,None
244,0.7310585975646973,0.9030040502548218,0.9242343902587891,1.612016201019287,[0.1000 0.1000 0.1000 0.1000 0.1000 0.1000 0.1000],[0.0000 0.0000 0.0000 0.0000 0.0000 0.0000 0.0000],0.634062647819519,0.5853369407698288,1.0,0.0,0.37114029053109465,None
244,0.7310585975646973,0.9030040502548218,0.9242343902587891,1.612016201019287,[0.1000 0.1000 0.1000 0.1000 0.1000 0.1000 0.1000],[0.0000 0.0000 0.0000 0.0000 0.0000 0.0000 0.0000],0.634062647819519,0.5853369407698288,1.0,0.0,0.37114029053109465,None
244,0.7310585975646973,0.9030040502548218,0.9242343902587891,1.612016201019287,[0.1000 0.1000 0.1000 0.1000 0.1000 0.1000 0.1000],[0.0000 0.0000 0.0000 0.0000 0.0000 0.0000 0.0000],0.634062647819519,0.5853369407698288,1.0,0.0,0.37114029053109465,None
244,0.7310585975646973,0.9030040502548218,0.9242343902587891,1.612016201019287,[0.1000 0.1000 0.1000 0.1000 0.1000 0.1000 0.1000],[0.0000 0.0000 0.0000 0.0000 0.0000 0.0000 0.0000],0.634062647819519,0.5853369407698288,1.0,0.0,0.37114029053109465,None
244,0.7310585975646973,0.9030040502548218,0.9242343902587891,1.612016201019287,[0.1000 0.1000 0.1000 0.1000 0.1000 0.1000 0.1000],[0.0000 0.0000 0.0000 0.0000 0.0000 0.0000 0.0000],0.634062647819519,0.5853369407698288,1.0,0.0,0.37114029053109465,None
244,0.7310585975646973,0.9030040502548218,0.9242343902587891,1.612016201019287,[0.1000 0.1000 0.1000 0.1000 0.1000 0.1000 0.1000],[0.0000 0.0000 0.0000 0.0000 0.0000 0.0000 0.0000],0.634062647819519,0.5853369407698288,1.0,0.0,0.37114029053109465,None
244,0.7310585975646973,0.9030040502548218,0.9242343902587891,1.612016201019287,[0.1000 0.1000 0.1000 0.1000 0.1000 0.1000 0.1000],[0.0000 0.0000 0.0000 0.0000 0.0000 0.0000 0.0000],0.634062647819519,0.5853369407698288,1.0,0.0,0.37114029053109465,None
244,0.7310585975646973,0.9030040502548218,0.9242343902587891,1.612016201019287,[0.1000 0.1000 0.1000 0.1000 0.1000 0.1000 0.1000],[0.0000 0.0000 0.0000 0.0000 0.0000 0.0000 0.0000],0.634062647819519,0.5853369407698288,1.0,0.0,0.37114029053109465,None
244,0.7310585975646973,0.9030040502548218,0.9242343902587891,1.612016201019287,[0.1000 0.1000 0.1000 0.1000 0.1000 0.1000 0.1000],[0.0000 0.0000 0.0000 0.0000 0.0000 0.0000 0.0000],0.634062647819519,0.5853369407698288,1.0,0.0,0.37114029053109465,None
244,0.7310585975646973,0.9030040502548218,0.9242343902587891,1.612016201019287,[0.1000 0.1000 0.1000 0.1000 0.1000 0.1000 0.1000],[0.0000 0.0000 0.0000 0.0000 0.0000 0.0000 0.0000],0.634062647819519,0.5853369407698288,1.0,0.0,0.37114029053109465,None
244,0.7310585975646973,0.9030040502548218,0.9242343902587891,1.612016201019287,[0.1000 0.1000 0.1000 0.1000 0.1000 0.1000 0.1000],[0.0000 0.0000 0.0000 0.0000 0.0000 0.0000 0.0000],0.634062647819519,0.5853369407698288,1.0,0.0,0.37114029053109465,None
244,0.7310585975646973,0.9030040502548218,0.9242343902587891,1.612016201019287,[0.1000 0.1000 0.1000 0.1000 0.1000 0.1000 0.1000],[0.0000 0.0000 0.0000 0.0000 0.0000 0.0000 0.0000],0.634062647819519,0.5853369407698288,1.0,0.0,0.37114029053109465,None
244,0.7310585975646973,0.9030040502548218,0.9242343902587891,1.612016201019287,[0.1000 0.1000 0.1000 0.1000 0.1000 0.1000 0.1000],[0.0000 0.0000 0.0000 0.0000 0.0000 0.0000 0.0000],0.634062647819519,0.5853369407698288,1.0,0.0,0.37114029053109465,None
244,0.7310585975646973,0.9030040502548218,0.9242343902587891,1.612016201019287,[0.1000 0.1000 0.1000 0.1000 0.1000 0.1000 0.1000],[0.0000 0.0000 0.0000 0.0000 0.0000 0.0000 0.0000],0.634062647819519,0.5853369407698288,1.0,0.0,0.37114029053109465,None
244,0.7310585975646973,0.9030040502548218,0.9242343902587891,1.612016201019287,[0.1000 0.1000 0.1000 0.1000 0.1000 0.1000 0.1000],[0.0000 0.0000 0.0000 0.0000 0.0000 0.0000 0.0000],0.634062647819519,0.5853369407698288,1.0,0.0,0.37114029053109465,None
244,0.7310585975646973,0.9030040502548218,0.9242343902587891,1.612016201019287,[0.1000 0.1000 0.1000 0.1000 0.1000 0.1000 0.1000],[0.0000 0.0000 0.0000 0.0000 0.0000 0.0000 0.0000],0.634062647819519,0.5853369407698288,1.0,0.0,0.37114029053109465,None
244,0.7310585975646973,0.9030040502548218,0.9242343902587891,1.612016201019287,[0.1000 0.1000 0.1000 0.1000 0.1000 0.1000 0.1000],[0.0000 0.0000 0.0000 0.0000 0.0000 0.0000 0.0000],0.634062647819519,0.5853369407698288,1.0,0.0,0.37114029053109465,None
244,0.7310585975646973,0.9030040502548218,0.9242343902587891,1.612016201019287,[0.1000 0.1000 0.1000 0.1000 0.1000 0.1000 0.1000],[0.0000 0.0000 0.0000 0.0000 0.0000 0.0000 0.0000],0.634062647819519,0.5853369407698288,1.0,0.0,0.37114029053109465,None
244,0.7310585975646973,0.9030040502548218,0.9242343902587891,1.612016201019287,[0.1000 0.1000 0.1000 0.1000 0.1000 0.1000 0.1000],[0.0000 0.0000 0.0000 0.0000 0.0000 0.0000 0.0000],0.634062647819519,0.5853369407698288,1.0,0.0,0.37114029053109465,None
244,0.7310585975646973,0.9030040502548218,0.9242343902587891,1.612016201019287,[0.1000 0.1000 0.1000 0.1000 0.1000 0.1000 0.1000],[0.0000 0.0000 0.0000 0.0000 0.0000 0.0000 0.0000],0.634062647819519,0.5853369407698288,1.0,0.0,0.37114029053109465,None
244,0.7310585975646973,0.9030040502548218,0.9242343902587891,1.612016201019287,[0.1000 0.1000 0.1000 0.1000 0.1000 0.1000 0.1000],[0.0000 0.0000 0.0000 0.0000 0.0000 0.0000 0.0000],0.634062647819519,0.5853369407698288,1.0,0.0,0.37114029053109465,None
244,0.7310585975646973,0.9030040502548218,0.9242343902587891,1.612016201019287,[0.1000 0.1000 0.1000 0.1000 0.1000 0.1000 0.1000],[0.0000 0.0000 0.0000 0.0000 0.0000 0.0000 0.0000],0.634062647819519,0.5853369407698288,1.0,0.0,0.37114029053109465,None
244,0.7310585975646973,0.9030040502548218,0.9242343902587891,1.612016201019287,[0.1000 0.1000 0.1000 0.1000 0.1000 0.1000 0.1000],[0.0000 0.0000 0.0000 0.0000 0.0000 0.0000 0.0000],0.634062647819519,0.5853369407698288,1.0,0.0,0.37114029053109465,None
244,0.7310585975646973,0.9030040502548218,0.9242343902587891,1.612016201019287,[0.1000 0.1000 0.1000 0.1000 0.1000 0.1000 0.1000],[0.0000 0.0000 0.0000 0.0000 0.0000 0.0000 0.0000],0.634062647819519,0.5853369407698288,1.0,0.0,0.37114029053109465,None
244,0.7310585975646973,0.9030040502548218,0.9242343902587891,1.612016201019287,[0.1000 0.1000 0.1000 0.1000 0.1000 0.1000 0.1000],[0.0000 0.0000 0.0000 0.0000 0.0000 0.0000 0.0000],0.634062647819519,0.5853369407698288,1.0,0.0,0.37114029053109465,None
244,0.7310585975646973,0.9030040502548218,0.9242343902587891,1.612016201019287,[0.1000 0.1000 0.1000 0.1000 0.1000 0.1000 0.1000],[0.0000 0.0000 0.0000 0.0000 0.0000 0.0000 0.0000],0.634062647819519,0.5853369407698288,1.0,0.0,0.37114029053109465,None
244,0.7310585975646973,0.9030040502548218,0.9242343902587891,1.612016201019287,[0.1000 0.1000 0.1000 0.1000 0.1000 0.1000 0.1000],[0.0000 0.0000 0.0000 0.0000 0.0000 0.0000 0.0000],0.634062647819519,0.5853369407698288,1.0,0.0,0.37114029053109465,None
244,0.7310585975646973,0.9030040502548218,0.9242343902587891,1.612016201019287,[0.1000 0.1000 0.1000 0.1000 0.1000 0.1000 0.1000],[0.0000 0.0000 0.0000 0.0000 0.0000 0.0000 0.0000],0.634062647819519,0.5853369407698288,1.0,0.0,0.37114029053109465,None
244,0.7310585975646973,0.9030040502548218,0.9242343902587891,1.612016201019287,[0.1000 0.1000 0.1000 0.1000 0.1000 0.1000 0.1000],[0.0000 0.0000 0.0000 0.0000 0.0000 0.0000 0.0000],0.634062647819519,0.5853369407698288,1.0,0.0,0.37114029053109465,None
244,0.7310585975646973,0.9030040502548218,0.9242343902587891,1.612016201019287,[0.1000 0.1000 0.1000 0.1000 0.1000 0.1000 0.1000],[0.0000 0.0000 0.0000 0.0000 0.0000 0.0000 0.0000],0.634062647819519,0.5853369407698288,1.0,0.0,0.37114029053109465,None
244,0.7310585975646973,0.9030040502548218,0.9242343902587891,1.612016201019287,[0.1000 0.1000 0.1000 0.1000 0.1000 0.1000 0.1000],[0.0000 0.0000 0.0000 0.0000 0.0000 0.0000 0.0000],0.634062647819519,0.5853369407698288,1.0,0.0,0.37114029053109465,None
244,0.7310585975646973,0.9030040502548218,0.9242343902587891,1.612016201019287,[0.1000 0.1000 0.1000 0.1000 0.1000 0.1000 0.1000],[0.0000 0.0000 0.0000 0.0000 0.0000 0.0000 0.0000],0.634062647819519,0.5853369407698288,1.0,0.0,0.37114029053109465,None
244,0.7310585975646973,0.9030040502548218,0.9242343902587891,1.612016201019287,[0.1000 0.1000 0.1000 0.1000 0.1000 0.1000 0.1000],[0.0000 0.0000 0.0000 0.0000 0.0000 0.0000 0.0000],0.634062647819519,0.5853369407698288,1.0,0.0,0.37114029053109465,None
244,0.7310585975646973,0.9030040502548218,0.9242343902587891,1.612016201019287,[0.1000 0.1000 0.1000 0.1000 0.1000 0.1000 0.1000],[0.0000 0.0000 0.0000 0.0000 0.0000 0.0000 0.0000],0.634062647819519,0.5853369407698288,1.0,0.0,0.37114029053109465,None
244,0.7310585975646973,0.9030040502548218,0.9242343902587891,1.612016201019287,[0.1000 0.1000 0.1000 0.1000 0.1000 0.1000 0.1000],[0.0000 0.0000 0.0000 0.0000 0.0000 0.0000 0.0000],0.634062647819519,0.5853369407698288,1.0,0.0,0.37114029053109465,None
244,0.7310585975646973,0.9030040502548218,0.9242343902587891,1.612016201019287,[0.1000 0.1000 0.1000 0.1000 0.1000 0.1000 0.1000],[0.0000 0.0000 0.0000 0.0000 0.0000 0.0000 0.0000],0.634062647819519,0.5853369407698288,1.0,0.0,0.37114029053109465,None
244,0.7310585975646973,0.9030040502548218,0.9242343902587891,1.612016201019287,[0.1000 0.1000 0.1000 0.1000 0.1000 0.1000 0.1000],[0.0000 0.0000 0.0000 0.0000 0.0000 0.0000 0.0000],0.634062647819519,0.5853369407698288,1.0,0.0,0.37114029053109465,None
244,0.7310585975646973,0.9030040502548218,0.9242343902587891,1.612016201019287,[0.1000 0.1000 0.1000 0.1000 0.1000 0.1000 0.1000],[0.0000 0.0000 0.0000 0.0000 0.0000 0.0000 0.0000],0.634062647819519,0.5853369407698288,1.0,0.0,0.37114029053109465,None
244,0.7310585975646973,0.9030040502548218,0.9242343902587891,1.612016201019287,[0.1000 0.1000 0.1000 0.1000 0.1000 0.1000 0.1000],[0.0000 0.0000 0.0000 0.0000 0.0000 0.0000 0.0000],0.634062647819519,0.5853369407698288,1.0,0.0,0.37114029053109465,None
244,0.7310585975646973,0.9030040502548218,0.9242343902587891,1.612016201019287,[0.1000 0.1000 0.1000 0.1000 0.1000 0.1000 0.1000],[0.0000 0.0000 0.0000 0.0000 0.0000 0.0000 0.0000],0.634062647819519,0.5853369407698288,1.0,0.0,0.37114029053109465,None
244,0.7310585975646973,0.9030040502548218,0.9242343902587891,1.612016201019287,[0.1000 0.1000 0.1000 0.1000 0.1000 0.1000 0.1000],[0.0000 0.0000 0.0000 0.0000 0.0000 0.0000 0.0000],0.634062647819519,0.5853369407698288,1.0,0.0,0.37114029053109465,None
244,0.7310585975646973,0.9030040502548218,0.9242343902587891,1.612016201019287,[0.1000 0.1000 0.1000 0.1000 0.1000 0.1000 0.1000],[0.0000 0.0000 0.0000 0.0000 0.0000 0.0000 0.0000],0.634062647819519,0.5853369407698288,1.0,0.0,0.37114029053109465,None
244,0.7310585975646973,0.9030040502548218,0.9242343902587891,1.612016201019287,[0.1000 0.1000 0.1000 0.1000 0.1000 0.1000 0.1000],[0.0000 0.0000 0.0000 0.0000 0.0000 0.0000 0.0000],0.634062647819519,0.5853369407698288,1.0,0.0,0.37114029053109465,None
244,0.7310585975646973,0.9030040502548218,0.9242343902587891,1.612016201019287,[0.1000 0.1000 0.1000 0.1000 0.1000 0.1000 0.1000],[0.0000 0.0000 0.0000 0.0000 0.0000 0.0000 0.0000],0.634062647819519,0.5853369407698288,1.0,0.0,0.37114029053109465,None
244,0.7310585975646973,0.9030040502548218,0.9242343902587891,1.612016201019287,[0.1000 0.1000 0.1000 0.1000 0.1000 0.1000 0.1000],[0.0000 0.0000 0.0000 0.0000 0.0000 0.0000 0.0000],0.634062647819519,0.5853369407698288,1.0,0.0,0.37114029053109465,None
244,0.7310585975646973,0.9030040502548218,0.9242343902587891,1.612016201019287,[0.1000 0.1000 0.1000 0.1000 0.1000 0.1000 0.1000],[0.0000 0.0000 0.0000 0.0000 0.0000 0.0000 0.0000],0.634062647819519,0.5853369407698288,1.0,0.0,0.37114029053109465,None
244,0.7310585975646973,0.9030040502548218,0.9242343902587891,1.612016201019287,[0.1000 0.1000 0.1000 0.1000 0.1000 0.1000 0.1000],[0.0000 0.0000 0.0000 0.0000 0.0000 0.0000 0.0000],0.634062647819519,0.5853369407698288,1.0,0.0,0.37114029053109465,None
244,0.7310585975646973,0.9030040502548218,0.9242343902587891,1.612016201019287,[0.1000 0.1000 0.1000 0.1000 0.1000 0.1000 0.1000],[0.0000 0.0000 0.0000 0.0000 0.0000 0.0000 0.0000],0.634062647819519,0.5853369407698288,1.0,0.0,0.37114029053109465,None
244,0.7310585975646973,0.9030040502548218,0.9242343902587891,1.612016201019287,[0.1000 0.1000 0.1000 0.1000 0.1000 0.1000 0.1000],[0.0000 0.0000 0.0000 0.0000 0.0000 0.0000 0.0000],0.634062647819519,0.5853369407698288,1.0,0.0,0.37114029053109465,None
244,0.7310585975646973,0.9030040502548218,0.9242343902587891,1.612016201019287,[0.1000 0.1000 0.1000 0.1000 0.1000 0.1000 0.1000],[0.0000 0.0000 0.0000 0.0000 0.0000 0.0000 0.0000],0.634062647819519,0.5853369407698288,1.0,0.0,0.37114029053109465,None
244,0.7310585975646973,0.9030040502548218,0.9242343902587891,1.612016201019287,[0.1000 0.1000 0.1000 0.1000 0.1000 0.1000 0.1000],[0.0000 0.0000 0.0000 0.0000 0.0000 0.0000 0.0000],0.634062647819519,0.5853369407698288,1.0,0.0,0.37114029053109465,None
244,0.7310585975646973,0.9030040502548218,0.9242343902587891,1.612016201019287,[0.1000 0.1000 0.1000 0.1000 0.1000 0.1000 0.1000],[0.0000 0.0000 0.0000 0.0000 0.0000 0.0000 0.0000],0.634062647819519,0.5853369407698288,1.0,0.0,0.37114029053109465,None
244,0.7310585975646973,0.9030040502548218,0.9242343902587891,1.612016201019287,[0.1000 0.1000 0.1000 0.1000 0.1000 0.1000 0.1000],[0.0000 0.0000 0.0000 0.0000 0.0000 0.0000 0.0000],0.634062647819519,0.5853369407698288,1.0,0.0,0.37114029053109465,None
244,0.7310585975646973,0.9030040502548218,0.9242343902587891,1.612016201019287,[0.1000 0.1000 0.1000 0.1000 0.1000 0.1000 0.1000],[0.0000 0.0000 0.0000 0.0000 0.0000 0.0000 0.0000],0.634062647819519,0.5853369407698288,1.0,0.0,0.37114029053109465,None
244,0.7310585975646973,0.9030040502548218,0.9242343902587891,1.612016201019287,[0.1000 0.1000 0.1000 0.1000 0.1000 0.1000 0.1000],[0.0000 0.0000 0.0000 0.0000 0.0000 0.0000 0.0000],0.634062647819519,0.5853369407698288,1.0,0.0,0.37114029053109465,None
244,0.7310585975646973,0.9030040502548218,0.9242343902587891,1.612016201019287,[0.1000 0.1000 0.1000 0.1000 0.1000 0.1000 0.1000],[0.0000 0.0000 0.0000 0.0000 0.0000 0.0000 0.0000],0.634062647819519,0.5853369407698288,1.0,0.0,0.37114029053109465,None
244,0.7310585975646973,0.9030040502548218,0.9242343902587891,1.612016201019287,[0.1000 0.1000 0.1000 0.1000 0.1000 0.1000 0.1000],[0.0000 0.0000 0.0000 0.0000 0.0000 0.0000 0.0000],0.634062647819519,0.5853369407698288,1.0,0.0,0.37114029053109465,None
244,0.7310585975646973,0.9030040502548218,0.9242343902587891,1.612016201019287,[0.1000 0.1000 0.1000 0.1000 0.1000 0.1000 0.1000],[0.0000 0.0000 0.0000 0.0000 0.0000 0.0000 0.0000],0.634062647819519,0.5853369407698288,1.0,0.0,0.37114029053109465,None
244,0.7310585975646973,0.9030040502548218,0.9242343902587891,1.612016201019287,[0.1000 0.1000 0.1000 0.1000 0.1000 0.1000 0.1000],[0.0000 0.0000 0.0000 0.0000 0.0000 0.0000 0.0000],0.634062647819519,0.5853369407698288,1.0,0.0,0.37114029053109465,None
244,0.7310585975646973,0.9030040502548218,0.9242343902587891,1.612016201019287,[0.1000 0.1000 0.1000 0.1000 0.1000 0.1000 0.1000],[0.0000 0.0000 0.0000 0.0000 0.0000 0.0000 0.0000],0.634062647819519,0.5853369407698288,1.0,0.0,0.37114029053109465,None
244,0.7310585975646973,0.9030040502548218,0.9242343902587891,1.612016201019287,[0.1000 0.1000 0.1000 0.1000 0.1000 0.1000 0.1000],[0.0000 0.0000 0.0000 0.0000 0.0000 0.0000 0.0000],0.634062647819519,0.5853369407698288,1.0,0.0,0.37114029053109465,None
244,0.7310585975646973,0.9030040502548218,0.9242343902587891,1.612016201019287,[0.1000 0.1000 0.1000 0.1000 0.1000 0.1000 0.1000],[0.0000 0.0000 0.0000 0.0000 0.0000 0.0000 0.0000],0.634062647819519,0.5853369407698288,1.0,0.0,0.37114029053109465,None
244,0.7310585975646973,0.9030040502548218,0.9242343902587891,1.612016201019287,[0.1000 0.1000 0.1000 0.1000 0.1000 0.1000 0.1000],[0.0000 0.0000 0.0000 0.0000 0.0000 0.0000 0.0000],0.634062647819519,0.5853369407698288,1.0,0.0,0.37114029053109465,None
244,0.7310585975646973,0.9030040502548218,0.9242343902587891,1.612016201019287,[0.1000 0.1000 0.1000 0.1000 0.1000 0.1000 0.1000],[0.0000 0.0000 0.0000 0.0000 0.0000 0.0000 0.0000],0.634062647819519,0.5853369407698288,1.0,0.0,0.37114029053109465,None
244,0.7310585975646973,0.9030040502548218,0.9242343902587891,1.612016201019287,[0.1000 0.1000 0.1000 0.1000 0.1000 0.1000 0.1000],[0.0000 0.0000 0.0000 0.0000 0.0000 0.0000 0.0000],0.634062647819519,0.5853369407698288,1.0,0.0,0.37114029053109465,None
244,0.7310585975646973,0.9030040502548218,0.9242343902587891,1.612016201019287,[0.1000 0.1000 0.1000 0.1000 0.1000 0.1000 0.1000],[0.0000 0.0000 0.0000 0.0000 0.0000 0.0000 0.0000],0.634062647819519,0.5853369407698288,1.0,0.0,0.37114029053109465,None
244,0.7310585975646973,0.9030040502548218,0.9242343902587891,1.612016201019287,[0.1000 0.1000 0.1000 0.1000 0.1000 0.1000 0.1000],[0.0000 0.0000 0.0000 0.0000 0.0000 0.0000 0.0000],0.634062647819519,0.5853369407698288,1.0,0.0,0.37114029053109465,None
244,0.7310585975646973,0.9030040502548218,0.9242343902587891,1.612016201019287,[0.1000 0.1000 0.1000 0.1000 0.1000 0.1000 0.1000],[0.0000 0.0000 0.0000 0.0000 0.0000 0.0000 0.0000],0.634062647819519,0.5853369407698288,1.0,0.0,0.37114029053109465,None
244,0.7310585975646973,0.9030040502548218,0.9242343902587891,1.612016201019287,[0.1000 0.1000 0.1000 0.1000 0.1000 0.1000 0.1000],[0.0000 0.0000 0.0000 0.0000 0.0000 0.0000 0.0000],0.634062647819519,0.5853369407698288,1.0,0.0,0.37114029053109465,None
244,0.7310585975646973,0.9030040502548218,0.9242343902587891,1.612016201019287,[0.1000 0.1000 0.1000 0.1000 0.1000 0.1000 0.1000],[0.0000 0.0000 0.0000 0.0000 0.0000 0.0000 0.0000],0.634062647819519,0.5853369407698288,1.0,0.0,0.37114029053109465,None
244,0.7310585975646973,0.9030040502548218,0.9242343902587891,1.612016201019287,[0.1000 0.1000 0.1000 0.1000 0.1000 0.1000 0.1000],[0.0000 0.0000 0.0000 0.0000 0.0000 0.0000 0.0000],0.634062647819519,0.5853369407698288,1.0,0.0,0.37114029053109465,None
244,0.7310585975646973,0.9030040502548218,0.9242343902587891,1.612016201019287,[0.1000 0.1000 0.1000 0.1000 0.1000 0.1000 0.1000],[0.0000 0.0000 0.0000 0.0000 0.0000 0.0000 0.0000],0.634062647819519,0.5853369407698288,1.0,0.0,0.37114029053109465,None
244,0.730809211730957,0.9028929471969604,0.9232368469238281,1.6115717887878418,[0.1000 0.1000 0.1000 0.1000 0.1061 0.1000 0.1000],[0.0000 0.0000 0.0000 0.0000 -0.0611 0.0000 0.0000],0.6337021589279175,0.5851702331485801,1.0,0.0,0.370823640086608,None
244,0.7308513522148132,0.9029118418693542,0.9234054088592529,1.611647367477417,[0.1000 0.1000 0.1000 0.1000 0.1051 0.1000 0.1000],[0.0000 0.0000 0.0000 0.0000 -0.0508 0.0000 0.0000],0.6337631940841675,0.5851982525898173,1.0,0.0,0.37087711373379606,None
244,0.7308609485626221,0.9029161334037781,0.9234437942504883,1.6116645336151123,[0.1000 0.1000 0.1000 0.1000 0.1048 0.1000 0.1000],[0.0000 0.0000 0.0000 0.0000 -0.0484 0.0000 0.0000],0.6337770819664001,0.5852046470352446,1.0,0.0,0.37088929355117445,None
244,0.7309525609016418,0.9029568433761597,0.9238102436065674,1.6118273735046387,[0.1000 0.1000 0.1000 0.1000 0.1026 0.1000 0.1000],[0.0000 0.0000 0.0000 0.0000 -0.0260 0.0000 0.0000],0.6339094042778015,0.585266009984089,1.0,0.0,0.3710056277330597,None
244,0.7310588359832764,0.9030042886734009,0.9242353439331055,1.6120171546936035,[0.1000 0.1000 0.1000 0.1000 0.1000 0.1000 0.1000],[0.0000 0.0000 0.0000 0.0000 0.0001 0.0000 0.0000],0.6340631246566772,0.5853369407698288,0.9999305754899979,6.942451000219174e-05,0.3711148033893088,None
244,0.7311363816261292,0.9030387997627258,0.9245455265045166,1.6121551990509033,[0.1000 0.1000 0.1000 0.1000 0.0981 0.1000 0.1000],[0.0000 0.0000 0.0000 0.0000 0.0191 0.0000 0.0000],0.634175181388855,0.5853888350073086,0.9809206426143646,0.01907935738563543,0.36415606771982845,None
244,0.731234610080719,0.903082549571991,0.924938440322876,1.6123301982879639,[0.1000 0.1000 0.1000 0.1000 0.0957 0.1000 0.1000],[0.0000 0.0000 0.0000 0.0000 0.0432 0.0000 0.0000],0.63431715965271,0.5854545386917474,0.9568387269973755,0.04316127300262457,0.3553353231401384,None
244,0.7313223481178284,0.9031215906143188,0.9252893924713135,1.6124863624572754,[0.1000 0.1000 0.1000 0.1000 0.0935 0.1000 0.1000],[0.0000 0.0000 0.0000 0.0000 0.0647 0.0000 0.0000],0.6344439387321472,0.5855132782627525,0.9353237599134445,0.06467624008655554,0.34744972148963343,None
244,0.731408953666687,0.9031602144241333,0.925635814666748,1.6126408576965332,[0.1000 0.1000 0.1000 0.1000 0.0914 0.1000 0.1000],[0.0000 0.0000 0.0000 0.0000 0.0859 0.0000 0.0000],0.6345691680908203,0.5855711632168361,0.9140634536743164,0.08593654632568365,0.339652639452367,None
244,0.731494128704071,0.9031980633735657,0.9259765148162842,1.6127922534942627,[0.1000 0.1000 0.1000 0.1000 0.0893 0.1000 0.1000],[0.0000 0.0000 0.0000 0.0000 0.1068 0.0000 0.0000],0.6346921920776367,0.5856282651175462,0.8931703120470047,0.10682968795299536,0.33198576669850827,None
244,0.7315155267715454,0.903207540512085,0.9260621070861816,1.6128301620483398,[0.1000 0.1000 0.1000 0.1000 0.0888 0.1000 0.1000],[0.0000 0.0000 0.0000 0.0000 0.1121 0.0000 0.0000],0.6347230672836304,0.5856426497085643,0.8879216015338898,0.11207839846611029,0.33005901592385856,None
244,0.7315912842750549,0.9032413363456726,0.9263651371002197,1.6129653453826904,[0.1000 0.1000 0.1000 0.1000 0.0869 0.1000 0.1000],[0.0000 0.0000 0.0000 0.0000 0.1307 0.0000 0.0000],0.6348326206207275,0.5856932874419994,0.8693057298660278,0.13069427013397222,0.32322282637527916,None
244,0.7316762208938599,0.9032791256904602,0.9267048835754395,1.6131165027618408,[0.1000 0.1000 0.1000 0.1000 0.0848 0.1000 0.1000],[0.0000 0.0000 0.0000 0.0000 0.1515 0.0000 0.0000],0.6349553465843201,0.5857501903481424,0.8484645932912827,0.1515354067087174,0.31556537638524274,None
244,0.7317593097686768,0.903316080570221,0.927037239074707,1.6132643222808838,[0.1000 0.1000 0.1000 0.1000 0.0828 0.1000 0.1000],[0.0000 0.0000 0.0000 0.0000 0.1720 0.0000 0.0000],0.6350753903388977,0.585805877876636,0.8280445635318756,0.17195543646812445,0.30805816135852665,None
244,0.7318370342254639,0.9033506512641907,0.9273481369018555,1.6134026050567627,[0.1000 0.1000 0.1000 0.1000 0.0809 0.1000 0.1000],[0.0000 0.0000 0.0000 0.0000 0.1910 0.0000 0.0000],0.6351876854896545,0.5858579747976224,0.8089733123779297,0.19102668762207037,0.3010430535105322,None
244,0.7318906188011169,0.9033744931221008,0.9275624752044678,1.6134979724884033,[0.1000 0.1000 0.1000 0.1000 0.0796 0.1000 0.1000],[0.0000 0.0000 0.0000 0.0000 0.2042 0.0000 0.0000],0.6352651119232178,0.585893885192474,0.7958202809095383,0.2041797190904618,0.2962026727872664,None
244,0.7319712042808533,0.9034103751182556,0.9278848171234131,1.6136415004730225,[0.1000 0.1000 0.1000 0.1000 0.0776 0.1000 0.1000],[0.0000 0.0000 0.0000 0.0000 0.2240 0.0000 0.0000],0.6353815793991089,0.5859478645902156,0.7760094106197357,0.22399058938026434,0.28890867578576174,None
244,0.7320476770401001,0.9034443497657776,0.9281907081604004,1.6137773990631104,[0.1000 0.1000 0.1000 0.1000 0.0757 0.1000 0.1000],[0.0000 0.0000 0.0000 0.0000 0.2428 0.0000 0.0000],0.6354920268058777,0.5859991875301722,0.7572265714406967,0.24277342855930334,0.2819895179309801,None
244,0.73212069272995,0.9034768342971802,0.9284827709197998,1.6139073371887207,[0.1000 0.1000 0.1000 0.1000 0.0739 0.1000 0.1000],[0.0000 0.0000 0.0000 0.0000 0.2607 0.0000 0.0000],0.6355975270271301,0.5860481410028091,0.7392776012420654,0.2607223987579346,0.2753740675092509,None
244,0.7321898937225342,0.9035075902938843,0.9287595748901367,1.614030361175537,[0.1000 0.1000 0.1000 0.1000 0.0722 0.1000 0.1000],[0.0000 0.0000 0.0000 0.0000 0.2777 0.0000 0.0000],0.6356974840164185,0.5860945801619045,0.7222656160593033,0.27773438394069677,0.26910089262922604,None
244,0.7322415709495544,0.9035306572914124,0.9289662837982178,1.6141226291656494,[0.1000 0.1000 0.1000 0.1000 0.0710 0.1000 0.1000],[0.0000 0.0000 0.0000 0.0000 0.2905 0.0000 0.0000],0.6357722282409668,0.5861291429179171,0.7095400989055634,0.2904599010944367,0.26440630849948493,None
244,0.7322580814361572,0.903537929058075,0.9290323257446289,1.6141517162322998,[0.1000 0.1000 0.1000 0.1000 0.0705 0.1000 0.1000],[0.0000 0.0000 0.0000 0.0000 0.2945 0.0000 0.0000],0.6357960104942322,0.5861403044244128,0.7054919004440308,0.2945080995559693,0.26291260974289865,None
244,0.7322679162025452,0.9035423398017883,0.9290716648101807,1.6141693592071533,[0.1000 0.1000 0.1000 0.1000 0.0703 0.1000 0.1000],[0.0000 0.0000 0.0000 0.0000 0.2969 0.0000 0.0000],0.6358102560043335,0.586146857449115,0.7030757516622543,0.2969242483377457,0.2620209939859581,None
244,0.7322815656661987,0.9035483598709106,0.9291262626647949,1.6141934394836426,[0.1000 0.1000 0.1000 0.1000 0.0700 0.1000 0.1000],[0.0000 0.0000 0.0000 0.0000 0.3003 0.0000 0.0000],0.6358299255371094,0.5861560750660801,0.6997218728065491,0.300278127193451,0.26078324471978653,None
244,0.7322923541069031,0.9035531282424927,0.9291694164276123,1.6142125129699707,[0.1000 0.1000 0.1000 0.1000 0.0697 0.1000 0.1000],[0.0000 0.0000 0.0000 0.0000 0.3029 0.0000 0.0000],0.6358454823493958,0.5861633484868823,0.6970662623643875,0.30293373763561254,0.2598030905873398,None
244,0.7323017716407776,0.903557300567627,0.9292070865631104,1.6142292022705078,[0.1000 0.1000 0.1000 0.1000 0.0695 0.1000 0.1000],[0.0000 0.0000 0.0000 0.0000 0.3052 0.0000 0.0000],0.6358590722084045,0.5861696858290232,0.6947541236877441,0.3052458763122559,0.2589496689067763,None
244,0.7323110699653625,0.9035614728927612,0.9292442798614502,1.614245891571045,[0.1000 0.1000 0.1000 0.1000 0.0692 0.1000 0.1000],[0.0000 0.0000 0.0000 0.0000 0.3075 0.0000 0.0000],0.6358725428581238,0.586175879234428,0.6924568116664886,0.3075431883335114,0.2581016064984842,None
244,0.7323323488235474,0.9035709500312805,0.9293293952941895,1.614283800125122,[0.1000 0.1000 0.1000 0.1000 0.0687 0.1000 0.1000],[0.0000 0.0000 0.0000 0.0000 0.3128 0.0000 0.0000],0.6359032988548279,0.5861901388225105,0.6872157007455826,0.3127842992544175,0.25616669162629435,None
244,0.7323527336120605,0.9035800099372864,0.9294109344482422,1.6143200397491455,[0.1000 0.1000 0.1000 0.1000 0.0682 0.1000 0.1000],[0.0000 0.0000 0.0000 0.0000 0.3178 0.0000 0.0000],0.6359327435493469,0.5862038227276309,0.6822092831134796,0.31779071688652044,0.2543182098493152,None
244,0.732379674911499,0.9035919308662415,0.9295186996459961,1.6143677234649658,[0.1000 0.1000 0.1000 0.1000 0.0676 0.1000 0.1000],[0.0000 0.0000 0.0000 0.0000 0.3244 0.0000 0.0000],0.6359716057777405,0.5862219726051872,0.6755853444337845,0.32441465556621557,0.25187208567204583,None
244,0.7324019074440002,0.903601884841919,0.929607629776001,1.6144075393676758,[0.1000 0.1000 0.1000 0.1000 0.0670 0.1000 0.1000],[0.0000 0.0000 0.0000 0.0000 0.3299 0.0000 0.0000],0.6360037922859192,0.5862368100012778,0.6701165437698364,0.32988345623016363,0.24985217221546932,None
244,0.732423722743988,0.9036115407943726,0.9296948909759521,1.6144461631774902,[0.1000 0.1000 0.1000 0.1000 0.0665 0.1000 0.1000],[0.0000 0.0000 0.0000 0.0000 0.3352 0.0000 0.0000],0.6360352635383606,0.5862515038693379,0.6647517532110214,0.33524824678897863,0.247870393366567,None
244,0.732446551322937,0.9036216735839844,0.929786205291748,1.6144866943359375,[0.1000 0.1000 0.1000 0.1000 0.0659 0.1000 0.1000],[0.0000 0.0000 0.0000 0.0000 0.3409 0.0000 0.0000],0.6360682249069214,0.5862668465531831,0.6591352820396423,0.3408647179603577,0.24579531192280876,None
244,0.7324736714363098,0.903633713722229,0.9298946857452393,1.614534854888916,[0.1000 0.1000 0.1000 0.1000 0.0652 0.1000 0.1000],[0.0000 0.0000 0.0000 0.0000 0.3475 0.0000 0.0000],0.6361073851585388,0.5862850712315071,0.6524588912725449,0.3475411087274552,0.24332819091145733,None
244,0.7324867248535156,0.903639554977417,0.9299468994140625,1.614558219909668,[0.1000 0.1000 0.1000 0.1000 0.0649 0.1000 0.1000],[0.0000 0.0000 0.0000 0.0000 0.3508 0.0000 0.0000],0.6361262798309326,0.5862937876658106,0.6492438167333603,0.35075618326663976,0.2421399521668969,None
244,0.7325024604797363,0.9036465883255005,0.9300098419189453,1.614586353302002,[0.1000 0.1000 0.1000 0.1000 0.0645 0.1000 0.1000],[0.0000 0.0000 0.0000 0.0000 0.3546 0.0000 0.0000],0.6361490488052368,0.5863043052607821,0.6453793495893478,0.3546206504106522,0.24071160597958288,None
244,0.7325177788734436,0.9036532640457153,0.9300711154937744,1.6146130561828613,[0.1000 0.1000 0.1000 0.1000 0.0642 0.1000 0.1000],[0.0000 0.0000 0.0000 0.0000 0.3584 0.0000 0.0000],0.6361710429191589,0.5863147510820917,0.6416165828704834,0.35838341712951666,0.23932071837063737,None
244,0.7325382232666016,0.9036624431610107,0.9301528930664062,1.614649772644043,[0.1000 0.1000 0.1000 0.1000 0.0637 0.1000 0.1000],[0.0000 0.0000 0.0000 0.0000 0.3634 0.0000 0.0000],0.6362006664276123,0.5863283670658463,0.6365805119276047,0.3634194880723954,0.23745885265632047,None
244,0.7325469255447388,0.9036663174629211,0.9301877021789551,1.6146652698516846,[0.1000 0.1000 0.1000 0.1000 0.0634 0.1000 0.1000],[0.0000 0.0000 0.0000 0.0000 0.3656 0.0000 0.0000],0.6362132430076599,0.5863342026246521,0.6344405561685562,0.36555944383144384,0.23666763484392786,None
244,0.7325676083564758,0.9036754965782166,0.9302704334259033,1.6147019863128662,[0.1000 0.1000 0.1000 0.1000 0.0629 0.1000 0.1000],[0.0000 0.0000 0.0000 0.0000 0.3706 0.0000 0.0000],0.6362431049346924,0.5863481074360463,0.6293553113937378,0.37064468860626226,0.23478725498898562,None
244,0.7325760126113892,0.9036792516708374,0.9303040504455566,1.6147170066833496,[0.1000 0.1000 0.1000 0.1000 0.0627 0.1000 0.1000],[0.0000 0.0000 0.0000 0.0000 0.3727 0.0000 0.0000],0.6362552642822266,0.5863537271297513,0.6272642314434052,0.3727357685565949,0.23401387179754962,None
244,0.7325851321220398,0.9036832451820374,0.9303405284881592,1.6147329807281494,[0.1000 0.1000 0.1000 0.1000 0.0625 0.1000 0.1000],[0.0000 0.0000 0.0000 0.0000 0.3750 0.0000 0.0000],0.6362683773040771,0.5863599232907943,0.6250447034835815,0.3749552965164185,0.23319310114517589,None
244,0.7325950264930725,0.9036876559257507,0.93038010597229,1.614750623703003,[0.1000 0.1000 0.1000 0.1000 0.0623 0.1000 0.1000],[0.0000 0.0000 0.0000 0.0000 0.3774 0.0000 0.0000],0.6362826824188232,0.5863665518448995,0.6226060166954994,0.37739398330450064,0.23229111863567073,None
244,0.7326033115386963,0.9036913514137268,0.9304132461547852,1.6147654056549072,[0.1000 0.1000 0.1000 0.1000 0.0621 0.1000 0.1000],[0.0000 0.0000 0.0000 0.0000 0.3794 0.0000 0.0000],0.6362946629524231,0.5863720997381456,0.6205618754029274,0.37943812459707266,0.23153501005997226,None
244,0.7326192259788513,0.9036984443664551,0.9304769039154053,1.6147937774658203,[0.1000 0.1000 0.1000 0.1000 0.0617 0.1000 0.1000],[0.0000 0.0000 0.0000 0.0000 0.3834 0.0000 0.0000],0.6363176703453064,0.5863827634302412,0.616643950343132,0.38335604965686804,0.2300857142287833,None
244,0.7326280474662781,0.9037023186683655,0.9305121898651123,1.614809274673462,[0.1000 0.1000 0.1000 0.1000 0.0614 0.1000 0.1000],[0.0000 0.0000 0.0000 0.0000 0.3855 0.0000 0.0000],0.6363303661346436,0.5863887438643777,0.6144781038165092,0.3855218961834908,0.22928449415200577,None
244,0.7326375842094421,0.9037065505981445,0.9305503368377686,1.6148262023925781,[0.1000 0.1000 0.1000 0.1000 0.0612 0.1000 0.1000],[0.0000 0.0000 0.0000 0.0000 0.3879 0.0000 0.0000],0.6363441348075867,0.5863951567151293,0.612131878733635,0.3878681212663651,0.2284164710502371,None
244,0.732647716999054,0.9037110805511475,0.9305908679962158,1.6148443222045898,[0.1000 0.1000 0.1000 0.1000 0.0610 0.1000 0.1000],[0.0000 0.0000 0.0000 0.0000 0.3904 0.0000 0.0000],0.6363587975502014,0.5864019299463626,0.6096426770091057,0.3903573229908944,0.2274954971117051,None
244,0.7326589822769165,0.9037160873413086,0.930635929107666,1.6148643493652344,[0.1000 0.1000 0.1000 0.1000 0.0607 0.1000 0.1000],[0.0000 0.0000 0.0000 0.0000 0.3931 0.0000 0.0000],0.6363750696182251,0.5864094959209145,0.6068603321909904,0.3931396678090096,0.22646594423351812,None
244,0.732677698135376,0.9037243723869324,0.9307107925415039,1.6148974895477295,[0.1000 0.1000 0.1000 0.1000 0.0602 0.1000 0.1000],[0.0000 0.0000 0.0000 0.0000 0.3977 0.0000 0.0000],0.6364020705223083,0.586422106186082,0.602252297103405,0.39774770289659506,0.22476070337147128,None
244,0.7326897978782654,0.9037297964096069,0.9307591915130615,1.6149191856384277,[0.1000 0.1000 0.1000 0.1000 0.0599 0.1000 0.1000],[0.0000 0.0000 0.0000 0.0000 0.4007 0.0000 0.0000],0.6364195942878723,0.5864301769575764,0.5992710962891579,0.4007289037108422,0.22365735490241284,None
244,0.7327021956443787,0.9037352800369263,0.9308087825775146,1.614941120147705,[0.1000 0.1000 0.1000 0.1000 0.0596 0.1000 0.1000],[0.0000 0.0000 0.0000 0.0000 0.4038 0.0000 0.0000],0.6364374756813049,0.5864385361369515,0.5962108820676804,0.4037891179323197,0.22252465892476134,None
244,0.7327126860618591,0.9037399291992188,0.9308507442474365,1.614959716796875,[0.1000 0.1000 0.1000 0.1000 0.0594 0.1000 0.1000],[0.0000 0.0000 0.0000 0.0000 0.4064 0.0000 0.0000],0.6364526152610779,0.586445598333956,0.5936334654688835,0.40636653453111654,0.22157062473168504,None
244,0.7327226996421814,0.9037443995475769,0.9308907985687256,1.6149775981903076,[0.1000 0.1000 0.1000 0.1000 0.0591 0.1000 0.1000],[0.0000 0.0000 0.0000 0.0000 0.4088 0.0000 0.0000],0.6364670991897583,0.586452300326316,0.5911805853247643,0.4088194146752358,0.2206626431353999,None
244,0.7327408194541931,0.9037523865699768,0.9309632778167725,1.6150095462799072,[0.1000 0.1000 0.1000 0.1000 0.0587 0.1000 0.1000],[0.0000 0.0000 0.0000 0.0000 0.4133 0.0000 0.0000],0.6364932060241699,0.5864645515608321,0.5867135152220726,0.41328648477792745,0.21900883321193532,None
244,0.7327500581741333,0.9037564992904663,0.9310002326965332,1.6150259971618652,[0.1000 0.1000 0.1000 0.1000 0.0584 0.1000 0.1000],[0.0000 0.0000 0.0000 0.0000 0.4156 0.0000 0.0000],0.6365065574645996,0.5864707493824252,0.5844345316290855,0.4155654683709145,0.21816501439044444,None
244,0.7327591776847839,0.903760552406311,0.9310367107391357,1.6150422096252441,[0.1000 0.1000 0.1000 0.1000 0.0582 0.1000 0.1000],[0.0000 0.0000 0.0000 0.0000 0.4178 0.0000 0.0000],0.636519730091095,0.5864768752276034,0.5821874365210533,0.41781256347894674,0.21733295837511862,None
244,0.7327709197998047,0.9037657976150513,0.9310836791992188,1.615063190460205,[0.1000 0.1000 0.1000 0.1000 0.0579 0.1000 0.1000],[0.0000 0.0000 0.0000 0.0000 0.4207 0.0000 0.0000],0.636536717414856,0.5864847308559857,0.5793092772364616,0.4206907227635384,0.21626719795141278,None
244,0.7327814698219299,0.9037705063819885,0.9311258792877197,1.615082025527954,[0.1000 0.1000 0.1000 0.1000 0.0577 0.1000 0.1000],[0.0000 0.0000 0.0000 0.0000 0.4233 0.0000 0.0000],0.6365519762039185,0.5864917938419376,0.5767089501023293,0.4232910498976708,0.21530420011038984,None
244,0.7328051328659058,0.903780996799469,0.931220531463623,1.615123987197876,[0.1000 0.1000 0.1000 0.1000 0.0571 0.1000 0.1000],[0.0000 0.0000 0.0000 0.0000 0.4291 0.0000 0.0000],0.6365861296653748,0.5865077220387747,0.5708674713969231,0.429132528603077,0.21314060949743097,None
244,0.7328143119812012,0.9037851095199585,0.9312572479248047,1.615140438079834,[0.1000 0.1000 0.1000 0.1000 0.0569 0.1000 0.1000],[0.0000 0.0000 0.0000 0.0000 0.4314 0.0000 0.0000],0.6365994215011597,0.5865138484317071,0.5686189234256744,0.4313810765743256,0.21230773606500974,None
244,0.7328238487243652,0.9037892818450928,0.9312953948974609,1.615157127380371,[0.1000 0.1000 0.1000 0.1000 0.0566 0.1000 0.1000],[0.0000 0.0000 0.0000 0.0000 0.4337 0.0000 0.0000],0.636613130569458,0.5865203352996335,0.5662653967738152,0.4337346032261849,0.21143588107243141,None
244,0.7328322529792786,0.9037930965423584,0.9313290119171143,1.6151723861694336,[0.1000 0.1000 0.1000 0.1000 0.0564 0.1000 0.1000],[0.0000 0.0000 0.0000 0.0000 0.4358 0.0000 0.0000],0.636625349521637,0.586525885256308,0.5641812831163406,0.4358187168836594,0.2106637377580142,None
244,0.7328492999076843,0.9038006067276001,0.9313971996307373,1.6152024269104004,[0.1000 0.1000 0.1000 0.1000 0.0560 0.1000 0.1000],[0.0000 0.0000 0.0000 0.0000 0.4400 0.0000 0.0000],0.6366499066352844,0.5865374178720453,0.5599922686815262,0.44000773131847387,0.20911174868159565,None
244,0.7328587770462036,0.9038047790527344,0.9314351081848145,1.6152191162109375,[0.1000 0.1000 0.1000 0.1000 0.0558 0.1000 0.1000],[0.0000 0.0000 0.0000 0.0000 0.4423 0.0000 0.0000],0.636663556098938,0.5865438330287831,0.557662658393383,0.44233734160661703,0.20824857021820967,None
244,0.7328649163246155,0.9038075804710388,0.9314596652984619,1.6152303218841553,[0.1000 0.1000 0.1000 0.1000 0.0556 0.1000 0.1000],[0.0000 0.0000 0.0000 0.0000 0.4439 0.0000 0.0000],0.6366724967956543,0.5865478695829185,0.5561422929167747,0.4438577070832253,0.20768516422918273,None
244,0.732871949672699,0.9038107395172119,0.9314877986907959,1.6152429580688477,[0.1000 0.1000 0.1000 0.1000 0.0554 0.1000 0.1000],[0.0000 0.0000 0.0000 0.0000 0.4456 0.0000 0.0000],0.6366826891899109,0.5865525549183875,0.554409921169281,0.44559007883071905,0.2070431975238488,None
244,0.7328813672065735,0.9038149118423462,0.931525468826294,1.6152596473693848,[0.1000 0.1000 0.1000 0.1000 0.0552 0.1000 0.1000],[0.0000 0.0000 0.0000 0.0000 0.4479 0.0000 0.0000],0.6366962790489197,0.5865588982263946,0.5520966276526451,0.44790337234735494,0.2061859336553628,None
244,0.7328894138336182,0.9038184285163879,0.9315576553344727,1.6152737140655518,[0.1000 0.1000 0.1000 0.1000 0.0550 0.1000 0.1000],[0.0000 0.0000 0.0000 0.0000 0.4499 0.0000 0.0000],0.6367078423500061,0.5865643766161777,0.5501244589686394,0.4498755410313607,0.20545505795733662,None
244,0.7329044938087463,0.9038251042366028,0.9316179752349854,1.6153004169464111,[0.1000 0.1000 0.1000 0.1000 0.0546 0.1000 0.1000],[0.0000 0.0000 0.0000 0.0000 0.4536 0.0000 0.0000],0.6367295980453491,0.586574540663185,0.5464154481887817,0.4535845518112183,0.20408036232197632,None
244,0.7329102754592896,0.9038276672363281,0.9316411018371582,1.6153106689453125,[0.1000 0.1000 0.1000 0.1000 0.0545 0.1000 0.1000],[0.0000 0.0000 0.0000 0.0000 0.4550 0.0000 0.0000],0.6367379426956177,0.5865784333431086,0.5449881032109261,0.455011896789074,0.20355128254570407,None
244,0.7329164743423462,0.9038304686546326,0.9316658973693848,1.6153218746185303,[0.1000 0.1000 0.1000 0.1000 0.0543 0.1000 0.1000],[0.0000 0.0000 0.0000 0.0000 0.4566 0.0000 0.0000],0.6367469429969788,0.5865825423227916,0.5434484779834747,0.4565515220165253,0.2029805284752648,None
244,0.7367792129516602,0.9068410396575928,0.9471168518066406,1.627364158630371,[0.1000 0.1000 0.1000 0.0921 0.0542 0.1000 0.1000],[0.0000 0.0000 0.0000 0.0793 0.4579 0.0000 0.0000],0.6436202526092529,0.5876144683600883,0.54214246571064,0.4578575342893601,0.205038590942357,None
244,0.7379761934280396,0.9077519774436951,0.9519047737121582,1.6310079097747803,[0.1000 0.1000 0.1000 0.0896 0.0541 0.1000 0.1000],[0.0000 0.0000 0.0000 0.1040 0.4593 0.0000 0.0000],0.6457281708717346,0.5879614289709572,0.5406935513019562,0.4593064486980439,0.20528147530611676,None
244,0.7390812635421753,0.9085841178894043,0.9563250541687012,1.6343364715576172,[0.1000 0.1000 0.1000 0.0873 0.0539 0.1000 0.1000],[0.0000 0.0000 0.0000 0.1269 0.4610 0.0000 0.0000],0.6476653814315796,0.5882927565038125,0.5389980226755142,0.46100197732448583,0.20536733012213115,None
244,0.7400526404380798,0.909305989742279,0.9602105617523193,1.6372239589691162,[0.1000 0.1000 0.1000 0.0853 0.0535 0.1000 0.1000],[0.0000 0.0000 0.0000 0.1469 0.4649 0.0000 0.0000],0.6493586301803589,0.5885958807884889,0.5350866913795471,0.46491330862045294,0.2045153852561873,None
244,0.7411631345748901,0.9101274013519287,0.9646525382995605,1.6405096054077148,[0.1000 0.1000 0.1000 0.0830 0.0533 0.1000 0.1000],[0.0000 0.0000 0.0000 0.1701 0.4666 0.0000 0.0000],0.6512905359268188,0.5889473673882644,0.533447153866291,0.466552846133709,0.2046174436280784,None
244,0.7422325015068054,0.9109107255935669,0.9689300060272217,1.6436429023742676,[0.1000 0.1000 0.1000 0.0807 0.0532 0.1000 0.1000],[0.0000 0.0000 0.0000 0.1926 0.4684 0.0000 0.0000],0.6531432271003723,0.5892954540222844,0.5316050350666046,0.46839496493339544,0.20461176621841712,None
244,0.7432730793952942,0.9116659760475159,0.9730923175811768,1.6466639041900635,[0.1000 0.1000 0.1000 0.0785 0.0530 0.1000 0.1000],[0.0000 0.0000 0.0000 0.2145 0.4704 0.0000 0.0000],0.6549390554428101,0.5896429644172996,0.5296057462692261,0.470394253730774,0.20452325627987009,None
244,0.7442557215690613,0.912372350692749,0.9770228862762451,1.649489402770996,[0.1000 0.1000 0.1000 0.0765 0.0527 0.1000 0.1000],[0.0000 0.0000 0.0000 0.2353 0.4728 0.0000 0.0000],0.6566280722618103,0.5899797210823741,0.5271859094500542,0.4728140905499459,0.2042303699401215,None
244,0.7451667785644531,0.9130192399024963,0.9806671142578125,1.6520769596099854,[0.1000 0.1000 0.1000 0.0746 0.0522 0.1000 0.1000],[0.0000 0.0000 0.0000 0.2545 0.4777 0.0000 0.0000],0.6581860184669495,0.590301987632301,0.5223399773240089,0.4776600226759911,0.20294397567974562,None
244,0.7460910081863403,0.9136747717857361,0.9843640327453613,1.6546990871429443,[0.1000 0.1000 0.1000 0.0726 0.0521 0.1000 0.1000],[0.0000 0.0000 0.0000 0.2743 0.4787 0.0000 0.0000],0.6597657799720764,0.5906300406729925,0.5212688073515892,0.47873119264841085,0.2031267201823443,None
244,0.7469426393508911,0.9142734408378601,0.9877705574035645,1.6570937633514404,[0.1000 0.1000 0.1000 0.0707 0.0520 0.1000 0.1000],[0.0000 0.0000 0.0000 0.2926 0.4805 0.0000 0.0000],0.6612160801887512,0.5909391225172358,0.5195420235395432,0.4804579764604569,0.20300504510253736,None
244,0.7476783394813538,0.9147863388061523,0.990713357925415,1.6591453552246094,[0.1000 0.1000 0.1000 0.0692 0.0517 0.1000 0.1000],[0.0000 0.0000 0.0000 0.3085 0.4829 0.0000 0.0000],0.6624646782875061,0.5912115469771699,0.5171412229537964,0.48285877704620367,0.2025418596031503,None
244,0.748347282409668,0.9152490496635437,0.9933891296386719,1.6609961986541748,[0.1000 0.1000 0.1000 0.0677 0.0514 0.1000 0.1000],[0.0000 0.0000 0.0000 0.3229 0.4859 0.0000 0.0000],0.6635963320732117,0.5914638727678105,0.5141448602080345,0.48585513979196554,0.2017983905073754,None
244,0.7491451501846313,0.9157993197441101,0.9965806007385254,1.6631972789764404,[0.1000 0.1000 0.1000 0.0660 0.0512 0.1000 0.1000],[0.0000 0.0000 0.0000 0.3403 0.4879 0.0000 0.0000],0.6649444699287415,0.5917670155910001,0.5121293291449547,0.4878706708550454,0.20151889871613182,None
244,0.749996542930603,0.9163832664489746,0.9999861717224121,1.6655330657958984,[0.1000 0.1000 0.1000 0.0641 0.0511 0.1000 0.1000],[0.0000 0.0000 0.0000 0.3590 0.4894 0.0000 0.0000],0.6663798093795776,0.5920947125638458,0.5106154456734657,0.4893845543265343,0.20146841068475194,None
244,0.7506332993507385,0.9168134331703186,1.002533197402954,1.6672537326812744,[0.1000 0.1000 0.1000 0.0627 0.0506 0.1000 0.1000],[0.0000 0.0000 0.0000 0.3728 0.4943 0.0000 0.0000],0.6674467325210571,0.592348023653043,0.5057089030742645,0.49429109692573553,0.19993745266895346,None
244,0.75138258934021,0.9173210859298706,1.0055303573608398,1.6692843437194824,[0.1000 0.1000 0.1000 0.0611 0.0504 0.1000 0.1000],[0.0000 0.0000 0.0000 0.3894 0.4959 0.0000 0.0000],0.6687036752700806,0.5926445083349672,0.5041419714689255,0.4958580285310746,0.1997932584681947,None
244,0.7521495223045349,0.9178375005722046,1.0085980892181396,1.6713500022888184,[0.1000 0.1000 0.1000 0.0594 0.0503 0.1000 0.1000],[0.0000 0.0000 0.0000 0.4065 0.4975 0.0000 0.0000],0.6699870228767395,0.5929521179668543,0.5025127157568932,0.4974872842431069,0.1996333392646898,None
244,0.7529382109642029,0.9183652400970459,1.0117528438568115,1.6734609603881836,[0.1000 0.1000 0.1000 0.0576 0.0501 0.1000 0.1000],[0.0000 0.0000 0.0000 0.4242 0.4990 0.0000 0.0000],0.6713034510612488,0.5932727828963951,0.5009565874934196,0.4990434125065804,0.19951400962787347,None
244,0.7536754012107849,0.9188553094863892,1.0147016048431396,1.6754212379455566,[0.1000 0.1000 0.1000 0.0559 0.0499 0.1000 0.1000],[0.0000 0.0000 0.0000 0.4408 0.5008 0.0000 0.0000],0.6725307106971741,0.5935766883216413,0.4992366209626198,0.5007633790373802,0.19929453621872653,None
244,0.7543462514877319,0.9192962050437927,1.0173850059509277,1.677184820175171,[0.1000 0.1000 0.1000 0.0544 0.0495 0.1000 0.1000],[0.0000 0.0000 0.0000 0.4558 0.5051 0.0000 0.0000],0.6736424565315247,0.5938596873541598,0.4949329048395157,0.5050670951604843,0.1979974624605544,None
244,0.7550081014633179,0.9197307229042053,1.0200324058532715,1.6789228916168213,[0.1000 0.1000 0.1000 0.0529 0.0493 0.1000 0.1000],[0.0000 0.0000 0.0000 0.4709 0.5074 0.0000 0.0000],0.6747388243675232,0.5941396527857304,0.49264054745435715,0.5073594525456429,0.19749422117535112,None
244,0.7555829286575317,0.9201055765151978,1.022331714630127,1.680422306060791,[0.1000 0.1000 0.1000 0.0516 0.0490 0.1000 0.1000],[0.0000 0.0000 0.0000 0.4840 0.5100 0.0000 0.0000],0.6756885051727295,0.5943860852267688,0.4900309443473816,0.5099690556526184,0.19680615212096164,None
244,0.7562150955200195,0.9205167889595032,1.0248603820800781,1.6820671558380127,[0.1000 0.1000 0.1000 0.0502 0.0488 0.1000 0.1000],[0.0000 0.0000 0.0000 0.4985 0.5119 0.0000 0.0000],0.6767318844795227,0.5946585470995057,0.48811260610818863,0.5118873938918114,0.19642842225527982,None
244,0.7568749785423279,0.920944094657898,1.0274999141693115,1.6837763786315918,[0.1000 0.1000 0.1000 0.0486 0.0486 0.1000 0.1000],[0.0000 0.0000 0.0000 0.5138 0.5136 0.0000 0.0000],0.6778190732002258,0.5949455393214759,0.486210398375988,0.513789601624012,0.19607184734922065,None
244,0.7574296593666077,0.9212976098060608,1.0297186374664307,1.6851904392242432,[0.1000 0.1000 0.1000 0.0474 0.0480 0.1000 0.1000],[0.0000 0.0000 0.0000 0.5263 0.5196 0.0000 0.0000],0.6787272691726685,0.5951939347793154,0.47365542501211166,0.5263445749878883,0.19134464432881645,None
244,0.7580579519271851,0.9217010736465454,1.0322318077087402,1.6868042945861816,[0.1000 0.1000 0.1000 0.0459 0.0479 0.1000 0.1000],[0.0000 0.0000 0.0000 0.5411 0.5208 0.0000 0.0000],0.6797590255737305,0.5954717293941494,0.45889653265476227,0.5411034673452377,0.18575089145028315,None
244,0.7586631774902344,0.9220871925354004,1.0346527099609375,1.6883487701416016,[0.1000 0.1000 0.1000 0.0445 0.0477 0.1000 0.1000],[0.0000 0.0000 0.0000 0.5553 0.5228 0.0000 0.0000],0.6807503700256348,0.5957426376116743,0.4446561262011528,0.5553438737988472,0.18033119062832734,None
244,0.7592165470123291,0.9224381446838379,1.0368661880493164,1.6897525787353516,[0.1000 0.1000 0.1000 0.0432 0.0475 0.1000 0.1000],[0.0000 0.0000 0.0000 0.5684 0.5250 0.0000 0.0000],0.681654691696167,0.5959930722481249,0.4316018521785736,0.5683981478214264,0.17534320461109262,None
244,0.7597100734710693,0.9227490425109863,1.0388402938842773,1.6909961700439453,[0.1000 0.1000 0.1000 0.0420 0.0472 0.1000 0.1000],[0.0000 0.0000 0.0000 0.5800 0.5281 0.0000 0.0000],0.6824591159820557,0.5962191571657751,0.419984795153141,0.580015204846859,0.1708897967717995,None
244,0.7601571083068848,0.9230262041091919,1.040628433227539,1.6921048164367676,[0.1000 0.1000 0.1000 0.0410 0.0465 0.1000 0.1000],[0.0000 0.0000 0.0000 0.5903 0.5349 0.0000 0.0000],0.6831833124160767,0.596429565252474,0.40974944829940796,0.590250551700592,0.16696090518160317,None
244,0.7606450319290161,0.9233322143554688,1.0425801277160645,1.693328857421875,[0.1000 0.1000 0.1000 0.0398 0.0463 0.1000 0.1000],[0.0000 0.0000 0.0000 0.6019 0.5370 0.0000 0.0000],0.6839772462844849,0.5966550081797808,0.3980712220072746,0.6019287779927254,0.16245224848244538,None
244,0.7611637115478516,0.9236562252044678,1.0446548461914062,1.694624900817871,[0.1000 0.1000 0.1000 0.0386 0.0461 0.1000 0.1000],[0.0000 0.0000 0.0000 0.6144 0.5392 0.0000 0.0000],0.6848199367523193,0.5968963983581688,0.38559116423130035,0.6144088357686996,0.15761677136750293,None
244,0.7616844177246094,0.9239799380302429,1.0467376708984375,1.6959197521209717,[0.1000 0.1000 0.1000 0.0373 0.0458 0.1000 0.1000],[0.0000 0.0000 0.0000 0.6270 0.5417 0.0000 0.0000],0.6856643557548523,0.5971408182681776,0.37301186472177505,0.626988135278225,0.15272529694090917,None
244,0.7622230052947998,0.9243136644363403,1.0488920211791992,1.6972546577453613,[0.1000 0.1000 0.1000 0.0360 0.0456 0.1000 0.1000],[0.0000 0.0000 0.0000 0.6401 0.5440 0.0000 0.0000],0.6865366697311401,0.5973951575781278,0.3599052131175995,0.6400947868824005,0.14760925022590715,None
244,0.7627452611923218,0.9246330857276917,1.050981044769287,1.6985323429107666,[0.1000 0.1000 0.1000 0.0347 0.0450 0.1000 0.1000],[0.0000 0.0000 0.0000 0.6526 0.5498 0.0000 0.0000],0.6873783469200134,0.5976471392727898,0.3474205359816551,0.6525794640183449,0.1427237270758484,None
244,0.763166606426239,0.9248906373977661,1.052666425704956,1.6995625495910645,[0.1000 0.1000 0.1000 0.0337 0.0446 0.1000 0.1000],[0.0000 0.0000 0.0000 0.6628 0.5536 0.0000 0.0000],0.6880572438240051,0.5978507354581795,0.33721882849931717,0.6627811715006828,0.13871682967293392,None
244,0.7636566758155823,0.9251902103424072,1.054626703262329,1.700760841369629,[0.1000 0.1000 0.1000 0.0325 0.0443 0.1000 0.1000],[0.0000 0.0000 0.0000 0.6748 0.5567 0.0000 0.0000],0.6888468861579895,0.5980876531794215,0.32517220824956894,0.6748277917504311,0.13396796391873722,None
244,0.7641371488571167,0.9254826307296753,1.0565485954284668,1.7019305229187012,[0.1000 0.1000 0.1000 0.0313 0.0440 0.1000 0.1000],[0.0000 0.0000 0.0000 0.6867 0.5600 0.0000 0.0000],0.689619779586792,0.5983216686544337,0.31331900507211685,0.6866809949278831,0.1292799512269093,None
244,0.7646099925041199,0.9257693290710449,1.0584399700164795,1.7030773162841797,[0.1000 0.1000 0.1000 0.0302 0.0437 0.1000 0.1000],[0.0000 0.0000 0.0000 0.6984 0.5634 0.0000 0.0000],0.6903793215751648,0.5985534449432589,0.30160069465637207,0.6983993053436279,0.12463012970001897,None
244,0.7650598883628845,0.9260379076004028,1.060239553451538,1.7041516304016113,[0.1000 0.1000 0.1000 0.0291 0.0429 0.1000 0.1000],[0.0000 0.0000 0.0000 0.7092 0.5711 0.0000 0.0000],0.6910977959632874,0.5987793384713116,0.2907506003975868,0.7092493996024132,0.1203169832792953,None
244,0.7654334306716919,0.9262608289718628,1.0617337226867676,1.7050433158874512,[0.1000 0.1000 0.1000 0.0282 0.0423 0.1000 0.1000],[0.0000 0.0000 0.0000 0.7184 0.5766 0.0000 0.0000],0.6916942596435547,0.5989670857645586,0.28162889182567596,0.718371108174324,0.11667943987866289,None
244,0.7658726572990417,0.9265239834785461,1.063490629196167,1.7060959339141846,[0.1000 0.1000 0.1000 0.0271 0.0419 0.1000 0.1000],[0.0000 0.0000 0.0000 0.7294 0.5807 0.0000 0.0000],0.6923966407775879,0.5991866691594397,0.27064498513936996,0.72935501486063,0.11228379407418614,None
244,0.7663037180900574,0.9267812967300415,1.0652148723602295,1.707125186920166,[0.1000 0.1000 0.1000 0.0260 0.0415 0.1000 0.1000],[0.0000 0.0000 0.0000 0.7402 0.5849 0.0000 0.0000],0.6930850148200989,0.5994034715078222,0.2598140388727188,0.7401859611272812,0.10793651138493263,None
244,0.7667497396469116,0.9270476698875427,1.0669989585876465,1.708190679550171,[0.1000 0.1000 0.1000 0.0248 0.0412 0.1000 0.1000],[0.0000 0.0000 0.0000 0.7516 0.5877 0.0000 0.0000],0.6937974095344543,0.599627760402109,0.24842660874128342,0.7515733912587166,0.10335048418753995,None
244,0.7671890258789062,0.9273062348365784,1.068756103515625,1.7092249393463135,[0.1000 0.1000 0.1000 0.0238 0.0405 0.1000 0.1000],[0.0000 0.0000 0.0000 0.7625 0.5949 0.0000 0.0000],0.6944952607154846,0.599853515625,0.23750171065330505,0.762498289346695,0.098942125785046,None
244,0.7675291895866394,0.9275065660476685,1.0701167583465576,1.7100262641906738,[0.1000 0.1000 0.1000 0.0229 0.0401 0.1000 0.1000],[0.0000 0.0000 0.0000 0.7711 0.5994 0.0000 0.0000],0.6950357556343079,0.6000282804234416,0.2289152704179287,0.7710847295820713,0.09546707830761163,None
244,0.7679237127304077,0.9277400374412537,1.0716948509216309,1.7109601497650146,[0.1000 0.1000 0.1000 0.0219 0.0398 0.1000 0.1000],[0.0000 0.0000 0.0000 0.7813 0.6023 0.0000 0.0000],0.6956637501716614,0.6002296600411107,0.21870288997888565,0.7812971100211143,0.09132114489176285,None
244,0.7683078050613403,0.9279659390449524,1.0732312202453613,1.7118637561798096,[0.1000 0.1000 0.1000 0.0209 0.0394 0.1000 0.1000],[0.0000 0.0000 0.0000 0.7912 0.6059 0.0000 0.0000],0.6962737441062927,0.600427561031029,0.20878521725535393,0.7912147827446461,0.08728515421839952,None
244,0.7686885595321655,0.9281895756721497,1.074754238128662,1.7127583026885986,[0.1000 0.1000 0.1000 0.0199 0.0391 0.1000 0.1000],[0.0000 0.0000 0.0000 0.8011 0.6093 0.0000 0.0000],0.6968781352043152,0.6006242168834168,0.19887929782271385,0.8011207021772861,0.0832432936290789,None
244,0.769081711769104,0.9284201860427856,1.076326847076416,1.7136807441711426,[0.1000 0.1000 0.1000 0.0189 0.0388 0.1000 0.1000],[0.0000 0.0000 0.0000 0.8115 0.6122 0.0000 0.0000],0.6975018978118896,0.6008277636487207,0.18854137510061264,0.8114586248993874,0.07901363768380174,None
244,0.7694391012191772,0.9286255240440369,1.077756404876709,1.7145020961761475,[0.1000 0.1000 0.1000 0.0180 0.0379 0.1000 0.1000],[0.0000 0.0000 0.0000 0.8204 0.6205 0.0000 0.0000],0.6980646252632141,0.6010182675549423,0.17956320196390152,0.8204367980360985,0.07533566807136771,None
244,0.7698319554328918,0.9288544654846191,1.0793278217315674,1.7154178619384766,[0.1000 0.1000 0.1000 0.0169 0.0376 0.1000 0.1000],[0.0000 0.0000 0.0000 0.8308 0.6239 0.0000 0.0000],0.698686420917511,0.6012237343425172,0.16916116699576378,0.8308388330042362,0.07105900010471936,None
244,0.7701982855796814,0.9290673136711121,1.0807931423187256,1.7162692546844482,[0.1000 0.1000 0.1000 0.0159 0.0373 0.1000 0.1000],[0.0000 0.0000 0.0000 0.8406 0.6271 0.0000 0.0000],0.6992655992507935,0.6014162219916237,0.15941929072141647,0.8405807092785835,0.06704373088091699,None
244,0.7705578804016113,0.929275393486023,1.0822315216064453,1.7171015739440918,[0.1000 0.1000 0.1000 0.0150 0.0369 0.1000 0.1000],[0.0000 0.0000 0.0000 0.8502 0.6306 0.0000 0.0000],0.6998332738876343,0.6016063340307585,0.14982173219323158,0.8501782678067684,0.06307856450213088,None
244,0.7709353566169739,0.92949378490448,1.0837414264678955,1.71797513961792,[0.1000 0.1000 0.1000 0.0140 0.0366 0.1000 0.1000],[0.0000 0.0000 0.0000 0.8604 0.6335 0.0000 0.0000],0.7004291415214539,0.6018060418746838,0.13963788747787476,0.8603621125221252,0.05886050992645619,None
