249,0.9032401442527771,0.8531326651573181,1.6129605770111084,1.4125306606292725,[0.1000 0.1000 0.1000 0.1000 0.1000 0.1000 0.1000],[0.0000 0.0000 0.0000 0.0000 0.0000 0.0000 0.0000],0.7563728094100952,0.7761530007003468,1.0,0.0,0.5870610256717969,None
249,0.9032401442527771,0.8531326651573181,1.6129605770111084,1.4125306606292725,[0.1000 0.1000 0.1000 0.1000 0.1000 0.1000 0.1000],[0.0000 0.0000 0.0000 0.0000 0.0000 0.0000 0.0000],0.7563728094100952,0.7761530007003468,1.0,0.0,0.5870610256717969,None
249,0.9032401442527771,0.8531326651573181,1.6129605770111084,1.4125306606292725,[0.1000 0.1000 0.1000 0.1000 0.1000 0.1000 0.1000],[0.0000 0.0000 0.0000 0.0000 0.0000 0.0000 0.0000],0.7563728094100952,0.7761530007003468,1.0,0.0,0.5870610256717969,None
249,0.9032401442527771,0.8531326651573181,1.6129605770111084,1.4125306606292725,[0.1000 0.1000 0.1000 0.1000 0.1000 0.1000 0.1000],[0.0000 0.0000 0.0000 0.0000 0.0000 0.0000 0.0000],0.7563728094100952,0.7761530007003468,1.0,0.0,0.5870610256717969,None
249,0.9032401442527771,0.8531326651573181,1.6129605770111084,1.4125306606292725,[0.1000 0.1000 0.1000 0.1000 0.1000 0.1000 0.1000],[0.0000 0.0000 0.0000 0.0000 0.0000 0.0000 0.0000],0.7563728094100952,0.7761530007003468,1.0,0.0,0.5870610256717969,None
249,0.9032401442527771,0.8531326651573181,1.6129605770111084,1.4125306606292725,[0.1000 0.1000 0.1000 0.1000 0.1000 0.1000 0.1000],[0.0000 0.0000 0.0000 0.0000 0.0000 0.0000 0.0000],0.7563728094100952,0.7761530007003468,1.0,0.0,0.5870610256717969,None
249,0.9032401442527771,0.8531326651573181,1.6129605770111084,1.4125306606292725,[0.1000 0.1000 0.1000 0.1000 0.1000 0.1000 0.1000],[0.0000 0.0000 0.0000 0.0000 0.0000 0.0000 0.0000],0.7563728094100952,0.7761530007003468,1.0,0.0,0.5870610256717969,None
249,0.9032401442527771,0.8531326651573181,1.6129605770111084,1.4125306606292725,[0.1000 0.1000 0.1000 0.1000 0.1000 0.1000 0.1000],[0.0000 0.0000 0.0000 0.0000 0.0000 0.0000 0.0000],0.7563728094100952,0.7761530007003468,1.0,0.0,0.5870610256717969,None
249,0.9032401442527771,0.8531326651573181,1.6129605770111084,1.4125306606292725,[0.1000 0.1000 0.1000 0.1000 0.1000 0.1000 0.1000],[0.0000 0.0000 0.0000 0.0000 0.0000 0.0000 0.0000],0.7563728094100952,0.7761530007003468,1.0,0.0,0.5870610256717969,None
249,0.9032401442527771,0.8531326651573181,1.6129605770111084,1.4125306606292725,[0.1000 0.1000 0.1000 0.1000 0.1000 0.1000 0.1000],[0.0000 0.0000 0.0000 0.0000 0.0000 0.0000 0.0000],0.7563728094100952,0.7761530007003468,1.0,0.0,0.5870610256717969,None
249,0.9032401442527771,0.8531326651573181,1.6129605770111084,1.4125306606292725,[0.1000 0.1000 0.1000 0.1000 0.1000 0.1000 0.1000],[0.0000 0.0000 0.0000 0.0000 0.0000 0.0000 0.0000],0.7563728094100952,0.7761530007003468,1.0,0.0,0.5870610256717969,None
249,0.9032401442527771,0.8531326651573181,1.6129605770111084,1.4125306606292725,[0.1000 0.1000 0.1000 0.1000 0.1000 0.1000 0.1000],[0.0000 0.0000 0.0000 0.0000 0.0000 0.0000 0.0000],0.7563728094100952,0.7761530007003468,1.0,0.0,0.5870610256717969,None
249,0.9032401442527771,0.8531326651573181,1.6129605770111084,1.4125306606292725,[0.1000 0.1000 0.1000 0.1000 0.1000 0.1000 0.1000],[0.0000 0.0000 0.0000 0.0000 0.0000 0.0000 0.0000],0.7563728094100952,0.7761530007003468,1.0,0.0,0.5870610256717969,None
249,0.9032401442527771,0.8531326651573181,1.6129605770111084,1.4125306606292725,[0.1000 0.1000 0.1000 0.1000 0.1000 0.1000 0.1000],[0.0000 0.0000 0.0000 0.0000 0.0000 0.0000 0.0000],0.7563728094100952,0.7761530007003468,1.0,0.0,0.5870610256717969,None
249,0.9032401442527771,0.8531326651573181,1.6129605770111084,1.4125306606292725,[0.1000 0.1000 0.1000 0.1000 0.1000 0.1000 0.1000],[0.0000 0.0000 0.0000 0.0000 0.0000 0.0000 0.0000],0.7563728094100952,0.7761530007003468,1.0,0.0,0.5870610256717969,None
249,0.9032401442527771,0.8531326651573181,1.6129605770111084,1.4125306606292725,[0.1000 0.1000 0.1000 0.1000 0.1000 0.1000 0.1000],[0.0000 0.0000 0.0000 0.0000 0.0000 0.0000 0.0000],0.7563728094100952,0.7761530007003468,1.0,0.0,0.5870610256717969,None
249,0.9032401442527771,0.8531326651573181,1.6129605770111084,1.4125306606292725,[0.1000 0.1000 0.1000 0.1000 0.1000 0.1000 0.1000],[0.0000 0.0000 0.0000 0.0000 0.0000 0.0000 0.0000],0.7563728094100952,0.7761530007003468,1.0,0.0,0.5870610256717969,None
249,0.9032401442527771,0.8531326651573181,1.6129605770111084,1.4125306606292725,[0.1000 0.1000 0.1000 0.1000 0.1000 0.1000 0.1000],[0.0000 0.0000 0.0000 0.0000 0.0000 0.0000 0.0000],0.7563728094100952,0.7761530007003468,1.0,0.0,0.5870610256717969,None
249,0.9032401442527771,0.8531326651573181,1.6129605770111084,1.4125306606292725,[0.1000 0.1000 0.1000 0.1000 0.1000 0.1000 0.1000],[0.0000 0.0000 0.0000 0.0000 0.0000 0.0000 0.0000],0.7563728094100952,0.7761530007003468,1.0,0.0,0.5870610256717969,None
249,0.9032401442527771,0.8531326651573181,1.6129605770111084,1.4125306606292725,[0.1000 0.1000 0.1000 0.1000 0.1000 0.1000 0.1000],[0.0000 0.0000 0.0000 0.0000 0.0000 0.0000 0.0000],0.7563728094100952,0.7761530007003468,1.0,0.0,0.5870610256717969,None
249,0.9032401442527771,0.8531326651573181,1.6129605770111084,1.4125306606292725,[0.1000 0.1000 0.1000 0.1000 0.1000 0.1000 0.1000],[0.0000 0.0000 0.0000 0.0000 0.0000 0.0000 0.0000],0.7563728094100952,0.7761530007003468,1.0,0.0,0.5870610256717969,None
249,0.9032401442527771,0.8531326651573181,1.6129605770111084,1.4125306606292725,[0.1000 0.1000 0.1000 0.1000 0.1000 0.1000 0.1000],[0.0000 0.0000 0.0000 0.0000 0.0000 0.0000 0.0000],0.7563728094100952,0.7761530007003468,1.0,0.0,0.5870610256717969,None
249,0.9032401442527771,0.8531326651573181,1.6129605770111084,1.4125306606292725,[0.1000 0.1000 0.1000 0.1000 0.1000 0.1000 0.1000],[0.0000 0.0000 0.0000 0.0000 0.0000 0.0000 0.0000],0.7563728094100952,0.7761530007003468,1.0,0.0,0.5870610256717969,None
249,0.9032401442527771,0.8531326651573181,1.6129605770111084,1.4125306606292725,[0.1000 0.1000 0.1000 0.1000 0.1000 0.1000 0.1000],[0.0000 0.0000 0.0000 0.0000 0.0000 0.0000 0.0000],0.7563728094100952,0.7761530007003468,1.0,0.0,0.5870610256717969,None
249,0.9032401442527771,0.8531326651573181,1.6129605770111084,1.4125306606292725,[0.1000 0.1000 0.1000 0.1000 0.1000 0.1000 0.1000],[0.0000 0.0000 0.0000 0.0000 0.0000 0.0000 0.0000],0.7563728094100952,0.7761530007003468,1.0,0.0,0.5870610256717969,None
249,0.9032401442527771,0.8531326651573181,1.6129605770111084,1.4125306606292725,[0.1000 0.1000 0.1000 0.1000 0.1000 0.1000 0.1000],[0.0000 0.0000 0.0000 0.0000 0.0000 0.0000 0.0000],0.7563728094100952,0.7761530007003468,1.0,0.0,0.5870610256717969,None
249,0.9032401442527771,0.8531326651573181,1.6129605770111084,1.4125306606292725,[0.1000 0.1000 0.1000 0.1000 0.1000 0.1000 0.1000],[0.0000 0.0000 0.0000 0.0000 0.0000 0.0000 0.0000],0.7563728094100952,0.7761530007003468,1.0,0.0,0.5870610256717969,None
249,0.9032401442527771,0.8531326651573181,1.6129605770111084,1.4125306606292725,[0.1000 0.1000 0.1000 0.1000 0.1000 0.1000 0.1000],[0.0000 0.0000 0.0000 0.0000 0.0000 0.0000 0.0000],0.7563728094100952,0.7761530007003468,1.0,0.0,0.5870610256717969,None
249,0.9032401442527771,0.8531326651573181,1.6129605770111084,1.4125306606292725,[0.1000 0.1000 0.1000 0.1000 0.1000 0.1000 0.1000],[0.0000 0.0000 0.0000 0.0000 0.0000 0.0000 0.0000],0.7563728094100952,0.7761530007003468,1.0,0.0,0.5870610256717969,None
249,0.9032401442527771,0.8531326651573181,1.6129605770111084,1.4125306606292725,[0.1000 0.1000 0.1000 0.1000 0.1000 0.1000 0.1000],[0.0000 0.0000 0.0000 0.0000 0.0000 0.0000 0.0000],0.7563728094100952,0.7761530007003468,1.0,0.0,0.5870610256717969,None
249,0.9032401442527771,0.8531326651573181,1.6129605770111084,1.4125306606292725,[0.1000 0.1000 0.1000 0.1000 0.1000 0.1000 0.1000],[0.0000 0.0000 0.0000 0.0000 0.0000 0.0000 0.0000],0.7563728094100952,0.7761530007003468,1.0,0.0,0.5870610256717969,None
249,0.9032401442527771,0.8531326651573181,1.6129605770111084,1.4125306606292725,[0.1000 0.1000 0.1000 0.1000 0.1000 0.1000 0.1000],[0.0000 0.0000 0.0000 0.0000 0.0000 0.0000 0.0000],0.7563728094100952,0.7761530007003468,1.0,0.0,0.5870610256717969,None
249,0.9032401442527771,0.8531326651573181,1.6129605770111084,1.4125306606292725,[0.1000 0.1000 0.1000 0.1000 0.1000 0.1000 0.1000],[0.0000 0.0000 0.0000 0.0000 0.0000 0.0000 0.0000],0.7563728094100952,0.7761530007003468,1.0,0.0,0.5870610256717969,None
249,0.9032401442527771,0.8531326651573181,1.6129605770111084,1.4125306606292725,[0.1000 0.1000 0.1000 0.1000 0.1000 0.1000 0.1000],[0.0000 0.0000 0.0000 0.0000 0.0000 0.0000 0.0000],0.7563728094100952,0.7761530007003468,1.0,0.0,0.5870610256717969,None
249,0.9032401442527771,0.8531326651573181,1.6129605770111084,1.4125306606292725,[0.1000 0.1000 0.1000 0.1000 0.1000 0.1000 0.1000],[0.0000 0.0000 0.0000 0.0000 0.0000 0.0000 0.0000],0.7563728094100952,0.7761530007003468,1.0,0.0,0.5870610256717969,None
249,0.9032401442527771,0.8531326651573181,1.6129605770111084,1.4125306606292725,[0.1000 0.1000 0.1000 0.1000 0.1000 0.1000 0.1000],[0.0000 0.0000 0.0000 0.0000 0.0000 0.0000 0.0000],0.7563728094100952,0.7761530007003468,1.0,0.0,0.5870610256717969,None
249,0.9032401442527771,0.8531326651573181,1.6129605770111084,1.4125306606292725,[0.1000 0.1000 0.1000 0.1000 0.1000 0.1000 0.1000],[0.0000 0.0000 0.0000 0.0000 0.0000 0.0000 0.0000],0.7563728094100952,0.7761530007003468,1.0,0.0,0.5870610256717969,None
249,0.9032401442527771,0.8531326651573181,1.6129605770111084,1.4125306606292725,[0.1000 0.1000 0.1000 0.1000 0.1000 0.1000 0.1000],[0.0000 0.0000 0.0000 0.0000 0.0000 0.0000 0.0000],0.7563728094100952,0.7761530007003468,1.0,0.0,0.5870610256717969,None
249,0.9032401442527771,0.8531326651573181,1.6129605770111084,1.4125306606292725,[0.1000 0.1000 0.1000 0.1000 0.1000 0.1000 0.1000],[0.0000 0.0000 0.0000 0.0000 0.0000 0.0000 0.0000],0.7563728094100952,0.7761530007003468,1.0,0.0,0.5870610256717969,None
249,0.9032401442527771,0.8531326651573181,1.6129605770111084,1.4125306606292725,[0.1000 0.1000 0.1000 0.1000 0.1000 0.1000 0.1000],[0.0000 0.0000 0.0000 0.0000 0.0000 0.0000 0.0000],0.7563728094100952,0.7761530007003468,1.0,0.0,0.5870610256717969,None
249,0.9032401442527771,0.8531326651573181,1.6129605770111084,1.4125306606292725,[0.1000 0.1000 0.1000 0.1000 0.1000 0.1000 0.1000],[0.0000 0.0000 0.0000 0.0000 0.0000 0.0000 0.0000],0.7563728094100952,0.7761530007003468,1.0,0.0,0.5870610256717969,None
249,0.9032401442527771,0.8531326651573181,1.6129605770111084,1.4125306606292725,[0.1000 0.1000 0.1000 0.1000 0.1000 0.1000 0.1000],[0.0000 0.0000 0.0000 0.0000 0.0000 0.0000 0.0000],0.7563728094100952,0.7761530007003468,1.0,0.0,0.5870610256717969,None
249,0.9032401442527771,0.8531326651573181,1.6129605770111084,1.4125306606292725,[0.1000 0.1000 0.1000 0.1000 0.1000 0.1000 0.1000],[0.0000 0.0000 0.0000 0.0000 0.0000 0.0000 0.0000],0.7563728094100952,0.7761530007003468,1.0,0.0,0.5870610256717969,None
249,0.9032401442527771,0.8531326651573181,1.6129605770111084,1.4125306606292725,[0.1000 0.1000 0.1000 0.1000 0.1000 0.1000 0.1000],[0.0000 0.0000 0.0000 0.0000 0.0000 0.0000 0.0000],0.7563728094100952,0.7761530007003468,1.0,0.0,0.5870610256717969,None
249,0.9032401442527771,0.8531326651573181,1.6129605770111084,1.4125306606292725,[0.1000 0.1000 0.1000 0.1000 0.1000 0.1000 0.1000],[0.0000 0.0000 0.0000 0.0000 0.0000 0.0000 0.0000],0.7563728094100952,0.7761530007003468,1.0,0.0,0.5870610256717969,None
249,0.9032401442527771,0.8531326651573181,1.6129605770111084,1.4125306606292725,[0.1000 0.1000 0.1000 0.1000 0.1000 0.1000 0.1000],[0.0000 0.0000 0.0000 0.0000 0.0000 0.0000 0.0000],0.7563728094100952,0.7761530007003468,1.0,0.0,0.5870610256717969,None
249,0.9032401442527771,0.8531326651573181,1.6129605770111084,1.4125306606292725,[0.1000 0.1000 0.1000 0.1000 0.1000 0.1000 0.1000],[0.0000 0.0000 0.0000 0.0000 0.0000 0.0000 0.0000],0.7563728094100952,0.7761530007003468,1.0,0.0,0.5870610256717969,None
249,0.9032401442527771,0.8531326651573181,1.6129605770111084,1.4125306606292725,[0.1000 0.1000 0.1000 0.1000 0.1000 0.1000 0.1000],[0.0000 0.0000 0.0000 0.0000 0.0000 0.0000 0.0000],0.7563728094100952,0.7761530007003468,1.0,0.0,0.5870610256717969,None
249,0.9032401442527771,0.8531326651573181,1.6129605770111084,1.4125306606292725,[0.1000 0.1000 0.1000 0.1000 0.1000 0.1000 0.1000],[0.0000 0.0000 0.0000 0.0000 0.0000 0.0000 0.0000],0.7563728094100952,0.7761530007003468,1.0,0.0,0.5870610256717969,None
249,0.9032401442527771,0.8531326651573181,1.6129605770111084,1.4125306606292725,[0.1000 0.1000 0.1000 0.1000 0.1000 0.1000 0.1000],[0.0000 0.0000 0.0000 0.0000 0.0000 0.0000 0.0000],0.7563728094100952,0.7761530007003468,1.0,0.0,0.5870610256717969,None
249,0.9032401442527771,0.8531326651573181,1.6129605770111084,1.4125306606292725,[0.1000 0.1000 0.1000 0.1000 0.1000 0.1000 0.1000],[0.0000 0.0000 0.0000 0.0000 0.0000 0.0000 0.0000],0.7563728094100952,0.7761530007003468,1.0,0.0,0.5870610256717969,None
249,0.9032401442527771,0.8531326651573181,1.6129605770111084,1.4125306606292725,[0.1000 0.1000 0.1000 0.1000 0.1000 0.1000 0.1000],[0.0000 0.0000 0.0000 0.0000 0.0000 0.0000 0.0000],0.7563728094100952,0.7761530007003468,1.0,0.0,0.5870610256717969,None
249,0.9032401442527771,0.8531326651573181,1.6129605770111084,1.4125306606292725,[0.1000 0.1000 0.1000 0.1000 0.1000 0.1000 0.1000],[0.0000 0.0000 0.0000 0.0000 0.0000 0.0000 0.0000],0.7563728094100952,0.7761530007003468,1.0,0.0,0.5870610256717969,None
249,0.9032401442527771,0.8531326651573181,1.6129605770111084,1.4125306606292725,[0.1000 0.1000 0.1000 0.1000 0.1000 0.1000 0.1000],[0.0000 0.0000 0.0000 0.0000 0.0000 0.0000 0.0000],0.7563728094100952,0.7761530007003468,1.0,0.0,0.5870610256717969,None
249,0.9032401442527771,0.8531326651573181,1.6129605770111084,1.4125306606292725,[0.1000 0.1000 0.1000 0.1000 0.1000 0.1000 0.1000],[0.0000 0.0000 0.0000 0.0000 0.0000 0.0000 0.0000],0.7563728094100952,0.7761530007003468,1.0,0.0,0.5870610256717969,None
249,0.9032401442527771,0.8531326651573181,1.6129605770111084,1.4125306606292725,[0.1000 0.1000 0.1000 0.1000 0.1000 0.1000 0.1000],[0.0000 0.0000 0.0000 0.0000 0.0000 0.0000 0.0000],0.7563728094100952,0.7761530007003468,1.0,0.0,0.5870610256717969,None
249,0.9032401442527771,0.8531326651573181,1.6129605770111084,1.4125306606292725,[0.1000 0.1000 0.1000 0.1000 0.1000 0.1000 0.1000],[0.0000 0.0000 0.0000 0.0000 0.0000 0.0000 0.0000],0.7563728094100952,0.7761530007003468,1.0,0.0,0.5870610256717969,None
249,0.9032401442527771,0.8531326651573181,1.6129605770111084,1.4125306606292725,[0.1000 0.1000 0.1000 0.1000 0.1000 0.1000 0.1000],[0.0000 0.0000 0.0000 0.0000 0.0000 0.0000 0.0000],0.7563728094100952,0.7761530007003468,1.0,0.0,0.5870610256717969,None
249,0.9032401442527771,0.8531326651573181,1.6129605770111084,1.4125306606292725,[0.1000 0.1000 0.1000 0.1000 0.1000 0.1000 0.1000],[0.0000 0.0000 0.0000 0.0000 0.0000 0.0000 0.0000],0.7563728094100952,0.7761530007003468,1.0,0.0,0.5870610256717969,None
249,0.9032401442527771,0.8531326651573181,1.6129605770111084,1.4125306606292725,[0.1000 0.1000 0.1000 0.1000 0.1000 0.1000 0.1000],[0.0000 0.0000 0.0000 0.0000 0.0000 0.0000 0.0000],0.7563728094100952,0.7761530007003468,1.0,0.0,0.5870610256717969,None
249,0.9032401442527771,0.8531326651573181,1.6129605770111084,1.4125306606292725,[0.1000 0.1000 0.1000 0.1000 0.1000 0.1000 0.1000],[0.0000 0.0000 0.0000 0.0000 0.0000 0.0000 0.0000],0.7563728094100952,0.7761530007003468,1.0,0.0,0.5870610256717969,None
249,0.9032401442527771,0.8531326651573181,1.6129605770111084,1.4125306606292725,[0.1000 0.1000 0.1000 0.1000 0.1000 0.1000 0.1000],[0.0000 0.0000 0.0000 0.0000 0.0000 0.0000 0.0000],0.7563728094100952,0.7761530007003468,1.0,0.0,0.5870610256717969,None
249,0.9032401442527771,0.8531326651573181,1.6129605770111084,1.4125306606292725,[0.1000 0.1000 0.1000 0.1000 0.1000 0.1000 0.1000],[0.0000 0.0000 0.0000 0.0000 0.0000 0.0000 0.0000],0.7563728094100952,0.7761530007003468,1.0,0.0,0.5870610256717969,None
249,0.9032401442527771,0.8531326651573181,1.6129605770111084,1.4125306606292725,[0.1000 0.1000 0.1000 0.1000 0.1000 0.1000 0.1000],[0.0000 0.0000 0.0000 0.0000 0.0000 0.0000 0.0000],0.7563728094100952,0.7761530007003468,1.0,0.0,0.5870610256717969,None
249,0.9032401442527771,0.8531326651573181,1.6129605770111084,1.4125306606292725,[0.1000 0.1000 0.1000 0.1000 0.1000 0.1000 0.1000],[0.0000 0.0000 0.0000 0.0000 0.0000 0.0000 0.0000],0.7563728094100952,0.7761530007003468,1.0,0.0,0.5870610256717969,None
249,0.9032401442527771,0.8531326651573181,1.6129605770111084,1.4125306606292725,[0.1000 0.1000 0.1000 0.1000 0.1000 0.1000 0.1000],[0.0000 0.0000 0.0000 0.0000 0.0000 0.0000 0.0000],0.7563728094100952,0.7761530007003468,1.0,0.0,0.5870610256717969,None
249,0.9032401442527771,0.8531326651573181,1.6129605770111084,1.4125306606292725,[0.1000 0.1000 0.1000 0.1000 0.1000 0.1000 0.1000],[0.0000 0.0000 0.0000 0.0000 0.0000 0.0000 0.0000],0.7563728094100952,0.7761530007003468,1.0,0.0,0.5870610256717969,None
249,0.9032401442527771,0.8531326651573181,1.6129605770111084,1.4125306606292725,[0.1000 0.1000 0.1000 0.1000 0.1000 0.1000 0.1000],[0.0000 0.0000 0.0000 0.0000 0.0000 0.0000 0.0000],0.7563728094100952,0.7761530007003468,1.0,0.0,0.5870610256717969,None
249,0.9032401442527771,0.8531326651573181,1.6129605770111084,1.4125306606292725,[0.1000 0.1000 0.1000 0.1000 0.1000 0.1000 0.1000],[0.0000 0.0000 0.0000 0.0000 0.0000 0.0000 0.0000],0.7563728094100952,0.7761530007003468,1.0,0.0,0.5870610256717969,None
249,0.9032401442527771,0.8531326651573181,1.6129605770111084,1.4125306606292725,[0.1000 0.1000 0.1000 0.1000 0.1000 0.1000 0.1000],[0.0000 0.0000 0.0000 0.0000 0.0000 0.0000 0.0000],0.7563728094100952,0.7761530007003468,1.0,0.0,0.5870610256717969,None
249,0.9032401442527771,0.8531326651573181,1.6129605770111084,1.4125306606292725,[0.1000 0.1000 0.1000 0.1000 0.1000 0.1000 0.1000],[0.0000 0.0000 0.0000 0.0000 0.0000 0.0000 0.0000],0.7563728094100952,0.7761530007003468,1.0,0.0,0.5870610256717969,None
249,0.9032401442527771,0.8531326651573181,1.6129605770111084,1.4125306606292725,[0.1000 0.1000 0.1000 0.1000 0.1000 0.1000 0.1000],[0.0000 0.0000 0.0000 0.0000 0.0000 0.0000 0.0000],0.7563728094100952,0.7761530007003468,1.0,0.0,0.5870610256717969,None
249,0.9032401442527771,0.8531326651573181,1.6129605770111084,1.4125306606292725,[0.1000 0.1000 0.1000 0.1000 0.1000 0.1000 0.1000],[0.0000 0.0000 0.0000 0.0000 0.0000 0.0000 0.0000],0.7563728094100952,0.7761530007003468,1.0,0.0,0.5870610256717969,None
249,0.9032401442527771,0.8531326651573181,1.6129605770111084,1.4125306606292725,[0.1000 0.1000 0.1000 0.1000 0.1000 0.1000 0.1000],[0.0000 0.0000 0.0000 0.0000 0.0000 0.0000 0.0000],0.7563728094100952,0.7761530007003468,1.0,0.0,0.5870610256717969,None
249,0.9032401442527771,0.8531326651573181,1.6129605770111084,1.4125306606292725,[0.1000 0.1000 0.1000 0.1000 0.1000 0.1000 0.1000],[0.0000 0.0000 0.0000 0.0000 0.0000 0.0000 0.0000],0.7563728094100952,0.7761530007003468,1.0,0.0,0.5870610256717969,None
249,0.9032401442527771,0.8531326651573181,1.6129605770111084,1.4125306606292725,[0.1000 0.1000 0.1000 0.1000 0.1000 0.1000 0.1000],[0.0000 0.0000 0.0000 0.0000 0.0000 0.0000 0.0000],0.7563728094100952,0.7761530007003468,1.0,0.0,0.5870610256717969,None
249,0.9032401442527771,0.8531326651573181,1.6129605770111084,1.4125306606292725,[0.1000 0.1000 0.1000 0.1000 0.1000 0.1000 0.1000],[0.0000 0.0000 0.0000 0.0000 0.0000 0.0000 0.0000],0.7563728094100952,0.7761530007003468,1.0,0.0,0.5870610256717969,None
249,0.9032401442527771,0.8531326651573181,1.6129605770111084,1.4125306606292725,[0.1000 0.1000 0.1000 0.1000 0.1000 0.1000 0.1000],[0.0000 0.0000 0.0000 0.0000 0.0000 0.0000 0.0000],0.7563728094100952,0.7761530007003468,1.0,0.0,0.5870610256717969,None
249,0.9032401442527771,0.8531326651573181,1.6129605770111084,1.4125306606292725,[0.1000 0.1000 0.1000 0.1000 0.1000 0.1000 0.1000],[0.0000 0.0000 0.0000 0.0000 0.0000 0.0000 0.0000],0.7563728094100952,0.7761530007003468,1.0,0.0,0.5870610256717969,None
249,0.9032401442527771,0.8531326651573181,1.6129605770111084,1.4125306606292725,[0.1000 0.1000 0.1000 0.1000 0.1000 0.1000 0.1000],[0.0000 0.0000 0.0000 0.0000 0.0000 0.0000 0.0000],0.7563728094100952,0.7761530007003468,1.0,0.0,0.5870610256717969,None
249,0.9032401442527771,0.8531326651573181,1.6129605770111084,1.4125306606292725,[0.1000 0.1000 0.1000 0.1000 0.1000 0.1000 0.1000],[0.0000 0.0000 0.0000 0.0000 0.0000 0.0000 0.0000],0.7563728094100952,0.7761530007003468,1.0,0.0,0.5870610256717969,None
249,0.9032401442527771,0.8531326651573181,1.6129605770111084,1.4125306606292725,[0.1000 0.1000 0.1000 0.1000 0.1000 0.1000 0.1000],[0.0000 0.0000 0.0000 0.0000 0.0000 0.0000 0.0000],0.7563728094100952,0.7761530007003468,1.0,0.0,0.5870610256717969,None
249,0.9032401442527771,0.8531326651573181,1.6129605770111084,1.4125306606292725,[0.1000 0.1000 0.1000 0.1000 0.1000 0.1000 0.1000],[0.0000 0.0000 0.0000 0.0000 0.0000 0.0000 0.0000],0.7563728094100952,0.7761530007003468,1.0,0.0,0.5870610256717969,None
249,0.9032401442527771,0.8531326651573181,1.6129605770111084,1.4125306606292725,[0.1000 0.1000 0.1000 0.1000 0.1000 0.1000 0.1000],[0.0000 0.0000 0.0000 0.0000 0.0000 0.0000 0.0000],0.7563728094100952,0.7761530007003468,1.0,0.0,0.5870610256717969,None
249,0.9032401442527771,0.8531326651573181,1.6129605770111084,1.4125306606292725,[0.1000 0.1000 0.1000 0.1000 0.1000 0.1000 0.1000],[0.0000 0.0000 0.0000 0.0000 0.0000 0.0000 0.0000],0.7563728094100952,0.7761530007003468,1.0,0.0,0.5870610256717969,None
249,0.9032401442527771,0.8531326651573181,1.6129605770111084,1.4125306606292725,[0.1000 0.1000 0.1000 0.1000 0.1000 0.1000 0.1000],[0.0000 0.0000 0.0000 0.0000 0.0000 0.0000 0.0000],0.7563728094100952,0.7761530007003468,1.0,0.0,0.5870610256717969,None
249,0.9032401442527771,0.8531326651573181,1.6129605770111084,1.4125306606292725,[0.1000 0.1000 0.1000 0.1000 0.1000 0.1000 0.1000],[0.0000 0.0000 0.0000 0.0000 0.0000 0.0000 0.0000],0.7563728094100952,0.7761530007003468,1.0,0.0,0.5870610256717969,None
249,0.9032401442527771,0.8531326651573181,1.6129605770111084,1.4125306606292725,[0.1000 0.1000 0.1000 0.1000 0.1000 0.1000 0.1000],[0.0000 0.0000 0.0000 0.0000 0.0000 0.0000 0.0000],0.7563728094100952,0.7761530007003468,1.0,0.0,0.5870610256717969,None
249,0.9032401442527771,0.8531326651573181,1.6129605770111084,1.4125306606292725,[0.1000 0.1000 0.1000 0.1000 0.1000 0.1000 0.1000],[0.0000 0.0000 0.0000 0.0000 0.0000 0.0000 0.0000],0.7563728094100952,0.7761530007003468,1.0,0.0,0.5870610256717969,None
249,0.9032401442527771,0.8531326651573181,1.6129605770111084,1.4125306606292725,[0.1000 0.1000 0.1000 0.1000 0.1000 0.1000 0.1000],[0.0000 0.0000 0.0000 0.0000 0.0000 0.0000 0.0000],0.7563728094100952,0.7761530007003468,1.0,0.0,0.5870610256717969,None
249,0.9032401442527771,0.8531326651573181,1.6129605770111084,1.4125306606292725,[0.1000 0.1000 0.1000 0.1000 0.1000 0.1000 0.1000],[0.0000 0.0000 0.0000 0.0000 0.0000 0.0000 0.0000],0.7563728094100952,0.7761530007003468,1.0,0.0,0.5870610256717969,None
249,0.9032401442527771,0.8531326651573181,1.6129605770111084,1.4125306606292725,[0.1000 0.1000 0.1000 0.1000 0.1000 0.1000 0.1000],[0.0000 0.0000 0.0000 0.0000 0.0000 0.0000 0.0000],0.7563728094100952,0.7761530007003468,1.0,0.0,0.5870610256717969,None
249,0.9032401442527771,0.8531326651573181,1.6129605770111084,1.4125306606292725,[0.1000 0.1000 0.1000 0.1000 0.1000 0.1000 0.1000],[0.0000 0.0000 0.0000 0.0000 0.0000 0.0000 0.0000],0.7563728094100952,0.7761530007003468,1.0,0.0,0.5870610256717969,None
249,0.9032401442527771,0.8531326651573181,1.6129605770111084,1.4125306606292725,[0.1000 0.1000 0.1000 0.1000 0.1000 0.1000 0.1000],[0.0000 0.0000 0.0000 0.0000 0.0000 0.0000 0.0000],0.7563728094100952,0.7761530007003468,1.0,0.0,0.5870610256717969,None
249,0.9032401442527771,0.8531326651573181,1.6129605770111084,1.4125306606292725,[0.1000 0.1000 0.1000 0.1000 0.1000 0.1000 0.1000],[0.0000 0.0000 0.0000 0.0000 0.0000 0.0000 0.0000],0.7563728094100952,0.7761530007003468,1.0,0.0,0.5870610256717969,None
249,0.9032401442527771,0.8531326651573181,1.6129605770111084,1.4125306606292725,[0.1000 0.1000 0.1000 0.1000 0.1000 0.1000 0.1000],[0.0000 0.0000 0.0000 0.0000 0.0000 0.0000 0.0000],0.7563728094100952,0.7761530007003468,1.0,0.0,0.5870610256717969,None
249,0.9032401442527771,0.8531326651573181,1.6129605770111084,1.4125306606292725,[0.1000 0.1000 0.1000 0.1000 0.1000 0.1000 0.1000],[0.0000 0.0000 0.0000 0.0000 0.0000 0.0000 0.0000],0.7563728094100952,0.7761530007003468,1.0,0.0,0.5870610256717969,None
249,0.9032401442527771,0.8531326651573181,1.6129605770111084,1.4125306606292725,[0.1000 0.1000 0.1000 0.1000 0.1000 0.1000 0.1000],[0.0000 0.0000 0.0000 0.0000 0.0000 0.0000 0.0000],0.7563728094100952,0.7761530007003468,1.0,0.0,0.5870610256717969,None
249,0.9032401442527771,0.8531326651573181,1.6129605770111084,1.4125306606292725,[0.1000 0.1000 0.1000 0.1000 0.1000 0.1000 0.1000],[0.0000 0.0000 0.0000 0.0000 0.0000 0.0000 0.0000],0.7563728094100952,0.7761530007003468,1.0,0.0,0.5870610256717969,None
249,0.9032401442527771,0.8531326651573181,1.6129605770111084,1.4125306606292725,[0.1000 0.1000 0.1000 0.1000 0.1000 0.1000 0.1000],[0.0000 0.0000 0.0000 0.0000 0.0000 0.0000 0.0000],0.7563728094100952,0.7761530007003468,1.0,0.0,0.5870610256717969,None
249,0.9032401442527771,0.8531326651573181,1.6129605770111084,1.4125306606292725,[0.1000 0.1000 0.1000 0.1000 0.1000 0.1000 0.1000],[0.0000 0.0000 0.0000 0.0000 0.0000 0.0000 0.0000],0.7563728094100952,0.7761530007003468,1.0,0.0,0.5870610256717969,None
249,0.9032401442527771,0.8531326651573181,1.6129605770111084,1.4125306606292725,[0.1000 0.1000 0.1000 0.1000 0.1000 0.1000 0.1000],[0.0000 0.0000 0.0000 0.0000 0.0000 0.0000 0.0000],0.7563728094100952,0.7761530007003468,1.0,0.0,0.5870610256717969,None
249,0.9032401442527771,0.8531326651573181,1.6129605770111084,1.4125306606292725,[0.1000 0.1000 0.1000 0.1000 0.1000 0.1000 0.1000],[0.0000 0.0000 0.0000 0.0000 0.0000 0.0000 0.0000],0.7563728094100952,0.7761530007003468,1.0,0.0,0.5870610256717969,None
249,0.9032401442527771,0.8531326651573181,1.6129605770111084,1.4125306606292725,[0.1000 0.1000 0.1000 0.1000 0.1000 0.1000 0.1000],[0.0000 0.0000 0.0000 0.0000 0.0000 0.0000 0.0000],0.7563728094100952,0.7761530007003468,1.0,0.0,0.5870610256717969,None
249,0.9032401442527771,0.8531326651573181,1.6129605770111084,1.4125306606292725,[0.1000 0.1000 0.1000 0.1000 0.1000 0.1000 0.1000],[0.0000 0.0000 0.0000 0.0000 0.0000 0.0000 0.0000],0.7563728094100952,0.7761530007003468,1.0,0.0,0.5870610256717969,None
249,0.9032401442527771,0.8531326651573181,1.6129605770111084,1.4125306606292725,[0.1000 0.1000 0.1000 0.1000 0.1000 0.1000 0.1000],[0.0000 0.0000 0.0000 0.0000 0.0000 0.0000 0.0000],0.7563728094100952,0.7761530007003468,1.0,0.0,0.5870610256717969,None
249,0.9032401442527771,0.8531326651573181,1.6129605770111084,1.4125306606292725,[0.1000 0.1000 0.1000 0.1000 0.1000 0.1000 0.1000],[0.0000 0.0000 0.0000 0.0000 0.0000 0.0000 0.0000],0.7563728094100952,0.7761530007003468,1.0,0.0,0.5870610256717969,None
249,0.9032401442527771,0.8531326651573181,1.6129605770111084,1.4125306606292725,[0.1000 0.1000 0.1000 0.1000 0.1000 0.1000 0.1000],[0.0000 0.0000 0.0000 0.0000 0.0000 0.0000 0.0000],0.7563728094100952,0.7761530007003468,1.0,0.0,0.5870610256717969,None
249,0.9032401442527771,0.8531326651573181,1.6129605770111084,1.4125306606292725,[0.1000 0.1000 0.1000 0.1000 0.1000 0.1000 0.1000],[0.0000 0.0000 0.0000 0.0000 0.0000 0.0000 0.0000],0.7563728094100952,0.7761530007003468,1.0,0.0,0.5870610256717969,None
249,0.9032401442527771,0.8531326651573181,1.6129605770111084,1.4125306606292725,[0.1000 0.1000 0.1000 0.1000 0.1000 0.1000 0.1000],[0.0000 0.0000 0.0000 0.0000 0.0000 0.0000 0.0000],0.7563728094100952,0.7761530007003468,1.0,0.0,0.5870610256717969,None
249,0.9032401442527771,0.8531326651573181,1.6129605770111084,1.4125306606292725,[0.1000 0.1000 0.1000 0.1000 0.1000 0.1000 0.1000],[0.0000 0.0000 0.0000 0.0000 0.0000 0.0000 0.0000],0.7563728094100952,0.7761530007003468,1.0,0.0,0.5870610256717969,None
249,0.9032401442527771,0.8531326651573181,1.6129605770111084,1.4125306606292725,[0.1000 0.1000 0.1000 0.1000 0.1000 0.1000 0.1000],[0.0000 0.0000 0.0000 0.0000 0.0000 0.0000 0.0000],0.7563728094100952,0.7761530007003468,1.0,0.0,0.5870610256717969,None
249,0.9032401442527771,0.8531326651573181,1.6129605770111084,1.4125306606292725,[0.1000 0.1000 0.1000 0.1000 0.1000 0.1000 0.1000],[0.0000 0.0000 0.0000 0.0000 0.0000 0.0000 0.0000],0.7563728094100952,0.7761530007003468,1.0,0.0,0.5870610256717969,None
249,0.9032401442527771,0.8531326651573181,1.6129605770111084,1.4125306606292725,[0.1000 0.1000 0.1000 0.1000 0.1000 0.1000 0.1000],[0.0000 0.0000 0.0000 0.0000 0.0000 0.0000 0.0000],0.7563728094100952,0.7761530007003468,1.0,0.0,0.5870610256717969,None
249,0.9032401442527771,0.8531326651573181,1.6129605770111084,1.4125306606292725,[0.1000 0.1000 0.1000 0.1000 0.1000 0.1000 0.1000],[0.0000 0.0000 0.0000 0.0000 0.0000 0.0000 0.0000],0.7563728094100952,0.7761530007003468,1.0,0.0,0.5870610256717969,None
249,0.9032401442527771,0.8531326651573181,1.6129605770111084,1.4125306606292725,[0.1000 0.1000 0.1000 0.1000 0.1000 0.1000 0.1000],[0.0000 0.0000 0.0000 0.0000 0.0000 0.0000 0.0000],0.7563728094100952,0.7761530007003468,1.0,0.0,0.5870610256717969,None
249,0.9032401442527771,0.8531326651573181,1.6129605770111084,1.4125306606292725,[0.1000 0.1000 0.1000 0.1000 0.1000 0.1000 0.1000],[0.0000 0.0000 0.0000 0.0000 0.0000 0.0000 0.0000],0.7563728094100952,0.7761530007003468,1.0,0.0,0.5870610256717969,None
249,0.9032401442527771,0.8531326651573181,1.6129605770111084,1.4125306606292725,[0.1000 0.1000 0.1000 0.1000 0.1000 0.1000 0.1000],[0.0000 0.0000 0.0000 0.0000 0.0000 0.0000 0.0000],0.7563728094100952,0.7761530007003468,1.0,0.0,0.5870610256717969,None
249,0.9032401442527771,0.8531326651573181,1.6129605770111084,1.4125306606292725,[0.1000 0.1000 0.1000 0.1000 0.1000 0.1000 0.1000],[0.0000 0.0000 0.0000 0.0000 0.0000 0.0000 0.0000],0.7563728094100952,0.7761530007003468,1.0,0.0,0.5870610256717969,None
249,0.9032401442527771,0.8531326651573181,1.6129605770111084,1.4125306606292725,[0.1000 0.1000 0.1000 0.1000 0.1000 0.1000 0.1000],[0.0000 0.0000 0.0000 0.0000 0.0000 0.0000 0.0000],0.7563728094100952,0.7761530007003468,1.0,0.0,0.5870610256717969,None
249,0.9032401442527771,0.8531326651573181,1.6129605770111084,1.4125306606292725,[0.1000 0.1000 0.1000 0.1000 0.1000 0.1000 0.1000],[0.0000 0.0000 0.0000 0.0000 0.0000 0.0000 0.0000],0.7563728094100952,0.7761530007003468,1.0,0.0,0.5870610256717969,None
249,0.9032401442527771,0.8531326651573181,1.6129605770111084,1.4125306606292725,[0.1000 0.1000 0.1000 0.1000 0.1000 0.1000 0.1000],[0.0000 0.0000 0.0000 0.0000 0.0000 0.0000 0.0000],0.7563728094100952,0.7761530007003468,1.0,0.0,0.5870610256717969,None
249,0.9032401442527771,0.8531326651573181,1.6129605770111084,1.4125306606292725,[0.1000 0.1000 0.1000 0.1000 0.1000 0.1000 0.1000],[0.0000 0.0000 0.0000 0.0000 0.0000 0.0000 0.0000],0.7563728094100952,0.7761530007003468,1.0,0.0,0.5870610256717969,None
249,0.9032401442527771,0.8531326651573181,1.6129605770111084,1.4125306606292725,[0.1000 0.1000 0.1000 0.1000 0.1000 0.1000 0.1000],[0.0000 0.0000 0.0000 0.0000 0.0000 0.0000 0.0000],0.7563728094100952,0.7761530007003468,1.0,0.0,0.5870610256717969,None
249,0.9032401442527771,0.8531326651573181,1.6129605770111084,1.4125306606292725,[0.1000 0.1000 0.1000 0.1000 0.1000 0.1000 0.1000],[0.0000 0.0000 0.0000 0.0000 0.0000 0.0000 0.0000],0.7563728094100952,0.7761530007003468,1.0,0.0,0.5870610256717969,None
249,0.9032401442527771,0.8531326651573181,1.6129605770111084,1.4125306606292725,[0.1000 0.1000 0.1000 0.1000 0.1000 0.1000 0.1000],[0.0000 0.0000 0.0000 0.0000 0.0000 0.0000 0.0000],0.7563728094100952,0.7761530007003468,1.0,0.0,0.5870610256717969,None
249,0.9032401442527771,0.8531326651573181,1.6129605770111084,1.4125306606292725,[0.1000 0.1000 0.1000 0.1000 0.1000 0.1000 0.1000],[0.0000 0.0000 0.0000 0.0000 0.0000 0.0000 0.0000],0.7563728094100952,0.7761530007003468,1.0,0.0,0.5870610256717969,None
249,0.9032401442527771,0.8531326651573181,1.6129605770111084,1.4125306606292725,[0.1000 0.1000 0.1000 0.1000 0.1000 0.1000 0.1000],[0.0000 0.0000 0.0000 0.0000 0.0000 0.0000 0.0000],0.7563728094100952,0.7761530007003468,1.0,0.0,0.5870610256717969,None
249,0.9032401442527771,0.8531326651573181,1.6129605770111084,1.4125306606292725,[0.1000 0.1000 0.1000 0.1000 0.1000 0.1000 0.1000],[0.0000 0.0000 0.0000 0.0000 0.0000 0.0000 0.0000],0.7563728094100952,0.7761530007003468,1.0,0.0,0.5870610256717969,None
249,0.9032401442527771,0.8531326651573181,1.6129605770111084,1.4125306606292725,[0.1000 0.1000 0.1000 0.1000 0.1000 0.1000 0.1000],[0.0000 0.0000 0.0000 0.0000 0.0000 0.0000 0.0000],0.7563728094100952,0.7761530007003468,1.0,0.0,0.5870610256717969,None
249,0.9032401442527771,0.8531326651573181,1.6129605770111084,1.4125306606292725,[0.1000 0.1000 0.1000 0.1000 0.1000 0.1000 0.1000],[0.0000 0.0000 0.0000 0.0000 0.0000 0.0000 0.0000],0.7563728094100952,0.7761530007003468,1.0,0.0,0.5870610256717969,None
249,0.9032401442527771,0.8531326651573181,1.6129605770111084,1.4125306606292725,[0.1000 0.1000 0.1000 0.1000 0.1000 0.1000 0.1000],[0.0000 0.0000 0.0000 0.0000 0.0000 0.0000 0.0000],0.7563728094100952,0.7761530007003468,1.0,0.0,0.5870610256717969,None
249,0.9032401442527771,0.8531326651573181,1.6129605770111084,1.4125306606292725,[0.1000 0.1000 0.1000 0.1000 0.1000 0.1000 0.1000],[0.0000 0.0000 0.0000 0.0000 0.0000 0.0000 0.0000],0.7563728094100952,0.7761530007003468,1.0,0.0,0.5870610256717969,None
249,0.9032401442527771,0.8531326651573181,1.6129605770111084,1.4125306606292725,[0.1000 0.1000 0.1000 0.1000 0.1000 0.1000 0.1000],[0.0000 0.0000 0.0000 0.0000 0.0000 0.0000 0.0000],0.7563728094100952,0.7761530007003468,1.0,0.0,0.5870610256717969,None
249,0.9032401442527771,0.8531326651573181,1.6129605770111084,1.4125306606292725,[0.1000 0.1000 0.1000 0.1000 0.1000 0.1000 0.1000],[0.0000 0.0000 0.0000 0.0000 0.0000 0.0000 0.0000],0.7563728094100952,0.7761530007003468,1.0,0.0,0.5870610256717969,None
249,0.9032401442527771,0.8531326651573181,1.6129605770111084,1.4125306606292725,[0.1000 0.1000 0.1000 0.1000 0.1000 0.1000 0.1000],[0.0000 0.0000 0.0000 0.0000 0.0000 0.0000 0.0000],0.7563728094100952,0.7761530007003468,1.0,0.0,0.5870610256717969,None
249,0.9032401442527771,0.8531326651573181,1.6129605770111084,1.4125306606292725,[0.1000 0.1000 0.1000 0.1000 0.1000 0.1000 0.1000],[0.0000 0.0000 0.0000 0.0000 0.0000 0.0000 0.0000],0.7563728094100952,0.7761530007003468,1.0,0.0,0.5870610256717969,None
249,0.9032401442527771,0.8531326651573181,1.6129605770111084,1.4125306606292725,[0.1000 0.1000 0.1000 0.1000 0.1000 0.1000 0.1000],[0.0000 0.0000 0.0000 0.0000 0.0000 0.0000 0.0000],0.7563728094100952,0.7761530007003468,1.0,0.0,0.5870610256717969,None
249,0.9032401442527771,0.8531326651573181,1.6129605770111084,1.4125306606292725,[0.1000 0.1000 0.1000 0.1000 0.1000 0.1000 0.1000],[0.0000 0.0000 0.0000 0.0000 0.0000 0.0000 0.0000],0.7563728094100952,0.7761530007003468,1.0,0.0,0.5870610256717969,None
249,0.9032401442527771,0.8531326651573181,1.6129605770111084,1.4125306606292725,[0.1000 0.1000 0.1000 0.1000 0.1000 0.1000 0.1000],[0.0000 0.0000 0.0000 0.0000 0.0000 0.0000 0.0000],0.7563728094100952,0.7761530007003468,1.0,0.0,0.5870610256717969,None
249,0.9032401442527771,0.8531326651573181,1.6129605770111084,1.4125306606292725,[0.1000 0.1000 0.1000 0.1000 0.1000 0.1000 0.1000],[0.0000 0.0000 0.0000 0.0000 0.0000 0.0000 0.0000],0.7563728094100952,0.7761530007003468,1.0,0.0,0.5870610256717969,None
249,0.9032401442527771,0.8531326651573181,1.6129605770111084,1.4125306606292725,[0.1000 0.1000 0.1000 0.1000 0.1000 0.1000 0.1000],[0.0000 0.0000 0.0000 0.0000 0.0000 0.0000 0.0000],0.7563728094100952,0.7761530007003468,1.0,0.0,0.5870610256717969,None
249,0.9032401442527771,0.8531326651573181,1.6129605770111084,1.4125306606292725,[0.1000 0.1000 0.1000 0.1000 0.1000 0.1000 0.1000],[0.0000 0.0000 0.0000 0.0000 0.0000 0.0000 0.0000],0.7563728094100952,0.7761530007003468,1.0,0.0,0.5870610256717969,None
249,0.9032401442527771,0.8531326651573181,1.6129605770111084,1.4125306606292725,[0.1000 0.1000 0.1000 0.1000 0.1000 0.1000 0.1000],[0.0000 0.0000 0.0000 0.0000 0.0000 0.0000 0.0000],0.7563728094100952,0.7761530007003468,1.0,0.0,0.5870610256717969,None
249,0.9032401442527771,0.8531326651573181,1.6129605770111084,1.4125306606292725,[0.1000 0.1000 0.1000 0.1000 0.1000 0.1000 0.1000],[0.0000 0.0000 0.0000 0.0000 0.0000 0.0000 0.0000],0.7563728094100952,0.7761530007003468,1.0,0.0,0.5870610256717969,None
249,0.9032401442527771,0.8531326651573181,1.6129605770111084,1.4125306606292725,[0.1000 0.1000 0.1000 0.1000 0.1000 0.1000 0.1000],[0.0000 0.0000 0.0000 0.0000 0.0000 0.0000 0.0000],0.7563728094100952,0.7761530007003468,1.0,0.0,0.5870610256717969,None
249,0.9032401442527771,0.8531326651573181,1.6129605770111084,1.4125306606292725,[0.1000 0.1000 0.1000 0.1000 0.1000 0.1000 0.1000],[0.0000 0.0000 0.0000 0.0000 0.0000 0.0000 0.0000],0.7563728094100952,0.7761530007003468,1.0,0.0,0.5870610256717969,None
249,0.9032401442527771,0.8531326651573181,1.6129605770111084,1.4125306606292725,[0.1000 0.1000 0.1000 0.1000 0.1000 0.1000 0.1000],[0.0000 0.0000 0.0000 0.0000 0.0000 0.0000 0.0000],0.7563728094100952,0.7761530007003468,1.0,0.0,0.5870610256717969,None
249,0.9032401442527771,0.8531326651573181,1.6129605770111084,1.4125306606292725,[0.1000 0.1000 0.1000 0.1000 0.1000 0.1000 0.1000],[0.0000 0.0000 0.0000 0.0000 0.0000 0.0000 0.0000],0.7563728094100952,0.7761530007003468,1.0,0.0,0.5870610256717969,None
249,0.9032401442527771,0.8531326651573181,1.6129605770111084,1.4125306606292725,[0.1000 0.1000 0.1000 0.1000 0.1000 0.1000 0.1000],[0.0000 0.0000 0.0000 0.0000 0.0000 0.0000 0.0000],0.7563728094100952,0.7761530007003468,1.0,0.0,0.5870610256717969,None
249,0.9032401442527771,0.8531326651573181,1.6129605770111084,1.4125306606292725,[0.1000 0.1000 0.1000 0.1000 0.1000 0.1000 0.1000],[0.0000 0.0000 0.0000 0.0000 0.0000 0.0000 0.0000],0.7563728094100952,0.7761530007003468,1.0,0.0,0.5870610256717969,None
249,0.9032401442527771,0.8531326651573181,1.6129605770111084,1.4125306606292725,[0.1000 0.1000 0.1000 0.1000 0.1000 0.1000 0.1000],[0.0000 0.0000 0.0000 0.0000 0.0000 0.0000 0.0000],0.7563728094100952,0.7761530007003468,1.0,0.0,0.5870610256717969,None
249,0.9032401442527771,0.8531326651573181,1.6129605770111084,1.4125306606292725,[0.1000 0.1000 0.1000 0.1000 0.1000 0.1000 0.1000],[0.0000 0.0000 0.0000 0.0000 0.0000 0.0000 0.0000],0.7563728094100952,0.7761530007003468,1.0,0.0,0.5870610256717969,None
249,0.9032401442527771,0.8531326651573181,1.6129605770111084,1.4125306606292725,[0.1000 0.1000 0.1000 0.1000 0.1000 0.1000 0.1000],[0.0000 0.0000 0.0000 0.0000 0.0000 0.0000 0.0000],0.7563728094100952,0.7761530007003468,1.0,0.0,0.5870610256717969,None
249,0.9032401442527771,0.8531326651573181,1.6129605770111084,1.4125306606292725,[0.1000 0.1000 0.1000 0.1000 0.1000 0.1000 0.1000],[0.0000 0.0000 0.0000 0.0000 0.0000 0.0000 0.0000],0.7563728094100952,0.7761530007003468,1.0,0.0,0.5870610256717969,None
249,0.9032401442527771,0.8531326651573181,1.6129605770111084,1.4125306606292725,[0.1000 0.1000 0.1000 0.1000 0.1000 0.1000 0.1000],[0.0000 0.0000 0.0000 0.0000 0.0000 0.0000 0.0000],0.7563728094100952,0.7761530007003468,1.0,0.0,0.5870610256717969,None
249,0.9032401442527771,0.8531326651573181,1.6129605770111084,1.4125306606292725,[0.1000 0.1000 0.1000 0.1000 0.1000 0.1000 0.1000],[0.0000 0.0000 0.0000 0.0000 0.0000 0.0000 0.0000],0.7563728094100952,0.7761530007003468,1.0,0.0,0.5870610256717969,None
249,0.9032401442527771,0.8531326651573181,1.6129605770111084,1.4125306606292725,[0.1000 0.1000 0.1000 0.1000 0.1000 0.1000 0.1000],[0.0000 0.0000 0.0000 0.0000 0.0000 0.0000 0.0000],0.7563728094100952,0.7761530007003468,1.0,0.0,0.5870610256717969,None
249,0.9032401442527771,0.8531326651573181,1.6129605770111084,1.4125306606292725,[0.1000 0.1000 0.1000 0.1000 0.1000 0.1000 0.1000],[0.0000 0.0000 0.0000 0.0000 0.0000 0.0000 0.0000],0.7563728094100952,0.7761530007003468,1.0,0.0,0.5870610256717969,None
249,0.9032401442527771,0.8531326651573181,1.6129605770111084,1.4125306606292725,[0.1000 0.1000 0.1000 0.1000 0.1000 0.1000 0.1000],[0.0000 0.0000 0.0000 0.0000 0.0000 0.0000 0.0000],0.7563728094100952,0.7761530007003468,1.0,0.0,0.5870610256717969,None
249,0.9032401442527771,0.8531326651573181,1.6129605770111084,1.4125306606292725,[0.1000 0.1000 0.1000 0.1000 0.1000 0.1000 0.1000],[0.0000 0.0000 0.0000 0.0000 0.0000 0.0000 0.0000],0.7563728094100952,0.7761530007003468,1.0,0.0,0.5870610256717969,None
249,0.9032401442527771,0.8531326651573181,1.6129605770111084,1.4125306606292725,[0.1000 0.1000 0.1000 0.1000 0.1000 0.1000 0.1000],[0.0000 0.0000 0.0000 0.0000 0.0000 0.0000 0.0000],0.7563728094100952,0.7761530007003468,1.0,0.0,0.5870610256717969,None
249,0.9032401442527771,0.8531326651573181,1.6129605770111084,1.4125306606292725,[0.1000 0.1000 0.1000 0.1000 0.1000 0.1000 0.1000],[0.0000 0.0000 0.0000 0.0000 0.0000 0.0000 0.0000],0.7563728094100952,0.7761530007003468,1.0,0.0,0.5870610256717969,None
249,0.9032401442527771,0.8531326651573181,1.6129605770111084,1.4125306606292725,[0.1000 0.1000 0.1000 0.1000 0.1000 0.1000 0.1000],[0.0000 0.0000 0.0000 0.0000 0.0000 0.0000 0.0000],0.7563728094100952,0.7761530007003468,1.0,0.0,0.5870610256717969,None
249,0.9032401442527771,0.8531326651573181,1.6129605770111084,1.4125306606292725,[0.1000 0.1000 0.1000 0.1000 0.1000 0.1000 0.1000],[0.0000 0.0000 0.0000 0.0000 0.0000 0.0000 0.0000],0.7563728094100952,0.7761530007003468,1.0,0.0,0.5870610256717969,None
249,0.9032401442527771,0.8531326651573181,1.6129605770111084,1.4125306606292725,[0.1000 0.1000 0.1000 0.1000 0.1000 0.1000 0.1000],[0.0000 0.0000 0.0000 0.0000 0.0000 0.0000 0.0000],0.7563728094100952,0.7761530007003468,1.0,0.0,0.5870610256717969,None
249,0.9032401442527771,0.8531326651573181,1.6129605770111084,1.4125306606292725,[0.1000 0.1000 0.1000 0.1000 0.1000 0.1000 0.1000],[0.0000 0.0000 0.0000 0.0000 0.0000 0.0000 0.0000],0.7563728094100952,0.7761530007003468,1.0,0.0,0.5870610256717969,None
249,0.9032401442527771,0.8531326651573181,1.6129605770111084,1.4125306606292725,[0.1000 0.1000 0.1000 0.1000 0.1000 0.1000 0.1000],[0.0000 0.0000 0.0000 0.0000 0.0000 0.0000 0.0000],0.7563728094100952,0.7761530007003468,1.0,0.0,0.5870610256717969,None
249,0.9032401442527771,0.8531326651573181,1.6129605770111084,1.4125306606292725,[0.1000 0.1000 0.1000 0.1000 0.1000 0.1000 0.1000],[0.0000 0.0000 0.0000 0.0000 0.0000 0.0000 0.0000],0.7563728094100952,0.7761530007003468,1.0,0.0,0.5870610256717969,None
249,0.9032401442527771,0.8531326651573181,1.6129605770111084,1.4125306606292725,[0.1000 0.1000 0.1000 0.1000 0.1000 0.1000 0.1000],[0.0000 0.0000 0.0000 0.0000 0.0000 0.0000 0.0000],0.7563728094100952,0.7761530007003468,1.0,0.0,0.5870610256717969,None
249,0.9032401442527771,0.8531326651573181,1.6129605770111084,1.4125306606292725,[0.1000 0.1000 0.1000 0.1000 0.1000 0.1000 0.1000],[0.0000 0.0000 0.0000 0.0000 0.0000 0.0000 0.0000],0.7563728094100952,0.7761530007003468,1.0,0.0,0.5870610256717969,None
249,0.9032401442527771,0.8531326651573181,1.6129605770111084,1.4125306606292725,[0.1000 0.1000 0.1000 0.1000 0.1000 0.1000 0.1000],[0.0000 0.0000 0.0000 0.0000 0.0000 0.0000 0.0000],0.7563728094100952,0.7761530007003468,1.0,0.0,0.5870610256717969,None
249,0.9032401442527771,0.8531326651573181,1.6129605770111084,1.4125306606292725,[0.1000 0.1000 0.1000 0.1000 0.1000 0.1000 0.1000],[0.0000 0.0000 0.0000 0.0000 0.0000 0.0000 0.0000],0.7563728094100952,0.7761530007003468,1.0,0.0,0.5870610256717969,None
249,0.9032401442527771,0.8531326651573181,1.6129605770111084,1.4125306606292725,[0.1000 0.1000 0.1000 0.1000 0.1000 0.1000 0.1000],[0.0000 0.0000 0.0000 0.0000 0.0000 0.0000 0.0000],0.7563728094100952,0.7761530007003468,1.0,0.0,0.5870610256717969,None
249,0.9032401442527771,0.8531326651573181,1.6129605770111084,1.4125306606292725,[0.1000 0.1000 0.1000 0.1000 0.1000 0.1000 0.1000],[0.0000 0.0000 0.0000 0.0000 0.0000 0.0000 0.0000],0.7563728094100952,0.7761530007003468,1.0,0.0,0.5870610256717969,None
249,0.9032401442527771,0.8531326651573181,1.6129605770111084,1.4125306606292725,[0.1000 0.1000 0.1000 0.1000 0.1000 0.1000 0.1000],[0.0000 0.0000 0.0000 0.0000 0.0000 0.0000 0.0000],0.7563728094100952,0.7761530007003468,1.0,0.0,0.5870610256717969,None
249,0.9032401442527771,0.8531326651573181,1.6129605770111084,1.4125306606292725,[0.1000 0.1000 0.1000 0.1000 0.1000 0.1000 0.1000],[0.0000 0.0000 0.0000 0.0000 0.0000 0.0000 0.0000],0.7563728094100952,0.7761530007003468,1.0,0.0,0.5870610256717969,None
249,0.9032401442527771,0.8531326651573181,1.6129605770111084,1.4125306606292725,[0.1000 0.1000 0.1000 0.1000 0.1000 0.1000 0.1000],[0.0000 0.0000 0.0000 0.0000 0.0000 0.0000 0.0000],0.7563728094100952,0.7761530007003468,1.0,0.0,0.5870610256717969,None
249,0.9032401442527771,0.8531326651573181,1.6129605770111084,1.4125306606292725,[0.1000 0.1000 0.1000 0.1000 0.1000 0.1000 0.1000],[0.0000 0.0000 0.0000 0.0000 0.0000 0.0000 0.0000],0.7563728094100952,0.7761530007003468,1.0,0.0,0.5870610256717969,None
249,0.9032401442527771,0.8531326651573181,1.6129605770111084,1.4125306606292725,[0.1000 0.1000 0.1000 0.1000 0.1000 0.1000 0.1000],[0.0000 0.0000 0.0000 0.0000 0.0000 0.0000 0.0000],0.7563728094100952,0.7761530007003468,1.0,0.0,0.5870610256717969,None
249,0.9032401442527771,0.8531326651573181,1.6129605770111084,1.4125306606292725,[0.1000 0.1000 0.1000 0.1000 0.1000 0.1000 0.1000],[0.0000 0.0000 0.0000 0.0000 0.0000 0.0000 0.0000],0.7563728094100952,0.7761530007003468,1.0,0.0,0.5870610256717969,None
249,0.9032812118530273,0.8481098413467407,1.6131248474121094,1.392439365386963,[0.1079 0.1000 0.1000 0.1000 0.1000 0.1000 0.1000],[-0.0791 0.0000 0.0000 0.0000 0.0000 0.0000 0.0000],0.7513910531997681,0.7651141330214042,1.0,0.0,0.5748999142289803,None
249,0.9032776951789856,0.8485404253005981,1.6131107807159424,1.3941617012023926,[0.1072 0.1000 0.1000 0.1000 0.1000 0.1000 0.1000],[-0.0724 0.0000 0.0000 0.0000 0.0000 0.0000 0.0000],0.7518181204795837,0.7660400250504641,1.0,0.0,0.5759227718455732,None
249,0.9032741785049438,0.848972737789154,1.6130967140197754,1.3958909511566162,[0.1066 0.1000 0.1000 0.1000 0.1000 0.1000 0.1000],[-0.0657 0.0000 0.0000 0.0000 0.0000 0.0000 0.0000],0.7522469162940979,0.7669733047142672,1.0,0.0,0.576953303351201,None
249,0.9032706022262573,0.8494139313697815,1.6130824089050293,1.397655725479126,[0.1059 0.1000 0.1000 0.1000 0.1000 0.1000 0.1000],[-0.0588 0.0000 0.0000 0.0000 0.0000 0.0000 0.0000],0.7526845335960388,0.767929599352964,1.0,0.0,0.5780087323235786,None
249,0.903267502784729,0.8497998714447021,1.613070011138916,1.3991994857788086,[0.1053 0.1000 0.1000 0.1000 0.1000 0.1000 0.1000],[-0.0527 0.0000 0.0000 0.0000 0.0000 0.0000 0.0000],0.7530673742294312,0.7687693114224955,1.0,0.0,0.5789350867411065,None
249,0.903264045715332,0.8502260446548462,1.6130561828613281,1.4009041786193848,[0.1046 0.1000 0.1000 0.1000 0.1000 0.1000 0.1000],[-0.0460 0.0000 0.0000 0.0000 0.0000 0.0000 0.0000],0.7534900903701782,0.7697001930949879,1.0,0.0,0.5799614680530861,None
249,0.903260350227356,0.8506709337234497,1.6130414009094238,1.4026837348937988,[0.1039 0.1000 0.1000 0.1000 0.1000 0.1000 0.1000],[-0.0390 0.0000 0.0000 0.0000 0.0000 0.0000 0.0000],0.7539312839508057,0.7706761754550866,1.0,0.0,0.5810368784711498,None
249,0.903256893157959,0.8511018753051758,1.613027572631836,1.4044075012207031,[0.1032 0.1000 0.1000 0.1000 0.1000 0.1000 0.1000],[-0.0322 0.0000 0.0000 0.0000 0.0000 0.0000 0.0000],0.7543587684631348,0.7716252687953783,1.0,0.0,0.5820822874835169,None
249,0.9032530784606934,0.8515682220458984,1.6130123138427734,1.4062728881835938,[0.1025 0.1000 0.1000 0.1000 0.1000 0.1000 0.1000],[-0.0249 0.0000 0.0000 0.0000 0.0000 0.0000 0.0000],0.7548213005065918,0.7726569631266554,1.0,0.0,0.5832179337527358,None
249,0.9032498002052307,0.85197514295578,1.6129992008209229,1.4079005718231201,[0.1018 0.1000 0.1000 0.1000 0.1000 0.1000 0.1000],[-0.0184 0.0000 0.0000 0.0000 0.0000 0.0000 0.0000],0.7552249431610107,0.7735609193415353,1.0,0.0,0.5842125013412902,None
249,0.9032459855079651,0.8524266481399536,1.6129839420318604,1.4097065925598145,[0.1011 0.1000 0.1000 0.1000 0.1000 0.1000 0.1000],[-0.0113 0.0000 0.0000 0.0000 0.0000 0.0000 0.0000],0.7556726336479187,0.7745685528414203,1.0,0.0,0.5853202582665332,None
249,0.9032426476478577,0.8528379797935486,1.6129705905914307,1.4113519191741943,[0.1005 0.1000 0.1000 0.1000 0.1000 0.1000 0.1000],[-0.0047 0.0000 0.0000 0.0000 0.0000 0.0000 0.0000],0.7560806274414062,0.775490160896434,1.0,0.0,0.5863330874252128,None
249,0.9032391905784607,0.8532591462135315,1.6129567623138428,1.413036584854126,[0.0998 0.1000 0.1000 0.1000 0.1000 0.1000 0.1000],[0.0020 0.0000 0.0000 0.0000 0.0000 0.0000 0.0000],0.7564983367919922,0.7764378288597795,0.9979803115129471,0.002019688487052973,0.5861876137985588,None
249,0.9032357931137085,0.8536642789840698,1.612943172454834,1.4146571159362793,[0.0991 0.1000 0.1000 0.1000 0.1000 0.1000 0.1000],[0.0085 0.0000 0.0000 0.0000 0.0000 0.0000 0.0000],0.7569000720977783,0.777353387338503,0.991499051451683,0.008500948548317011,0.5833770567193748,None
249,0.9032320976257324,0.8541107773780823,1.6129283905029297,1.416443109512329,[0.0984 0.1000 0.1000 0.1000 0.1000 0.1000 0.1000],[0.0157 0.0000 0.0000 0.0000 0.0000 0.0000 0.0000],0.7573428750038147,0.7783666986943294,0.9843382239341736,0.01566177606582647,0.5802580056091191,None
249,0.9032284617424011,0.8545422554016113,1.6129138469696045,1.4181690216064453,[0.0977 0.1000 0.1000 0.1000 0.1000 0.1000 0.1000],[0.0226 0.0000 0.0000 0.0000 0.0000 0.0000 0.0000],0.7577707171440125,0.7793504898242695,0.9774018079042435,0.022598192095756586,0.577223188334315,None
249,0.9032249450683594,0.8549636006355286,1.6128997802734375,1.4198544025421143,[0.0971 0.1000 0.1000 0.1000 0.1000 0.1000 0.1000],[0.0294 0.0000 0.0000 0.0000 0.0000 0.0000 0.0000],0.7581885457038879,0.7803153523051034,0.9706107527017593,0.029389247298240717,0.574238714566952,None
249,0.9032213687896729,0.855388879776001,1.6128854751586914,1.421555519104004,[0.0964 0.1000 0.1000 0.1000 0.1000 0.1000 0.1000],[0.0363 0.0000 0.0000 0.0000 0.0000 0.0000 0.0000],0.7586102485656738,0.7812936008854064,0.9637381136417389,0.036261886358261164,0.5712050094446821,None
249,0.9032179713249207,0.8557997941970825,1.6128718852996826,1.42319917678833,[0.0957 0.1000 0.1000 0.1000 0.1000 0.1000 0.1000],[0.0429 0.0000 0.0000 0.0000 0.0000 0.0000 0.0000],0.7590177655220032,0.7822428482739587,0.9570819139480591,0.042918086051940973,0.5682541966621784,None
249,0.903214693069458,0.8561923503875732,1.612858772277832,1.424769401550293,[0.0951 0.1000 0.1000 0.1000 0.1000 0.1000 0.1000],[0.0493 0.0000 0.0000 0.0000 0.0000 0.0000 0.0000],0.7594070434570312,0.7831536426824633,0.950707271695137,0.04929272830486303,0.5654164101312878,None
249,0.9032110571861267,0.8566142916679382,1.6128442287445068,1.426457166671753,[0.0944 0.1000 0.1000 0.1000 0.1000 0.1000 0.1000],[0.0562 0.0000 0.0000 0.0000 0.0000 0.0000 0.0000],0.7598253488540649,0.7841371604046021,0.9438382089138031,0.056161791086196955,0.562345686823598,None
249,0.9032080769538879,0.856972336769104,1.6128323078155518,1.427889347076416,[0.0938 0.1000 0.1000 0.1000 0.1000 0.1000 0.1000],[0.0620 0.0000 0.0000 0.0000 0.0000 0.0000 0.0000],0.7601804137229919,0.7849750242767507,0.9379951655864716,0.0620048344135285,0.5597229503124699,None
249,0.9032048583030701,0.8573530316352844,1.6128194332122803,1.4294121265411377,[0.0932 0.1000 0.1000 0.1000 0.1000 0.1000 0.1000],[0.0682 0.0000 0.0000 0.0000 0.0000 0.0000 0.0000],0.7605578899383545,0.7858696035874737,0.9317665547132492,0.06823344528675085,0.5569162431122476,None
249,0.9032013416290283,0.8577646613121033,1.6128053665161133,1.431058645248413,[0.0925 0.1000 0.1000 0.1000 0.1000 0.1000 0.1000],[0.0750 0.0000 0.0000 0.0000 0.0000 0.0000 0.0000],0.7609660029411316,0.7868411852234933,0.9250164777040482,0.0749835222959519,0.5538623034738624,None
249,0.9031976461410522,0.8582026362419128,1.612790584564209,1.4328105449676514,[0.0918 0.1000 0.1000 0.1000 0.1000 0.1000 0.1000],[0.0822 0.0000 0.0000 0.0000 0.0000 0.0000 0.0000],0.7614002823829651,0.7878797277506475,0.9178142994642258,0.08218570053577429,0.5505893154858875,None
249,0.9031938314437866,0.8586350083351135,1.6127753257751465,1.434540033340454,[0.0911 0.1000 0.1000 0.1000 0.1000 0.1000 0.1000],[0.0893 0.0000 0.0000 0.0000 0.0000 0.0000 0.0000],0.7618288397789001,0.7889103908083748,0.9106830507516861,0.08931694924831396,0.5473338893585681,None
249,0.9031903743743896,0.8590481877326965,1.6127614974975586,1.4361927509307861,[0.0904 0.1000 0.1000 0.1000 0.1000 0.1000 0.1000],[0.0962 0.0000 0.0000 0.0000 0.0000 0.0000 0.0000],0.7622385621070862,0.7898995796251395,0.9038496762514114,0.09615032374858862,0.5442005867689655,None
249,0.9031869769096375,0.8594481348991394,1.6127479076385498,1.4377925395965576,[0.0897 0.1000 0.1000 0.1000 0.1000 0.1000 0.1000],[0.1028 0.0000 0.0000 0.0000 0.0000 0.0000 0.0000],0.7626351118087769,0.7908616677638983,0.8972183614969254,0.1027816385030747,0.5411472744570045,None
249,0.9031833410263062,0.8598687052726746,1.6127333641052246,1.4394748210906982,[0.0890 0.1000 0.1000 0.1000 0.1000 0.1000 0.1000],[0.1098 0.0000 0.0000 0.0000 0.0000 0.0000 0.0000],0.7630520462989807,0.7918783150326916,0.8902237564325333,0.10977624356746679,0.5379126917122008,None
249,0.9031798243522644,0.8602756261825562,1.6127192974090576,1.4411025047302246,[0.0883 0.1000 0.1000 0.1000 0.1000 0.1000 0.1000],[0.1166 0.0000 0.0000 0.0000 0.0000 0.0000 0.0000],0.7634554505348206,0.7928667139986713,0.8834368735551834,0.11656312644481664,0.5347606074786729,None
249,0.9031763672828674,0.860672116279602,1.6127054691314697,1.4426884651184082,[0.0877 0.1000 0.1000 0.1000 0.1000 0.1000 0.1000],[0.1232 0.0000 0.0000 0.0000 0.0000 0.0000 0.0000],0.7638484835624695,0.7938344087795799,0.8768057823181152,0.12319421768188482,0.5316680289742292,None
249,0.9031725525856018,0.861118495464325,1.6126902103424072,1.4444739818572998,[0.0869 0.1000 0.1000 0.1000 0.1000 0.1000 0.1000],[0.1307 0.0000 0.0000 0.0000 0.0000 0.0000 0.0000],0.7642910480499268,0.7949291412187561,0.8693178743124008,0.13068212568759924,0.5281603566358748,None
249,0.9031694531440735,0.8614720106124878,1.612677812576294,1.4458880424499512,[0.0863 0.1000 0.1000 0.1000 0.1000 0.1000 0.1000],[0.1366 0.0000 0.0000 0.0000 0.0000 0.0000 0.0000],0.7646414637565613,0.7958004835177476,0.8633705228567123,0.13662947714328771,0.5253627301110011,None
249,0.9031665325164795,0.8618111610412598,1.612666130065918,1.447244644165039,[0.0858 0.1000 0.1000 0.1000 0.1000 0.1000 0.1000],[0.1423 0.0000 0.0000 0.0000 0.0000 0.0000 0.0000],0.7649776935577393,0.7966397986939929,0.8576517552137375,0.14234824478626257,0.5226629933986722,None
249,0.903163492679596,0.8621559143066406,1.6126539707183838,1.4486236572265625,[0.0852 0.1000 0.1000 0.1000 0.1000 0.1000 0.1000],[0.1482 0.0000 0.0000 0.0000 0.0000 0.0000 0.0000],0.7653194069862366,0.7974967200933394,0.851823017001152,0.14817698299884802,0.5199014190413862,None
249,0.9031602144241333,0.8625283241271973,1.6126408576965332,1.450113296508789,[0.0846 0.1000 0.1000 0.1000 0.1000 0.1000 0.1000],[0.1545 0.0000 0.0000 0.0000 0.0000 0.0000 0.0000],0.7656885385513306,0.7984264642942034,0.8455102890729904,0.15448971092700964,0.5168993269151171,None
249,0.9031571745872498,0.8628766536712646,1.612628698348999,1.4515066146850586,[0.0840 0.1000 0.1000 0.1000 0.1000 0.1000 0.1000],[0.1604 0.0000 0.0000 0.0000 0.0000 0.0000 0.0000],0.7660338282585144,0.7992999229796234,0.8395905047655106,0.1604094952344895,0.5140735249820241,None
249,0.903154194355011,0.8632208704948425,1.612616777420044,1.4528834819793701,[0.0834 0.1000 0.1000 0.1000 0.1000 0.1000 0.1000],[0.1663 0.0000 0.0000 0.0000 0.0000 0.0000 0.0000],0.7663750648498535,0.8001667598717159,0.8337242156267166,0.16627578437328344,0.5112629103154996,None
249,0.903151273727417,0.8635556697845459,1.612605094909668,1.4542226791381836,[0.0828 0.1000 0.1000 0.1000 0.1000 0.1000 0.1000],[0.1720 0.0000 0.0000 0.0000 0.0000 0.0000 0.0000],0.7667069435119629,0.8010135583943693,0.8280063420534134,0.17199365794658666,0.5085140149779943,None
249,0.903148353099823,0.8638871908187866,1.612593412399292,1.4555487632751465,[0.0822 0.1000 0.1000 0.1000 0.1000 0.1000 0.1000],[0.1777 0.0000 0.0000 0.0000 0.0000 0.0000 0.0000],0.7670355439186096,0.8018557033850422,0.8223281055688858,0.17767189443111425,0.5057744025642616,None
249,0.903145432472229,0.8642144203186035,1.612581729888916,1.456857681274414,[0.0817 0.1000 0.1000 0.1000 0.1000 0.1000 0.1000],[0.1833 0.0000 0.0000 0.0000 0.0000 0.0000 0.0000],0.7673598527908325,0.8026905674996112,0.816708579659462,0.18329142034053808,0.5030537042457114,None
249,0.9031428098678589,0.8645058274269104,1.6125712394714355,1.4580233097076416,[0.0812 0.1000 0.1000 0.1000 0.1000 0.1000 0.1000],[0.1883 0.0000 0.0000 0.0000 0.0000 0.0000 0.0000],0.7676486372947693,0.8034370776546388,0.8116916567087173,0.1883083432912827,0.5006168177849064,None
249,0.9031400680541992,0.8648191094398499,1.6125602722167969,1.4592764377593994,[0.0806 0.1000 0.1000 0.1000 0.1000 0.1000 0.1000],[0.1937 0.0000 0.0000 0.0000 0.0000 0.0000 0.0000],0.7679591774940491,0.804242602657398,0.8062876760959625,0.19371232390403753,0.49798381912886563,None
249,0.9031372666358948,0.8651381731033325,1.612549066543579,1.46055269241333,[0.0801 0.1000 0.1000 0.1000 0.1000 0.1000 0.1000],[0.1992 0.0000 0.0000 0.0000 0.0000 0.0000 0.0000],0.7682754397392273,0.8050664381576065,0.800769105553627,0.19923089444637304,0.4952859190436395,None
249,0.9031343460083008,0.8654581308364868,1.6125373840332031,1.4618325233459473,[0.0795 0.1000 0.1000 0.1000 0.1000 0.1000 0.1000],[0.2048 0.0000 0.0000 0.0000 0.0000 0.0000 0.0000],0.7685924768447876,0.8058963803227411,0.7952199876308441,0.20478001236915594,0.4925639481862202,None
249,0.9031315445899963,0.8657766580581665,1.6125261783599854,1.463106632232666,[0.0790 0.1000 0.1000 0.1000 0.1000 0.1000 0.1000],[0.2103 0.0000 0.0000 0.0000 0.0000 0.0000 0.0000],0.7689082026481628,0.8067258772317675,0.7896828651428223,0.2103171348571778,0.48983881582731453,None
249,0.9031286835670471,0.8660935759544373,1.6125147342681885,1.464374303817749,[0.0784 0.1000 0.1000 0.1000 0.1000 0.1000 0.1000],[0.2158 0.0000 0.0000 0.0000 0.0000 0.0000 0.0000],0.7692222595214844,0.807554923127117,0.7841584831476212,0.2158415168523789,0.4871107985852178,None
249,0.9031257033348083,0.8664298057556152,1.6125028133392334,1.465719223022461,[0.0778 0.1000 0.1000 0.1000 0.1000 0.1000 0.1000],[0.2217 0.0000 0.0000 0.0000 0.0000 0.0000 0.0000],0.7695555090904236,0.8084382669237065,0.7782826572656631,0.2217173427343369,0.4841993108314171,None
249,0.9031226634979248,0.8667606115341187,1.6124906539916992,1.4670424461364746,[0.0772 0.1000 0.1000 0.1000 0.1000 0.1000 0.1000],[0.2275 0.0000 0.0000 0.0000 0.0000 0.0000 0.0000],0.7698832750320435,0.809311636527537,0.7724858820438385,0.22751411795616155,0.4813170219841789,None
249,0.9031197428703308,0.8670840263366699,1.6124789714813232,1.4683361053466797,[0.0767 0.1000 0.1000 0.1000 0.1000 0.1000 0.1000],[0.2332 0.0000 0.0000 0.0000 0.0000 0.0000 0.0000],0.7702037692070007,0.810169242392965,0.7668016850948334,0.23319831490516668,0.4784807274217486,None
249,0.9000236988067627,0.8656143546104431,1.6000947952270508,1.4624574184417725,[0.0761 0.1077 0.1000 0.1000 0.1000 0.1000 0.1000],[0.2389 -0.0775 0.0000 0.0000 0.0000 0.0000 0.0000],0.7656380534172058,0.8145024415354218,0.7611045986413956,0.2388954013586045,0.4746355317666374,None
249,0.9002894163131714,0.8660637140274048,1.6011576652526855,1.4642548561096191,[0.0756 0.1071 0.1000 0.1000 0.1000 0.1000 0.1000],[0.2440 -0.0709 0.0000 0.0000 0.0000 0.0000 0.0000],0.7663531303405762,0.8149981019400974,0.755973756313324,0.24402624368667608,0.4721633268764802,None
249,0.9005640149116516,0.8665361404418945,1.6022560596466064,1.4661445617675781,[0.0751 0.1064 0.1000 0.1000 0.1000 0.1000 0.1000],[0.2495 -0.0640 0.0000 0.0000 0.0000 0.0000 0.0000],0.7671001553535461,0.8155335410711284,0.7505039870738983,0.24949601292610174,0.46951222178890145,None
249,0.9008509516716003,0.8670226335525513,1.6034038066864014,1.468090534210205,[0.0745 0.1057 0.1000 0.1000 0.1000 0.1000 0.1000],[0.2551 -0.0569 0.0000 0.0000 0.0000 0.0000 0.0000],0.7678735852241516,0.8160752378850279,0.7448861747980118,0.2551138252019883,0.46677742322928334,None
249,0.901174008846283,0.8675452470779419,1.6046960353851318,1.4701809883117676,[0.0739 0.1049 0.1000 0.1000 0.1000 0.1000 0.1000],[0.2610 -0.0488 0.0000 0.0000 0.0000 0.0000 0.0000],0.7687192559242249,0.8166185348287863,0.7389696687459946,0.2610303312540055,0.4638884995768879,None
249,0.9015085101127625,0.868078887462616,1.6060340404510498,1.4723155498504639,[0.0733 0.1040 0.1000 0.1000 0.1000 0.1000 0.1000],[0.2671 -0.0403 0.0000 0.0000 0.0000 0.0000 0.0000],0.7695873975753784,0.8171623051716455,0.7329422980546951,0.2670577019453049,0.46093114860103235,None
249,0.9018018841743469,0.8685539960861206,1.6072075366973877,1.4742159843444824,[0.0728 0.1033 0.1000 0.1000 0.1000 0.1000 0.1000],[0.2725 -0.0329 0.0000 0.0000 0.0000 0.0000 0.0000],0.7703558802604675,0.8176599657556621,0.7275008410215378,0.2724991589784623,0.4582448955952848,None
249,0.9021083116531372,0.869056224822998,1.6084332466125488,1.4762248992919922,[0.0722 0.1025 0.1000 0.1000 0.1000 0.1000 0.1000],[0.2783 -0.0251 0.0000 0.0000 0.0000 0.0000 0.0000],0.7711645364761353,0.8181976709991339,0.7216800004243851,0.278319999575615,0.45535484145967964,None
249,0.9024379253387451,0.8695823550224304,1.6097517013549805,1.4783294200897217,[0.0716 0.1017 0.1000 0.1000 0.1000 0.1000 0.1000],[0.2844 -0.0167 0.0000 0.0000 0.0000 0.0000 0.0000],0.7720202803611755,0.8187389442921765,0.715637281537056,0.2843627184629441,0.45234220943022735,None
249,0.9027867913246155,0.8701292276382446,1.611147165298462,1.4805169105529785,[0.0709 0.1008 0.1000 0.1000 0.1000 0.1000 0.1000],[0.2906 -0.0078 0.0000 0.0000 0.0000 0.0000 0.0000],0.7729160189628601,0.8192859615680872,0.7093838602304459,0.2906161397695542,0.44920969922147685,None
249,0.9031141996383667,0.8706518411636353,1.6124567985534668,1.482607364654541,[0.0703 0.0999 0.1000 0.1000 0.1000 0.1000 0.1000],[0.2967 0.0007 0.0000 0.0000 0.0000 0.0000 0.0000],0.773766040802002,0.819826865280277,0.7033117860555649,0.2966882139444352,0.44614877673680975,None
249,0.9034459590911865,0.8711775541305542,1.613783836364746,1.4847102165222168,[0.0697 0.0991 0.1000 0.1000 0.1000 0.1000 0.1000],[0.3028 0.0093 0.0000 0.0000 0.0000 0.0000 0.0000],0.7746235132217407,0.8203659137005666,0.6971928477287292,0.3028071522712708,0.4430484340176852,None
249,0.9038009643554688,0.8717480897903442,1.615203857421875,1.486992359161377,[0.0690 0.0981 0.1000 0.1000 0.1000 0.1000 0.1000],[0.3095 0.0185 0.0000 0.0000 0.0000 0.0000 0.0000],0.775549054145813,0.8209668338962736,0.69045789539814,0.3095421046018601,0.4396145775677865,None
249,0.904119610786438,0.8722575306892395,1.616478443145752,1.489030122756958,[0.0684 0.0973 0.1000 0.1000 0.1000 0.1000 0.1000],[0.3156 0.0269 0.0000 0.0000 0.0000 0.0000 0.0000],0.7763771414756775,0.821500475918846,0.6844262033700943,0.31557379662990576,0.43652305682463344,None
249,0.9044277667999268,0.8727512955665588,1.617711067199707,1.4910051822662354,[0.0679 0.0965 0.1000 0.1000 0.1000 0.1000 0.1000],[0.3215 0.0350 0.0000 0.0000 0.0000 0.0000 0.0000],0.7771790623664856,0.8220211494773384,0.6785377115011215,0.32146228849887853,0.43348899165422106,None
249,0.9047540426254272,0.8732671737670898,1.619016170501709,1.4930686950683594,[0.0672 0.0956 0.1000 0.1000 0.1000 0.1000 0.1000],[0.3276 0.0436 0.0000 0.0000 0.0000 0.0000 0.0000],0.7780212163925171,0.8225546031638538,0.6723969429731369,0.32760305702686315,0.4303104644938552,None
249,0.905063271522522,0.8737614750862122,1.620253086090088,1.4950459003448486,[0.0666 0.0948 0.1000 0.1000 0.1000 0.1000 0.1000],[0.3336 0.0518 0.0000 0.0000 0.0000 0.0000 0.0000],0.7788247466087341,0.823076862914118,0.6664431095123291,0.33355689048767095,0.42721177870197863,None
249,0.9053773283958435,0.874261736869812,1.621509313583374,1.497046947479248,[0.0660 0.0940 0.1000 0.1000 0.1000 0.1000 0.1000],[0.3396 0.0601 0.0000 0.0000 0.0000 0.0000 0.0000],0.7796390652656555,0.8236038789371164,0.6603925675153732,0.3396074324846268,0.4240471534963351,None
249,0.9057014584541321,0.8747798800468445,1.6228058338165283,1.499119520187378,[0.0654 0.0931 0.1000 0.1000 0.1000 0.1000 0.1000],[0.3459 0.0688 0.0000 0.0000 0.0000 0.0000 0.0000],0.7804813385009766,0.8241546747641906,0.6540787220001221,0.345921277999878,0.42072785970468085,None
249,0.906008243560791,0.8752799034118652,1.624032974243164,1.501119613647461,[0.0648 0.0923 0.1000 0.1000 0.1000 0.1000 0.1000],[0.3521 0.0771 0.0000 0.0000 0.0000 0.0000 0.0000],0.7812881469726562,0.8247049910895186,0.6478854268789291,0.3521145731210709,0.41745346466316635,None
249,0.9062713384628296,0.8757351040840149,1.6250853538513184,1.5029404163360596,[0.0642 0.0916 0.1000 0.1000 0.1000 0.1000 0.1000],[0.3580 0.0842 0.0000 0.0000 0.0000 0.0000 0.0000],0.7820064425468445,0.8252538001019344,0.6420464813709259,0.35795351862907415,0.414347129091876,None
249,0.9065939784049988,0.8762804269790649,1.6263759136199951,1.5051217079162598,[0.0635 0.0907 0.1000 0.1000 0.1000 0.1000 0.1000],[0.3649 0.0930 0.0000 0.0000 0.0000 0.0000 0.0000],0.7828744053840637,0.8258921270420725,0.6350887566804886,0.36491124331951147,0.41062921538694636,None
249,0.9068837761878967,0.8767527341842651,1.627535104751587,1.5070109367370605,[0.0629 0.0899 0.1000 0.1000 0.1000 0.1000 0.1000],[0.3709 0.1009 0.0000 0.0000 0.0000 0.0000 0.0000],0.7836365103721619,0.826417045757276,0.629134476184845,0.3708655238151551,0.4074341366339102,None
249,0.9071853756904602,0.8772423267364502,1.6287415027618408,1.5089693069458008,[0.0623 0.0891 0.1000 0.1000 0.1000 0.1000 0.1000],[0.3771 0.1092 0.0000 0.0000 0.0000 0.0000 0.0000],0.7844277024269104,0.8269594008505229,0.6229376420378685,0.37706235796213156,0.40409333355242466,None
249,0.9074820280075073,0.8777243494987488,1.6299281120300293,1.5108973979949951,[0.0617 0.0883 0.1000 0.1000 0.1000 0.1000 0.1000],[0.3832 0.1174 0.0000 0.0000 0.0000 0.0000 0.0000],0.7852063775062561,0.8274958594445961,0.6167994439601898,0.38320055603981024,0.4007685388679804,None
249,0.9077620506286621,0.8781882524490356,1.6310482025146484,1.5127530097961426,[0.0611 0.0875 0.1000 0.1000 0.1000 0.1000 0.1000],[0.3892 0.1252 0.0000 0.0000 0.0000 0.0000 0.0000],0.7859503030776978,0.8280296590117167,0.6107999384403229,0.3892000615596772,0.3975025905558585,None
249,0.9080396294593811,0.8786516189575195,1.6321585178375244,1.5146064758300781,[0.0605 0.0867 0.1000 0.1000 0.1000 0.1000 0.1000],[0.3953 0.1329 0.0000 0.0000 0.0000 0.0000 0.0000],0.7866912484169006,0.8285706836569031,0.6047490611672401,0.3952509388327599,0.39419316055916703,None
249,0.9082826375961304,0.8790640830993652,1.6331305503845215,1.516256332397461,[0.0599 0.0860 0.1000 0.1000 0.1000 0.1000 0.1000],[0.4007 0.1397 0.0000 0.0000 0.0000 0.0000 0.0000],0.7873467206954956,0.8290656427257377,0.5992921441793442,0.4007078558206559,0.3911952075622121,None
249,0.9085548520088196,0.8795180916786194,1.6342194080352783,1.5180723667144775,[0.0593 0.0853 0.1000 0.1000 0.1000 0.1000 0.1000],[0.4067 0.1474 0.0000 0.0000 0.0000 0.0000 0.0000],0.788072943687439,0.8295982384768273,0.5933026969432831,0.406697303056717,0.38789176643941775,None
249,0.9088375568389893,0.8799839615821838,1.635350227355957,1.5199358463287354,[0.0587 0.0845 0.1000 0.1000 0.1000 0.1000 0.1000],[0.4128 0.1553 0.0000 0.0000 0.0000 0.0000 0.0000],0.7888215184211731,0.8301365393711602,0.5871574208140373,0.41284257918596273,0.3844880387421605,None
249,0.9091364145278931,0.8804659843444824,1.6365456581115723,1.5218639373779297,[0.0581 0.0836 0.1000 0.1000 0.1000 0.1000 0.1000],[0.4192 0.1638 0.0000 0.0000 0.0000 0.0000 0.0000],0.7896023988723755,0.8306765515842219,0.5808275192975998,0.41917248070240026,0.38096720811547286,None
249,0.9094386100769043,0.8809450268745422,1.6377544403076172,1.523780107498169,[0.0575 0.0828 0.1000 0.1000 0.1000 0.1000 0.1000],[0.4254 0.1724 0.0000 0.0000 0.0000 0.0000 0.0000],0.7903836369514465,0.8311995758229203,0.5745533481240273,0.4254466518759728,0.3774623273293393,None
249,0.9097590446472168,0.8814597129821777,1.6390361785888672,1.525838851928711,[0.0568 0.0818 0.1000 0.1000 0.1000 0.1000 0.1000],[0.4323 0.1816 0.0000 0.0000 0.0000 0.0000 0.0000],0.7912187576293945,0.8317759480186051,0.5677249655127525,0.4322750344872475,0.37362929910142784,None
249,0.9100548624992371,0.8819279074668884,1.6402194499969482,1.5277116298675537,[0.0562 0.0810 0.1000 0.1000 0.1000 0.1000 0.1000],[0.4385 0.1902 0.0000 0.0000 0.0000 0.0000 0.0000],0.7919827699661255,0.8322890730084989,0.5615195259451866,0.43848047405481344,0.37013042765711357,None
249,0.9103450179100037,0.8823901414871216,1.6413800716400146,1.5295605659484863,[0.0555 0.0801 0.1000 0.1000 0.1000 0.1000 0.1000],[0.4447 0.1986 0.0000 0.0000 0.0000 0.0000 0.0000],0.7927351593971252,0.8328028815353503,0.5553329735994339,0.44466702640056616,0.36662645594556525,None
249,0.9106314778327942,0.8828476071357727,1.6425259113311768,1.5313904285430908,[0.0549 0.0793 0.1000 0.1000 0.1000 0.1000 0.1000],[0.4508 0.2069 0.0000 0.0000 0.0000 0.0000 0.0000],0.7934790849685669,0.8333150555778313,0.5491675436496735,0.4508324563503266,0.3631195021052526,None
249,0.9109399318695068,0.8833330869674683,1.6437597274780273,1.533332347869873,[0.0543 0.0784 0.1000 0.1000 0.1000 0.1000 0.1000],[0.4574 0.2160 0.0000 0.0000 0.0000 0.0000 0.0000],0.7942730188369751,0.8338469232844646,0.5426321178674698,0.45736788213253027,0.35938639824804436,None
249,0.9112172722816467,0.883781373500824,1.644869089126587,1.535125494003296,[0.0536 0.0776 0.1000 0.1000 0.1000 0.1000 0.1000],[0.4635 0.2241 0.0000 0.0000 0.0000 0.0000 0.0000],0.7949986457824707,0.8343621456887866,0.5364787206053734,0.4635212793946267,0.3558553352988219,None
249,0.9115109443664551,0.8842502236366272,1.6460437774658203,1.5370008945465088,[0.0530 0.0767 0.1000 0.1000 0.1000 0.1000 0.1000],[0.4700 0.2328 0.0000 0.0000 0.0000 0.0000 0.0000],0.7957611680030823,0.8348917908466454,0.5300403758883476,0.46995962411165243,0.35214529202865125,None
249,0.9118192791938782,0.8847364187240601,1.6472771167755127,1.5389456748962402,[0.0523 0.0758 0.1000 0.1000 0.1000 0.1000 0.1000],[0.4766 0.2420 0.0000 0.0000 0.0000 0.0000 0.0000],0.7965556979179382,0.8354312895176664,0.5233636498451233,0.47663635015487676,0.34828152785435573,None
249,0.9121246337890625,0.885218620300293,1.64849853515625,1.5408744812011719,[0.0517 0.0749 0.1000 0.1000 0.1000 0.1000 0.1000],[0.4833 0.2512 0.0000 0.0000 0.0000 0.0000 0.0000],0.7973432540893555,0.8359694739118064,0.5166910216212273,0.4833089783787728,0.34440278790907125,None
249,0.9124224781990051,0.8856930732727051,1.6496899127960205,1.5427722930908203,[0.0510 0.0740 0.1000 0.1000 0.1000 0.1000 0.1000],[0.4899 0.2602 0.0000 0.0000 0.0000 0.0000 0.0000],0.7981155514717102,0.836508700762701,0.5100561678409576,0.4899438321590424,0.3405291069097834,None
249,0.9126888513565063,0.8861245512962341,1.6507554054260254,1.5444982051849365,[0.0504 0.0732 0.1000 0.1000 0.1000 0.1000 0.1000],[0.4961 0.2682 0.0000 0.0000 0.0000 0.0000 0.0000],0.7988134026527405,0.8370144176306622,0.5039312317967415,0.49606876820325857,0.3369376611669786,None
249,0.912966251373291,0.8865750432014465,1.651865005493164,1.5463001728057861,[0.0497 0.0723 0.1000 0.1000 0.1000 0.1000 0.1000],[0.5025 0.2767 0.0000 0.0000 0.0000 0.0000 0.0000],0.7995412945747375,0.8375462891410465,0.4974931478500366,0.5025068521499634,0.33314770147062217,None
249,0.913239598274231,0.8870207667350769,1.6529583930969238,1.5480830669403076,[0.0491 0.0715 0.1000 0.1000 0.1000 0.1000 0.1000],[0.5089 0.2851 0.0000 0.0000 0.0000 0.0000 0.0000],0.8002603650093079,0.8380776990678738,0.4910685867071152,0.5089314132928848,0.3293500591506358,None
249,0.9135064482688904,0.8874632716178894,1.6540257930755615,1.5498530864715576,[0.0485 0.0707 0.1000 0.1000 0.1000 0.1000 0.1000],[0.5154 0.2933 0.0000 0.0000 0.0000 0.0000 0.0000],0.8009697198867798,0.8386210154604975,0.4846019670367241,0.5153980329632759,0.3255120065869908,None
249,0.9137715101242065,0.8879019618034363,1.6550860404968262,1.5516078472137451,[0.0478 0.0698 0.1000 0.1000 0.1000 0.1000 0.1000],[0.5218 0.3015 0.0000 0.0000 0.0000 0.0000 0.0000],0.8016734719276428,0.839159867194875,0.4781562089920044,0.5218437910079956,0.3216710804445382,None
249,0.913999617099762,0.8882904052734375,1.6559984683990479,1.55316162109375,[0.0472 0.0691 0.1000 0.1000 0.1000 0.1000 0.1000],[0.5277 0.3086 0.0000 0.0000 0.0000 0.0000 0.0000],0.8022900223731995,0.8396590762583536,0.4723396524786949,0.5276603475213051,0.31819165369035096,None
249,0.9142645001411438,0.8887251019477844,1.6570580005645752,1.5549004077911377,[0.0466 0.0683 0.1000 0.1000 0.1000 0.1000 0.1000],[0.5341 0.3169 0.0000 0.0000 0.0000 0.0000 0.0000],0.8029896020889282,0.8401894928568232,0.46589963138103485,0.5341003686189651,0.3143254417351649,None
249,0.9145293235778809,0.8891609907150269,1.6581172943115234,1.5566439628601074,[0.0459 0.0675 0.1000 0.1000 0.1000 0.1000 0.1000],[0.5406 0.3253 0.0000 0.0000 0.0000 0.0000 0.0000],0.8036903142929077,0.8407256051248224,0.4593927785754204,0.5406072214245796,0.31040390266625645,None
249,0.9147746562957764,0.8895782232284546,1.6590986251831055,1.5583128929138184,[0.0453 0.0667 0.1000 0.1000 0.1000 0.1000 0.1000],[0.5470 0.3331 0.0000 0.0000 0.0000 0.0000 0.0000],0.804352879524231,0.8412661565156259,0.45303478837013245,0.5469652116298676,0.30655724992948097,None
249,0.9150153398513794,0.889991044998169,1.6600613594055176,1.5599641799926758,[0.0447 0.0659 0.1000 0.1000 0.1000 0.1000 0.1000],[0.5533 0.3407 0.0000 0.0000 0.0000 0.0000 0.0000],0.8050063848495483,0.841809308575977,0.446680448949337,0.553319551050663,0.302698307536575,None
249,0.9152147173881531,0.8903502821922302,1.6608588695526123,1.561401128768921,[0.0441 0.0653 0.1000 0.1000 0.1000 0.1000 0.1000],[0.5590 0.3471 0.0000 0.0000 0.0000 0.0000 0.0000],0.8055649995803833,0.8423153932816432,0.4410082474350929,0.5589917525649071,0.2992416477639993,None
249,0.9154341220855713,0.8907365202903748,1.6617364883422852,1.562946081161499,[0.0435 0.0646 0.1000 0.1000 0.1000 0.1000 0.1000],[0.5651 0.3542 0.0000 0.0000 0.0000 0.0000 0.0000],0.806170642375946,0.842845293436065,0.434933677315712,0.565066322684288,0.2955274875130272,None
249,0.9156584739685059,0.8911275863647461,1.6626338958740234,1.5645103454589844,[0.0429 0.0639 0.1000 0.1000 0.1000 0.1000 0.1000],[0.5712 0.3614 0.0000 0.0000 0.0000 0.0000 0.0000],0.806786060333252,0.843376605822247,0.42876970022916794,0.5712302997708321,0.2917454042579639,None
249,0.9159075021743774,0.8915393352508545,1.6636300086975098,1.566157341003418,[0.0422 0.0631 0.1000 0.1000 0.1000 0.1000 0.1000],[0.5776 0.3695 0.0000 0.0000 0.0000 0.0000 0.0000],0.8074468374252319,0.8438969349323244,0.42238470166921616,0.5776152983307838,0.28781374298916274,None
249,0.9161715507507324,0.8919628262519836,1.6646862030029297,1.5678513050079346,[0.0416 0.0622 0.1000 0.1000 0.1000 0.1000 0.1000],[0.5841 0.3781 0.0000 0.0000 0.0000 0.0000 0.0000],0.8081343770027161,0.8444084690648338,0.41586529463529587,0.5841347053647041,0.28378461069041944,None
249,0.9164614677429199,0.8924404978752136,1.6658458709716797,1.5697619915008545,[0.0408 0.0612 0.1000 0.1000 0.1000 0.1000 0.1000],[0.5916 0.3876 0.0000 0.0000 0.0000 0.0000 0.0000],0.8089019656181335,0.8450130009719967,0.4083692282438278,0.5916307717561722,0.2791337119734205,None
249,0.9166969656944275,0.8928336501121521,1.66678786277771,1.5713346004486084,[0.0402 0.0605 0.1000 0.1000 0.1000 0.1000 0.1000],[0.5979 0.3954 0.0000 0.0000 0.0000 0.0000 0.0000],0.8095306158065796,0.8455224431113847,0.40212612599134445,0.5978738740086555,0.27524580448059777,None
249,0.9169296622276306,0.8932265639305115,1.6677186489105225,1.572906255722046,[0.0396 0.0597 0.1000 0.1000 0.1000 0.1000 0.1000],[0.6042 0.4031 0.0000 0.0000 0.0000 0.0000 0.0000],0.8101562261581421,0.8460418943442108,0.39581362158060074,0.6041863784193993,0.27130099024958343,None
249,0.9171578288078308,0.8936174511909485,1.6686313152313232,1.574469804763794,[0.0389 0.0589 0.1000 0.1000 0.1000 0.1000 0.1000],[0.6105 0.4108 0.0000 0.0000 0.0000 0.0000 0.0000],0.8107752799987793,0.8465712620892607,0.3894582763314247,0.6105417236685753,0.2673160025250279,None
249,0.9173822999000549,0.8940023183822632,1.6695291996002197,1.5760092735290527,[0.0383 0.0582 0.1000 0.1000 0.1000 0.1000 0.1000],[0.6168 0.4183 0.0000 0.0000 0.0000 0.0000 0.0000],0.8113846182823181,0.8470948610484534,0.38316119462251663,0.6168388053774834,0.26335425285022795,None
249,0.917648434638977,0.8944516777992249,1.6705937385559082,1.5778067111968994,[0.0376 0.0573 0.1000 0.1000 0.1000 0.1000 0.1000],[0.6242 0.4273 0.0000 0.0000 0.0000 0.0000 0.0000],0.8121001124382019,0.8476951844498928,0.37580549716949463,0.6241945028305054,0.2587095229854818,None
249,0.9178676605224609,0.8948280215263367,1.6714706420898438,1.5793120861053467,[0.0370 0.0565 0.1000 0.1000 0.1000 0.1000 0.1000],[0.6304 0.4347 0.0000 0.0000 0.0000 0.0000 0.0000],0.8126956820487976,0.8482118614775045,0.36956194788217545,0.6304380521178246,0.25475313737340205,None
249,0.9180898666381836,0.8952110409736633,1.6723594665527344,1.5808441638946533,[0.0363 0.0558 0.1000 0.1000 0.1000 0.1000 0.1000],[0.6368 0.4423 0.0000 0.0000 0.0000 0.0000 0.0000],0.8133009076118469,0.8487425186494226,0.3631577268242836,0.6368422731757164,0.25068162720594983,None
249,0.9183132648468018,0.8955919146537781,1.673253059387207,1.5823676586151123,[0.0357 0.0550 0.1000 0.1000 0.1000 0.1000 0.1000],[0.6432 0.4500 0.0000 0.0000 0.0000 0.0000 0.0000],0.8139051795005798,0.8492639718148853,0.35677801817655563,0.6432219818234444,0.24661222496346402,None
249,0.9185335636138916,0.8959680795669556,1.6741342544555664,1.5838723182678223,[0.0350 0.0542 0.1000 0.1000 0.1000 0.1000 0.1000],[0.6496 0.4576 0.0000 0.0000 0.0000 0.0000 0.0000],0.8145016431808472,0.8497818784336056,0.35043228417634964,0.6495677158236504,0.24255126266171317,None
249,0.9187564849853516,0.8963470458984375,1.6750259399414062,1.58538818359375,[0.0344 0.0535 0.1000 0.1000 0.1000 0.1000 0.1000],[0.6560 0.4653 0.0000 0.0000 0.0000 0.0000 0.0000],0.8151035308837891,0.8503021740741902,0.3440118208527565,0.6559881791472435,0.23842919356318615,None
249,0.918949544429779,0.8966864943504333,1.6757981777191162,1.5867459774017334,[0.0338 0.0528 0.1000 0.1000 0.1000 0.1000 0.1000],[0.6619 0.4721 0.0000 0.0000 0.0000 0.0000 0.0000],0.8156360387802124,0.8507919235451857,0.33814895898103714,0.6618510410189629,0.2346539234511882,None
249,0.91916424036026,0.8970525860786438,1.67665696144104,1.5882103443145752,[0.0332 0.0520 0.1000 0.1000 0.1000 0.1000 0.1000],[0.6681 0.4796 0.0000 0.0000 0.0000 0.0000 0.0000],0.8162168264389038,0.8513001201022132,0.3318651393055916,0.6681348606944084,0.2305949928048663,None
249,0.91938716173172,0.8974255323410034,1.6775486469268799,1.5897021293640137,[0.0325 0.0513 0.1000 0.1000 0.1000 0.1000 0.1000],[0.6745 0.4875 0.0000 0.0000 0.0000 0.0000 0.0000],0.8168126940727234,0.8518054340040886,0.32547224313020706,0.6745277568697929,0.22645235517030296,None
249,0.9196116924285889,0.8977973461151123,1.6784467697143555,1.5911893844604492,[0.0319 0.0505 0.1000 0.1000 0.1000 0.1000 0.1000],[0.6809 0.4954 0.0000 0.0000 0.0000 0.0000 0.0000],0.8174090385437012,0.8523031946402477,0.31908459961414337,0.6809154003858566,0.22229996571378857,None
249,0.9198339581489563,0.8981645107269287,1.6793358325958252,1.5926580429077148,[0.0313 0.0497 0.1000 0.1000 0.1000 0.1000 0.1000],[0.6873 0.5034 0.0000 0.0000 0.0000 0.0000 0.0000],0.817998468875885,0.852794540107958,0.3127419948577881,0.6872580051422119,0.21816400816599846,None
249,0.9200601577758789,0.8985347151756287,1.6802406311035156,1.5941388607025146,[0.0306 0.0489 0.1000 0.1000 0.1000 0.1000 0.1000],[0.6937 0.5115 0.0000 0.0000 0.0000 0.0000 0.0000],0.8185948729515076,0.8532844841189241,0.306331068277359,0.693668931722641,0.2139705062897869,None
249,0.9202936291694641,0.8989201784133911,1.6811745166778564,1.5956807136535645,[0.0300 0.0480 0.1000 0.1000 0.1000 0.1000 0.1000],[0.7004 0.5199 0.0000 0.0000 0.0000 0.0000 0.0000],0.8192138075828552,0.8538033832263106,0.29959071427583694,0.700409285724163,0.209547982265043,None
249,0.9204898476600647,0.8992465734481812,1.6819593906402588,1.5969862937927246,[0.0294 0.0473 0.1000 0.1000 0.1000 0.1000 0.1000],[0.7062 0.5270 0.0000 0.0000 0.0000 0.0000 0.0000],0.8197364211082458,0.8542492737174749,0.2938268333673477,0.7061731666326523,0.20575495572223035,None
249,0.9207105040550232,0.8996136784553528,1.6828420162200928,1.5984547138214111,[0.0287 0.0465 0.1000 0.1000 0.1000 0.1000 0.1000],[0.7127 0.5350 0.0000 0.0000 0.0000 0.0000 0.0000],0.820324182510376,0.8547525366842147,0.28730351477861404,0.712696485221386,0.20144980520926006,None
249,0.9201226234436035,0.8987390398979187,1.680490493774414,1.5949561595916748,[0.0281 0.0457 0.1073 0.1000 0.1000 0.1000 0.1000],[0.7191 0.5430 -0.0725 0.0000 0.0000 0.0000 0.0000],0.8188616633415222,0.8537687326674462,0.2808680757880211,0.7191319242119789,0.19636006350088164,None
249,0.9205076098442078,0.8993538618087769,1.682030439376831,1.5974154472351074,[0.0274 0.0449 0.1059 0.1000 0.1000 0.1000 0.1000],[0.7257 0.5512 -0.0585 0.0000 0.0000 0.0000 0.0000],0.8198614716529846,0.8545567188370982,0.2743421867489815,0.7256578132510185,0.1922091096178637,None
249,0.9208646416664124,0.8999272584915161,1.6834585666656494,1.5997090339660645,[0.0268 0.0441 0.1046 0.1000 0.1000 0.1000 0.1000],[0.7319 0.5589 -0.0456 0.0000 0.0000 0.0000 0.0000],0.8207919001579285,0.8553024424017591,0.2680818736553192,0.7319181263446808,0.188200262310342,None
249,0.9211999773979187,0.9004715085029602,1.6847999095916748,1.6018860340118408,[0.0262 0.0434 0.1033 0.1000 0.1000 0.1000 0.1000],[0.7381 0.5664 -0.0335 0.0000 0.0000 0.0000 0.0000],0.8216714859008789,0.8560261520450381,0.26190366595983505,0.738096334040165,0.18421577875056147,None
249,0.9215671420097351,0.9010583162307739,1.6862685680389404,1.6042332649230957,[0.0255 0.0426 0.1020 0.1000 0.1000 0.1000 0.1000],[0.7446 0.5745 -0.0196 0.0000 0.0000 0.0000 0.0000],0.822625458240509,0.8567909717267757,0.2554331347346306,0.7445668652653694,0.18003388794779693,None
249,0.9219126105308533,0.9016141295433044,1.687650442123413,1.6064565181732178,[0.0249 0.0418 0.1007 0.1000 0.1000 0.1000 0.1000],[0.7509 0.5823 -0.0065 0.0000 0.0000 0.0000 0.0000],0.8235267400741577,0.8575272623006464,0.2491166815161705,0.7508833184838295,0.17592536117454668,None
249,0.9222691655158997,0.9021835327148438,1.6890766620635986,1.608734130859375,[0.0243 0.0410 0.0993 0.1000 0.1000 0.1000 0.1000],[0.7573 0.5904 0.0074 0.0000 0.0000 0.0000 0.0000],0.8244526982307434,0.8582762094740057,0.24269487708806992,0.7573051229119301,0.17173286976974408,None
249,0.9226430654525757,0.902778685092926,1.6905722618103027,1.611114740371704,[0.0236 0.0401 0.0978 0.1000 0.1000 0.1000 0.1000],[0.7640 0.5989 0.0223 0.0000 0.0000 0.0000 0.0000],0.8254217505455017,0.8590589472167542,0.23596156388521194,0.764038436114788,0.16731702733930354,None
249,0.9230087399482727,0.9033657312393188,1.6920349597930908,1.6134629249572754,[0.0229 0.0393 0.0963 0.1000 0.1000 0.1000 0.1000],[0.7709 0.6075 0.0369 0.0000 0.0000 0.0000 0.0000],0.8263744711875916,0.8598464816390474,0.22907869890332222,0.7709213010966778,0.16277305649237742,None
249,0.9233452081680298,0.9039060473442078,1.6933808326721191,1.615624189376831,[0.0223 0.0385 0.0949 0.1000 0.1000 0.1000 0.1000],[0.7773 0.6155 0.0505 0.0000 0.0000 0.0000 0.0000],0.8272512555122375,0.8605756089350862,0.22265875712037086,0.7773412428796291,0.1585134974216696,None
249,0.9236772656440735,0.9044408798217773,1.694709062576294,1.6177635192871094,[0.0216 0.0376 0.0936 0.1000 0.1000 0.1000 0.1000],[0.7838 0.6235 0.0640 0.0000 0.0000 0.0000 0.0000],0.8281181454658508,0.8613047015133672,0.21616896614432335,0.7838310338556767,0.15418512039206106,None
249,0.9240059852600098,0.9049715995788574,1.696023941040039,1.6198863983154297,[0.0210 0.0368 0.0922 0.1000 0.1000 0.1000 0.1000],[0.7904 0.6316 0.0776 0.0000 0.0000 0.0000 0.0000],0.8289775848388672,0.8620348388862161,0.20961478352546692,0.7903852164745331,0.1497923087407695,None
249,0.9243297576904297,0.90549635887146,1.6973190307617188,1.6219854354858398,[0.0203 0.0360 0.0909 0.1000 0.1000 0.1000 0.1000],[0.7970 0.6397 0.0910 0.0000 0.0000 0.0000 0.0000],0.8298261165618896,0.8627651690751589,0.20299050956964493,0.7970094904303551,0.14533005453415315,None
249,0.9246385097503662,0.9059953093528748,1.6985540390014648,1.623981237411499,[0.0197 0.0352 0.0896 0.1000 0.1000 0.1000 0.1000],[0.8033 0.6476 0.1040 0.0000 0.0000 0.0000 0.0000],0.830633819103241,0.8634598945456264,0.19666165113449097,0.803338348865509,0.14104947076869942,None
249,0.9249337315559387,0.9064816832542419,1.6997349262237549,1.6259267330169678,[0.0190 0.0345 0.0884 0.1000 0.1000 0.1000 0.1000],[0.8099 0.6554 0.1161 0.0000 0.0000 0.0000 0.0000],0.8314154148101807,0.8641616832344541,0.19012652337551117,0.8098734766244888,0.13660159960142598,None
249,0.9252169132232666,0.9069539308547974,1.7008676528930664,1.6278157234191895,[0.0184 0.0337 0.0872 0.1000 0.1000 0.1000 0.1000],[0.8165 0.6630 0.1275 0.0000 0.0000 0.0000 0.0000],0.832170844078064,0.8648593977796857,0.18352992832660675,0.8164700716733932,0.13208846696249554,None
249,0.9254879355430603,0.9074099063873291,1.7019517421722412,1.6296396255493164,[0.0177 0.0329 0.0862 0.1000 0.1000 0.1000 0.1000],[0.8230 0.6706 0.1383 0.0000 0.0000 0.0000 0.0000],0.8328978419303894,0.8655454383230855,0.17696600407361984,0.8230339959263802,0.12757672616311858,None
249,0.9257567524909973,0.9078637957572937,1.7030270099639893,1.6314551830291748,[0.0170 0.0322 0.0851 0.1000 0.1000 0.1000 0.1000],[0.8297 0.6782 0.1491 0.0000 0.0000 0.0000 0.0000],0.833620548248291,0.8662354429091786,0.17030686140060425,0.8296931385993958,0.12298057121797104,None
249,0.9260880947113037,0.9084082841873169,1.7043523788452148,1.6336331367492676,[0.0163 0.0313 0.0837 0.1000 0.1000 0.1000 0.1000],[0.8373 0.6873 0.1635 0.0000 0.0000 0.0000 0.0000],0.8344963788986206,0.8670345513902697,0.16269346699118614,0.8373065330088139,0.11771477451005578,None
249,0.9263853430747986,0.9088932871818542,1.7055413722991943,1.635573148727417,[0.0156 0.0304 0.0823 0.1000 0.1000 0.1000 0.1000],[0.8441 0.6956 0.1768 0.0000 0.0000 0.0000 0.0000],0.8352786302566528,0.8677424637574692,0.1559249497950077,0.8440750502049923,0.11301545400653071,None
249,0.9266717433929443,0.9093664288520813,1.7066869735717773,1.6374657154083252,[0.0149 0.0296 0.0810 0.1000 0.1000 0.1000 0.1000],[0.8509 0.7038 0.1895 0.0000 0.0000 0.0000 0.0000],0.8360381722450256,0.8684503343186953,0.14905938878655434,0.8509406112134457,0.10822570657984361,None
249,0.9269424080848694,0.9098196625709534,1.7077696323394775,1.6392786502838135,[0.0142 0.0288 0.0799 0.1000 0.1000 0.1000 0.1000],[0.8578 0.7117 0.2013 0.0000 0.0000 0.0000 0.0000],0.8367620706558228,0.8691460909490434,0.14221221208572388,0.8577877879142761,0.10342645971422965,None
249,0.9272083640098572,0.9102658629417419,1.7088334560394287,1.6410634517669678,[0.0135 0.0280 0.0787 0.1000 0.1000 0.1000 0.1000],[0.8646 0.7197 0.2129 0.0000 0.0000 0.0000 0.0000],0.8374742269515991,0.8698366369975206,0.13535844162106514,0.8646415583789349,0.09860399074414498,None
249,0.9275301694869995,0.9107918739318848,1.710120677947998,1.643167495727539,[0.0128 0.0271 0.0772 0.1000 0.1000 0.1000 0.1000],[0.8724 0.7291 0.2282 0.0000 0.0000 0.0000 0.0000],0.8383220434188843,0.8706234350621616,0.12763073667883873,0.8723692633211613,0.09315292902475356,None
249,0.927822470664978,0.9112626910209656,1.711289882659912,1.6450507640838623,[0.0121 0.0262 0.0757 0.1000 0.1000 0.1000 0.1000],[0.8792 0.7376 0.2428 0.0000 0.0000 0.0000 0.0000],0.8390851616859436,0.8713151926449262,0.12084797956049442,0.8791520204395056,0.08835288225911388,None
249,0.9280960559844971,0.9117146134376526,1.7123842239379883,1.6468584537506104,[0.0114 0.0254 0.0744 0.1000 0.1000 0.1000 0.1000],[0.8861 0.7459 0.2559 0.0000 0.0000 0.0000 0.0000],0.8398106694221497,0.8720099904412673,0.11387942358851433,0.8861205764114857,0.08339655458012664,None
249,0.9283591508865356,0.9121531248092651,1.7134366035461426,1.6486124992370605,[0.0107 0.0246 0.0732 0.1000 0.1000 0.1000 0.1000],[0.8931 0.7542 0.2684 0.0000 0.0000 0.0000 0.0000],0.8405122756958008,0.8726971089202193,0.10691747069358826,0.8930825293064117,0.07842531544340302,None
249,0.9286098480224609,0.9125755429267883,1.7144393920898438,1.6503021717071533,[0.0100 0.0238 0.0720 0.1000 0.1000 0.1000 0.1000],[0.9000 0.7622 0.2801 0.0000 0.0000 0.0000 0.0000],0.8411853909492493,0.8733733634037744,0.09996185079216957,0.9000381492078304,0.0734388643768544,None
249,0.9288324117660522,0.9129546284675598,1.715329647064209,1.6518185138702393,[0.0094 0.0230 0.0710 0.1000 0.1000 0.1000 0.1000],[0.9065 0.7695 0.2904 0.0000 0.0000 0.0000 0.0000],0.8417870402336121,0.8739929236173919,0.09353159926831722,0.9064684007316828,0.06881268626402626,None
