271,0.9695904850959778,0.8118562698364258,1.8783619403839111,1.2474250793457031,[0.1000 0.1000 0.1000 0.1000 0.1000 0.1000 0.1000],[0.0000 0.0000 0.0000 0.0000 0.0000 0.0000 0.0000],0.7814467549324036,0.6028423294715913,1.0,0.0,0.47108918210146594,None
271,0.9695904850959778,0.8118562698364258,1.8783619403839111,1.2474250793457031,[0.1000 0.1000 0.1000 0.1000 0.1000 0.1000 0.1000],[0.0000 0.0000 0.0000 0.0000 0.0000 0.0000 0.0000],0.7814467549324036,0.6028423294715913,1.0,0.0,0.47108918210146594,None
271,0.9695904850959778,0.8118562698364258,1.8783619403839111,1.2474250793457031,[0.1000 0.1000 0.1000 0.1000 0.1000 0.1000 0.1000],[0.0000 0.0000 0.0000 0.0000 0.0000 0.0000 0.0000],0.7814467549324036,0.6028423294715913,1.0,0.0,0.47108918210146594,None
271,0.9695904850959778,0.8118562698364258,1.8783619403839111,1.2474250793457031,[0.1000 0.1000 0.1000 0.1000 0.1000 0.1000 0.1000],[0.0000 0.0000 0.0000 0.0000 0.0000 0.0000 0.0000],0.7814467549324036,0.6028423294715913,1.0,0.0,0.47108918210146594,None
271,0.9695904850959778,0.8118562698364258,1.8783619403839111,1.2474250793457031,[0.1000 0.1000 0.1000 0.1000 0.1000 0.1000 0.1000],[0.0000 0.0000 0.0000 0.0000 0.0000 0.0000 0.0000],0.7814467549324036,0.6028423294715913,1.0,0.0,0.47108918210146594,None
271,0.9695904850959778,0.8118562698364258,1.8783619403839111,1.2474250793457031,[0.1000 0.1000 0.1000 0.1000 0.1000 0.1000 0.1000],[0.0000 0.0000 0.0000 0.0000 0.0000 0.0000 0.0000],0.7814467549324036,0.6028423294715913,1.0,0.0,0.47108918210146594,None
271,0.9695904850959778,0.8118562698364258,1.8783619403839111,1.2474250793457031,[0.1000 0.1000 0.1000 0.1000 0.1000 0.1000 0.1000],[0.0000 0.0000 0.0000 0.0000 0.0000 0.0000 0.0000],0.7814467549324036,0.6028423294715913,1.0,0.0,0.47108918210146594,None
271,0.9695904850959778,0.8118562698364258,1.8783619403839111,1.2474250793457031,[0.1000 0.1000 0.1000 0.1000 0.1000 0.1000 0.1000],[0.0000 0.0000 0.0000 0.0000 0.0000 0.0000 0.0000],0.7814467549324036,0.6028423294715913,1.0,0.0,0.47108918210146594,None
271,0.9695904850959778,0.8118562698364258,1.8783619403839111,1.2474250793457031,[0.1000 0.1000 0.1000 0.1000 0.1000 0.1000 0.1000],[0.0000 0.0000 0.0000 0.0000 0.0000 0.0000 0.0000],0.7814467549324036,0.6028423294715913,1.0,0.0,0.47108918210146594,None
271,0.9695904850959778,0.8118562698364258,1.8783619403839111,1.2474250793457031,[0.1000 0.1000 0.1000 0.1000 0.1000 0.1000 0.1000],[0.0000 0.0000 0.0000 0.0000 0.0000 0.0000 0.0000],0.7814467549324036,0.6028423294715913,1.0,0.0,0.47108918210146594,None
271,0.9695904850959778,0.8118562698364258,1.8783619403839111,1.2474250793457031,[0.1000 0.1000 0.1000 0.1000 0.1000 0.1000 0.1000],[0.0000 0.0000 0.0000 0.0000 0.0000 0.0000 0.0000],0.7814467549324036,0.6028423294715913,1.0,0.0,0.47108918210146594,None
271,0.9695904850959778,0.8118562698364258,1.8783619403839111,1.2474250793457031,[0.1000 0.1000 0.1000 0.1000 0.1000 0.1000 0.1000],[0.0000 0.0000 0.0000 0.0000 0.0000 0.0000 0.0000],0.7814467549324036,0.6028423294715913,1.0,0.0,0.47108918210146594,None
271,0.9695904850959778,0.8118562698364258,1.8783619403839111,1.2474250793457031,[0.1000 0.1000 0.1000 0.1000 0.1000 0.1000 0.1000],[0.0000 0.0000 0.0000 0.0000 0.0000 0.0000 0.0000],0.7814467549324036,0.6028423294715913,1.0,0.0,0.47108918210146594,None
271,0.9695904850959778,0.8118562698364258,1.8783619403839111,1.2474250793457031,[0.1000 0.1000 0.1000 0.1000 0.1000 0.1000 0.1000],[0.0000 0.0000 0.0000 0.0000 0.0000 0.0000 0.0000],0.7814467549324036,0.6028423294715913,1.0,0.0,0.47108918210146594,None
271,0.9695904850959778,0.8118562698364258,1.8783619403839111,1.2474250793457031,[0.1000 0.1000 0.1000 0.1000 0.1000 0.1000 0.1000],[0.0000 0.0000 0.0000 0.0000 0.0000 0.0000 0.0000],0.7814467549324036,0.6028423294715913,1.0,0.0,0.47108918210146594,None
271,0.9695904850959778,0.8118562698364258,1.8783619403839111,1.2474250793457031,[0.1000 0.1000 0.1000 0.1000 0.1000 0.1000 0.1000],[0.0000 0.0000 0.0000 0.0000 0.0000 0.0000 0.0000],0.7814467549324036,0.6028423294715913,1.0,0.0,0.47108918210146594,None
271,0.9695904850959778,0.8118562698364258,1.8783619403839111,1.2474250793457031,[0.1000 0.1000 0.1000 0.1000 0.1000 0.1000 0.1000],[0.0000 0.0000 0.0000 0.0000 0.0000 0.0000 0.0000],0.7814467549324036,0.6028423294715913,1.0,0.0,0.47108918210146594,None
271,0.9695904850959778,0.8118562698364258,1.8783619403839111,1.2474250793457031,[0.1000 0.1000 0.1000 0.1000 0.1000 0.1000 0.1000],[0.0000 0.0000 0.0000 0.0000 0.0000 0.0000 0.0000],0.7814467549324036,0.6028423294715913,1.0,0.0,0.47108918210146594,None
271,0.9695904850959778,0.8118562698364258,1.8783619403839111,1.2474250793457031,[0.1000 0.1000 0.1000 0.1000 0.1000 0.1000 0.1000],[0.0000 0.0000 0.0000 0.0000 0.0000 0.0000 0.0000],0.7814467549324036,0.6028423294715913,1.0,0.0,0.47108918210146594,None
271,0.9695904850959778,0.8118562698364258,1.8783619403839111,1.2474250793457031,[0.1000 0.1000 0.1000 0.1000 0.1000 0.1000 0.1000],[0.0000 0.0000 0.0000 0.0000 0.0000 0.0000 0.0000],0.7814467549324036,0.6028423294715913,1.0,0.0,0.47108918210146594,None
271,0.9695904850959778,0.8118562698364258,1.8783619403839111,1.2474250793457031,[0.1000 0.1000 0.1000 0.1000 0.1000 0.1000 0.1000],[0.0000 0.0000 0.0000 0.0000 0.0000 0.0000 0.0000],0.7814467549324036,0.6028423294715913,1.0,0.0,0.47108918210146594,None
271,0.9695904850959778,0.8118562698364258,1.8783619403839111,1.2474250793457031,[0.1000 0.1000 0.1000 0.1000 0.1000 0.1000 0.1000],[0.0000 0.0000 0.0000 0.0000 0.0000 0.0000 0.0000],0.7814467549324036,0.6028423294715913,1.0,0.0,0.47108918210146594,None
271,0.9695904850959778,0.8118562698364258,1.8783619403839111,1.2474250793457031,[0.1000 0.1000 0.1000 0.1000 0.1000 0.1000 0.1000],[0.0000 0.0000 0.0000 0.0000 0.0000 0.0000 0.0000],0.7814467549324036,0.6028423294715913,1.0,0.0,0.47108918210146594,None
271,0.9695904850959778,0.8118562698364258,1.8783619403839111,1.2474250793457031,[0.1000 0.1000 0.1000 0.1000 0.1000 0.1000 0.1000],[0.0000 0.0000 0.0000 0.0000 0.0000 0.0000 0.0000],0.7814467549324036,0.6028423294715913,1.0,0.0,0.47108918210146594,None
271,0.9695904850959778,0.8118562698364258,1.8783619403839111,1.2474250793457031,[0.1000 0.1000 0.1000 0.1000 0.1000 0.1000 0.1000],[0.0000 0.0000 0.0000 0.0000 0.0000 0.0000 0.0000],0.7814467549324036,0.6028423294715913,1.0,0.0,0.47108918210146594,None
271,0.9695904850959778,0.8118562698364258,1.8783619403839111,1.2474250793457031,[0.1000 0.1000 0.1000 0.1000 0.1000 0.1000 0.1000],[0.0000 0.0000 0.0000 0.0000 0.0000 0.0000 0.0000],0.7814467549324036,0.6028423294715913,1.0,0.0,0.47108918210146594,None
271,0.9695904850959778,0.8118562698364258,1.8783619403839111,1.2474250793457031,[0.1000 0.1000 0.1000 0.1000 0.1000 0.1000 0.1000],[0.0000 0.0000 0.0000 0.0000 0.0000 0.0000 0.0000],0.7814467549324036,0.6028423294715913,1.0,0.0,0.47108918210146594,None
271,0.9695904850959778,0.8118562698364258,1.8783619403839111,1.2474250793457031,[0.1000 0.1000 0.1000 0.1000 0.1000 0.1000 0.1000],[0.0000 0.0000 0.0000 0.0000 0.0000 0.0000 0.0000],0.7814467549324036,0.6028423294715913,1.0,0.0,0.47108918210146594,None
271,0.9695904850959778,0.8118562698364258,1.8783619403839111,1.2474250793457031,[0.1000 0.1000 0.1000 0.1000 0.1000 0.1000 0.1000],[0.0000 0.0000 0.0000 0.0000 0.0000 0.0000 0.0000],0.7814467549324036,0.6028423294715913,1.0,0.0,0.47108918210146594,None
271,0.9695904850959778,0.8118562698364258,1.8783619403839111,1.2474250793457031,[0.1000 0.1000 0.1000 0.1000 0.1000 0.1000 0.1000],[0.0000 0.0000 0.0000 0.0000 0.0000 0.0000 0.0000],0.7814467549324036,0.6028423294715913,1.0,0.0,0.47108918210146594,None
271,0.9695904850959778,0.8118562698364258,1.8783619403839111,1.2474250793457031,[0.1000 0.1000 0.1000 0.1000 0.1000 0.1000 0.1000],[0.0000 0.0000 0.0000 0.0000 0.0000 0.0000 0.0000],0.7814467549324036,0.6028423294715913,1.0,0.0,0.47108918210146594,None
271,0.9695904850959778,0.8118562698364258,1.8783619403839111,1.2474250793457031,[0.1000 0.1000 0.1000 0.1000 0.1000 0.1000 0.1000],[0.0000 0.0000 0.0000 0.0000 0.0000 0.0000 0.0000],0.7814467549324036,0.6028423294715913,1.0,0.0,0.47108918210146594,None
271,0.9695904850959778,0.8118562698364258,1.8783619403839111,1.2474250793457031,[0.1000 0.1000 0.1000 0.1000 0.1000 0.1000 0.1000],[0.0000 0.0000 0.0000 0.0000 0.0000 0.0000 0.0000],0.7814467549324036,0.6028423294715913,1.0,0.0,0.47108918210146594,None
271,0.9695904850959778,0.8118562698364258,1.8783619403839111,1.2474250793457031,[0.1000 0.1000 0.1000 0.1000 0.1000 0.1000 0.1000],[0.0000 0.0000 0.0000 0.0000 0.0000 0.0000 0.0000],0.7814467549324036,0.6028423294715913,1.0,0.0,0.47108918210146594,None
271,0.9695904850959778,0.8118562698364258,1.8783619403839111,1.2474250793457031,[0.1000 0.1000 0.1000 0.1000 0.1000 0.1000 0.1000],[0.0000 0.0000 0.0000 0.0000 0.0000 0.0000 0.0000],0.7814467549324036,0.6028423294715913,1.0,0.0,0.47108918210146594,None
271,0.9695904850959778,0.8118562698364258,1.8783619403839111,1.2474250793457031,[0.1000 0.1000 0.1000 0.1000 0.1000 0.1000 0.1000],[0.0000 0.0000 0.0000 0.0000 0.0000 0.0000 0.0000],0.7814467549324036,0.6028423294715913,1.0,0.0,0.47108918210146594,None
271,0.9695904850959778,0.8118562698364258,1.8783619403839111,1.2474250793457031,[0.1000 0.1000 0.1000 0.1000 0.1000 0.1000 0.1000],[0.0000 0.0000 0.0000 0.0000 0.0000 0.0000 0.0000],0.7814467549324036,0.6028423294715913,1.0,0.0,0.47108918210146594,None
271,0.9695904850959778,0.8118562698364258,1.8783619403839111,1.2474250793457031,[0.1000 0.1000 0.1000 0.1000 0.1000 0.1000 0.1000],[0.0000 0.0000 0.0000 0.0000 0.0000 0.0000 0.0000],0.7814467549324036,0.6028423294715913,1.0,0.0,0.47108918210146594,None
271,0.9695904850959778,0.8118562698364258,1.8783619403839111,1.2474250793457031,[0.1000 0.1000 0.1000 0.1000 0.1000 0.1000 0.1000],[0.0000 0.0000 0.0000 0.0000 0.0000 0.0000 0.0000],0.7814467549324036,0.6028423294715913,1.0,0.0,0.47108918210146594,None
271,0.9695904850959778,0.8118562698364258,1.8783619403839111,1.2474250793457031,[0.1000 0.1000 0.1000 0.1000 0.1000 0.1000 0.1000],[0.0000 0.0000 0.0000 0.0000 0.0000 0.0000 0.0000],0.7814467549324036,0.6028423294715913,1.0,0.0,0.47108918210146594,None
271,0.9695904850959778,0.8118562698364258,1.8783619403839111,1.2474250793457031,[0.1000 0.1000 0.1000 0.1000 0.1000 0.1000 0.1000],[0.0000 0.0000 0.0000 0.0000 0.0000 0.0000 0.0000],0.7814467549324036,0.6028423294715913,1.0,0.0,0.47108918210146594,None
271,0.9695904850959778,0.8118562698364258,1.8783619403839111,1.2474250793457031,[0.1000 0.1000 0.1000 0.1000 0.1000 0.1000 0.1000],[0.0000 0.0000 0.0000 0.0000 0.0000 0.0000 0.0000],0.7814467549324036,0.6028423294715913,1.0,0.0,0.47108918210146594,None
271,0.9695904850959778,0.8118562698364258,1.8783619403839111,1.2474250793457031,[0.1000 0.1000 0.1000 0.1000 0.1000 0.1000 0.1000],[0.0000 0.0000 0.0000 0.0000 0.0000 0.0000 0.0000],0.7814467549324036,0.6028423294715913,1.0,0.0,0.47108918210146594,None
271,0.9695904850959778,0.8118562698364258,1.8783619403839111,1.2474250793457031,[0.1000 0.1000 0.1000 0.1000 0.1000 0.1000 0.1000],[0.0000 0.0000 0.0000 0.0000 0.0000 0.0000 0.0000],0.7814467549324036,0.6028423294715913,1.0,0.0,0.47108918210146594,None
271,0.9695904850959778,0.8118562698364258,1.8783619403839111,1.2474250793457031,[0.1000 0.1000 0.1000 0.1000 0.1000 0.1000 0.1000],[0.0000 0.0000 0.0000 0.0000 0.0000 0.0000 0.0000],0.7814467549324036,0.6028423294715913,1.0,0.0,0.47108918210146594,None
271,0.9695904850959778,0.8118562698364258,1.8783619403839111,1.2474250793457031,[0.1000 0.1000 0.1000 0.1000 0.1000 0.1000 0.1000],[0.0000 0.0000 0.0000 0.0000 0.0000 0.0000 0.0000],0.7814467549324036,0.6028423294715913,1.0,0.0,0.47108918210146594,None
271,0.9695904850959778,0.8118562698364258,1.8783619403839111,1.2474250793457031,[0.1000 0.1000 0.1000 0.1000 0.1000 0.1000 0.1000],[0.0000 0.0000 0.0000 0.0000 0.0000 0.0000 0.0000],0.7814467549324036,0.6028423294715913,1.0,0.0,0.47108918210146594,None
271,0.9695904850959778,0.8118562698364258,1.8783619403839111,1.2474250793457031,[0.1000 0.1000 0.1000 0.1000 0.1000 0.1000 0.1000],[0.0000 0.0000 0.0000 0.0000 0.0000 0.0000 0.0000],0.7814467549324036,0.6028423294715913,1.0,0.0,0.47108918210146594,None
271,0.9695904850959778,0.8118562698364258,1.8783619403839111,1.2474250793457031,[0.1000 0.1000 0.1000 0.1000 0.1000 0.1000 0.1000],[0.0000 0.0000 0.0000 0.0000 0.0000 0.0000 0.0000],0.7814467549324036,0.6028423294715913,1.0,0.0,0.47108918210146594,None
271,0.9695904850959778,0.8118562698364258,1.8783619403839111,1.2474250793457031,[0.1000 0.1000 0.1000 0.1000 0.1000 0.1000 0.1000],[0.0000 0.0000 0.0000 0.0000 0.0000 0.0000 0.0000],0.7814467549324036,0.6028423294715913,1.0,0.0,0.47108918210146594,None
271,0.9695904850959778,0.8118562698364258,1.8783619403839111,1.2474250793457031,[0.1000 0.1000 0.1000 0.1000 0.1000 0.1000 0.1000],[0.0000 0.0000 0.0000 0.0000 0.0000 0.0000 0.0000],0.7814467549324036,0.6028423294715913,1.0,0.0,0.47108918210146594,None
271,0.9695904850959778,0.8118562698364258,1.8783619403839111,1.2474250793457031,[0.1000 0.1000 0.1000 0.1000 0.1000 0.1000 0.1000],[0.0000 0.0000 0.0000 0.0000 0.0000 0.0000 0.0000],0.7814467549324036,0.6028423294715913,1.0,0.0,0.47108918210146594,None
271,0.9695904850959778,0.8118562698364258,1.8783619403839111,1.2474250793457031,[0.1000 0.1000 0.1000 0.1000 0.1000 0.1000 0.1000],[0.0000 0.0000 0.0000 0.0000 0.0000 0.0000 0.0000],0.7814467549324036,0.6028423294715913,1.0,0.0,0.47108918210146594,None
271,0.9695904850959778,0.8118562698364258,1.8783619403839111,1.2474250793457031,[0.1000 0.1000 0.1000 0.1000 0.1000 0.1000 0.1000],[0.0000 0.0000 0.0000 0.0000 0.0000 0.0000 0.0000],0.7814467549324036,0.6028423294715913,1.0,0.0,0.47108918210146594,None
271,0.9695904850959778,0.8118562698364258,1.8783619403839111,1.2474250793457031,[0.1000 0.1000 0.1000 0.1000 0.1000 0.1000 0.1000],[0.0000 0.0000 0.0000 0.0000 0.0000 0.0000 0.0000],0.7814467549324036,0.6028423294715913,1.0,0.0,0.47108918210146594,None
271,0.9695904850959778,0.8118562698364258,1.8783619403839111,1.2474250793457031,[0.1000 0.1000 0.1000 0.1000 0.1000 0.1000 0.1000],[0.0000 0.0000 0.0000 0.0000 0.0000 0.0000 0.0000],0.7814467549324036,0.6028423294715913,1.0,0.0,0.47108918210146594,None
271,0.9695904850959778,0.8118562698364258,1.8783619403839111,1.2474250793457031,[0.1000 0.1000 0.1000 0.1000 0.1000 0.1000 0.1000],[0.0000 0.0000 0.0000 0.0000 0.0000 0.0000 0.0000],0.7814467549324036,0.6028423294715913,1.0,0.0,0.47108918210146594,None
271,0.9695904850959778,0.8118562698364258,1.8783619403839111,1.2474250793457031,[0.1000 0.1000 0.1000 0.1000 0.1000 0.1000 0.1000],[0.0000 0.0000 0.0000 0.0000 0.0000 0.0000 0.0000],0.7814467549324036,0.6028423294715913,1.0,0.0,0.47108918210146594,None
271,0.9695904850959778,0.8118562698364258,1.8783619403839111,1.2474250793457031,[0.1000 0.1000 0.1000 0.1000 0.1000 0.1000 0.1000],[0.0000 0.0000 0.0000 0.0000 0.0000 0.0000 0.0000],0.7814467549324036,0.6028423294715913,1.0,0.0,0.47108918210146594,None
271,0.9695904850959778,0.8118562698364258,1.8783619403839111,1.2474250793457031,[0.1000 0.1000 0.1000 0.1000 0.1000 0.1000 0.1000],[0.0000 0.0000 0.0000 0.0000 0.0000 0.0000 0.0000],0.7814467549324036,0.6028423294715913,1.0,0.0,0.47108918210146594,None
271,0.9695904850959778,0.8118562698364258,1.8783619403839111,1.2474250793457031,[0.1000 0.1000 0.1000 0.1000 0.1000 0.1000 0.1000],[0.0000 0.0000 0.0000 0.0000 0.0000 0.0000 0.0000],0.7814467549324036,0.6028423294715913,1.0,0.0,0.47108918210146594,None
271,0.9695904850959778,0.8118562698364258,1.8783619403839111,1.2474250793457031,[0.1000 0.1000 0.1000 0.1000 0.1000 0.1000 0.1000],[0.0000 0.0000 0.0000 0.0000 0.0000 0.0000 0.0000],0.7814467549324036,0.6028423294715913,1.0,0.0,0.47108918210146594,None
271,0.9695904850959778,0.8118562698364258,1.8783619403839111,1.2474250793457031,[0.1000 0.1000 0.1000 0.1000 0.1000 0.1000 0.1000],[0.0000 0.0000 0.0000 0.0000 0.0000 0.0000 0.0000],0.7814467549324036,0.6028423294715913,1.0,0.0,0.47108918210146594,None
271,0.9695904850959778,0.8118562698364258,1.8783619403839111,1.2474250793457031,[0.1000 0.1000 0.1000 0.1000 0.1000 0.1000 0.1000],[0.0000 0.0000 0.0000 0.0000 0.0000 0.0000 0.0000],0.7814467549324036,0.6028423294715913,1.0,0.0,0.47108918210146594,None
271,0.9695904850959778,0.8118562698364258,1.8783619403839111,1.2474250793457031,[0.1000 0.1000 0.1000 0.1000 0.1000 0.1000 0.1000],[0.0000 0.0000 0.0000 0.0000 0.0000 0.0000 0.0000],0.7814467549324036,0.6028423294715913,1.0,0.0,0.47108918210146594,None
271,0.9695904850959778,0.8118562698364258,1.8783619403839111,1.2474250793457031,[0.1000 0.1000 0.1000 0.1000 0.1000 0.1000 0.1000],[0.0000 0.0000 0.0000 0.0000 0.0000 0.0000 0.0000],0.7814467549324036,0.6028423294715913,1.0,0.0,0.47108918210146594,None
271,0.9695904850959778,0.8118562698364258,1.8783619403839111,1.2474250793457031,[0.1000 0.1000 0.1000 0.1000 0.1000 0.1000 0.1000],[0.0000 0.0000 0.0000 0.0000 0.0000 0.0000 0.0000],0.7814467549324036,0.6028423294715913,1.0,0.0,0.47108918210146594,None
271,0.9695904850959778,0.8118562698364258,1.8783619403839111,1.2474250793457031,[0.1000 0.1000 0.1000 0.1000 0.1000 0.1000 0.1000],[0.0000 0.0000 0.0000 0.0000 0.0000 0.0000 0.0000],0.7814467549324036,0.6028423294715913,1.0,0.0,0.47108918210146594,None
271,0.9695904850959778,0.8118562698364258,1.8783619403839111,1.2474250793457031,[0.1000 0.1000 0.1000 0.1000 0.1000 0.1000 0.1000],[0.0000 0.0000 0.0000 0.0000 0.0000 0.0000 0.0000],0.7814467549324036,0.6028423294715913,1.0,0.0,0.47108918210146594,None
271,0.9695904850959778,0.8118562698364258,1.8783619403839111,1.2474250793457031,[0.1000 0.1000 0.1000 0.1000 0.1000 0.1000 0.1000],[0.0000 0.0000 0.0000 0.0000 0.0000 0.0000 0.0000],0.7814467549324036,0.6028423294715913,1.0,0.0,0.47108918210146594,None
271,0.9695904850959778,0.8118562698364258,1.8783619403839111,1.2474250793457031,[0.1000 0.1000 0.1000 0.1000 0.1000 0.1000 0.1000],[0.0000 0.0000 0.0000 0.0000 0.0000 0.0000 0.0000],0.7814467549324036,0.6028423294715913,1.0,0.0,0.47108918210146594,None
271,0.9695904850959778,0.8118562698364258,1.8783619403839111,1.2474250793457031,[0.1000 0.1000 0.1000 0.1000 0.1000 0.1000 0.1000],[0.0000 0.0000 0.0000 0.0000 0.0000 0.0000 0.0000],0.7814467549324036,0.6028423294715913,1.0,0.0,0.47108918210146594,None
271,0.9695904850959778,0.8118562698364258,1.8783619403839111,1.2474250793457031,[0.1000 0.1000 0.1000 0.1000 0.1000 0.1000 0.1000],[0.0000 0.0000 0.0000 0.0000 0.0000 0.0000 0.0000],0.7814467549324036,0.6028423294715913,1.0,0.0,0.47108918210146594,None
271,0.9695904850959778,0.8118562698364258,1.8783619403839111,1.2474250793457031,[0.1000 0.1000 0.1000 0.1000 0.1000 0.1000 0.1000],[0.0000 0.0000 0.0000 0.0000 0.0000 0.0000 0.0000],0.7814467549324036,0.6028423294715913,1.0,0.0,0.47108918210146594,None
271,0.9695904850959778,0.8118562698364258,1.8783619403839111,1.2474250793457031,[0.1000 0.1000 0.1000 0.1000 0.1000 0.1000 0.1000],[0.0000 0.0000 0.0000 0.0000 0.0000 0.0000 0.0000],0.7814467549324036,0.6028423294715913,1.0,0.0,0.47108918210146594,None
271,0.9695904850959778,0.8118562698364258,1.8783619403839111,1.2474250793457031,[0.1000 0.1000 0.1000 0.1000 0.1000 0.1000 0.1000],[0.0000 0.0000 0.0000 0.0000 0.0000 0.0000 0.0000],0.7814467549324036,0.6028423294715913,1.0,0.0,0.47108918210146594,None
271,0.9695904850959778,0.8118562698364258,1.8783619403839111,1.2474250793457031,[0.1000 0.1000 0.1000 0.1000 0.1000 0.1000 0.1000],[0.0000 0.0000 0.0000 0.0000 0.0000 0.0000 0.0000],0.7814467549324036,0.6028423294715913,1.0,0.0,0.47108918210146594,None
271,0.9695904850959778,0.8118562698364258,1.8783619403839111,1.2474250793457031,[0.1000 0.1000 0.1000 0.1000 0.1000 0.1000 0.1000],[0.0000 0.0000 0.0000 0.0000 0.0000 0.0000 0.0000],0.7814467549324036,0.6028423294715913,1.0,0.0,0.47108918210146594,None
271,0.9695904850959778,0.8118562698364258,1.8783619403839111,1.2474250793457031,[0.1000 0.1000 0.1000 0.1000 0.1000 0.1000 0.1000],[0.0000 0.0000 0.0000 0.0000 0.0000 0.0000 0.0000],0.7814467549324036,0.6028423294715913,1.0,0.0,0.47108918210146594,None
271,0.9695904850959778,0.8118562698364258,1.8783619403839111,1.2474250793457031,[0.1000 0.1000 0.1000 0.1000 0.1000 0.1000 0.1000],[0.0000 0.0000 0.0000 0.0000 0.0000 0.0000 0.0000],0.7814467549324036,0.6028423294715913,1.0,0.0,0.47108918210146594,None
271,0.9695904850959778,0.8118562698364258,1.8783619403839111,1.2474250793457031,[0.1000 0.1000 0.1000 0.1000 0.1000 0.1000 0.1000],[0.0000 0.0000 0.0000 0.0000 0.0000 0.0000 0.0000],0.7814467549324036,0.6028423294715913,1.0,0.0,0.47108918210146594,None
271,0.9695904850959778,0.8118562698364258,1.8783619403839111,1.2474250793457031,[0.1000 0.1000 0.1000 0.1000 0.1000 0.1000 0.1000],[0.0000 0.0000 0.0000 0.0000 0.0000 0.0000 0.0000],0.7814467549324036,0.6028423294715913,1.0,0.0,0.47108918210146594,None
271,0.9695904850959778,0.8118562698364258,1.8783619403839111,1.2474250793457031,[0.1000 0.1000 0.1000 0.1000 0.1000 0.1000 0.1000],[0.0000 0.0000 0.0000 0.0000 0.0000 0.0000 0.0000],0.7814467549324036,0.6028423294715913,1.0,0.0,0.47108918210146594,None
271,0.9695904850959778,0.8118562698364258,1.8783619403839111,1.2474250793457031,[0.1000 0.1000 0.1000 0.1000 0.1000 0.1000 0.1000],[0.0000 0.0000 0.0000 0.0000 0.0000 0.0000 0.0000],0.7814467549324036,0.6028423294715913,1.0,0.0,0.47108918210146594,None
271,0.9695904850959778,0.8118562698364258,1.8783619403839111,1.2474250793457031,[0.1000 0.1000 0.1000 0.1000 0.1000 0.1000 0.1000],[0.0000 0.0000 0.0000 0.0000 0.0000 0.0000 0.0000],0.7814467549324036,0.6028423294715913,1.0,0.0,0.47108918210146594,None
271,0.9695904850959778,0.8118562698364258,1.8783619403839111,1.2474250793457031,[0.1000 0.1000 0.1000 0.1000 0.1000 0.1000 0.1000],[0.0000 0.0000 0.0000 0.0000 0.0000 0.0000 0.0000],0.7814467549324036,0.6028423294715913,1.0,0.0,0.47108918210146594,None
271,0.9695904850959778,0.8118562698364258,1.8783619403839111,1.2474250793457031,[0.1000 0.1000 0.1000 0.1000 0.1000 0.1000 0.1000],[0.0000 0.0000 0.0000 0.0000 0.0000 0.0000 0.0000],0.7814467549324036,0.6028423294715913,1.0,0.0,0.47108918210146594,None
271,0.9679121375083923,0.8069633841514587,1.8716485500335693,1.227853536605835,[0.1079 0.1000 0.1000 0.1000 0.1000 0.1000 0.1000],[-0.0792 0.0000 0.0000 0.0000 0.0000 0.0000 0.0000],0.7748755216598511,0.5988158111827766,1.0,0.0,0.4640077140684209,None
271,0.9681029319763184,0.8075181245803833,1.8724117279052734,1.2300724983215332,[0.1070 0.1000 0.1000 0.1000 0.1000 0.1000 0.1000],[-0.0705 0.0000 0.0000 0.0000 0.0000 0.0000 0.0000],0.7756210565567017,0.5992696575052807,1.0,0.0,0.4648061649166186,None
271,0.968296229839325,0.8080805540084839,1.8731849193572998,1.2323222160339355,[0.1062 0.1000 0.1000 0.1000 0.1000 0.1000 0.1000],[-0.0615 0.0000 0.0000 0.0000 0.0000 0.0000 0.0000],0.7763767838478088,0.5997304960019549,1.0,0.0,0.46561683366144896,None
271,0.9684864282608032,0.8086342215538025,1.873945713043213,1.23453688621521,[0.1053 0.1000 0.1000 0.1000 0.1000 0.1000 0.1000],[-0.0527 0.0000 0.0000 0.0000 0.0000 0.0000 0.0000],0.7771206498146057,0.600184784297795,1.0,0.0,0.4664159895823414,None
271,0.968680202960968,0.8091990947723389,1.874720811843872,1.2367963790893555,[0.1044 0.1000 0.1000 0.1000 0.1000 0.1000 0.1000],[-0.0436 0.0000 0.0000 0.0000 0.0000 0.0000 0.0000],0.7778792977333069,0.6006491414950643,1.0,0.0,0.46723253237029433,None
271,0.9688753485679626,0.8097677826881409,1.8755013942718506,1.2390711307525635,[0.1034 0.1000 0.1000 0.1000 0.1000 0.1000 0.1000],[-0.0344 0.0000 0.0000 0.0000 0.0000 0.0000 0.0000],0.7786431312561035,0.6011171025478508,1.0,0.0,0.4680557029794548,None
271,0.9690806269645691,0.810366690158844,1.8763225078582764,1.241466760635376,[0.1025 0.1000 0.1000 0.1000 0.1000 0.1000 0.1000],[-0.0246 0.0000 0.0000 0.0000 0.0000 0.0000 0.0000],0.7794473171234131,0.6016108224289657,1.0,0.0,0.4689239414946674,None
271,0.9692827463150024,0.8109570741653442,1.8771309852600098,1.243828296661377,[0.1015 0.1000 0.1000 0.1000 0.1000 0.1000 0.1000],[-0.0149 0.0000 0.0000 0.0000 0.0000 0.0000 0.0000],0.7802398204803467,0.6020984139895165,1.0,0.0,0.4697811584426818,None
271,0.9694899916648865,0.8115625977516174,1.877959966659546,1.2462503910064697,[0.1005 0.1000 0.1000 0.1000 0.1000 0.1000 0.1000],[-0.0049 0.0000 0.0000 0.0000 0.0000 0.0000 0.0000],0.7810525894165039,0.6025992024249711,1.0,0.0,0.4706616674343437,None
271,0.9696799516677856,0.8121180534362793,1.8787198066711426,1.2484722137451172,[0.0996 0.1000 0.1000 0.1000 0.1000 0.1000 0.1000],[0.0044 0.0000 0.0000 0.0000 0.0000 0.0000 0.0000],0.7817980051040649,0.6030593265593631,0.9956351667642593,0.004364833235740717,0.46941268801295954,None
271,0.9698734283447266,0.8126842379570007,1.8794937133789062,1.250736951828003,[0.0986 0.1000 0.1000 0.1000 0.1000 0.1000 0.1000],[0.0139 0.0000 0.0000 0.0000 0.0000 0.0000 0.0000],0.7825576663017273,0.6035290800226001,0.9861467778682709,0.013853222131729181,0.46575348273534667,None
271,0.9700634479522705,0.8132407069206238,1.880253791809082,1.2529628276824951,[0.0977 0.1000 0.1000 0.1000 0.1000 0.1000 0.1000],[0.0232 0.0000 0.0000 0.0000 0.0000 0.0000 0.0000],0.7833041548728943,0.6039914886878734,0.9767595678567886,0.02324043214321142,0.46211378399625896,None
271,0.9702757000923157,0.8138629198074341,1.8811028003692627,1.2554516792297363,[0.0966 0.1000 0.1000 0.1000 0.1000 0.1000 0.1000],[0.0338 0.0000 0.0000 0.0000 0.0000 0.0000 0.0000],0.7841386198997498,0.6045094434946877,0.9661883115768433,0.033811688423156794,0.4579918112163333,None
271,0.9704450964927673,0.8143596649169922,1.8817803859710693,1.2574386596679688,[0.0958 0.1000 0.1000 0.1000 0.1000 0.1000 0.1000],[0.0423 0.0000 0.0000 0.0000 0.0000 0.0000 0.0000],0.7848047614097595,0.6049235117400997,0.9576902538537979,0.04230974614620214,0.45466043349772217,None
271,0.9706352949142456,0.814918041229248,1.8825411796569824,1.2596721649169922,[0.0948 0.1000 0.1000 0.1000 0.1000 0.1000 0.1000],[0.0519 0.0000 0.0000 0.0000 0.0000 0.0000 0.0000],0.7855533361434937,0.6053897445770098,0.9480760246515274,0.05192397534847265,0.45087265971088625,None
271,0.9708213210105896,0.8154642581939697,1.8832852840423584,1.261857032775879,[0.0939 0.1000 0.1000 0.1000 0.1000 0.1000 0.1000],[0.0614 0.0000 0.0000 0.0000 0.0000 0.0000 0.0000],0.7862855792045593,0.6058463969254881,0.9386040270328522,0.06139597296714788,0.44712119076019174,None
271,0.9710075259208679,0.8160116672515869,1.8840301036834717,1.2640466690063477,[0.0929 0.1000 0.1000 0.1000 0.1000 0.1000 0.1000],[0.0710 0.0000 0.0000 0.0000 0.0000 0.0000 0.0000],0.7870191931724548,0.6063048658298137,0.9290467947721481,0.07095320522785192,0.44331657234136873,None
271,0.9711884260177612,0.816543698310852,1.884753704071045,1.2661747932434082,[0.0920 0.1000 0.1000 0.1000 0.1000 0.1000 0.1000],[0.0803 0.0000 0.0000 0.0000 0.0000 0.0000 0.0000],0.7877321243286133,0.6067510614039636,0.9196934103965759,0.08030658960342413,0.43957418159547545,None
271,0.9713725447654724,0.8170856237411499,1.8854901790618896,1.2683424949645996,[0.0910 0.1000 0.1000 0.1000 0.1000 0.1000 0.1000],[0.0899 0.0000 0.0000 0.0000 0.0000 0.0000 0.0000],0.7884581685066223,0.6072062614751572,0.9100993722677231,0.08990062773227697,0.43571620565652097,None
271,0.9715312719345093,0.8175534009933472,1.886125087738037,1.2702136039733887,[0.0902 0.1000 0.1000 0.1000 0.1000 0.1000 0.1000],[0.0982 0.0000 0.0000 0.0000 0.0000 0.0000 0.0000],0.7890846729278564,0.6075998586376884,0.9017639607191086,0.09823603928089147,0.4323486891244019,None
271,0.9717007279396057,0.8180530667304993,1.8868029117584229,1.272212266921997,[0.0893 0.1000 0.1000 0.1000 0.1000 0.1000 0.1000],[0.1072 0.0000 0.0000 0.0000 0.0000 0.0000 0.0000],0.789753794670105,0.6080208408485135,0.892803817987442,0.10719618201255804,0.42871257829845283,None
271,0.9718725681304932,0.818560004234314,1.8874902725219727,1.2742400169372559,[0.0884 0.1000 0.1000 0.1000 0.1000 0.1000 0.1000],[0.1163 0.0000 0.0000 0.0000 0.0000 0.0000 0.0000],0.7904325723648071,0.6084485169276214,0.883651077747345,0.11634892225265508,0.4249809635207069,None
271,0.9720398783683777,0.8190540075302124,1.8881595134735107,1.2762160301208496,[0.0875 0.1000 0.1000 0.1000 0.1000 0.1000 0.1000],[0.1253 0.0000 0.0000 0.0000 0.0000 0.0000 0.0000],0.7910938858985901,0.6088659170589128,0.8746708929538727,0.12532910704612737,0.42130282025243626,None
271,0.9722092151641846,0.8195545673370361,1.8888368606567383,1.2782182693481445,[0.0866 0.1000 0.1000 0.1000 0.1000 0.1000 0.1000],[0.1345 0.0000 0.0000 0.0000 0.0000 0.0000 0.0000],0.7917637825012207,0.6092895601252144,0.8655121177434921,0.13448788225650793,0.4175346493155086,None
271,0.9716478586196899,0.816198468208313,1.8865914344787598,1.264793872833252,[0.0856 0.1069 0.1000 0.1000 0.1000 0.1000 0.1000],[0.1436 -0.0694 0.0000 0.0000 0.0000 0.0000 0.0000],0.7878463268280029,0.6057292929833907,0.8563601970672607,0.1436398029327393,0.40867358216112265,None
271,0.9719772934913635,0.8175339698791504,1.887909173965454,1.2701358795166016,[0.0847 0.1055 0.1000 0.1000 0.1000 0.1000 0.1000],[0.1530 -0.0552 0.0000 0.0000 0.0000 0.0000 0.0000],0.7895112633705139,0.60700722193377,0.8469533920288086,0.15304660797119146,0.40589312938906347,None
271,0.9723021984100342,0.8188620805740356,1.8892087936401367,1.2754483222961426,[0.0838 0.1040 0.1000 0.1000 0.1000 0.1000 0.1000],[0.1622 -0.0404 0.0000 0.0000 0.0000 0.0000 0.0000],0.7911642789840698,0.6082856680742986,0.8377530425786972,0.16224695742130285,0.4031719122744538,None
271,0.9726232290267944,0.8201740980148315,1.8904929161071777,1.2806963920593262,[0.0828 0.1026 0.1000 0.1000 0.1000 0.1000 0.1000],[0.1715 -0.0256 0.0000 0.0000 0.0000 0.0000 0.0000],0.792797327041626,0.6095526527021051,0.8284983783960342,0.17150162160396581,0.40037326120176453,None
271,0.9729329943656921,0.8214367032051086,1.8917319774627686,1.2857468128204346,[0.0819 0.1011 0.1000 0.1000 0.1000 0.1000 0.1000],[0.1807 -0.0111 0.0000 0.0000 0.0000 0.0000 0.0000],0.7943696975708008,0.6107747552373003,0.8193467557430267,0.18065324425697332,0.3975314435592759,None
271,0.9732301235198975,0.8226454854011536,1.8929204940795898,1.2905819416046143,[0.0810 0.0997 0.1000 0.1000 0.1000 0.1000 0.1000],[0.1896 0.0029 0.0000 0.0000 0.0000 0.0000 0.0000],0.795875608921051,0.6119476348239276,0.8103716373443604,0.1896283626556397,0.39467869925496263,None
271,0.9735233187675476,0.823837399482727,1.8940932750701904,1.2953495979309082,[0.0801 0.0983 0.1000 0.1000 0.1000 0.1000 0.1000],[0.1987 0.0169 0.0000 0.0000 0.0000 0.0000 0.0000],0.7973607182502747,0.6131073543154115,0.8013341575860977,0.19866584241390234,0.39174640289894164,None
271,0.9737813472747803,0.8248761892318726,1.895125389099121,1.2995047569274902,[0.0793 0.0971 0.1000 0.1000 0.1000 0.1000 0.1000],[0.2069 0.0291 0.0000 0.0000 0.0000 0.0000 0.0000],0.7986575365066528,0.6141176888701586,0.793050080537796,0.20694991946220404,0.3889670513583088,None
271,0.974055290222168,0.825981616973877,1.8962211608886719,1.3039264678955078,[0.0784 0.0958 0.1000 0.1000 0.1000 0.1000 0.1000],[0.2158 0.0423 0.0000 0.0000 0.0000 0.0000 0.0000],0.8000369071960449,0.6151965784347921,0.7841730117797852,0.2158269882202149,0.3859542477882171,None
271,0.9743314385414124,0.8270963430404663,1.8973257541656494,1.3083853721618652,[0.0775 0.0944 0.1000 0.1000 0.1000 0.1000 0.1000],[0.2249 0.0559 0.0000 0.0000 0.0000 0.0000 0.0000],0.8014277815818787,0.6162877438744678,0.7751037925481796,0.22489620745182043,0.38283160671666033,None
271,0.9745803475379944,0.8280981779098511,1.8983213901519775,1.3123927116394043,[0.0767 0.0932 0.1000 0.1000 0.1000 0.1000 0.1000],[0.2333 0.0683 0.0000 0.0000 0.0000 0.0000 0.0000],0.8026785254478455,0.6172701087867014,0.7667443156242371,0.233255684375763,0.3798983925754877,None
271,0.9748386144638062,0.8291373252868652,1.8993544578552246,1.316549301147461,[0.0758 0.0919 0.1000 0.1000 0.1000 0.1000 0.1000],[0.2420 0.0815 0.0000 0.0000 0.0000 0.0000 0.0000],0.8039759397506714,0.6182916176229019,0.75797900557518,0.24202099442482,0.37678498476140254,None
271,0.9751289486885071,0.8303024768829346,1.9005157947540283,1.3212099075317383,[0.0748 0.0904 0.1000 0.1000 0.1000 0.1000 0.1000],[0.2521 0.0964 0.0000 0.0000 0.0000 0.0000 0.0000],0.8054314255714417,0.6194392666004905,0.7478824257850647,0.25211757421493536,0.37313039732205,None
271,0.9753520488739014,0.8311963677406311,1.9014081954956055,1.3247854709625244,[0.0740 0.0892 0.1000 0.1000 0.1000 0.1000 0.1000],[0.2600 0.1080 0.0000 0.0000 0.0000 0.0000 0.0000],0.8065484166145325,0.6203216082876585,0.7399921864271164,0.26000781357288366,0.37023245482539885,None
271,0.9755914211273193,0.8321550488471985,1.9023656845092773,1.328620195388794,[0.0731 0.0879 0.1000 0.1000 0.1000 0.1000 0.1000],[0.2686 0.1208 0.0000 0.0000 0.0000 0.0000 0.0000],0.8077464699745178,0.6212700536264384,0.731419026851654,0.268580973148346,0.3670470540737703,None
271,0.9758360981941223,0.8331335186958313,1.9033443927764893,1.3325340747833252,[0.0723 0.0866 0.1000 0.1000 0.1000 0.1000 0.1000],[0.2775 0.1340 0.0000 0.0000 0.0000 0.0000 0.0000],0.8089696168899536,0.6222400504311091,0.7225186377763748,0.27748136222362524,0.3636965875487409,None
271,0.9760560989379883,0.834008514881134,1.9042243957519531,1.3360340595245361,[0.0714 0.0854 0.1000 0.1000 0.1000 0.1000 0.1000],[0.2857 0.1459 0.0000 0.0000 0.0000 0.0000 0.0000],0.8100646138191223,0.6231079941722639,0.7142850756645203,0.2857149243354798,0.36054091812727074,None
271,0.9762569665908813,0.8347991108894348,1.9050278663635254,1.3391964435577393,[0.0706 0.0843 0.1000 0.1000 0.1000 0.1000 0.1000],[0.2935 0.1566 0.0000 0.0000 0.0000 0.0000 0.0000],0.8110560774803162,0.6238911650845642,0.7064995914697647,0.29350040853023535,0.35749636775633153,None
271,0.9764686822891235,0.8356305956840515,1.9058747291564941,1.342522382736206,[0.0698 0.0832 0.1000 0.1000 0.1000 0.1000 0.1000],[0.3019 0.1680 0.0000 0.0000 0.0000 0.0000 0.0000],0.812099277973175,0.6247159920739067,0.6981370598077774,0.30186294019222265,0.3541868562038575,None
271,0.9766882061958313,0.8364906907081604,1.9067528247833252,1.3459627628326416,[0.0689 0.0820 0.1000 0.1000 0.1000 0.1000 0.1000],[0.3107 0.1800 0.0000 0.0000 0.0000 0.0000 0.0000],0.8131788969039917,0.6255704131780304,0.6893452256917953,0.3106547743082047,0.35067037025971254,None
271,0.97690749168396,0.8373544812202454,1.9076299667358398,1.3494179248809814,[0.0681 0.0808 0.1000 0.1000 0.1000 0.1000 0.1000],[0.3194 0.1924 0.0000 0.0000 0.0000 0.0000 0.0000],0.8142619729042053,0.6264320537523131,0.6805630773305893,0.31943692266941076,0.34714147835773795,None
271,0.977123498916626,0.8382026553153992,1.908493995666504,1.3528106212615967,[0.0672 0.0795 0.1000 0.1000 0.1000 0.1000 0.1000],[0.3282 0.2049 0.0000 0.0000 0.0000 0.0000 0.0000],0.8153261542320251,0.6272791344702757,0.671771913766861,0.3282280862331391,0.3435690689168421,None
271,0.9773373007774353,0.8390433192253113,1.9093492031097412,1.3561732769012451,[0.0663 0.0782 0.1000 0.1000 0.1000 0.1000 0.1000],[0.3370 0.2175 0.0000 0.0000 0.0000 0.0000 0.0000],0.8163806200027466,0.6281210122202062,0.6629981100559235,0.3370018899440766,0.33997603044708946,None
271,0.977540135383606,0.8398320078849792,1.9101605415344238,1.359328031539917,[0.0654 0.0771 0.1000 0.1000 0.1000 0.1000 0.1000],[0.3456 0.2293 0.0000 0.0000 0.0000 0.0000 0.0000],0.8173721432685852,0.6289095427006688,0.6543620675802231,0.34563793241977697,0.3363768760857194,None
271,0.9777321219444275,0.8405753374099731,1.91092848777771,1.3623013496398926,[0.0646 0.0759 0.1000 0.1000 0.1000 0.1000 0.1000],[0.3540 0.2406 0.0000 0.0000 0.0000 0.0000 0.0000],0.8183074593544006,0.6296531564405411,0.6460102647542953,0.3539897352457047,0.33285670798334915,None
271,0.9779219031333923,0.841304361820221,1.9116876125335693,1.3652174472808838,[0.0638 0.0748 0.1000 0.1000 0.1000 0.1000 0.1000],[0.3625 0.2517 0.0000 0.0000 0.0000 0.0000 0.0000],0.8192262649536133,0.6303818980174654,0.6375318020582199,0.36246819794178015,0.3292376208679866,None
271,0.9781122803688049,0.842032253742218,1.9124491214752197,1.368129014968872,[0.0629 0.0737 0.1000 0.1000 0.1000 0.1000 0.1000],[0.3711 0.2628 0.0000 0.0000 0.0000 0.0000 0.0000],0.820144534111023,0.6311097363353338,0.6288562715053558,0.3711437284946442,0.32549676118611454,None
271,0.9783009886741638,0.8427541851997375,1.9132039546966553,1.3710167407989502,[0.0620 0.0726 0.1000 0.1000 0.1000 0.1000 0.1000],[0.3798 0.2742 0.0000 0.0000 0.0000 0.0000 0.0000],0.8210551738739014,0.6318331852618622,0.6201830133795738,0.37981698662042623,0.3217322834200559,None
271,0.9784866571426392,0.8434600830078125,1.9139466285705566,1.37384033203125,[0.0611 0.0715 0.1000 0.1000 0.1000 0.1000 0.1000],[0.3885 0.2854 0.0000 0.0000 0.0000 0.0000 0.0000],0.8219467401504517,0.6325403775449245,0.6114638224244118,0.3885361775755883,0.3179089083211512,None
271,0.9786968231201172,0.844255268573761,1.9147872924804688,1.377021074295044,[0.0601 0.0702 0.1000 0.1000 0.1000 0.1000 0.1000],[0.3986 0.2982 0.0000 0.0000 0.0000 0.0000 0.0000],0.8229520916938782,0.6333372741246307,0.6013686954975128,0.39863130450248724,0.3134371133195585,None
271,0.9784038066864014,0.8423696160316467,1.9136152267456055,1.369478464126587,[0.0594 0.0692 0.1071 0.1000 0.1000 0.1000 0.1000],[0.4062 0.3084 -0.0713 0.0000 0.0000 0.0000 0.0000],0.8207734227180481,0.6311718684064966,0.5937638506293297,0.4062361493706704,0.3075988253169725,None
271,0.9787123203277588,0.8437692523002625,1.9148492813110352,1.3750770092010498,[0.0585 0.0680 0.1052 0.1000 0.1000 0.1000 0.1000],[0.4147 0.3198 -0.0517 0.0000 0.0000 0.0000 0.0000],0.8224815726280212,0.6326540213538518,0.5853189527988434,0.41468104720115667,0.30456853643193793,None
271,0.9790107011795044,0.8451178073883057,1.9160428047180176,1.3804712295532227,[0.0577 0.0669 0.1032 0.1000 0.1000 0.1000 0.1000],[0.4231 0.3312 -0.0322 0.0000 0.0000 0.0000 0.0000],0.8241285085678101,0.6340862208235405,0.576905831694603,0.4230941683053971,0.3014728332655335,None
271,0.9793009757995605,0.8464246392250061,1.9172039031982422,1.3856985569000244,[0.0568 0.0657 0.1013 0.1000 0.1000 0.1000 0.1000],[0.4315 0.3427 -0.0126 0.0000 0.0000 0.0000 0.0000],0.8257256150245667,0.6354779340361486,0.5684565380215645,0.43154346197843557,0.29828643107887953,None
271,0.9795759916305542,0.8476535677909851,1.9183039665222168,1.3906142711639404,[0.0560 0.0646 0.0994 0.1000 0.1000 0.1000 0.1000],[0.4399 0.3539 0.0063 0.0000 0.0000 0.0000 0.0000],0.8272295594215393,0.6367887338757661,0.5601257085800171,0.43987429141998297,0.2950576792774392,None
271,0.9798508286476135,0.8488752245903015,1.919403314590454,1.395500898361206,[0.0551 0.0635 0.0974 0.1000 0.1000 0.1000 0.1000],[0.4485 0.3654 0.0257 0.0000 0.0000 0.0000 0.0000],0.828726053237915,0.6380944818639649,0.551493726670742,0.448506273329258,0.2916329277625807,None
271,0.9801002144813538,0.8499723076820374,1.920400857925415,1.3998892307281494,[0.0543 0.0624 0.0957 0.1000 0.1000 0.1000 0.1000],[0.4567 0.3762 0.0434 0.0000 0.0000 0.0000 0.0000],0.8300725221633911,0.6392675412451544,0.5432823672890663,0.45671763271093374,0.2882864971543295,None
271,0.9803436994552612,0.8510385751724243,1.921374797821045,1.4041543006896973,[0.0535 0.0613 0.0939 0.1000 0.1000 0.1000 0.1000],[0.4650 0.3870 0.0613 0.0000 0.0000 0.0000 0.0000],0.8313822746276855,0.6404097828321287,0.5350340902805328,0.4649659097194672,0.28486570846973625,None
271,0.9805819392204285,0.8520729541778564,1.9223277568817139,1.4082918167114258,[0.0527 0.0602 0.0921 0.1000 0.1000 0.1000 0.1000],[0.4734 0.3979 0.0790 0.0000 0.0000 0.0000 0.0000],0.8326548933982849,0.6415185011153686,0.5266349017620087,0.4733650982379914,0.2813091524372777,None
271,0.9808064699172974,0.8530380129814148,1.9232258796691895,1.4121520519256592,[0.0518 0.0591 0.0904 0.1000 0.1000 0.1000 0.1000],[0.4816 0.4085 0.0958 0.0000 0.0000 0.0000 0.0000],0.8338444828987122,0.6425528613404738,0.5183696374297142,0.48163036257028585,0.27773683177833886,None
271,0.981044590473175,0.8540488481521606,1.9241783618927002,1.4161953926086426,[0.0509 0.0580 0.0886 0.1000 0.1000 0.1000 0.1000],[0.4908 0.4201 0.1137 0.0000 0.0000 0.0000 0.0000],0.8350934386253357,0.6436353800936261,0.5091595277190208,0.4908404722809792,0.27367104799696335,None
271,0.9812615513801575,0.8549736142158508,1.9250462055206299,1.4198944568634033,[0.0501 0.0569 0.0869 0.1000 0.1000 0.1000 0.1000],[0.4992 0.4309 0.1311 0.0000 0.0000 0.0000 0.0000],0.8362351655960083,0.6446298589297257,0.5008139461278915,0.4991860538721085,0.2699698459703601,None
271,0.9814769625663757,0.8558793663978577,1.925907850265503,1.4235174655914307,[0.0492 0.0558 0.0852 0.1000 0.1000 0.1000 0.1000],[0.5079 0.4420 0.1485 0.0000 0.0000 0.0000 0.0000],0.8373563289642334,0.6456024884843037,0.4921024665236473,0.5078975334763527,0.2660302635598793,None
271,0.9816883206367493,0.8567635416984558,1.926753282546997,1.4270541667938232,[0.0483 0.0547 0.0834 0.1000 0.1000 0.1000 0.1000],[0.5166 0.4531 0.1660 0.0000 0.0000 0.0000 0.0000],0.8384518623352051,0.6465530040610141,0.48335861414670944,0.5166413858532906,0.26203043048999236,None
271,0.9818888306617737,0.8575936555862427,1.9275553226470947,1.4303746223449707,[0.0475 0.0536 0.0817 0.1000 0.1000 0.1000 0.1000],[0.5253 0.4640 0.1829 0.0000 0.0000 0.0000 0.0000],0.8394824862480164,0.6474447914502879,0.4747435823082924,0.5252564176917076,0.2580319497612477,None
271,0.9820845723152161,0.8583939075469971,1.9283382892608643,1.4335756301879883,[0.0466 0.0525 0.0800 0.1000 0.1000 0.1000 0.1000],[0.5340 0.4749 0.1996 0.0000 0.0000 0.0000 0.0000],0.8404784798622131,0.6483031635510222,0.4659796878695488,0.5340203121304512,0.25390527577200755,None
271,0.982275128364563,0.8591711521148682,1.929100513458252,1.4366846084594727,[0.0457 0.0514 0.0784 0.1000 0.1000 0.1000 0.1000],[0.5427 0.4858 0.2165 0.0000 0.0000 0.0000 0.0000],0.8414462804794312,0.6491382376922574,0.4573424905538559,0.5426575094461441,0.24980730818244287,None
271,0.9824640154838562,0.8599318861961365,1.9298560619354248,1.439727544784546,[0.0448 0.0503 0.0767 0.1000 0.1000 0.1000 0.1000],[0.5516 0.4969 0.2334 0.0000 0.0000 0.0000 0.0000],0.8423959016799927,0.6499541040267438,0.4484318941831589,0.5515681058168411,0.24552483586373564,None
271,0.9826467633247375,0.860654890537262,1.9305870532989502,1.4426195621490479,[0.0439 0.0492 0.0750 0.1000 0.1000 0.1000 0.1000],[0.5607 0.5079 0.2496 0.0000 0.0000 0.0000 0.0000],0.8433016538619995,0.6507266503331873,0.43934497982263565,0.5606550201773643,0.2410944504666502,None
271,0.9828249216079712,0.86135333776474,1.9312996864318848,1.44541335105896,[0.0430 0.0481 0.0734 0.1000 0.1000 0.1000 0.1000],[0.5697 0.5189 0.2658 0.0000 0.0000 0.0000 0.0000],0.8441782593727112,0.6514722624478344,0.43027572333812714,0.5697242766618729,0.2366338862876706,None
271,0.9830143451690674,0.8620901703834534,1.9320573806762695,1.4483606815338135,[0.0420 0.0469 0.0716 0.1000 0.1000 0.1000 0.1000],[0.5796 0.5309 0.2836 0.0000 0.0000 0.0000 0.0000],0.8451045155525208,0.6522584655442867,0.42035724967718124,0.5796427503228188,0.2317120868221184,None
271,0.9831708073616028,0.8626971244812012,1.9326832294464111,1.4507884979248047,[0.0412 0.0459 0.0701 0.1000 0.1000 0.1000 0.1000],[0.5879 0.5412 0.2989 0.0000 0.0000 0.0000 0.0000],0.845867931842804,0.6529068095159434,0.4120764136314392,0.5879235863685608,0.22757864943267933,None
271,0.983331561088562,0.863315761089325,1.933326244354248,1.4532630443572998,[0.0403 0.0448 0.0685 0.1000 0.1000 0.1000 0.1000],[0.5966 0.5519 0.3151 0.0000 0.0000 0.0000 0.0000],0.846647322177887,0.653567033902319,0.40338151156902313,0.5966184884309769,0.22320743989305394,None
271,0.9834875464439392,0.8639090657234192,1.9339501857757568,1.4556362628936768,[0.0395 0.0437 0.0669 0.1000 0.1000 0.1000 0.1000],[0.6053 0.5626 0.3311 0.0000 0.0000 0.0000 0.0000],0.8473966121673584,0.6541987843854218,0.39467953145504,0.60532046854496,0.21879684744896274,None
271,0.9836413860321045,0.8644872903823853,1.934565544128418,1.457949161529541,[0.0386 0.0427 0.0653 0.1000 0.1000 0.1000 0.1000],[0.6142 0.5734 0.3471 0.0000 0.0000 0.0000 0.0000],0.8481286764144897,0.6548129555592805,0.385843887925148,0.614156112074852,0.21428443980166645,None
271,0.9837906956672668,0.8650442361831665,1.9351627826690674,1.460176944732666,[0.0377 0.0416 0.0637 0.1000 0.1000 0.1000 0.1000],[0.6229 0.5842 0.3631 0.0000 0.0000 0.0000 0.0000],0.8488349318504333,0.6554039183564324,0.3770868480205536,0.6229131519794464,0.20978462825719263,None
271,0.9839332103729248,0.8655674457550049,1.9357328414916992,1.4622697830200195,[0.0368 0.0405 0.0622 0.1000 0.1000 0.1000 0.1000],[0.6316 0.5947 0.3784 0.0000 0.0000 0.0000 0.0000],0.8495006561279297,0.6559567401940274,0.36841921508312225,0.6315807849168777,0.20529633227898922,None
271,0.9840880632400513,0.8661268353462219,1.936352252960205,1.4645073413848877,[0.0359 0.0394 0.0605 0.1000 0.1000 0.1000 0.1000],[0.6414 0.6064 0.3951 0.0000 0.0000 0.0000 0.0000],0.8502148985862732,0.6565451588726265,0.35863976925611496,0.641360230743885,0.20019432435137344,None
271,0.9842162728309631,0.8665863871574402,1.9368650913238525,1.4663455486297607,[0.0350 0.0384 0.0591 0.1000 0.1000 0.1000 0.1000],[0.6496 0.6163 0.4094 0.0000 0.0000 0.0000 0.0000],0.8508026599884033,0.6570278645815043,0.3504060208797455,0.6495939791202545,0.19587733530543347,None
271,0.984353244304657,0.8670724034309387,1.937412977218628,1.4682896137237549,[0.0341 0.0373 0.0575 0.1000 0.1000 0.1000 0.1000],[0.6586 0.6271 0.4250 0.0000 0.0000 0.0000 0.0000],0.8514256477355957,0.6575370956238935,0.3413897007703781,0.6586102992296219,0.19112495773280117,None
271,0.984486997127533,0.8675422668457031,1.9379479885101318,1.4701690673828125,[0.0332 0.0362 0.0559 0.1000 0.1000 0.1000 0.1000],[0.6676 0.6380 0.4407 0.0000 0.0000 0.0000 0.0000],0.8520292639732361,0.658028173263016,0.33239617943763733,0.6676038205623627,0.1863609960365163,None
271,0.9846200942993164,0.868003785610199,1.9384803771972656,1.472015142440796,[0.0323 0.0351 0.0543 0.1000 0.1000 0.1000 0.1000],[0.6768 0.6490 0.4565 0.0000 0.0000 0.0000 0.0000],0.8526238799095154,0.6585086989554236,0.32320093363523483,0.6767990663647652,0.18146447436742177,None
271,0.9847669005393982,0.8680834174156189,1.9390676021575928,1.4723336696624756,[0.0313 0.0339 0.0526 0.1067 0.1000 0.1000 0.1000],[0.6873 0.6614 0.4740 -0.0672 0.0000 0.0000 0.0000],0.8528503179550171,0.658410358582437,0.31267203390598297,0.687327966094017,0.17557331506660967,None
271,0.984877347946167,0.8686176538467407,1.939509391784668,1.474470615386963,[0.0305 0.0329 0.0512 0.1043 0.1000 0.1000 0.1000],[0.6954 0.6710 0.4875 -0.0429 0.0000 0.0000 0.0000],0.8534950017929077,0.6590312417545762,0.30459482222795486,0.6954051777720451,0.17132845627228932,None
271,0.9849942326545715,0.8691686391830444,1.9399769306182861,1.4766745567321777,[0.0296 0.0319 0.0498 0.1017 0.1000 0.1000 0.1000],[0.7041 0.6814 0.5021 -0.0166 0.0000 0.0000 0.0000],0.854162871837616,0.6596684065921485,0.2958512306213379,0.7041487693786621,0.16670159492009393,None
271,0.9851122498512268,0.8697121143341064,1.9404489994049072,1.4788484573364258,[0.0287 0.0308 0.0483 0.0989 0.1000 0.1000 0.1000],[0.7131 0.6921 0.5173 0.0108 0.0000 0.0000 0.0000],0.8548243641853333,0.660294045508295,0.2868826314806938,0.7131173685193062,0.16192672364738786,None
271,0.9852279424667358,0.8702214956283569,1.9409117698669434,1.4808859825134277,[0.0278 0.0297 0.0468 0.0963 0.1000 0.1000 0.1000],[0.7222 0.7027 0.5322 0.0372 0.0000 0.0000 0.0000],0.8554494380950928,0.6608739956323331,0.2777872607111931,0.7222127392888069,0.15704544118205802,None
271,0.9853441119194031,0.8707172274589539,1.9413764476776123,1.4828689098358154,[0.0268 0.0286 0.0453 0.0936 0.1000 0.1000 0.1000],[0.7316 0.7137 0.5474 0.0640 0.0000 0.0000 0.0000],0.8560613393783569,0.6614340766402366,0.2684345096349716,0.7315654903650284,0.15199517352094574,None
271,0.9854567646980286,0.8711822032928467,1.9418270587921143,1.4847288131713867,[0.0259 0.0275 0.0438 0.0910 0.1000 0.1000 0.1000],[0.7408 0.7246 0.5625 0.0902 0.0000 0.0000 0.0000],0.8566389679908752,0.6619547938438086,0.2591552212834358,0.7408447787165642,0.14695559350907353,None
271,0.9855726361274719,0.8716394305229187,1.9422905445098877,1.4865577220916748,[0.0249 0.0264 0.0422 0.0883 0.1000 0.1000 0.1000],[0.7507 0.7360 0.5779 0.1167 0.0000 0.0000 0.0000],0.8572120666503906,0.6624600681333345,0.2492808923125267,0.7507191076874733,0.14155883222575916,None
271,0.9856797456741333,0.872053325176239,1.9427189826965332,1.488213300704956,[0.0240 0.0253 0.0407 0.0858 0.1000 0.1000 0.1000],[0.7600 0.7467 0.5927 0.1421 0.0000 0.0000 0.0000],0.8577330708503723,0.6629148171487,0.24001538753509521,0.7599846124649048,0.13647370025145808,None
271,0.9857860803604126,0.8724523782730103,1.9431443214416504,1.489809513092041,[0.0231 0.0242 0.0392 0.0832 0.1000 0.1000 0.1000],[0.7694 0.7577 0.6077 0.1678 0.0000 0.0000 0.0000],0.8582384586334229,0.6633492877069731,0.2306155115365982,0.7693844884634018,0.13129214817399965,None
271,0.9858901500701904,0.8728305101394653,1.9435606002807617,1.4913220405578613,[0.0221 0.0231 0.0377 0.0807 0.1000 0.1000 0.1000],[0.7788 0.7686 0.6226 0.1933 0.0000 0.0000 0.0000],0.8587206602096558,0.6637565763754998,0.22122211754322052,0.7787778824567795,0.1260925111791279,None
271,0.9859894514083862,0.873179018497467,1.943957805633545,1.4927160739898682,[0.0212 0.0221 0.0363 0.0782 0.1000 0.1000 0.1000],[0.7880 0.7792 0.6369 0.2176 0.0000 0.0000 0.0000],0.8591684699058533,0.6641273561140784,0.2120080590248108,0.7879919409751892,0.12097122274520407,None
271,0.9860880970954895,0.8735071420669556,1.944352388381958,1.4940285682678223,[0.0203 0.0210 0.0349 0.0759 0.1000 0.1000 0.1000],[0.7975 0.7899 0.6510 0.2405 0.0000 0.0000 0.0000],0.8595952391624451,0.6644691444463953,0.2025379054248333,0.7974620945751667,0.11568448952270843,None
271,0.9861866235733032,0.8738267421722412,1.944746494293213,1.4953069686889648,[0.0193 0.0199 0.0335 0.0736 0.1000 0.1000 0.1000],[0.8071 0.8007 0.6653 0.2640 0.0000 0.0000 0.0000],0.8600133657455444,0.6647987449291665,0.19289463758468628,0.8071053624153137,0.1102847711253402,None
271,0.9862836599349976,0.8741347789764404,1.9451346397399902,1.4965391159057617,[0.0183 0.0188 0.0320 0.0712 0.1000 0.1000 0.1000],[0.8168 0.8117 0.6799 0.2880 0.0000 0.0000 0.0000],0.860418438911438,0.6651136297808506,0.18324367702007294,0.8167563229799271,0.10486596419726274,None
271,0.98637855052948,0.874423086643219,1.94551420211792,1.497692346572876,[0.0174 0.0177 0.0306 0.0689 0.1000 0.1000 0.1000],[0.8265 0.8226 0.6941 0.3109 0.0000 0.0000 0.0000],0.860801637172699,0.6654025345489584,0.17354153096675873,0.8264584690332413,0.0994010471492371,None
271,0.9864720106124878,0.874700129032135,1.9458880424499512,1.49880051612854,[0.0164 0.0166 0.0292 0.0666 0.1000 0.1000 0.1000],[0.8362 0.8335 0.7084 0.3340 0.0000 0.0000 0.0000],0.8611721396446228,0.6656769801818117,0.16378561034798622,0.8362143896520138,0.0938921434296827,None
271,0.9865630865097046,0.8749633431434631,1.9462523460388184,1.4998533725738525,[0.0154 0.0156 0.0277 0.0643 0.1000 0.1000 0.1000],[0.8459 0.8444 0.7227 0.3570 0.0000 0.0000 0.0000],0.8615264296531677,0.6659345223369504,0.154114393517375,0.845885606482625,0.0884185393480927,None
271,0.9866618514060974,0.8752403259277344,1.9466474056243896,1.5009613037109375,[0.0143 0.0144 0.0262 0.0618 0.1000 0.1000 0.1000],[0.8566 0.8565 0.7384 0.3825 0.0000 0.0000 0.0000],0.8619021773338318,0.6662013698674558,0.1434202492237091,0.8565797507762909,0.08235196608318394,None
271,0.9867420792579651,0.8754581212997437,1.9469683170318604,1.5018324851989746,[0.0135 0.0134 0.0249 0.0597 0.1000 0.1000 0.1000],[0.8655 0.8664 0.7514 0.4032 0.0000 0.0000 0.0000],0.8622002005577087,0.6664074971492593,0.13356695882976055,0.8664330411702394,0.07674445945426234,None
271,0.9868237972259521,0.8756747841835022,1.9472951889038086,1.5026991367340088,[0.0125 0.0123 0.0235 0.0575 0.1000 0.1000 0.1000],[0.8747 0.8768 0.7649 0.4248 0.0000 0.0000 0.0000],0.8624985814094543,0.6666098186172095,0.12321935035288334,0.8767806496471167,0.0708449683084635,None
271,0.986906111240387,0.8758869767189026,1.9476244449615479,1.5035479068756104,[0.0116 0.0113 0.0221 0.0553 0.1000 0.1000 0.1000],[0.8841 0.8874 0.7787 0.4469 0.0000 0.0000 0.0000],0.8627930879592896,0.6668046601143942,0.11261662468314171,0.8873833753168583,0.06478997168929009,None
271,0.9869866967201233,0.8760883212089539,1.9479467868804932,1.5043532848358154,[0.0106 0.0102 0.0208 0.0532 0.1000 0.1000 0.1000],[0.8936 0.8979 0.7924 0.4685 0.0000 0.0000 0.0000],0.8630750179290771,0.6669859229534442,0.10205591097474098,0.897944089025259,0.05874939216548504,None
271,0.9870665669441223,0.8762833476066589,1.9482662677764893,1.5051333904266357,[0.0097 0.0091 0.0194 0.0509 0.1000 0.1000 0.1000],[0.9031 0.9086 0.8062 0.4905 0.0000 0.0000 0.0000],0.8633499145507812,0.6671588677199536,0.091378353536129,0.908621646463871,0.05263315962110835,None
271,0.9871473908424377,0.8764746189117432,1.948589563369751,1.5058984756469727,[0.0087 0.0080 0.0180 0.0487 0.1000 0.1000 0.1000],[0.9129 0.9196 0.8205 0.5129 0.0000 0.0000 0.0000],0.8636220097541809,0.6673248251962666,0.08038538508117199,0.919614614918828,0.04632741628076342,None
271,0.9857667684555054,0.8746125102043152,1.9430670738220215,1.4984500408172607,[0.0279 0.0271 0.0166 0.0465 0.1000 0.1000 0.1000],[0.7207 0.7287 0.8343 0.5346 0.0000 0.0000 0.0000],0.8603792786598206,0.6666019522384838,0.1657005026936531,0.8342994973063469,0.09503429329024862,None
271,0.985866367816925,0.8748723864555359,1.9434654712677002,1.4994895458221436,[0.0270 0.0260 0.0152 0.0443 0.1000 0.1000 0.1000],[0.7304 0.7398 0.8485 0.5568 0.0000 0.0000 0.0000],0.8607387542724609,0.6668424076185728,0.15151584520936012,0.8484841547906399,0.08696662592666193,None
