275,0.9025353193283081,0.8181360960006714,1.6101412773132324,1.2725443840026855,[0.1000 0.1000 0.1000 0.1000 0.1000 0.1000 0.1000],[0.0000 0.0000 0.0000 0.0000 0.0000 0.0000 0.0000],0.7206714153289795,0.7094845557846594,1.0,0.0,0.5113052389713828,None
275,0.9025353193283081,0.8181360960006714,1.6101412773132324,1.2725443840026855,[0.1000 0.1000 0.1000 0.1000 0.1000 0.1000 0.1000],[0.0000 0.0000 0.0000 0.0000 0.0000 0.0000 0.0000],0.7206714153289795,0.7094845557846594,1.0,0.0,0.5113052389713828,None
275,0.9025353193283081,0.8181360960006714,1.6101412773132324,1.2725443840026855,[0.1000 0.1000 0.1000 0.1000 0.1000 0.1000 0.1000],[0.0000 0.0000 0.0000 0.0000 0.0000 0.0000 0.0000],0.7206714153289795,0.7094845557846594,1.0,0.0,0.5113052389713828,None
275,0.9025353193283081,0.8181360960006714,1.6101412773132324,1.2725443840026855,[0.1000 0.1000 0.1000 0.1000 0.1000 0.1000 0.1000],[0.0000 0.0000 0.0000 0.0000 0.0000 0.0000 0.0000],0.7206714153289795,0.7094845557846594,1.0,0.0,0.5113052389713828,None
275,0.9025353193283081,0.8181360960006714,1.6101412773132324,1.2725443840026855,[0.1000 0.1000 0.1000 0.1000 0.1000 0.1000 0.1000],[0.0000 0.0000 0.0000 0.0000 0.0000 0.0000 0.0000],0.7206714153289795,0.7094845557846594,1.0,0.0,0.5113052389713828,None
275,0.9025353193283081,0.8181360960006714,1.6101412773132324,1.2725443840026855,[0.1000 0.1000 0.1000 0.1000 0.1000 0.1000 0.1000],[0.0000 0.0000 0.0000 0.0000 0.0000 0.0000 0.0000],0.7206714153289795,0.7094845557846594,1.0,0.0,0.5113052389713828,None
275,0.9025353193283081,0.8181360960006714,1.6101412773132324,1.2725443840026855,[0.1000 0.1000 0.1000 0.1000 0.1000 0.1000 0.1000],[0.0000 0.0000 0.0000 0.0000 0.0000 0.0000 0.0000],0.7206714153289795,0.7094845557846594,1.0,0.0,0.5113052389713828,None
275,0.9025353193283081,0.8181360960006714,1.6101412773132324,1.2725443840026855,[0.1000 0.1000 0.1000 0.1000 0.1000 0.1000 0.1000],[0.0000 0.0000 0.0000 0.0000 0.0000 0.0000 0.0000],0.7206714153289795,0.7094845557846594,1.0,0.0,0.5113052389713828,None
275,0.9025353193283081,0.8181360960006714,1.6101412773132324,1.2725443840026855,[0.1000 0.1000 0.1000 0.1000 0.1000 0.1000 0.1000],[0.0000 0.0000 0.0000 0.0000 0.0000 0.0000 0.0000],0.7206714153289795,0.7094845557846594,1.0,0.0,0.5113052389713828,None
275,0.9025353193283081,0.8181360960006714,1.6101412773132324,1.2725443840026855,[0.1000 0.1000 0.1000 0.1000 0.1000 0.1000 0.1000],[0.0000 0.0000 0.0000 0.0000 0.0000 0.0000 0.0000],0.7206714153289795,0.7094845557846594,1.0,0.0,0.5113052389713828,None
275,0.9025353193283081,0.8181360960006714,1.6101412773132324,1.2725443840026855,[0.1000 0.1000 0.1000 0.1000 0.1000 0.1000 0.1000],[0.0000 0.0000 0.0000 0.0000 0.0000 0.0000 0.0000],0.7206714153289795,0.7094845557846594,1.0,0.0,0.5113052389713828,None
275,0.9025353193283081,0.8181360960006714,1.6101412773132324,1.2725443840026855,[0.1000 0.1000 0.1000 0.1000 0.1000 0.1000 0.1000],[0.0000 0.0000 0.0000 0.0000 0.0000 0.0000 0.0000],0.7206714153289795,0.7094845557846594,1.0,0.0,0.5113052389713828,None
275,0.9025353193283081,0.8181360960006714,1.6101412773132324,1.2725443840026855,[0.1000 0.1000 0.1000 0.1000 0.1000 0.1000 0.1000],[0.0000 0.0000 0.0000 0.0000 0.0000 0.0000 0.0000],0.7206714153289795,0.7094845557846594,1.0,0.0,0.5113052389713828,None
275,0.9025353193283081,0.8181360960006714,1.6101412773132324,1.2725443840026855,[0.1000 0.1000 0.1000 0.1000 0.1000 0.1000 0.1000],[0.0000 0.0000 0.0000 0.0000 0.0000 0.0000 0.0000],0.7206714153289795,0.7094845557846594,1.0,0.0,0.5113052389713828,None
275,0.9025353193283081,0.8181360960006714,1.6101412773132324,1.2725443840026855,[0.1000 0.1000 0.1000 0.1000 0.1000 0.1000 0.1000],[0.0000 0.0000 0.0000 0.0000 0.0000 0.0000 0.0000],0.7206714153289795,0.7094845557846594,1.0,0.0,0.5113052389713828,None
275,0.9025353193283081,0.8181360960006714,1.6101412773132324,1.2725443840026855,[0.1000 0.1000 0.1000 0.1000 0.1000 0.1000 0.1000],[0.0000 0.0000 0.0000 0.0000 0.0000 0.0000 0.0000],0.7206714153289795,0.7094845557846594,1.0,0.0,0.5113052389713828,None
275,0.9025353193283081,0.8181360960006714,1.6101412773132324,1.2725443840026855,[0.1000 0.1000 0.1000 0.1000 0.1000 0.1000 0.1000],[0.0000 0.0000 0.0000 0.0000 0.0000 0.0000 0.0000],0.7206714153289795,0.7094845557846594,1.0,0.0,0.5113052389713828,None
275,0.9025353193283081,0.8181360960006714,1.6101412773132324,1.2725443840026855,[0.1000 0.1000 0.1000 0.1000 0.1000 0.1000 0.1000],[0.0000 0.0000 0.0000 0.0000 0.0000 0.0000 0.0000],0.7206714153289795,0.7094845557846594,1.0,0.0,0.5113052389713828,None
275,0.9025353193283081,0.8181360960006714,1.6101412773132324,1.2725443840026855,[0.1000 0.1000 0.1000 0.1000 0.1000 0.1000 0.1000],[0.0000 0.0000 0.0000 0.0000 0.0000 0.0000 0.0000],0.7206714153289795,0.7094845557846594,1.0,0.0,0.5113052389713828,None
275,0.9025353193283081,0.8181360960006714,1.6101412773132324,1.2725443840026855,[0.1000 0.1000 0.1000 0.1000 0.1000 0.1000 0.1000],[0.0000 0.0000 0.0000 0.0000 0.0000 0.0000 0.0000],0.7206714153289795,0.7094845557846594,1.0,0.0,0.5113052389713828,None
275,0.9025353193283081,0.8181360960006714,1.6101412773132324,1.2725443840026855,[0.1000 0.1000 0.1000 0.1000 0.1000 0.1000 0.1000],[0.0000 0.0000 0.0000 0.0000 0.0000 0.0000 0.0000],0.7206714153289795,0.7094845557846594,1.0,0.0,0.5113052389713828,None
275,0.9025353193283081,0.8181360960006714,1.6101412773132324,1.2725443840026855,[0.1000 0.1000 0.1000 0.1000 0.1000 0.1000 0.1000],[0.0000 0.0000 0.0000 0.0000 0.0000 0.0000 0.0000],0.7206714153289795,0.7094845557846594,1.0,0.0,0.5113052389713828,None
275,0.9025353193283081,0.8181360960006714,1.6101412773132324,1.2725443840026855,[0.1000 0.1000 0.1000 0.1000 0.1000 0.1000 0.1000],[0.0000 0.0000 0.0000 0.0000 0.0000 0.0000 0.0000],0.7206714153289795,0.7094845557846594,1.0,0.0,0.5113052389713828,None
275,0.9025353193283081,0.8181360960006714,1.6101412773132324,1.2725443840026855,[0.1000 0.1000 0.1000 0.1000 0.1000 0.1000 0.1000],[0.0000 0.0000 0.0000 0.0000 0.0000 0.0000 0.0000],0.7206714153289795,0.7094845557846594,1.0,0.0,0.5113052389713828,None
275,0.9025353193283081,0.8181360960006714,1.6101412773132324,1.2725443840026855,[0.1000 0.1000 0.1000 0.1000 0.1000 0.1000 0.1000],[0.0000 0.0000 0.0000 0.0000 0.0000 0.0000 0.0000],0.7206714153289795,0.7094845557846594,1.0,0.0,0.5113052389713828,None
275,0.9025353193283081,0.8181360960006714,1.6101412773132324,1.2725443840026855,[0.1000 0.1000 0.1000 0.1000 0.1000 0.1000 0.1000],[0.0000 0.0000 0.0000 0.0000 0.0000 0.0000 0.0000],0.7206714153289795,0.7094845557846594,1.0,0.0,0.5113052389713828,None
275,0.9025353193283081,0.8181360960006714,1.6101412773132324,1.2725443840026855,[0.1000 0.1000 0.1000 0.1000 0.1000 0.1000 0.1000],[0.0000 0.0000 0.0000 0.0000 0.0000 0.0000 0.0000],0.7206714153289795,0.7094845557846594,1.0,0.0,0.5113052389713828,None
275,0.9025353193283081,0.8181360960006714,1.6101412773132324,1.2725443840026855,[0.1000 0.1000 0.1000 0.1000 0.1000 0.1000 0.1000],[0.0000 0.0000 0.0000 0.0000 0.0000 0.0000 0.0000],0.7206714153289795,0.7094845557846594,1.0,0.0,0.5113052389713828,None
275,0.9025353193283081,0.8181360960006714,1.6101412773132324,1.2725443840026855,[0.1000 0.1000 0.1000 0.1000 0.1000 0.1000 0.1000],[0.0000 0.0000 0.0000 0.0000 0.0000 0.0000 0.0000],0.7206714153289795,0.7094845557846594,1.0,0.0,0.5113052389713828,None
275,0.9025353193283081,0.8181360960006714,1.6101412773132324,1.2725443840026855,[0.1000 0.1000 0.1000 0.1000 0.1000 0.1000 0.1000],[0.0000 0.0000 0.0000 0.0000 0.0000 0.0000 0.0000],0.7206714153289795,0.7094845557846594,1.0,0.0,0.5113052389713828,None
275,0.9025353193283081,0.8181360960006714,1.6101412773132324,1.2725443840026855,[0.1000 0.1000 0.1000 0.1000 0.1000 0.1000 0.1000],[0.0000 0.0000 0.0000 0.0000 0.0000 0.0000 0.0000],0.7206714153289795,0.7094845557846594,1.0,0.0,0.5113052389713828,None
275,0.9025353193283081,0.8181360960006714,1.6101412773132324,1.2725443840026855,[0.1000 0.1000 0.1000 0.1000 0.1000 0.1000 0.1000],[0.0000 0.0000 0.0000 0.0000 0.0000 0.0000 0.0000],0.7206714153289795,0.7094845557846594,1.0,0.0,0.5113052389713828,None
275,0.9025353193283081,0.8181360960006714,1.6101412773132324,1.2725443840026855,[0.1000 0.1000 0.1000 0.1000 0.1000 0.1000 0.1000],[0.0000 0.0000 0.0000 0.0000 0.0000 0.0000 0.0000],0.7206714153289795,0.7094845557846594,1.0,0.0,0.5113052389713828,None
275,0.9025353193283081,0.8181360960006714,1.6101412773132324,1.2725443840026855,[0.1000 0.1000 0.1000 0.1000 0.1000 0.1000 0.1000],[0.0000 0.0000 0.0000 0.0000 0.0000 0.0000 0.0000],0.7206714153289795,0.7094845557846594,1.0,0.0,0.5113052389713828,None
275,0.9025353193283081,0.8181360960006714,1.6101412773132324,1.2725443840026855,[0.1000 0.1000 0.1000 0.1000 0.1000 0.1000 0.1000],[0.0000 0.0000 0.0000 0.0000 0.0000 0.0000 0.0000],0.7206714153289795,0.7094845557846594,1.0,0.0,0.5113052389713828,None
275,0.9025353193283081,0.8181360960006714,1.6101412773132324,1.2725443840026855,[0.1000 0.1000 0.1000 0.1000 0.1000 0.1000 0.1000],[0.0000 0.0000 0.0000 0.0000 0.0000 0.0000 0.0000],0.7206714153289795,0.7094845557846594,1.0,0.0,0.5113052389713828,None
275,0.9025353193283081,0.8181360960006714,1.6101412773132324,1.2725443840026855,[0.1000 0.1000 0.1000 0.1000 0.1000 0.1000 0.1000],[0.0000 0.0000 0.0000 0.0000 0.0000 0.0000 0.0000],0.7206714153289795,0.7094845557846594,1.0,0.0,0.5113052389713828,None
275,0.9025353193283081,0.8181360960006714,1.6101412773132324,1.2725443840026855,[0.1000 0.1000 0.1000 0.1000 0.1000 0.1000 0.1000],[0.0000 0.0000 0.0000 0.0000 0.0000 0.0000 0.0000],0.7206714153289795,0.7094845557846594,1.0,0.0,0.5113052389713828,None
275,0.9025353193283081,0.8181360960006714,1.6101412773132324,1.2725443840026855,[0.1000 0.1000 0.1000 0.1000 0.1000 0.1000 0.1000],[0.0000 0.0000 0.0000 0.0000 0.0000 0.0000 0.0000],0.7206714153289795,0.7094845557846594,1.0,0.0,0.5113052389713828,None
275,0.9025353193283081,0.8181360960006714,1.6101412773132324,1.2725443840026855,[0.1000 0.1000 0.1000 0.1000 0.1000 0.1000 0.1000],[0.0000 0.0000 0.0000 0.0000 0.0000 0.0000 0.0000],0.7206714153289795,0.7094845557846594,1.0,0.0,0.5113052389713828,None
275,0.9025353193283081,0.8181360960006714,1.6101412773132324,1.2725443840026855,[0.1000 0.1000 0.1000 0.1000 0.1000 0.1000 0.1000],[0.0000 0.0000 0.0000 0.0000 0.0000 0.0000 0.0000],0.7206714153289795,0.7094845557846594,1.0,0.0,0.5113052389713828,None
275,0.9025353193283081,0.8181360960006714,1.6101412773132324,1.2725443840026855,[0.1000 0.1000 0.1000 0.1000 0.1000 0.1000 0.1000],[0.0000 0.0000 0.0000 0.0000 0.0000 0.0000 0.0000],0.7206714153289795,0.7094845557846594,1.0,0.0,0.5113052389713828,None
275,0.9025353193283081,0.8181360960006714,1.6101412773132324,1.2725443840026855,[0.1000 0.1000 0.1000 0.1000 0.1000 0.1000 0.1000],[0.0000 0.0000 0.0000 0.0000 0.0000 0.0000 0.0000],0.7206714153289795,0.7094845557846594,1.0,0.0,0.5113052389713828,None
275,0.9025353193283081,0.8181360960006714,1.6101412773132324,1.2725443840026855,[0.1000 0.1000 0.1000 0.1000 0.1000 0.1000 0.1000],[0.0000 0.0000 0.0000 0.0000 0.0000 0.0000 0.0000],0.7206714153289795,0.7094845557846594,1.0,0.0,0.5113052389713828,None
275,0.9025353193283081,0.8181360960006714,1.6101412773132324,1.2725443840026855,[0.1000 0.1000 0.1000 0.1000 0.1000 0.1000 0.1000],[0.0000 0.0000 0.0000 0.0000 0.0000 0.0000 0.0000],0.7206714153289795,0.7094845557846594,1.0,0.0,0.5113052389713828,None
275,0.9025353193283081,0.8181360960006714,1.6101412773132324,1.2725443840026855,[0.1000 0.1000 0.1000 0.1000 0.1000 0.1000 0.1000],[0.0000 0.0000 0.0000 0.0000 0.0000 0.0000 0.0000],0.7206714153289795,0.7094845557846594,1.0,0.0,0.5113052389713828,None
275,0.9025353193283081,0.8181360960006714,1.6101412773132324,1.2725443840026855,[0.1000 0.1000 0.1000 0.1000 0.1000 0.1000 0.1000],[0.0000 0.0000 0.0000 0.0000 0.0000 0.0000 0.0000],0.7206714153289795,0.7094845557846594,1.0,0.0,0.5113052389713828,None
275,0.9025353193283081,0.8181360960006714,1.6101412773132324,1.2725443840026855,[0.1000 0.1000 0.1000 0.1000 0.1000 0.1000 0.1000],[0.0000 0.0000 0.0000 0.0000 0.0000 0.0000 0.0000],0.7206714153289795,0.7094845557846594,1.0,0.0,0.5113052389713828,None
275,0.9025353193283081,0.8181360960006714,1.6101412773132324,1.2725443840026855,[0.1000 0.1000 0.1000 0.1000 0.1000 0.1000 0.1000],[0.0000 0.0000 0.0000 0.0000 0.0000 0.0000 0.0000],0.7206714153289795,0.7094845557846594,1.0,0.0,0.5113052389713828,None
275,0.9025353193283081,0.8181360960006714,1.6101412773132324,1.2725443840026855,[0.1000 0.1000 0.1000 0.1000 0.1000 0.1000 0.1000],[0.0000 0.0000 0.0000 0.0000 0.0000 0.0000 0.0000],0.7206714153289795,0.7094845557846594,1.0,0.0,0.5113052389713828,None
275,0.9025353193283081,0.8181360960006714,1.6101412773132324,1.2725443840026855,[0.1000 0.1000 0.1000 0.1000 0.1000 0.1000 0.1000],[0.0000 0.0000 0.0000 0.0000 0.0000 0.0000 0.0000],0.7206714153289795,0.7094845557846594,1.0,0.0,0.5113052389713828,None
275,0.9025353193283081,0.8181360960006714,1.6101412773132324,1.2725443840026855,[0.1000 0.1000 0.1000 0.1000 0.1000 0.1000 0.1000],[0.0000 0.0000 0.0000 0.0000 0.0000 0.0000 0.0000],0.7206714153289795,0.7094845557846594,1.0,0.0,0.5113052389713828,None
275,0.9025353193283081,0.8181360960006714,1.6101412773132324,1.2725443840026855,[0.1000 0.1000 0.1000 0.1000 0.1000 0.1000 0.1000],[0.0000 0.0000 0.0000 0.0000 0.0000 0.0000 0.0000],0.7206714153289795,0.7094845557846594,1.0,0.0,0.5113052389713828,None
275,0.9025353193283081,0.8181360960006714,1.6101412773132324,1.2725443840026855,[0.1000 0.1000 0.1000 0.1000 0.1000 0.1000 0.1000],[0.0000 0.0000 0.0000 0.0000 0.0000 0.0000 0.0000],0.7206714153289795,0.7094845557846594,1.0,0.0,0.5113052389713828,None
275,0.9025353193283081,0.8181360960006714,1.6101412773132324,1.2725443840026855,[0.1000 0.1000 0.1000 0.1000 0.1000 0.1000 0.1000],[0.0000 0.0000 0.0000 0.0000 0.0000 0.0000 0.0000],0.7206714153289795,0.7094845557846594,1.0,0.0,0.5113052389713828,None
275,0.9025353193283081,0.8181360960006714,1.6101412773132324,1.2725443840026855,[0.1000 0.1000 0.1000 0.1000 0.1000 0.1000 0.1000],[0.0000 0.0000 0.0000 0.0000 0.0000 0.0000 0.0000],0.7206714153289795,0.7094845557846594,1.0,0.0,0.5113052389713828,None
275,0.9025353193283081,0.8181360960006714,1.6101412773132324,1.2725443840026855,[0.1000 0.1000 0.1000 0.1000 0.1000 0.1000 0.1000],[0.0000 0.0000 0.0000 0.0000 0.0000 0.0000 0.0000],0.7206714153289795,0.7094845557846594,1.0,0.0,0.5113052389713828,None
275,0.9025353193283081,0.8181360960006714,1.6101412773132324,1.2725443840026855,[0.1000 0.1000 0.1000 0.1000 0.1000 0.1000 0.1000],[0.0000 0.0000 0.0000 0.0000 0.0000 0.0000 0.0000],0.7206714153289795,0.7094845557846594,1.0,0.0,0.5113052389713828,None
275,0.9025353193283081,0.8181360960006714,1.6101412773132324,1.2725443840026855,[0.1000 0.1000 0.1000 0.1000 0.1000 0.1000 0.1000],[0.0000 0.0000 0.0000 0.0000 0.0000 0.0000 0.0000],0.7206714153289795,0.7094845557846594,1.0,0.0,0.5113052389713828,None
275,0.9025353193283081,0.8181360960006714,1.6101412773132324,1.2725443840026855,[0.1000 0.1000 0.1000 0.1000 0.1000 0.1000 0.1000],[0.0000 0.0000 0.0000 0.0000 0.0000 0.0000 0.0000],0.7206714153289795,0.7094845557846594,1.0,0.0,0.5113052389713828,None
275,0.9025353193283081,0.8181360960006714,1.6101412773132324,1.2725443840026855,[0.1000 0.1000 0.1000 0.1000 0.1000 0.1000 0.1000],[0.0000 0.0000 0.0000 0.0000 0.0000 0.0000 0.0000],0.7206714153289795,0.7094845557846594,1.0,0.0,0.5113052389713828,None
275,0.9025353193283081,0.8181360960006714,1.6101412773132324,1.2725443840026855,[0.1000 0.1000 0.1000 0.1000 0.1000 0.1000 0.1000],[0.0000 0.0000 0.0000 0.0000 0.0000 0.0000 0.0000],0.7206714153289795,0.7094845557846594,1.0,0.0,0.5113052389713828,None
275,0.9025353193283081,0.8181360960006714,1.6101412773132324,1.2725443840026855,[0.1000 0.1000 0.1000 0.1000 0.1000 0.1000 0.1000],[0.0000 0.0000 0.0000 0.0000 0.0000 0.0000 0.0000],0.7206714153289795,0.7094845557846594,1.0,0.0,0.5113052389713828,None
275,0.9025353193283081,0.8181360960006714,1.6101412773132324,1.2725443840026855,[0.1000 0.1000 0.1000 0.1000 0.1000 0.1000 0.1000],[0.0000 0.0000 0.0000 0.0000 0.0000 0.0000 0.0000],0.7206714153289795,0.7094845557846594,1.0,0.0,0.5113052389713828,None
275,0.9025353193283081,0.8181360960006714,1.6101412773132324,1.2725443840026855,[0.1000 0.1000 0.1000 0.1000 0.1000 0.1000 0.1000],[0.0000 0.0000 0.0000 0.0000 0.0000 0.0000 0.0000],0.7206714153289795,0.7094845557846594,1.0,0.0,0.5113052389713828,None
275,0.9025353193283081,0.8181360960006714,1.6101412773132324,1.2725443840026855,[0.1000 0.1000 0.1000 0.1000 0.1000 0.1000 0.1000],[0.0000 0.0000 0.0000 0.0000 0.0000 0.0000 0.0000],0.7206714153289795,0.7094845557846594,1.0,0.0,0.5113052389713828,None
275,0.9025353193283081,0.8181360960006714,1.6101412773132324,1.2725443840026855,[0.1000 0.1000 0.1000 0.1000 0.1000 0.1000 0.1000],[0.0000 0.0000 0.0000 0.0000 0.0000 0.0000 0.0000],0.7206714153289795,0.7094845557846594,1.0,0.0,0.5113052389713828,None
275,0.9025353193283081,0.8181360960006714,1.6101412773132324,1.2725443840026855,[0.1000 0.1000 0.1000 0.1000 0.1000 0.1000 0.1000],[0.0000 0.0000 0.0000 0.0000 0.0000 0.0000 0.0000],0.7206714153289795,0.7094845557846594,1.0,0.0,0.5113052389713828,None
275,0.9025353193283081,0.8181360960006714,1.6101412773132324,1.2725443840026855,[0.1000 0.1000 0.1000 0.1000 0.1000 0.1000 0.1000],[0.0000 0.0000 0.0000 0.0000 0.0000 0.0000 0.0000],0.7206714153289795,0.7094845557846594,1.0,0.0,0.5113052389713828,None
275,0.9025353193283081,0.8181360960006714,1.6101412773132324,1.2725443840026855,[0.1000 0.1000 0.1000 0.1000 0.1000 0.1000 0.1000],[0.0000 0.0000 0.0000 0.0000 0.0000 0.0000 0.0000],0.7206714153289795,0.7094845557846594,1.0,0.0,0.5113052389713828,None
275,0.9025353193283081,0.8181360960006714,1.6101412773132324,1.2725443840026855,[0.1000 0.1000 0.1000 0.1000 0.1000 0.1000 0.1000],[0.0000 0.0000 0.0000 0.0000 0.0000 0.0000 0.0000],0.7206714153289795,0.7094845557846594,1.0,0.0,0.5113052389713828,None
275,0.9025353193283081,0.8181360960006714,1.6101412773132324,1.2725443840026855,[0.1000 0.1000 0.1000 0.1000 0.1000 0.1000 0.1000],[0.0000 0.0000 0.0000 0.0000 0.0000 0.0000 0.0000],0.7206714153289795,0.7094845557846594,1.0,0.0,0.5113052389713828,None
275,0.9025353193283081,0.8181360960006714,1.6101412773132324,1.2725443840026855,[0.1000 0.1000 0.1000 0.1000 0.1000 0.1000 0.1000],[0.0000 0.0000 0.0000 0.0000 0.0000 0.0000 0.0000],0.7206714153289795,0.7094845557846594,1.0,0.0,0.5113052389713828,None
275,0.9025353193283081,0.8181360960006714,1.6101412773132324,1.2725443840026855,[0.1000 0.1000 0.1000 0.1000 0.1000 0.1000 0.1000],[0.0000 0.0000 0.0000 0.0000 0.0000 0.0000 0.0000],0.7206714153289795,0.7094845557846594,1.0,0.0,0.5113052389713828,None
275,0.9025353193283081,0.8181360960006714,1.6101412773132324,1.2725443840026855,[0.1000 0.1000 0.1000 0.1000 0.1000 0.1000 0.1000],[0.0000 0.0000 0.0000 0.0000 0.0000 0.0000 0.0000],0.7206714153289795,0.7094845557846594,1.0,0.0,0.5113052389713828,None
275,0.9025353193283081,0.8181360960006714,1.6101412773132324,1.2725443840026855,[0.1000 0.1000 0.1000 0.1000 0.1000 0.1000 0.1000],[0.0000 0.0000 0.0000 0.0000 0.0000 0.0000 0.0000],0.7206714153289795,0.7094845557846594,1.0,0.0,0.5113052389713828,None
275,0.9025353193283081,0.8181360960006714,1.6101412773132324,1.2725443840026855,[0.1000 0.1000 0.1000 0.1000 0.1000 0.1000 0.1000],[0.0000 0.0000 0.0000 0.0000 0.0000 0.0000 0.0000],0.7206714153289795,0.7094845557846594,1.0,0.0,0.5113052389713828,None
275,0.9025353193283081,0.8181360960006714,1.6101412773132324,1.2725443840026855,[0.1000 0.1000 0.1000 0.1000 0.1000 0.1000 0.1000],[0.0000 0.0000 0.0000 0.0000 0.0000 0.0000 0.0000],0.7206714153289795,0.7094845557846594,1.0,0.0,0.5113052389713828,None
275,0.9025353193283081,0.8181360960006714,1.6101412773132324,1.2725443840026855,[0.1000 0.1000 0.1000 0.1000 0.1000 0.1000 0.1000],[0.0000 0.0000 0.0000 0.0000 0.0000 0.0000 0.0000],0.7206714153289795,0.7094845557846594,1.0,0.0,0.5113052389713828,None
275,0.9025353193283081,0.8181360960006714,1.6101412773132324,1.2725443840026855,[0.1000 0.1000 0.1000 0.1000 0.1000 0.1000 0.1000],[0.0000 0.0000 0.0000 0.0000 0.0000 0.0000 0.0000],0.7206714153289795,0.7094845557846594,1.0,0.0,0.5113052389713828,None
275,0.9025353193283081,0.8181360960006714,1.6101412773132324,1.2725443840026855,[0.1000 0.1000 0.1000 0.1000 0.1000 0.1000 0.1000],[0.0000 0.0000 0.0000 0.0000 0.0000 0.0000 0.0000],0.7206714153289795,0.7094845557846594,1.0,0.0,0.5113052389713828,None
275,0.9025353193283081,0.8181360960006714,1.6101412773132324,1.2725443840026855,[0.1000 0.1000 0.1000 0.1000 0.1000 0.1000 0.1000],[0.0000 0.0000 0.0000 0.0000 0.0000 0.0000 0.0000],0.7206714153289795,0.7094845557846594,1.0,0.0,0.5113052389713828,None
275,0.9025353193283081,0.8181360960006714,1.6101412773132324,1.2725443840026855,[0.1000 0.1000 0.1000 0.1000 0.1000 0.1000 0.1000],[0.0000 0.0000 0.0000 0.0000 0.0000 0.0000 0.0000],0.7206714153289795,0.7094845557846594,1.0,0.0,0.5113052389713828,None
275,0.9025353193283081,0.8181360960006714,1.6101412773132324,1.2725443840026855,[0.1000 0.1000 0.1000 0.1000 0.1000 0.1000 0.1000],[0.0000 0.0000 0.0000 0.0000 0.0000 0.0000 0.0000],0.7206714153289795,0.7094845557846594,1.0,0.0,0.5113052389713828,None
275,0.9025353193283081,0.8181360960006714,1.6101412773132324,1.2725443840026855,[0.1000 0.1000 0.1000 0.1000 0.1000 0.1000 0.1000],[0.0000 0.0000 0.0000 0.0000 0.0000 0.0000 0.0000],0.7206714153289795,0.7094845557846594,1.0,0.0,0.5113052389713828,None
275,0.9025353193283081,0.8181360960006714,1.6101412773132324,1.2725443840026855,[0.1000 0.1000 0.1000 0.1000 0.1000 0.1000 0.1000],[0.0000 0.0000 0.0000 0.0000 0.0000 0.0000 0.0000],0.7206714153289795,0.7094845557846594,1.0,0.0,0.5113052389713828,None
275,0.9025353193283081,0.8181360960006714,1.6101412773132324,1.2725443840026855,[0.1000 0.1000 0.1000 0.1000 0.1000 0.1000 0.1000],[0.0000 0.0000 0.0000 0.0000 0.0000 0.0000 0.0000],0.7206714153289795,0.7094845557846594,1.0,0.0,0.5113052389713828,None
275,0.9025353193283081,0.8181360960006714,1.6101412773132324,1.2725443840026855,[0.1000 0.1000 0.1000 0.1000 0.1000 0.1000 0.1000],[0.0000 0.0000 0.0000 0.0000 0.0000 0.0000 0.0000],0.7206714153289795,0.7094845557846594,1.0,0.0,0.5113052389713828,None
275,0.9025353193283081,0.8181360960006714,1.6101412773132324,1.2725443840026855,[0.1000 0.1000 0.1000 0.1000 0.1000 0.1000 0.1000],[0.0000 0.0000 0.0000 0.0000 0.0000 0.0000 0.0000],0.7206714153289795,0.7094845557846594,1.0,0.0,0.5113052389713828,None
275,0.9025353193283081,0.8181360960006714,1.6101412773132324,1.2725443840026855,[0.1000 0.1000 0.1000 0.1000 0.1000 0.1000 0.1000],[0.0000 0.0000 0.0000 0.0000 0.0000 0.0000 0.0000],0.7206714153289795,0.7094845557846594,1.0,0.0,0.5113052389713828,None
275,0.9025353193283081,0.8181360960006714,1.6101412773132324,1.2725443840026855,[0.1000 0.1000 0.1000 0.1000 0.1000 0.1000 0.1000],[0.0000 0.0000 0.0000 0.0000 0.0000 0.0000 0.0000],0.7206714153289795,0.7094845557846594,1.0,0.0,0.5113052389713828,None
275,0.9025353193283081,0.8181360960006714,1.6101412773132324,1.2725443840026855,[0.1000 0.1000 0.1000 0.1000 0.1000 0.1000 0.1000],[0.0000 0.0000 0.0000 0.0000 0.0000 0.0000 0.0000],0.7206714153289795,0.7094845557846594,1.0,0.0,0.5113052389713828,None
275,0.9025353193283081,0.8181360960006714,1.6101412773132324,1.2725443840026855,[0.1000 0.1000 0.1000 0.1000 0.1000 0.1000 0.1000],[0.0000 0.0000 0.0000 0.0000 0.0000 0.0000 0.0000],0.7206714153289795,0.7094845557846594,1.0,0.0,0.5113052389713828,None
275,0.9025353193283081,0.8181360960006714,1.6101412773132324,1.2725443840026855,[0.1000 0.1000 0.1000 0.1000 0.1000 0.1000 0.1000],[0.0000 0.0000 0.0000 0.0000 0.0000 0.0000 0.0000],0.7206714153289795,0.7094845557846594,1.0,0.0,0.5113052389713828,None
275,0.9025353193283081,0.8181360960006714,1.6101412773132324,1.2725443840026855,[0.1000 0.1000 0.1000 0.1000 0.1000 0.1000 0.1000],[0.0000 0.0000 0.0000 0.0000 0.0000 0.0000 0.0000],0.7206714153289795,0.7094845557846594,1.0,0.0,0.5113052389713828,None
275,0.9025353193283081,0.8181360960006714,1.6101412773132324,1.2725443840026855,[0.1000 0.1000 0.1000 0.1000 0.1000 0.1000 0.1000],[0.0000 0.0000 0.0000 0.0000 0.0000 0.0000 0.0000],0.7206714153289795,0.7094845557846594,1.0,0.0,0.5113052389713828,None
275,0.9025353193283081,0.8181360960006714,1.6101412773132324,1.2725443840026855,[0.1000 0.1000 0.1000 0.1000 0.1000 0.1000 0.1000],[0.0000 0.0000 0.0000 0.0000 0.0000 0.0000 0.0000],0.7206714153289795,0.7094845557846594,1.0,0.0,0.5113052389713828,None
275,0.9025353193283081,0.8181360960006714,1.6101412773132324,1.2725443840026855,[0.1000 0.1000 0.1000 0.1000 0.1000 0.1000 0.1000],[0.0000 0.0000 0.0000 0.0000 0.0000 0.0000 0.0000],0.7206714153289795,0.7094845557846594,1.0,0.0,0.5113052389713828,None
275,0.9025353193283081,0.8181360960006714,1.6101412773132324,1.2725443840026855,[0.1000 0.1000 0.1000 0.1000 0.1000 0.1000 0.1000],[0.0000 0.0000 0.0000 0.0000 0.0000 0.0000 0.0000],0.7206714153289795,0.7094845557846594,1.0,0.0,0.5113052389713828,None
275,0.9025353193283081,0.8181360960006714,1.6101412773132324,1.2725443840026855,[0.1000 0.1000 0.1000 0.1000 0.1000 0.1000 0.1000],[0.0000 0.0000 0.0000 0.0000 0.0000 0.0000 0.0000],0.7206714153289795,0.7094845557846594,1.0,0.0,0.5113052389713828,None
275,0.9025353193283081,0.8181360960006714,1.6101412773132324,1.2725443840026855,[0.1000 0.1000 0.1000 0.1000 0.1000 0.1000 0.1000],[0.0000 0.0000 0.0000 0.0000 0.0000 0.0000 0.0000],0.7206714153289795,0.7094845557846594,1.0,0.0,0.5113052389713828,None
275,0.9025353193283081,0.8181360960006714,1.6101412773132324,1.2725443840026855,[0.1000 0.1000 0.1000 0.1000 0.1000 0.1000 0.1000],[0.0000 0.0000 0.0000 0.0000 0.0000 0.0000 0.0000],0.7206714153289795,0.7094845557846594,1.0,0.0,0.5113052389713828,None
275,0.9025353193283081,0.8181360960006714,1.6101412773132324,1.2725443840026855,[0.1000 0.1000 0.1000 0.1000 0.1000 0.1000 0.1000],[0.0000 0.0000 0.0000 0.0000 0.0000 0.0000 0.0000],0.7206714153289795,0.7094845557846594,1.0,0.0,0.5113052389713828,None
275,0.9025353193283081,0.8181360960006714,1.6101412773132324,1.2725443840026855,[0.1000 0.1000 0.1000 0.1000 0.1000 0.1000 0.1000],[0.0000 0.0000 0.0000 0.0000 0.0000 0.0000 0.0000],0.7206714153289795,0.7094845557846594,1.0,0.0,0.5113052389713828,None
275,0.9025353193283081,0.8181360960006714,1.6101412773132324,1.2725443840026855,[0.1000 0.1000 0.1000 0.1000 0.1000 0.1000 0.1000],[0.0000 0.0000 0.0000 0.0000 0.0000 0.0000 0.0000],0.7206714153289795,0.7094845557846594,1.0,0.0,0.5113052389713828,None
275,0.9025353193283081,0.8181360960006714,1.6101412773132324,1.2725443840026855,[0.1000 0.1000 0.1000 0.1000 0.1000 0.1000 0.1000],[0.0000 0.0000 0.0000 0.0000 0.0000 0.0000 0.0000],0.7206714153289795,0.7094845557846594,1.0,0.0,0.5113052389713828,None
275,0.9025353193283081,0.8181360960006714,1.6101412773132324,1.2725443840026855,[0.1000 0.1000 0.1000 0.1000 0.1000 0.1000 0.1000],[0.0000 0.0000 0.0000 0.0000 0.0000 0.0000 0.0000],0.7206714153289795,0.7094845557846594,1.0,0.0,0.5113052389713828,None
275,0.9025353193283081,0.8181360960006714,1.6101412773132324,1.2725443840026855,[0.1000 0.1000 0.1000 0.1000 0.1000 0.1000 0.1000],[0.0000 0.0000 0.0000 0.0000 0.0000 0.0000 0.0000],0.7206714153289795,0.7094845557846594,1.0,0.0,0.5113052389713828,None
275,0.9025353193283081,0.8181360960006714,1.6101412773132324,1.2725443840026855,[0.1000 0.1000 0.1000 0.1000 0.1000 0.1000 0.1000],[0.0000 0.0000 0.0000 0.0000 0.0000 0.0000 0.0000],0.7206714153289795,0.7094845557846594,1.0,0.0,0.5113052389713828,None
275,0.9025353193283081,0.8181360960006714,1.6101412773132324,1.2725443840026855,[0.1000 0.1000 0.1000 0.1000 0.1000 0.1000 0.1000],[0.0000 0.0000 0.0000 0.0000 0.0000 0.0000 0.0000],0.7206714153289795,0.7094845557846594,1.0,0.0,0.5113052389713828,None
275,0.9025353193283081,0.8181360960006714,1.6101412773132324,1.2725443840026855,[0.1000 0.1000 0.1000 0.1000 0.1000 0.1000 0.1000],[0.0000 0.0000 0.0000 0.0000 0.0000 0.0000 0.0000],0.7206714153289795,0.7094845557846594,1.0,0.0,0.5113052389713828,None
275,0.9025353193283081,0.8181360960006714,1.6101412773132324,1.2725443840026855,[0.1000 0.1000 0.1000 0.1000 0.1000 0.1000 0.1000],[0.0000 0.0000 0.0000 0.0000 0.0000 0.0000 0.0000],0.7206714153289795,0.7094845557846594,1.0,0.0,0.5113052389713828,None
275,0.9025353193283081,0.8181360960006714,1.6101412773132324,1.2725443840026855,[0.1000 0.1000 0.1000 0.1000 0.1000 0.1000 0.1000],[0.0000 0.0000 0.0000 0.0000 0.0000 0.0000 0.0000],0.7206714153289795,0.7094845557846594,1.0,0.0,0.5113052389713828,None
275,0.9025353193283081,0.8181360960006714,1.6101412773132324,1.2725443840026855,[0.1000 0.1000 0.1000 0.1000 0.1000 0.1000 0.1000],[0.0000 0.0000 0.0000 0.0000 0.0000 0.0000 0.0000],0.7206714153289795,0.7094845557846594,1.0,0.0,0.5113052389713828,None
275,0.9025353193283081,0.8181360960006714,1.6101412773132324,1.2725443840026855,[0.1000 0.1000 0.1000 0.1000 0.1000 0.1000 0.1000],[0.0000 0.0000 0.0000 0.0000 0.0000 0.0000 0.0000],0.7206714153289795,0.7094845557846594,1.0,0.0,0.5113052389713828,None
275,0.9025353193283081,0.8181360960006714,1.6101412773132324,1.2725443840026855,[0.1000 0.1000 0.1000 0.1000 0.1000 0.1000 0.1000],[0.0000 0.0000 0.0000 0.0000 0.0000 0.0000 0.0000],0.7206714153289795,0.7094845557846594,1.0,0.0,0.5113052389713828,None
275,0.9025353193283081,0.8181360960006714,1.6101412773132324,1.2725443840026855,[0.1000 0.1000 0.1000 0.1000 0.1000 0.1000 0.1000],[0.0000 0.0000 0.0000 0.0000 0.0000 0.0000 0.0000],0.7206714153289795,0.7094845557846594,1.0,0.0,0.5113052389713828,None
275,0.9025353193283081,0.8181360960006714,1.6101412773132324,1.2725443840026855,[0.1000 0.1000 0.1000 0.1000 0.1000 0.1000 0.1000],[0.0000 0.0000 0.0000 0.0000 0.0000 0.0000 0.0000],0.7206714153289795,0.7094845557846594,1.0,0.0,0.5113052389713828,None
275,0.9025353193283081,0.8181360960006714,1.6101412773132324,1.2725443840026855,[0.1000 0.1000 0.1000 0.1000 0.1000 0.1000 0.1000],[0.0000 0.0000 0.0000 0.0000 0.0000 0.0000 0.0000],0.7206714153289795,0.7094845557846594,1.0,0.0,0.5113052389713828,None
275,0.9025353193283081,0.8181360960006714,1.6101412773132324,1.2725443840026855,[0.1000 0.1000 0.1000 0.1000 0.1000 0.1000 0.1000],[0.0000 0.0000 0.0000 0.0000 0.0000 0.0000 0.0000],0.7206714153289795,0.7094845557846594,1.0,0.0,0.5113052389713828,None
275,0.9025353193283081,0.8181360960006714,1.6101412773132324,1.2725443840026855,[0.1000 0.1000 0.1000 0.1000 0.1000 0.1000 0.1000],[0.0000 0.0000 0.0000 0.0000 0.0000 0.0000 0.0000],0.7206714153289795,0.7094845557846594,1.0,0.0,0.5113052389713828,None
275,0.9025353193283081,0.8181360960006714,1.6101412773132324,1.2725443840026855,[0.1000 0.1000 0.1000 0.1000 0.1000 0.1000 0.1000],[0.0000 0.0000 0.0000 0.0000 0.0000 0.0000 0.0000],0.7206714153289795,0.7094845557846594,1.0,0.0,0.5113052389713828,None
275,0.9025353193283081,0.8181360960006714,1.6101412773132324,1.2725443840026855,[0.1000 0.1000 0.1000 0.1000 0.1000 0.1000 0.1000],[0.0000 0.0000 0.0000 0.0000 0.0000 0.0000 0.0000],0.7206714153289795,0.7094845557846594,1.0,0.0,0.5113052389713828,None
275,0.9025353193283081,0.8181360960006714,1.6101412773132324,1.2725443840026855,[0.1000 0.1000 0.1000 0.1000 0.1000 0.1000 0.1000],[0.0000 0.0000 0.0000 0.0000 0.0000 0.0000 0.0000],0.7206714153289795,0.7094845557846594,1.0,0.0,0.5113052389713828,None
275,0.9025353193283081,0.8181360960006714,1.6101412773132324,1.2725443840026855,[0.1000 0.1000 0.1000 0.1000 0.1000 0.1000 0.1000],[0.0000 0.0000 0.0000 0.0000 0.0000 0.0000 0.0000],0.7206714153289795,0.7094845557846594,1.0,0.0,0.5113052389713828,None
275,0.9025353193283081,0.8181360960006714,1.6101412773132324,1.2725443840026855,[0.1000 0.1000 0.1000 0.1000 0.1000 0.1000 0.1000],[0.0000 0.0000 0.0000 0.0000 0.0000 0.0000 0.0000],0.7206714153289795,0.7094845557846594,1.0,0.0,0.5113052389713828,None
275,0.9025353193283081,0.8181360960006714,1.6101412773132324,1.2725443840026855,[0.1000 0.1000 0.1000 0.1000 0.1000 0.1000 0.1000],[0.0000 0.0000 0.0000 0.0000 0.0000 0.0000 0.0000],0.7206714153289795,0.7094845557846594,1.0,0.0,0.5113052389713828,None
275,0.9025353193283081,0.8181360960006714,1.6101412773132324,1.2725443840026855,[0.1000 0.1000 0.1000 0.1000 0.1000 0.1000 0.1000],[0.0000 0.0000 0.0000 0.0000 0.0000 0.0000 0.0000],0.7206714153289795,0.7094845557846594,1.0,0.0,0.5113052389713828,None
275,0.9025353193283081,0.8181360960006714,1.6101412773132324,1.2725443840026855,[0.1000 0.1000 0.1000 0.1000 0.1000 0.1000 0.1000],[0.0000 0.0000 0.0000 0.0000 0.0000 0.0000 0.0000],0.7206714153289795,0.7094845557846594,1.0,0.0,0.5113052389713828,None
275,0.9025353193283081,0.8181360960006714,1.6101412773132324,1.2725443840026855,[0.1000 0.1000 0.1000 0.1000 0.1000 0.1000 0.1000],[0.0000 0.0000 0.0000 0.0000 0.0000 0.0000 0.0000],0.7206714153289795,0.7094845557846594,1.0,0.0,0.5113052389713828,None
275,0.9025353193283081,0.8181360960006714,1.6101412773132324,1.2725443840026855,[0.1000 0.1000 0.1000 0.1000 0.1000 0.1000 0.1000],[0.0000 0.0000 0.0000 0.0000 0.0000 0.0000 0.0000],0.7206714153289795,0.7094845557846594,1.0,0.0,0.5113052389713828,None
275,0.9008482694625854,0.8152871131896973,1.6033930778503418,1.261148452758789,[0.1076 0.1000 0.1000 0.1000 0.1000 0.1000 0.1000],[-0.0762 0.0000 0.0000 0.0000 0.0000 0.0000 0.0000],0.7161353826522827,0.707491613328971,1.0,0.0,0.5066597772346235,None
275,0.9010186791419983,0.8155744075775146,1.6040747165679932,1.2622976303100586,[0.1069 0.1000 0.1000 0.1000 0.1000 0.1000 0.1000],[-0.0685 0.0000 0.0000 0.0000 0.0000 0.0000 0.0000],0.7165930867195129,0.7076914788028176,1.0,0.0,0.5071268212404078,None
275,0.9011951088905334,0.8158721923828125,1.6047804355621338,1.26348876953125,[0.1061 0.1000 0.1000 0.1000 0.1000 0.1000 0.1000],[-0.0606 0.0000 0.0000 0.0000 0.0000 0.0000 0.0000],0.717067301273346,0.7078991329904669,1.0,0.0,0.5076113208672155,None
275,0.9013753533363342,0.8161762356758118,1.605501413345337,1.264704942703247,[0.1052 0.1000 0.1000 0.1000 0.1000 0.1000 0.1000],[-0.0525 0.0000 0.0000 0.0000 0.0000 0.0000 0.0000],0.717551589012146,0.7081111210400053,1.0,0.0,0.5081062600994278,None
275,0.9015212059020996,0.8164225816726685,1.6060848236083984,1.2656903266906738,[0.1046 0.1000 0.1000 0.1000 0.1000 0.1000 0.1000],[-0.0459 0.0000 0.0000 0.0000 0.0000 0.0000 0.0000],0.7179437875747681,0.7082833151336194,1.0,0.0,0.5085076059430438,None
275,0.9016978740692139,0.816720724105835,1.6067914962768555,1.2668828964233398,[0.1038 0.1000 0.1000 0.1000 0.1000 0.1000 0.1000],[-0.0379 0.0000 0.0000 0.0000 0.0000 0.0000 0.0000],0.7184185981750488,0.7084915953812327,1.0,0.0,0.5089935387725891,None
275,0.9018779993057251,0.8170250058174133,1.6075119972229004,1.2681000232696533,[0.1030 0.1000 0.1000 0.1000 0.1000 0.1000 0.1000],[-0.0298 0.0000 0.0000 0.0000 0.0000 0.0000 0.0000],0.7189030051231384,0.7087046284468087,1.0,0.0,0.509489887135088,None
275,0.9020546674728394,0.8173235058784485,1.6082186698913574,1.269294023513794,[0.1022 0.1000 0.1000 0.1000 0.1000 0.1000 0.1000],[-0.0218 0.0000 0.0000 0.0000 0.0000 0.0000 0.0000],0.7193781733512878,0.708913824453323,1.0,0.0,0.509977132098707,None
275,0.9022291302680969,0.8176183104515076,1.6089165210723877,1.2704732418060303,[0.1014 0.1000 0.1000 0.1000 0.1000 0.1000 0.1000],[-0.0139 0.0000 0.0000 0.0000 0.0000 0.0000 0.0000],0.7198474407196045,0.7091206095018256,1.0,0.0,0.5104586559114153,None
275,0.9023724794387817,0.8178607821464539,1.609489917755127,1.2714431285858154,[0.1007 0.1000 0.1000 0.1000 0.1000 0.1000 0.1000],[-0.0074 0.0000 0.0000 0.0000 0.0000 0.0000 0.0000],0.7202332615852356,0.709291043666818,1.0,0.0,0.5108550017933481,None
275,0.9025347232818604,0.8181350827217102,1.6101388931274414,1.2725403308868408,[0.1000 0.1000 0.1000 0.1000 0.1000 0.1000 0.1000],[-0.0000 0.0000 0.0000 0.0000 0.0000 0.0000 0.0000],0.7206698060035706,0.7094838376954733,1.0,0.0,0.5113035796746654,None
275,0.9027009010314941,0.818416178226471,1.6108036041259766,1.2736647129058838,[0.0992 0.1000 0.1000 0.1000 0.1000 0.1000 0.1000],[0.0075 0.0000 0.0000 0.0000 0.0000 0.0000 0.0000],0.7211170792579651,0.7096816871001362,0.9924641251564026,0.007535874843597468,0.5079069990753962,None
275,0.9028624892234802,0.8186895847320557,1.611449956893921,1.2747583389282227,[0.0985 0.1000 0.1000 0.1000 0.1000 0.1000 0.1000],[0.0149 0.0000 0.0000 0.0000 0.0000 0.0000 0.0000],0.7215520739555359,0.7098743298302879,0.9851003438234329,0.014899656176567133,0.5045795227525273,None
275,0.9030192494392395,0.81895512342453,1.612076997756958,1.2758204936981201,[0.0978 0.1000 0.1000 0.1000 0.1000 0.1000 0.1000],[0.0221 0.0000 0.0000 0.0000 0.0000 0.0000 0.0000],0.7219743728637695,0.7100618582961022,0.9779421985149384,0.0220578014850617,0.5013386108844001,None
275,0.9031531810760498,0.8191817402839661,1.6126127243041992,1.2767269611358643,[0.0972 0.1000 0.1000 0.1000 0.1000 0.1000 0.1000],[0.0282 0.0000 0.0000 0.0000 0.0000 0.0000 0.0000],0.7223349213600159,0.7102217385791616,0.9718218445777893,0.02817815542221075,0.4985620637696574,None
275,0.9032995700836182,0.8194297552108765,1.6131982803344727,1.2777190208435059,[0.0965 0.1000 0.1000 0.1000 0.1000 0.1000 0.1000],[0.0349 0.0000 0.0000 0.0000 0.0000 0.0000 0.0000],0.7227293252944946,0.7103971428443053,0.9651202708482742,0.034879729151725825,0.4955167281100991,None
275,0.9034525752067566,0.8196890354156494,1.6138103008270264,1.2787561416625977,[0.0958 0.1000 0.1000 0.1000 0.1000 0.1000 0.1000],[0.0419 0.0000 0.0000 0.0000 0.0000 0.0000 0.0000],0.723141610622406,0.7105806851796046,0.9581050276756287,0.04189497232437139,0.4923227103088742,None
275,0.9036089181900024,0.8199539184570312,1.6144356727600098,1.279815673828125,[0.0951 0.1000 0.1000 0.1000 0.1000 0.1000 0.1000],[0.0491 0.0000 0.0000 0.0000 0.0000 0.0000 0.0000],0.7235628366470337,0.7107682594648865,0.9509283304214478,0.0490716695785523,0.4890486499893524,None
275,0.9037591814994812,0.8202086091041565,1.6150367259979248,1.280834436416626,[0.0944 0.1000 0.1000 0.1000 0.1000 0.1000 0.1000],[0.0560 0.0000 0.0000 0.0000 0.0000 0.0000 0.0000],0.7239677906036377,0.7109488412143541,0.944017693400383,0.05598230659961706,0.485889741210071,None
275,0.9039143323898315,0.8204718232154846,1.6156573295593262,1.2818872928619385,[0.0937 0.1000 0.1000 0.1000 0.1000 0.1000 0.1000],[0.0631 0.0000 0.0000 0.0000 0.0000 0.0000 0.0000],0.7243861556053162,0.7111358291958885,0.9368685632944107,0.06313143670558935,0.482615613707111,None
275,0.9040448069572449,0.8206930160522461,1.6161792278289795,1.2827720642089844,[0.0931 0.1000 0.1000 0.1000 0.1000 0.1000 0.1000],[0.0691 0.0000 0.0000 0.0000 0.0000 0.0000 0.0000],0.724737823009491,0.7112928977233175,0.9308529645204544,0.06914703547954565,0.4798555095319895,None
275,0.9042052030563354,0.820965051651001,1.6168208122253418,1.283860206604004,[0.0923 0.1000 0.1000 0.1000 0.1000 0.1000 0.1000],[0.0766 0.0000 0.0000 0.0000 0.0000 0.0000 0.0000],0.7251702547073364,0.7114863063815957,0.9234423190355301,0.07655768096446997,0.47644886959005,None
275,0.9043643474578857,0.8212352991104126,1.617457389831543,1.2849411964416504,[0.0916 0.1000 0.1000 0.1000 0.1000 0.1000 0.1000],[0.0839 0.0000 0.0000 0.0000 0.0000 0.0000 0.0000],0.7255996465682983,0.7116789144938006,0.9160730987787247,0.08392690122127539,0.4730546232138218,None
275,0.9045205116271973,0.821500301361084,1.618082046508789,1.286001205444336,[0.0909 0.1000 0.1000 0.1000 0.1000 0.1000 0.1000],[0.0912 0.0000 0.0000 0.0000 0.0000 0.0000 0.0000],0.7260208129882812,0.7118677208882814,0.9088348597288132,0.09116514027118688,0.4697138307712094,None
275,0.9046784043312073,0.821768581867218,1.618713617324829,1.287074327468872,[0.0901 0.1000 0.1000 0.1000 0.1000 0.1000 0.1000],[0.0985 0.0000 0.0000 0.0000 0.0000 0.0000 0.0000],0.7264469861984253,0.7120593421137105,0.9014953672885895,0.09850463271141058,0.46631954043204255,None
275,0.9048386216163635,0.8220407962799072,1.619354486465454,1.288163185119629,[0.0894 0.1000 0.1000 0.1000 0.1000 0.1000 0.1000],[0.1060 0.0000 0.0000 0.0000 0.0000 0.0000 0.0000],0.7268794178962708,0.71225388736517,0.8940374106168747,0.10596258938312536,0.46286345411710356,None
275,0.904976487159729,0.8222748637199402,1.619905948638916,1.2890994548797607,[0.0888 0.1000 0.1000 0.1000 0.1000 0.1000 0.1000],[0.1124 0.0000 0.0000 0.0000 0.0000 0.0000 0.0000],0.7272513508796692,0.7124211004962484,0.8876143395900726,0.11238566040992742,0.4598811622557558,None
275,0.9051394462585449,0.8225519061088562,1.6205577850341797,1.2902076244354248,[0.0880 0.1000 0.1000 0.1000 0.1000 0.1000 0.1000],[0.1200 0.0000 0.0000 0.0000 0.0000 0.0000 0.0000],0.7276913523674011,0.7126195202354747,0.880001038312912,0.11999896168708807,0.4563395533500105,None
275,0.9052964448928833,0.8228188753128052,1.6211857795715332,1.2912755012512207,[0.0873 0.1000 0.1000 0.1000 0.1000 0.1000 0.1000],[0.1273 0.0000 0.0000 0.0000 0.0000 0.0000 0.0000],0.7281153202056885,0.7128109166766987,0.8726538717746735,0.1273461282253266,0.4529148196312699,None
275,0.9054521918296814,0.823083758354187,1.6218087673187256,1.292335033416748,[0.0865 0.1000 0.1000 0.1000 0.1000 0.1000 0.1000],[0.1346 0.0000 0.0000 0.0000 0.0000 0.0000 0.0000],0.7285359501838684,0.7130009869781877,0.865350142121315,0.13464985787868505,0.4495034067961195,None
275,0.9056034088134766,0.823340892791748,1.6224136352539062,1.2933635711669922,[0.0858 0.1000 0.1000 0.1000 0.1000 0.1000 0.1000],[0.1418 0.0000 0.0000 0.0000 0.0000 0.0000 0.0000],0.7289443016052246,0.7131855721520821,0.8582485467195511,0.14175145328044897,0.44617986807575843,None
275,0.9057324528694153,0.8235605359077454,1.6229298114776611,1.2942421436309814,[0.0852 0.1000 0.1000 0.1000 0.1000 0.1000 0.1000],[0.1478 0.0000 0.0000 0.0000 0.0000 0.0000 0.0000],0.7292929887771606,0.7133435558692777,0.8521735668182373,0.14782643318176275,0.44333175449590956,None
275,0.9058822989463806,0.8238157033920288,1.6235291957855225,1.2952628135681152,[0.0845 0.1000 0.1000 0.1000 0.1000 0.1000 0.1000],[0.1549 0.0000 0.0000 0.0000 0.0000 0.0000 0.0000],0.7296980023384094,0.7135273214521989,0.8451053500175476,0.15489464998245245,0.440012096093887,None
275,0.906030535697937,0.8240679502487183,1.624122142791748,1.296271800994873,[0.0838 0.1000 0.1000 0.1000 0.1000 0.1000 0.1000],[0.1619 0.0000 0.0000 0.0000 0.0000 0.0000 0.0000],0.7300984859466553,0.7137089148275504,0.8381060510873795,0.1618939489126206,0.4367184556935246,None
275,0.9061800837516785,0.8243227005004883,1.6247203350067139,1.2972908020019531,[0.0831 0.1000 0.1000 0.1000 0.1000 0.1000 0.1000],[0.1690 0.0000 0.0000 0.0000 0.0000 0.0000 0.0000],0.7305027842521667,0.7138927067493906,0.8310241997241974,0.16897580027580267,0.43337962702919575,None
275,0.9063444137573242,0.8246033191680908,1.6253776550292969,1.2984132766723633,[0.0824 0.1076 0.1000 0.1000 0.1000 0.1000 0.1000],[0.1760 -0.0757 0.0000 0.0000 0.0000 0.0000 0.0000],0.730947732925415,0.7140960045937913,0.8240187168121338,0.17598128318786627,0.43011045861029434,None
275,0.9065030813217163,0.8248735666275024,1.6260123252868652,1.2994942665100098,[0.0816 0.1065 0.1000 0.1000 0.1000 0.1000 0.1000],[0.1836 -0.0648 0.0000 0.0000 0.0000 0.0000 0.0000],0.7313766479492188,0.7142912064807703,0.8163625746965408,0.18363742530345922,0.42648079592589916,None
275,0.9066368937492371,0.8251017332077026,1.6265475749969482,1.3004069328308105,[0.0810 0.1055 0.1000 0.1000 0.1000 0.1000 0.1000],[0.1901 -0.0552 0.0000 0.0000 0.0000 0.0000 0.0000],0.7317386269569397,0.7144563771653543,0.8098848909139633,0.19011510908603674,0.42340403755011885,None
275,0.9067827463150024,0.8253502249717712,1.6271309852600098,1.301400899887085,[0.0803 0.1045 0.1000 0.1000 0.1000 0.1000 0.1000],[0.1972 -0.0448 0.0000 0.0000 0.0000 0.0000 0.0000],0.7321329712867737,0.7146361597131985,0.8028165251016617,0.19718347489833837,0.4200405864227093,None
275,0.9069288969039917,0.8255994319915771,1.6277155876159668,1.3023977279663086,[0.0796 0.1034 0.1000 0.1000 0.1000 0.1000 0.1000],[0.2043 -0.0343 0.0000 0.0000 0.0000 0.0000 0.0000],0.7325283288955688,0.7148167871132409,0.7957141846418381,0.20428581535816198,0.4166546833868337,None
275,0.9070736169815063,0.8258463144302368,1.6282944679260254,1.3033852577209473,[0.0789 0.1024 0.1000 0.1000 0.1000 0.1000 0.1000],[0.2113 -0.0241 0.0000 0.0000 0.0000 0.0000 0.0000],0.7329199314117432,0.714995960464997,0.7886697351932526,0.2113302648067475,0.4132903793008542,None
275,0.9072190523147583,0.8260943293571472,1.6288762092590332,1.3043773174285889,[0.0782 0.1014 0.1000 0.1000 0.1000 0.1000 0.1000],[0.2184 -0.0139 0.0000 0.0000 0.0000 0.0000 0.0000],0.7333133816719055,0.7151759789666414,0.7815767079591751,0.21842329204082495,0.4098964317067866,None
275,0.9073604345321655,0.8263357281684875,1.629441738128662,1.3053429126739502,[0.0775 0.1004 0.1000 0.1000 0.1000 0.1000 0.1000],[0.2253 -0.0044 0.0000 0.0000 0.0000 0.0000 0.0000],0.7336961627006531,0.7153516092375052,0.7746703177690506,0.22532968223094946,0.4065862823166475,None
275,0.9074912071228027,0.8265587687492371,1.629964828491211,1.3062350749969482,[0.0768 0.0995 0.1000 0.1000 0.1000 0.1000 0.1000],[0.2317 0.0046 0.0000 0.0000 0.0000 0.0000 0.0000],0.7340499758720398,0.7155137290244648,0.7682689279317856,0.23173107206821447,0.4035123847752533,None
275,0.9076308012008667,0.8267970681190491,1.6305232048034668,1.3071882724761963,[0.0761 0.0986 0.1000 0.1000 0.1000 0.1000 0.1000],[0.2386 0.0144 0.0000 0.0000 0.0000 0.0000 0.0000],0.7344278693199158,0.715687261836868,0.7614195346832275,0.23858046531677252,0.4002178465882308,None
275,0.907773494720459,0.8270409107208252,1.631093978881836,1.3081636428833008,[0.0754 0.0976 0.1000 0.1000 0.1000 0.1000 0.1000],[0.2456 0.0244 0.0000 0.0000 0.0000 0.0000 0.0000],0.7348144054412842,0.7158652010055195,0.7543981820344925,0.24560181796550756,0.3968346137118925,None
275,0.9079157114028931,0.8272836208343506,1.6316628456115723,1.3091344833374023,[0.0747 0.0966 0.1000 0.1000 0.1000 0.1000 0.1000],[0.2526 0.0342 0.0000 0.0000 0.0000 0.0000 0.0000],0.7351993322372437,0.716042097189491,0.747397243976593,0.25260275602340704,0.39345507537064106,None
275,0.9080557227134705,0.8275230526924133,1.6322228908538818,1.3100922107696533,[0.0740 0.0956 0.1000 0.1000 0.1000 0.1000 0.1000],[0.2595 0.0437 0.0000 0.0000 0.0000 0.0000 0.0000],0.7355787754058838,0.7162172133108544,0.7404781132936478,0.2595218867063523,0.3901091801372784,None
275,0.9081844091415405,0.8277430534362793,1.632737636566162,1.3109722137451172,[0.0734 0.0948 0.1000 0.1000 0.1000 0.1000 0.1000],[0.2659 0.0524 0.0000 0.0000 0.0000 0.0000 0.0000],0.7359274625778198,0.7163781466366507,0.7341128587722778,0.2658871412277222,0.3870260255583305,None
275,0.9083242416381836,0.8279820084571838,1.6332969665527344,1.3119280338287354,[0.0727 0.0938 0.1000 0.1000 0.1000 0.1000 0.1000],[0.2728 0.0621 0.0000 0.0000 0.0000 0.0000 0.0000],0.7363062500953674,0.7165529446598541,0.727178081870079,0.272821918129921,0.3836609097135199,None
275,0.9084662795066833,0.8282249569892883,1.6338651180267334,1.3128998279571533,[0.0720 0.0928 0.1000 0.1000 0.1000 0.1000 0.1000],[0.2799 0.0721 0.0000 0.0000 0.0000 0.0000 0.0000],0.7366912364959717,0.7167310067843728,0.7201148569583893,0.2798851430416108,0.38022745072816144,None
275,0.9086108803749084,0.8284720778465271,1.6344435214996338,1.3138883113861084,[0.0713 0.0918 0.1000 0.1000 0.1000 0.1000 0.1000],[0.2871 0.0824 0.0000 0.0000 0.0000 0.0000 0.0000],0.7370829582214355,0.7169120233418922,0.7129137963056564,0.2870862036943436,0.37672049964938026,None
275,0.9087585210800171,0.8287248611450195,1.6350340843200684,1.3148994445800781,[0.0706 0.0907 0.1000 0.1000 0.1000 0.1000 0.1000],[0.2945 0.0934 0.0000 0.0000 0.0000 0.0000 0.0000],0.7374833822250366,0.7170977908622883,0.7055259495973587,0.29447405040264135,0.37311577869189516,None
275,0.9089034199714661,0.8289727568626404,1.6356136798858643,1.3158910274505615,[0.0698 0.0896 0.1000 0.1000 0.1000 0.1000 0.1000],[0.3017 0.1040 0.0000 0.0000 0.0000 0.0000 0.0000],0.7378761768341064,0.7172798855602494,0.6982670724391937,0.30173292756080633,0.3695674420526195,None
275,0.909041702747345,0.829209566116333,1.6361668109893799,1.316838264465332,[0.0691 0.0886 0.1000 0.1000 0.1000 0.1000 0.1000],[0.3087 0.1137 0.0000 0.0000 0.0000 0.0000 0.0000],0.738251268863678,0.7174541866687599,0.6913227587938309,0.3086772412061692,0.3661670242840506,None
275,0.9091691374778748,0.8294277191162109,1.636676549911499,1.3177108764648438,[0.0685 0.0877 0.1000 0.1000 0.1000 0.1000 0.1000],[0.3151 0.1230 0.0000 0.0000 0.0000 0.0000 0.0000],0.7385968565940857,0.7176147695759145,0.6849086284637451,0.31509137153625494,0.36302075946835693,None
275,0.9092982411384583,0.8296487331390381,1.637192964553833,1.3185949325561523,[0.0678 0.0868 0.1000 0.1000 0.1000 0.1000 0.1000],[0.3216 0.1322 0.0000 0.0000 0.0000 0.0000 0.0000],0.7389469742774963,0.7177775558191373,0.6784000247716904,0.3215999752283097,0.35982306994622737,None
275,0.9094297289848328,0.8298740983009338,1.637718915939331,1.3194963932037354,[0.0672 0.0859 0.1000 0.1000 0.1000 0.1000 0.1000],[0.3282 0.1414 0.0000 0.0000 0.0000 0.0000 0.0000],0.7393038272857666,0.7179439228027538,0.6717530637979507,0.3282469362020493,0.35655221114209956,None
275,0.909563422203064,0.8301032185554504,1.6382536888122559,1.3204128742218018,[0.0665 0.0849 0.1000 0.1000 0.1000 0.1000 0.1000],[0.3350 0.1508 0.0000 0.0000 0.0000 0.0000 0.0000],0.7396666407585144,0.7181131367948951,0.6649787724018097,0.33502122759819036,0.3532130051561265,None
275,0.9097105860710144,0.8303554654121399,1.6388423442840576,1.3214218616485596,[0.0658 0.0839 0.1000 0.1000 0.1000 0.1000 0.1000],[0.3425 0.1609 0.0000 0.0000 0.0000 0.0000 0.0000],0.7400660514831543,0.7182995905951244,0.6575047969818115,0.34249520301818853,0.3495224107528021,None
275,0.9098473787307739,0.8305899500846863,1.6393895149230957,1.3223598003387451,[0.0651 0.0830 0.1000 0.1000 0.1000 0.1000 0.1000],[0.3495 0.1704 0.0000 0.0000 0.0000 0.0000 0.0000],0.7404373288154602,0.7184730409959152,0.6505434215068817,0.34945657849311834,0.3460788602334351,None
275,0.909981906414032,0.8308207988739014,1.639927625656128,1.3232831954956055,[0.0644 0.0820 0.1000 0.1000 0.1000 0.1000 0.1000],[0.3563 0.1799 0.0000 0.0000 0.0000 0.0000 0.0000],0.7408027052879333,0.7186441620649562,0.6436728686094284,0.35632713139057165,0.3426744032754856,None
275,0.9101138114929199,0.8310469388961792,1.6404552459716797,1.3241877555847168,[0.0637 0.0811 0.1000 0.1000 0.1000 0.1000 0.1000],[0.3631 0.1890 0.0000 0.0000 0.0000 0.0000 0.0000],0.7411607503890991,0.7188116777020412,0.6369250267744064,0.3630749732255936,0.3393249941895331,None
275,0.9102451205253601,0.8312724232673645,1.6409804821014404,1.325089693069458,[0.0630 0.0802 0.1000 0.1000 0.1000 0.1000 0.1000],[0.3698 0.1983 0.0000 0.0000 0.0000 0.0000 0.0000],0.7415175437927246,0.7189791871444473,0.630183070898056,0.369816929101944,0.33597308058823355,None
275,0.910376250743866,0.831497311592102,1.6415050029754639,1.3259892463684082,[0.0623 0.0792 0.1000 0.1000 0.1000 0.1000 0.1000],[0.3766 0.2076 0.0000 0.0000 0.0000 0.0000 0.0000],0.741873562335968,0.7191460537009247,0.623445138335228,0.3765548616647721,0.33261761022432274,None
275,0.9105018973350525,0.8317131400108337,1.64200758934021,1.326852560043335,[0.0617 0.0784 0.1000 0.1000 0.1000 0.1000 0.1000],[0.3830 0.2160 0.0000 0.0000 0.0000 0.0000 0.0000],0.7422150373458862,0.7193066489490377,0.6169683113694191,0.38303168863058096,0.32938717244724036,None
275,0.9106365442276001,0.8319443464279175,1.6425461769104004,1.32777738571167,[0.0610 0.0775 0.1000 0.1000 0.1000 0.1000 0.1000],[0.3900 0.2250 0.0000 0.0000 0.0000 0.0000 0.0000],0.7425808906555176,0.7194787034828147,0.6100137159228325,0.38998628407716757,0.3259127212500459,None
275,0.910772979259491,0.8321788311004639,1.6430919170379639,1.3287153244018555,[0.0603 0.0766 0.1000 0.1000 0.1000 0.1000 0.1000],[0.3971 0.2343 0.0000 0.0000 0.0000 0.0000 0.0000],0.7429518103599548,0.7196535212294846,0.6029435619711876,0.39705643802881246,0.3223745599153257,None
275,0.9109087586402893,0.8324121236801147,1.6436350345611572,1.329648494720459,[0.0596 0.0757 0.1000 0.1000 0.1000 0.1000 0.1000],[0.4041 0.2435 0.0000 0.0000 0.0000 0.0000 0.0000],0.743320882320404,0.7198274907129991,0.5958915129303932,0.40410848706960684,0.3188393846912744,None
275,0.9110435843467712,0.8326438069343567,1.644174337387085,1.3305752277374268,[0.0589 0.0747 0.1000 0.1000 0.1000 0.1000 0.1000],[0.4111 0.2526 0.0000 0.0000 0.0000 0.0000 0.0000],0.7436873912811279,0.7200003974781133,0.5888709798455238,0.4111290201544762,0.31531403848772943,None
275,0.9111775755882263,0.8328741788864136,1.6447103023529053,1.3314967155456543,[0.0582 0.0738 0.1000 0.1000 0.1000 0.1000 0.1000],[0.4181 0.2620 0.0000 0.0000 0.0000 0.0000 0.0000],0.7440517544746399,0.7201725590621735,0.5818688496947289,0.4181311503052712,0.31179189552574116,None
275,0.9113253951072693,0.8331282138824463,1.6453015804290771,1.3325128555297852,[0.0574 0.0728 0.1000 0.1000 0.1000 0.1000 0.1000],[0.4259 0.2722 0.0000 0.0000 0.0000 0.0000 0.0000],0.7444536089897156,0.7203624109229537,0.574130229651928,0.4258697703480721,0.30789249073234537,None
275,0.9114521145820618,0.8333461880683899,1.645808458328247,1.3333847522735596,[0.0567 0.0719 0.1000 0.1000 0.1000 0.1000 0.1000],[0.4325 0.2813 0.0000 0.0000 0.0000 0.0000 0.0000],0.7447983026504517,0.7205256245848792,0.5674682930111885,0.43253170698881155,0.30452973836542657,None
275,0.9115853309631348,0.833575427532196,1.646341323852539,1.3343017101287842,[0.0560 0.0709 0.1000 0.1000 0.1000 0.1000 0.1000],[0.4396 0.2907 0.0000 0.0000 0.0000 0.0000 0.0000],0.7451607584953308,0.7206974697018684,0.5604466795921326,0.4395533204078675,0.30097974776059333,None
275,0.9117175936698914,0.8338030576705933,1.6468703746795654,1.335212230682373,[0.0553 0.0700 0.1000 0.1000 0.1000 0.1000 0.1000],[0.4465 0.2999 0.0000 0.0000 0.0000 0.0000 0.0000],0.7455206513404846,0.7208682461644715,0.553460381925106,0.446539618074894,0.2974418763700452,None
275,0.9118515849113464,0.834033727645874,1.6474063396453857,1.336134910583496,[0.0546 0.0691 0.1000 0.1000 0.1000 0.1000 0.1000],[0.4536 0.3090 0.0000 0.0000 0.0000 0.0000 0.0000],0.7458853125572205,0.7210414775177636,0.5463617667555809,0.45363823324441915,0.2938411426280221,None
275,0.9119858145713806,0.8342647552490234,1.6479432582855225,1.3370590209960938,[0.0539 0.0682 0.1000 0.1000 0.1000 0.1000 0.1000],[0.4608 0.3179 0.0000 0.0000 0.0000 0.0000 0.0000],0.746250569820404,0.7212150303148371,0.5392363667488098,0.46076363325119024,0.29022085590270214,None
275,0.9121193289756775,0.8344946503639221,1.64847731590271,1.3379786014556885,[0.0532 0.0673 0.1000 0.1000 0.1000 0.1000 0.1000],[0.4679 0.3268 0.0000 0.0000 0.0000 0.0000 0.0000],0.7466139793395996,0.7213879424508778,0.5321281775832176,0.46787182241678243,0.28660334372726065,None
275,0.9122567772865295,0.8347315788269043,1.6490271091461182,1.3389263153076172,[0.0525 0.0664 0.1000 0.1000 0.1000 0.1000 0.1000],[0.4752 0.3364 0.0000 0.0000 0.0000 0.0000 0.0000],0.7469883561134338,0.7215665277671788,0.5247781798243523,0.4752218201756478,0.28285638058901474,None
275,0.9123857021331787,0.8349535465240479,1.6495428085327148,1.3398141860961914,[0.0518 0.0654 0.1000 0.1000 0.1000 0.1000 0.1000],[0.4821 0.3458 0.0000 0.0000 0.0000 0.0000 0.0000],0.7473392486572266,0.721733660660994,0.5178679153323174,0.4821320846676827,0.27932754008116234,None
275,0.9125146865844727,0.8351759314537048,1.6500587463378906,1.3407037258148193,[0.0511 0.0645 0.1000 0.1000 0.1000 0.1000 0.1000],[0.4891 0.3550 0.0000 0.0000 0.0000 0.0000 0.0000],0.7476906180381775,0.7219015369859664,0.5109274387359619,0.48907256126403814,0.2757776866499661,None
275,0.9126432538032532,0.8353976607322693,1.6505730152130127,1.3415906429290771,[0.0504 0.0636 0.1000 0.1000 0.1000 0.1000 0.1000],[0.4960 0.3641 0.0000 0.0000 0.0000 0.0000 0.0000],0.7480409145355225,0.7220690857947178,0.5039913579821587,0.4960086420178414,0.27222449064955156,None
275,0.9127733707427979,0.8356218338012695,1.6510934829711914,1.3424873352050781,[0.0497 0.0627 0.1000 0.1000 0.1000 0.1000 0.1000],[0.5030 0.3733 0.0000 0.0000 0.0000 0.0000 0.0000],0.7483952045440674,0.7222383450842642,0.49695927649736404,0.503040723502636,0.26861628600145876,None
275,0.9129102230072021,0.8358319997787476,1.6516408920288086,1.3433279991149902,[0.0490 0.0618 0.1071 0.1000 0.1000 0.1000 0.1000],[0.5096 0.3818 -0.0710 0.0000 0.0000 0.0000 0.0000],0.7487422227859497,0.7223703487945594,0.4903504252433777,0.5096495747566223,0.26521543272349724,None
275,0.9130378365516663,0.8360580205917358,1.652151346206665,1.3442320823669434,[0.0483 0.0609 0.1055 0.1000 0.1000 0.1000 0.1000],[0.5168 0.3910 -0.0552 0.0000 0.0000 0.0000 0.0000],0.7490958571434021,0.7225476329891374,0.48322394490242004,0.51677605509758,0.2615485546208715,None
275,0.9131657481193542,0.8362842202186584,1.652662992477417,1.3451368808746338,[0.0476 0.0600 0.1040 0.1000 0.1000 0.1000 0.1000],[0.5239 0.4001 -0.0402 0.0000 0.0000 0.0000 0.0000],0.7494499683380127,0.7227248155699905,0.47607164829969406,0.5239283517003059,0.257862346930903,None
275,0.9132933616638184,0.8365097641944885,1.6531734466552734,1.346039056777954,[0.0469 0.0591 0.1026 0.1000 0.1000 0.1000 0.1000],[0.5311 0.4091 -0.0256 0.0000 0.0000 0.0000 0.0000],0.7498031258583069,0.7229014661364485,0.46892009675502777,0.5310799032449722,0.2541705320916081,None
275,0.9134216904640198,0.8367365002632141,1.653686761856079,1.3469460010528564,[0.0462 0.0582 0.1011 0.1000 0.1000 0.1000 0.1000],[0.5383 0.4180 -0.0113 0.0000 0.0000 0.0000 0.0000],0.7501581907272339,0.7230790903510432,0.46171296387910843,0.5382870361208916,0.25044405520738927,None
275,0.9135423302650452,0.8369492292404175,1.6541693210601807,1.34779691696167,[0.0455 0.0574 0.1000 0.1000 0.1000 0.1000 0.1000],[0.5451 0.4259 0.0001 0.0000 0.0000 0.0000 0.0000],0.7504915595054626,0.7232454137243112,0.4549366235733032,0.5450633764266968,0.2469348581313345,None
275,0.9136670827865601,0.8371692299842834,1.6546683311462402,1.3486769199371338,[0.0448 0.0566 0.0987 0.1000 0.1000 0.1000 0.1000],[0.5521 0.4343 0.0128 0.0000 0.0000 0.0000 0.0000],0.7508363127708435,0.7234175479133274,0.44790487736463547,0.5520951226353645,0.24328767000526616,None
275,0.9137920141220093,0.8373904228210449,1.655168056488037,1.3495616912841797,[0.0441 0.0557 0.0973 0.1000 0.1000 0.1000 0.1000],[0.5592 0.4432 0.0272 0.0000 0.0000 0.0000 0.0000],0.7511824369430542,0.7235916222308658,0.44081036001443863,0.5591896399855614,0.23960217061443745,None
275,0.9139167666435242,0.8376114368438721,1.6556670665740967,1.3504457473754883,[0.0434 0.0548 0.0958 0.1000 0.1000 0.1000 0.1000],[0.5663 0.4523 0.0421 0.0000 0.0000 0.0000 0.0000],0.7515282034873962,0.7237658062446792,0.43369993567466736,0.5663000643253326,0.23590258647956033,None
275,0.9140422344207764,0.8378336429595947,1.6561689376831055,1.351334571838379,[0.0427 0.0539 0.0943 0.1000 0.1000 0.1000 0.1000],[0.5735 0.4613 0.0567 0.0000 0.0000 0.0000 0.0000],0.7518758773803711,0.7239409638117571,0.4265302047133446,0.5734697952866554,0.2321662540801756,None
275,0.9141637682914734,0.8380484580993652,1.6566550731658936,1.352193832397461,[0.0420 0.0530 0.0930 0.1000 0.1000 0.1000 0.1000],[0.5804 0.4698 0.0702 0.0000 0.0000 0.0000 0.0000],0.7522122263908386,0.7241099672113758,0.4195762425661087,0.5804237574338913,0.22853662159574276,None
275,0.9142856001853943,0.8382641077041626,1.6571424007415771,1.3530564308166504,[0.0413 0.0522 0.0916 0.1000 0.1000 0.1000 0.1000],[0.5874 0.4785 0.0837 0.0000 0.0000 0.0000 0.0000],0.7525497078895569,0.7242800470019776,0.41257839649915695,0.587421603500843,0.22487863488323429,None
275,0.9144095182418823,0.8384830355644226,1.6576380729675293,1.3539321422576904,[0.0405 0.0513 0.0903 0.1000 0.1000 0.1000 0.1000],[0.5945 0.4870 0.0966 0.0000 0.0000 0.0000 0.0000],0.7528925538063049,0.7244523948979782,0.40545418858528137,0.5945458114147186,0.22114882981726242,None
275,0.9145334362983704,0.8387021422386169,1.6581337451934814,1.3548085689544678,[0.0398 0.0504 0.0890 0.1000 0.1000 0.1000 0.1000],[0.6017 0.4956 0.1099 0.0000 0.0000 0.0000 0.0000],0.7532355785369873,0.7246251753341395,0.3983018919825554,0.6016981080174446,0.2173985350482804,None
275,0.9146560430526733,0.8389192819595337,1.6586241722106934,1.3556771278381348,[0.0391 0.0496 0.0877 0.1000 0.1000 0.1000 0.1000],[0.6088 0.5043 0.1231 0.0000 0.0000 0.0000 0.0000],0.753575325012207,0.7247968730316829,0.39119113236665726,0.6088088676333427,0.213664308716306,None
275,0.9147870540618896,0.8391507863998413,1.6591482162475586,1.3566031455993652,[0.0384 0.0487 0.0863 0.1000 0.1000 0.1000 0.1000],[0.6164 0.5134 0.1368 0.0000 0.0000 0.0000 0.0000],0.753937840461731,0.7249795141047701,0.38358259946107864,0.6164174005389214,0.20966221712198901,None
275,0.9148999452590942,0.8393512964248657,1.659599781036377,1.357405185699463,[0.0377 0.0478 0.0849 0.1000 0.1000 0.1000 0.1000],[0.6230 0.5218 0.1507 0.0000 0.0000 0.0000 0.0000],0.75425124168396,0.7251388553574214,0.3769707679748535,0.6230292320251465,0.2061792164588864,None
275,0.91501784324646,0.839560329914093,1.6600713729858398,1.358241319656372,[0.0370 0.0469 0.0835 0.1000 0.1000 0.1000 0.1000],[0.6299 0.5305 0.1648 0.0000 0.0000 0.0000 0.0000],0.754578173160553,0.7253046900066058,0.3700562193989754,0.6299437806010246,0.20253143137467278,None
275,0.9151377081871033,0.8397732377052307,1.660550832748413,1.3590929508209229,[0.0363 0.0460 0.0820 0.1000 0.1000 0.1000 0.1000],[0.6370 0.5396 0.1796 0.0000 0.0000 0.0000 0.0000],0.754910945892334,0.7254740987049263,0.36299068480730057,0.6370093151926994,0.1987985050846574,None
275,0.9152581095695496,0.83998703956604,1.6610324382781982,1.3599481582641602,[0.0356 0.0451 0.0806 0.1000 0.1000 0.1000 0.1000],[0.6441 0.5486 0.1942 0.0000 0.0000 0.0000 0.0000],0.7552451491355896,0.7256442637678054,0.3558707609772682,0.6441292390227318,0.19503116636942772,None
275,0.9153931736946106,0.8402265906333923,1.6615726947784424,1.3609063625335693,[0.0348 0.0442 0.0790 0.1000 0.1000 0.1000 0.1000],[0.6521 0.5585 0.2098 0.0000 0.0000 0.0000 0.0000],0.7556197643280029,0.72583475227298,0.3478708490729332,0.6521291509270668,0.19079153590723538,None
275,0.9155072569847107,0.8404291272163391,1.6620290279388428,1.3617165088653564,[0.0341 0.0433 0.0776 0.1000 0.1000 0.1000 0.1000],[0.6589 0.5670 0.2236 0.0000 0.0000 0.0000 0.0000],0.7559363842010498,0.7259961135889281,0.34108366817235947,0.6589163318276405,0.1871890627425774,None
275,0.9156273603439331,0.8406424522399902,1.6625094413757324,1.362569808959961,[0.0334 0.0424 0.0762 0.1000 0.1000 0.1000 0.1000],[0.6661 0.5760 0.2379 0.0000 0.0000 0.0000 0.0000],0.7562698125839233,0.7261662765400454,0.3339110314846039,0.6660889685153961,0.18337647019170406,None
275,0.9157493114471436,0.8408585786819458,1.6629972457885742,1.3634343147277832,[0.0327 0.0415 0.0748 0.1000 0.1000 0.1000 0.1000],[0.6734 0.5849 0.2516 0.0000 0.0000 0.0000 0.0000],0.7566078901290894,0.7263382877251592,0.3266202285885811,0.6733797714114189,0.17949521773783053,None
275,0.9158685803413391,0.841070294380188,1.6634743213653564,1.364281177520752,[0.0319 0.0406 0.0735 0.1000 0.1000 0.1000 0.1000],[0.6805 0.5937 0.2652 0.0000 0.0000 0.0000 0.0000],0.7569388747215271,0.7265072469677649,0.3194544091820717,0.6805455908179283,0.17567487279544494,None
275,0.9160028100013733,0.8413081765174866,1.6640112400054932,1.3652327060699463,[0.0311 0.0397 0.0720 0.1000 0.1000 0.1000 0.1000],[0.6886 0.6034 0.2798 0.0000 0.0000 0.0000 0.0000],0.7573109865188599,0.726696810329834,0.3113805875182152,0.6886194124817848,0.17136378457482332,None
275,0.9161116480827332,0.8415014147758484,1.6644465923309326,1.3660056591033936,[0.0305 0.0388 0.0707 0.1000 0.1000 0.1000 0.1000],[0.6952 0.6116 0.2926 0.0000 0.0000 0.0000 0.0000],0.7576130628585815,0.7268512615681983,0.30479129403829575,0.6952087059617043,0.1678400346768495,None
275,0.9162300825119019,0.8417118191719055,1.6649203300476074,1.366847276687622,[0.0298 0.0380 0.0694 0.1000 0.1000 0.1000 0.1000],[0.7024 0.6204 0.3063 0.0000 0.0000 0.0000 0.0000],0.7579419016838074,0.7270196649207193,0.29759518802165985,0.7024048119783401,0.16398645582958857,None
275,0.916348934173584,0.8419227004051208,1.665395736694336,1.3676908016204834,[0.0290 0.0371 0.0680 0.1000 0.1000 0.1000 0.1000],[0.7096 0.6292 0.3196 0.0000 0.0000 0.0000 0.0000],0.7582716345787048,0.7271882814678534,0.29036253690719604,0.709637463092804,0.16010771669751767,None
275,0.9164673686027527,0.8421328067779541,1.6658694744110107,1.3685312271118164,[0.0283 0.0362 0.0667 0.1000 0.1000 0.1000 0.1000],[0.7169 0.6379 0.3326 0.0000 0.0000 0.0000 0.0000],0.7586001753807068,0.7273563464432033,0.2831290289759636,0.7168709710240364,0.156222855169481,None
275,0.9165865182876587,0.8423442244529724,1.6663460731506348,1.3693768978118896,[0.0276 0.0353 0.0654 0.1000 0.1000 0.1000 0.1000],[0.7242 0.6467 0.3461 0.0000 0.0000 0.0000 0.0000],0.7589307427406311,0.7275256088461041,0.2758229151368141,0.7241770848631859,0.1522932920779332,None
275,0.9167051315307617,0.8425547480583191,1.6668205261230469,1.3702189922332764,[0.0269 0.0344 0.0641 0.1000 0.1000 0.1000 0.1000],[0.7315 0.6556 0.3594 0.0000 0.0000 0.0000 0.0000],0.7592598795890808,0.7276943197940178,0.26852522045373917,0.7314747795462608,0.14836262831640656,None
275,0.9168398380279541,0.8427937626838684,1.6673593521118164,1.3711750507354736,[0.0260 0.0335 0.0626 0.1000 0.1000 0.1000 0.1000],[0.7398 0.6654 0.3737 0.0000 0.0000 0.0000 0.0000],0.7596336007118225,0.7278859148370197,0.2602081745862961,0.7397918254137039,0.14387602084858972,None
275,0.9169473052024841,0.8429847955703735,1.6677892208099365,1.3719391822814941,[0.0254 0.0326 0.0613 0.1000 0.1000 0.1000 0.1000],[0.7465 0.6736 0.3865 0.0000 0.0000 0.0000 0.0000],0.7599321007728577,0.7280395072218934,0.2535342797636986,0.7464657202363014,0.14027052575714635,None
275,0.9170621633529663,0.843189001083374,1.6682486534118652,1.372756004333496,[0.0246 0.0318 0.0600 0.1000 0.1000 0.1000 0.1000],[0.7536 0.6824 0.4000 0.0000 0.0000 0.0000 0.0000],0.7602511644363403,0.7282038221946594,0.24637382477521896,0.753626175224781,0.13639693577859066,None
275,0.9171756505966187,0.8433907628059387,1.6687026023864746,1.3735630512237549,[0.0239 0.0309 0.0587 0.1000 0.1000 0.1000 0.1000],[0.7607 0.6910 0.4131 0.0000 0.0000 0.0000 0.0000],0.7605664134025574,0.7283662616855558,0.2392762526869774,0.7607237473130226,0.1325520847090304,None
275,0.9172894358634949,0.8435928225517273,1.6691577434539795,1.3743712902069092,[0.0232 0.0300 0.0574 0.1000 0.1000 0.1000 0.1000],[0.7679 0.6997 0.4263 0.0000 0.0000 0.0000 0.0000],0.7608822584152222,0.7285287983749149,0.23213930428028107,0.7678606957197189,0.1286805356779627,None
275,0.9174038767814636,0.8437963128089905,1.6696155071258545,1.375185251235962,[0.0225 0.0292 0.0561 0.1000 0.1000 0.1000 0.1000],[0.7751 0.7084 0.4394 0.0000 0.0000 0.0000 0.0000],0.7612001895904541,0.7286928604469224,0.22492842748761177,0.7750715725123882,0.12476355737020023,None
275,0.9175286293029785,0.8440178036689758,1.670114517211914,1.3760712146759033,[0.0217 0.0282 0.0547 0.1000 0.1000 0.1000 0.1000],[0.7829 0.7178 0.4531 0.0000 0.0000 0.0000 0.0000],0.7615464329719543,0.7288712010243052,0.21705185994505882,0.7829481400549412,0.12047881598371679,None
275,0.9176337122917175,0.8442044258117676,1.6705348491668701,1.3768177032470703,[0.0210 0.0274 0.0535 0.1000 0.1000 0.1000 0.1000],[0.7896 0.7258 0.4649 0.0000 0.0000 0.0000 0.0000],0.7618381381034851,0.7290216125224191,0.21038873121142387,0.7896112687885761,0.11684915820526441,None
275,0.9177512526512146,0.844413161277771,1.6710050106048584,1.377652645111084,[0.0203 0.0266 0.0523 0.1000 0.1000 0.1000 0.1000],[0.7971 0.7345 0.4773 0.0000 0.0000 0.0000 0.0000],0.7621644139289856,0.7291899348741935,0.20291315391659737,0.7970868460834026,0.11277154592253721,None
275,0.9178687334060669,0.8446219563484192,1.6714749336242676,1.3784878253936768,[0.0195 0.0257 0.0510 0.1000 0.1000 0.1000 0.1000],[0.8046 0.7433 0.4901 0.0000 0.0000 0.0000 0.0000],0.7624906897544861,0.7293585821466941,0.19540563225746155,0.8045943677425385,0.10867076394776508,None
275,0.9179859757423401,0.8448302149772644,1.6719439029693604,1.3793208599090576,[0.0188 0.0248 0.0497 0.1000 0.1000 0.1000 0.1000],[0.8121 0.7522 0.5029 0.0000 0.0000 0.0000 0.0000],0.7628161907196045,0.7295267836456341,0.1878894492983818,0.8121105507016182,0.10455950942491146,None
275,0.9181129336357117,0.8450552821159363,1.6724517345428467,1.3802211284637451,[0.0180 0.0239 0.0485 0.1000 0.1000 0.1000 0.1000],[0.8203 0.7613 0.5152 0.0000 0.0000 0.0000 0.0000],0.763168215751648,0.7297082104099805,0.17973372712731361,0.8202662728726864,0.10009193560227637,None
275,0.9182179570198059,0.8452417850494385,1.6728718280792236,1.380967140197754,[0.0173 0.0231 0.0474 0.1000 0.1000 0.1000 0.1000],[0.8271 0.7692 0.5264 0.0000 0.0000 0.0000 0.0000],0.7634597420692444,0.7298589776239688,0.17294932156801224,0.8270506784319878,0.0963704658652237,None
275,0.9183349609375,0.8454496264457703,1.67333984375,1.381798505783081,[0.0165 0.0222 0.0461 0.1000 0.1000 0.1000 0.1000],[0.8346 0.7779 0.5386 0.0000 0.0000 0.0000 0.0000],0.7637845873832703,0.7300271597146674,0.16535690054297447,0.8346430994570255,0.09220027818999739,None
275,0.9184549450874329,0.845662534236908,1.6738197803497314,1.3826501369476318,[0.0158 0.0213 0.0449 0.1000 0.1000 0.1000 0.1000],[0.8424 0.7868 0.5507 0.0000 0.0000 0.0000 0.0000],0.7641174793243408,0.7301993127315556,0.15755090862512589,0.8424490913748741,0.08790679905180972,None
275,0.9185723066329956,0.845870852470398,1.6742892265319824,1.3834834098815918,[0.0150 0.0204 0.0437 0.1000 0.1000 0.1000 0.1000],[0.8501 0.7956 0.5628 0.0000 0.0000 0.0000 0.0000],0.7644431591033936,0.7303679281639559,0.14988088980317116,0.8501191101968288,0.08368221277420822,None
275,0.9186899065971375,0.8460796475410461,1.6747596263885498,1.3843185901641846,[0.0142 0.0196 0.0425 0.1000 0.1000 0.1000 0.1000],[0.8578 0.8043 0.5748 0.0000 0.0000 0.0000 0.0000],0.7647695541381836,0.7305370915022045,0.14216423965990543,0.8578357603400946,0.07942609812685639,None
275,0.9188024997711182,0.8462796211242676,1.6752099990844727,1.3851184844970703,[0.0135 0.0187 0.0414 0.1000 0.1000 0.1000 0.1000],[0.8653 0.8126 0.5860 0.0000 0.0000 0.0000 0.0000],0.7650821208953857,0.7306992784137952,0.13474347069859505,0.865256529301405,0.07532765733343205,None
275,0.9189018607139587,0.8464811444282532,1.675607442855835,1.3859245777130127,[0.0127 0.0179 0.0403 0.1065 0.1000 0.1000 0.1000],[0.8728 0.8211 0.5974 -0.0646 0.0000 0.0000 0.0000],0.7653830051422119,0.7308890260771487,0.12722870334982872,0.8727712966501713,0.07117301392885172,None
275,0.9190232753753662,0.8466887474060059,1.6760931015014648,1.3867549896240234,[0.0119 0.0170 0.0391 0.1045 0.1000 0.1000 0.1000],[0.8805 0.8297 0.6088 -0.0446 0.0000 0.0000 0.0000],0.7657120227813721,0.7310492090188981,0.11946065351366997,0.88053934648633,0.06687086853924874,None
275,0.919146716594696,0.8469005227088928,1.6765868663787842,1.3876020908355713,[0.0112 0.0162 0.0380 0.1026 0.1000 0.1000 0.1000],[0.8885 0.8384 0.6201 -0.0256 0.0000 0.0000 0.0000],0.7660472393035889,0.73121347897299,0.11150949634611607,0.8884905036538839,0.06246138278226898,None
275,0.9192656874656677,0.8471040725708008,1.677062749862671,1.3884162902832031,[0.0104 0.0153 0.0369 0.1006 0.1000 0.1000 0.1000],[0.8962 0.8469 0.6313 -0.0059 0.0000 0.0000 0.0000],0.7663697600364685,0.731370859929778,0.10382873006165028,0.8961712699383497,0.05819605619602819,None
275,0.9193840622901917,0.8473066091537476,1.6775362491607666,1.3892264366149902,[0.0096 0.0145 0.0357 0.0986 0.1000 0.1000 0.1000],[0.9038 0.8555 0.6426 0.0139 0.0000 0.0000 0.0000],0.7666906714439392,0.7315275560947752,0.09615456685423851,0.9038454331457615,0.0539288035511776,None
275,0.9195008277893066,0.847506046295166,1.6780033111572266,1.390024185180664,[0.0089 0.0136 0.0346 0.0965 0.1000 0.1000 0.1000],[0.9114 0.8640 0.6542 0.0348 0.0000 0.0000 0.0000],0.7670068740844727,0.7316815669877661,0.08856390602886677,0.9114360939711332,0.04970248841917267,None
275,0.9196128249168396,0.847697377204895,1.6784512996673584,1.39078950881958,[0.0081 0.0128 0.0335 0.0945 0.1000 0.1000 0.1000],[0.9187 0.8722 0.6653 0.0547 0.0000 0.0000 0.0000],0.7673102021217346,0.7318294428690119,0.08125131018459797,0.918748689815402,0.045625876786592905,None
275,0.916522741317749,0.842312753200531,1.666090965270996,1.369251012802124,[0.0274 0.0119 0.0324 0.0926 0.1000 0.1000 0.1000],[0.7256 0.8808 0.6764 0.0739 0.0000 0.0000 0.0000],0.75883549451828,0.7275848974134913,0.11924532242119312,0.8807546775788069,0.0658373989459351,None
275,0.9166572093963623,0.8425424695014954,1.6666288375854492,1.3701698780059814,[0.0266 0.0111 0.0312 0.0907 0.1000 0.1000 0.1000],[0.7335 0.8895 0.6878 0.0931 0.0000 0.0000 0.0000],0.7591996788978577,0.7277597753915359,0.1105346530675888,0.8894653469324112,0.06107205249023522,None
275,0.9167881608009338,0.8427653908729553,1.6671526432037354,1.3710615634918213,[0.0259 0.0102 0.0301 0.0887 0.1000 0.1000 0.1000],[0.7413 0.8981 0.6993 0.1134 0.0000 0.0000 0.0000],0.7595535516738892,0.7279287410842914,0.10191719979047775,0.8980828002095222,0.056350107479812436,None
