290,0.9401087164878845,0.7310585975646973,1.760434865951538,0.9242343902587891,[0.1000 0.1000 0.1000 0.1000 0.1000 0.1000 0.1000],[0.0000 0.0000 0.0000 0.0000 0.0000 0.0000 0.0000],0.6711673140525818,0.5427800103635152,1.0,0.0,0.364296201677113,None
290,0.9401087164878845,0.7310585975646973,1.760434865951538,0.9242343902587891,[0.1000 0.1000 0.1000 0.1000 0.1000 0.1000 0.1000],[0.0000 0.0000 0.0000 0.0000 0.0000 0.0000 0.0000],0.6711673140525818,0.5427800103635152,1.0,0.0,0.364296201677113,None
290,0.9401087164878845,0.7310585975646973,1.760434865951538,0.9242343902587891,[0.1000 0.1000 0.1000 0.1000 0.1000 0.1000 0.1000],[0.0000 0.0000 0.0000 0.0000 0.0000 0.0000 0.0000],0.6711673140525818,0.5427800103635152,1.0,0.0,0.364296201677113,None
290,0.9401087164878845,0.7310585975646973,1.760434865951538,0.9242343902587891,[0.1000 0.1000 0.1000 0.1000 0.1000 0.1000 0.1000],[0.0000 0.0000 0.0000 0.0000 0.0000 0.0000 0.0000],0.6711673140525818,0.5427800103635152,1.0,0.0,0.364296201677113,None
290,0.9401087164878845,0.7310585975646973,1.760434865951538,0.9242343902587891,[0.1000 0.1000 0.1000 0.1000 0.1000 0.1000 0.1000],[0.0000 0.0000 0.0000 0.0000 0.0000 0.0000 0.0000],0.6711673140525818,0.5427800103635152,1.0,0.0,0.364296201677113,None
290,0.9401087164878845,0.7310585975646973,1.760434865951538,0.9242343902587891,[0.1000 0.1000 0.1000 0.1000 0.1000 0.1000 0.1000],[0.0000 0.0000 0.0000 0.0000 0.0000 0.0000 0.0000],0.6711673140525818,0.5427800103635152,1.0,0.0,0.364296201677113,None
290,0.9401087164878845,0.7310585975646973,1.760434865951538,0.9242343902587891,[0.1000 0.1000 0.1000 0.1000 0.1000 0.1000 0.1000],[0.0000 0.0000 0.0000 0.0000 0.0000 0.0000 0.0000],0.6711673140525818,0.5427800103635152,1.0,0.0,0.364296201677113,None
290,0.9401087164878845,0.7310585975646973,1.760434865951538,0.9242343902587891,[0.1000 0.1000 0.1000 0.1000 0.1000 0.1000 0.1000],[0.0000 0.0000 0.0000 0.0000 0.0000 0.0000 0.0000],0.6711673140525818,0.5427800103635152,1.0,0.0,0.364296201677113,None
290,0.9401087164878845,0.7310585975646973,1.760434865951538,0.9242343902587891,[0.1000 0.1000 0.1000 0.1000 0.1000 0.1000 0.1000],[0.0000 0.0000 0.0000 0.0000 0.0000 0.0000 0.0000],0.6711673140525818,0.5427800103635152,1.0,0.0,0.364296201677113,None
290,0.9401087164878845,0.7310585975646973,1.760434865951538,0.9242343902587891,[0.1000 0.1000 0.1000 0.1000 0.1000 0.1000 0.1000],[0.0000 0.0000 0.0000 0.0000 0.0000 0.0000 0.0000],0.6711673140525818,0.5427800103635152,1.0,0.0,0.364296201677113,None
290,0.9401087164878845,0.7310585975646973,1.760434865951538,0.9242343902587891,[0.1000 0.1000 0.1000 0.1000 0.1000 0.1000 0.1000],[0.0000 0.0000 0.0000 0.0000 0.0000 0.0000 0.0000],0.6711673140525818,0.5427800103635152,1.0,0.0,0.364296201677113,None
290,0.9401087164878845,0.7310585975646973,1.760434865951538,0.9242343902587891,[0.1000 0.1000 0.1000 0.1000 0.1000 0.1000 0.1000],[0.0000 0.0000 0.0000 0.0000 0.0000 0.0000 0.0000],0.6711673140525818,0.5427800103635152,1.0,0.0,0.364296201677113,None
290,0.9401087164878845,0.7310585975646973,1.760434865951538,0.9242343902587891,[0.1000 0.1000 0.1000 0.1000 0.1000 0.1000 0.1000],[0.0000 0.0000 0.0000 0.0000 0.0000 0.0000 0.0000],0.6711673140525818,0.5427800103635152,1.0,0.0,0.364296201677113,None
290,0.9401087164878845,0.7310585975646973,1.760434865951538,0.9242343902587891,[0.1000 0.1000 0.1000 0.1000 0.1000 0.1000 0.1000],[0.0000 0.0000 0.0000 0.0000 0.0000 0.0000 0.0000],0.6711673140525818,0.5427800103635152,1.0,0.0,0.364296201677113,None
290,0.9401087164878845,0.7310585975646973,1.760434865951538,0.9242343902587891,[0.1000 0.1000 0.1000 0.1000 0.1000 0.1000 0.1000],[0.0000 0.0000 0.0000 0.0000 0.0000 0.0000 0.0000],0.6711673140525818,0.5427800103635152,1.0,0.0,0.364296201677113,None
290,0.9401087164878845,0.7310585975646973,1.760434865951538,0.9242343902587891,[0.1000 0.1000 0.1000 0.1000 0.1000 0.1000 0.1000],[0.0000 0.0000 0.0000 0.0000 0.0000 0.0000 0.0000],0.6711673140525818,0.5427800103635152,1.0,0.0,0.364296201677113,None
290,0.9401087164878845,0.7310585975646973,1.760434865951538,0.9242343902587891,[0.1000 0.1000 0.1000 0.1000 0.1000 0.1000 0.1000],[0.0000 0.0000 0.0000 0.0000 0.0000 0.0000 0.0000],0.6711673140525818,0.5427800103635152,1.0,0.0,0.364296201677113,None
290,0.9401087164878845,0.7310585975646973,1.760434865951538,0.9242343902587891,[0.1000 0.1000 0.1000 0.1000 0.1000 0.1000 0.1000],[0.0000 0.0000 0.0000 0.0000 0.0000 0.0000 0.0000],0.6711673140525818,0.5427800103635152,1.0,0.0,0.364296201677113,None
290,0.9401087164878845,0.7310585975646973,1.760434865951538,0.9242343902587891,[0.1000 0.1000 0.1000 0.1000 0.1000 0.1000 0.1000],[0.0000 0.0000 0.0000 0.0000 0.0000 0.0000 0.0000],0.6711673140525818,0.5427800103635152,1.0,0.0,0.364296201677113,None
290,0.9401087164878845,0.7310585975646973,1.760434865951538,0.9242343902587891,[0.1000 0.1000 0.1000 0.1000 0.1000 0.1000 0.1000],[0.0000 0.0000 0.0000 0.0000 0.0000 0.0000 0.0000],0.6711673140525818,0.5427800103635152,1.0,0.0,0.364296201677113,None
290,0.9401087164878845,0.7310585975646973,1.760434865951538,0.9242343902587891,[0.1000 0.1000 0.1000 0.1000 0.1000 0.1000 0.1000],[0.0000 0.0000 0.0000 0.0000 0.0000 0.0000 0.0000],0.6711673140525818,0.5427800103635152,1.0,0.0,0.364296201677113,None
290,0.9401087164878845,0.7310585975646973,1.760434865951538,0.9242343902587891,[0.1000 0.1000 0.1000 0.1000 0.1000 0.1000 0.1000],[0.0000 0.0000 0.0000 0.0000 0.0000 0.0000 0.0000],0.6711673140525818,0.5427800103635152,1.0,0.0,0.364296201677113,None
290,0.9401087164878845,0.7310585975646973,1.760434865951538,0.9242343902587891,[0.1000 0.1000 0.1000 0.1000 0.1000 0.1000 0.1000],[0.0000 0.0000 0.0000 0.0000 0.0000 0.0000 0.0000],0.6711673140525818,0.5427800103635152,1.0,0.0,0.364296201677113,None
290,0.9401087164878845,0.7310585975646973,1.760434865951538,0.9242343902587891,[0.1000 0.1000 0.1000 0.1000 0.1000 0.1000 0.1000],[0.0000 0.0000 0.0000 0.0000 0.0000 0.0000 0.0000],0.6711673140525818,0.5427800103635152,1.0,0.0,0.364296201677113,None
290,0.9401087164878845,0.7310585975646973,1.760434865951538,0.9242343902587891,[0.1000 0.1000 0.1000 0.1000 0.1000 0.1000 0.1000],[0.0000 0.0000 0.0000 0.0000 0.0000 0.0000 0.0000],0.6711673140525818,0.5427800103635152,1.0,0.0,0.364296201677113,None
290,0.9401087164878845,0.7310585975646973,1.760434865951538,0.9242343902587891,[0.1000 0.1000 0.1000 0.1000 0.1000 0.1000 0.1000],[0.0000 0.0000 0.0000 0.0000 0.0000 0.0000 0.0000],0.6711673140525818,0.5427800103635152,1.0,0.0,0.364296201677113,None
290,0.9401087164878845,0.7310585975646973,1.760434865951538,0.9242343902587891,[0.1000 0.1000 0.1000 0.1000 0.1000 0.1000 0.1000],[0.0000 0.0000 0.0000 0.0000 0.0000 0.0000 0.0000],0.6711673140525818,0.5427800103635152,1.0,0.0,0.364296201677113,None
290,0.9401087164878845,0.7310585975646973,1.760434865951538,0.9242343902587891,[0.1000 0.1000 0.1000 0.1000 0.1000 0.1000 0.1000],[0.0000 0.0000 0.0000 0.0000 0.0000 0.0000 0.0000],0.6711673140525818,0.5427800103635152,1.0,0.0,0.364296201677113,None
290,0.9401087164878845,0.7310585975646973,1.760434865951538,0.9242343902587891,[0.1000 0.1000 0.1000 0.1000 0.1000 0.1000 0.1000],[0.0000 0.0000 0.0000 0.0000 0.0000 0.0000 0.0000],0.6711673140525818,0.5427800103635152,1.0,0.0,0.364296201677113,None
290,0.9401087164878845,0.7310585975646973,1.760434865951538,0.9242343902587891,[0.1000 0.1000 0.1000 0.1000 0.1000 0.1000 0.1000],[0.0000 0.0000 0.0000 0.0000 0.0000 0.0000 0.0000],0.6711673140525818,0.5427800103635152,1.0,0.0,0.364296201677113,None
290,0.9401087164878845,0.7310585975646973,1.760434865951538,0.9242343902587891,[0.1000 0.1000 0.1000 0.1000 0.1000 0.1000 0.1000],[0.0000 0.0000 0.0000 0.0000 0.0000 0.0000 0.0000],0.6711673140525818,0.5427800103635152,1.0,0.0,0.364296201677113,None
290,0.9401087164878845,0.7310585975646973,1.760434865951538,0.9242343902587891,[0.1000 0.1000 0.1000 0.1000 0.1000 0.1000 0.1000],[0.0000 0.0000 0.0000 0.0000 0.0000 0.0000 0.0000],0.6711673140525818,0.5427800103635152,1.0,0.0,0.364296201677113,None
290,0.9401087164878845,0.7310585975646973,1.760434865951538,0.9242343902587891,[0.1000 0.1000 0.1000 0.1000 0.1000 0.1000 0.1000],[0.0000 0.0000 0.0000 0.0000 0.0000 0.0000 0.0000],0.6711673140525818,0.5427800103635152,1.0,0.0,0.364296201677113,None
290,0.9401087164878845,0.7310585975646973,1.760434865951538,0.9242343902587891,[0.1000 0.1000 0.1000 0.1000 0.1000 0.1000 0.1000],[0.0000 0.0000 0.0000 0.0000 0.0000 0.0000 0.0000],0.6711673140525818,0.5427800103635152,1.0,0.0,0.364296201677113,None
290,0.9401087164878845,0.7310585975646973,1.760434865951538,0.9242343902587891,[0.1000 0.1000 0.1000 0.1000 0.1000 0.1000 0.1000],[0.0000 0.0000 0.0000 0.0000 0.0000 0.0000 0.0000],0.6711673140525818,0.5427800103635152,1.0,0.0,0.364296201677113,None
290,0.9401087164878845,0.7310585975646973,1.760434865951538,0.9242343902587891,[0.1000 0.1000 0.1000 0.1000 0.1000 0.1000 0.1000],[0.0000 0.0000 0.0000 0.0000 0.0000 0.0000 0.0000],0.6711673140525818,0.5427800103635152,1.0,0.0,0.364296201677113,None
290,0.9401087164878845,0.7310585975646973,1.760434865951538,0.9242343902587891,[0.1000 0.1000 0.1000 0.1000 0.1000 0.1000 0.1000],[0.0000 0.0000 0.0000 0.0000 0.0000 0.0000 0.0000],0.6711673140525818,0.5427800103635152,1.0,0.0,0.364296201677113,None
290,0.9401087164878845,0.7310585975646973,1.760434865951538,0.9242343902587891,[0.1000 0.1000 0.1000 0.1000 0.1000 0.1000 0.1000],[0.0000 0.0000 0.0000 0.0000 0.0000 0.0000 0.0000],0.6711673140525818,0.5427800103635152,1.0,0.0,0.364296201677113,None
290,0.9401087164878845,0.7310585975646973,1.760434865951538,0.9242343902587891,[0.1000 0.1000 0.1000 0.1000 0.1000 0.1000 0.1000],[0.0000 0.0000 0.0000 0.0000 0.0000 0.0000 0.0000],0.6711673140525818,0.5427800103635152,1.0,0.0,0.364296201677113,None
290,0.9401087164878845,0.7310585975646973,1.760434865951538,0.9242343902587891,[0.1000 0.1000 0.1000 0.1000 0.1000 0.1000 0.1000],[0.0000 0.0000 0.0000 0.0000 0.0000 0.0000 0.0000],0.6711673140525818,0.5427800103635152,1.0,0.0,0.364296201677113,None
290,0.9401087164878845,0.7310585975646973,1.760434865951538,0.9242343902587891,[0.1000 0.1000 0.1000 0.1000 0.1000 0.1000 0.1000],[0.0000 0.0000 0.0000 0.0000 0.0000 0.0000 0.0000],0.6711673140525818,0.5427800103635152,1.0,0.0,0.364296201677113,None
290,0.9401087164878845,0.7310585975646973,1.760434865951538,0.9242343902587891,[0.1000 0.1000 0.1000 0.1000 0.1000 0.1000 0.1000],[0.0000 0.0000 0.0000 0.0000 0.0000 0.0000 0.0000],0.6711673140525818,0.5427800103635152,1.0,0.0,0.364296201677113,None
290,0.9401087164878845,0.7310585975646973,1.760434865951538,0.9242343902587891,[0.1000 0.1000 0.1000 0.1000 0.1000 0.1000 0.1000],[0.0000 0.0000 0.0000 0.0000 0.0000 0.0000 0.0000],0.6711673140525818,0.5427800103635152,1.0,0.0,0.364296201677113,None
290,0.9401087164878845,0.7310585975646973,1.760434865951538,0.9242343902587891,[0.1000 0.1000 0.1000 0.1000 0.1000 0.1000 0.1000],[0.0000 0.0000 0.0000 0.0000 0.0000 0.0000 0.0000],0.6711673140525818,0.5427800103635152,1.0,0.0,0.364296201677113,None
290,0.9401087164878845,0.7310585975646973,1.760434865951538,0.9242343902587891,[0.1000 0.1000 0.1000 0.1000 0.1000 0.1000 0.1000],[0.0000 0.0000 0.0000 0.0000 0.0000 0.0000 0.0000],0.6711673140525818,0.5427800103635152,1.0,0.0,0.364296201677113,None
290,0.9401087164878845,0.7310585975646973,1.760434865951538,0.9242343902587891,[0.1000 0.1000 0.1000 0.1000 0.1000 0.1000 0.1000],[0.0000 0.0000 0.0000 0.0000 0.0000 0.0000 0.0000],0.6711673140525818,0.5427800103635152,1.0,0.0,0.364296201677113,None
290,0.9401087164878845,0.7310585975646973,1.760434865951538,0.9242343902587891,[0.1000 0.1000 0.1000 0.1000 0.1000 0.1000 0.1000],[0.0000 0.0000 0.0000 0.0000 0.0000 0.0000 0.0000],0.6711673140525818,0.5427800103635152,1.0,0.0,0.364296201677113,None
290,0.9401087164878845,0.7310585975646973,1.760434865951538,0.9242343902587891,[0.1000 0.1000 0.1000 0.1000 0.1000 0.1000 0.1000],[0.0000 0.0000 0.0000 0.0000 0.0000 0.0000 0.0000],0.6711673140525818,0.5427800103635152,1.0,0.0,0.364296201677113,None
290,0.9401087164878845,0.7310585975646973,1.760434865951538,0.9242343902587891,[0.1000 0.1000 0.1000 0.1000 0.1000 0.1000 0.1000],[0.0000 0.0000 0.0000 0.0000 0.0000 0.0000 0.0000],0.6711673140525818,0.5427800103635152,1.0,0.0,0.364296201677113,None
290,0.9401087164878845,0.7310585975646973,1.760434865951538,0.9242343902587891,[0.1000 0.1000 0.1000 0.1000 0.1000 0.1000 0.1000],[0.0000 0.0000 0.0000 0.0000 0.0000 0.0000 0.0000],0.6711673140525818,0.5427800103635152,1.0,0.0,0.364296201677113,None
290,0.9401087164878845,0.7310585975646973,1.760434865951538,0.9242343902587891,[0.1000 0.1000 0.1000 0.1000 0.1000 0.1000 0.1000],[0.0000 0.0000 0.0000 0.0000 0.0000 0.0000 0.0000],0.6711673140525818,0.5427800103635152,1.0,0.0,0.364296201677113,None
290,0.9401087164878845,0.7310585975646973,1.760434865951538,0.9242343902587891,[0.1000 0.1000 0.1000 0.1000 0.1000 0.1000 0.1000],[0.0000 0.0000 0.0000 0.0000 0.0000 0.0000 0.0000],0.6711673140525818,0.5427800103635152,1.0,0.0,0.364296201677113,None
290,0.9401087164878845,0.7310585975646973,1.760434865951538,0.9242343902587891,[0.1000 0.1000 0.1000 0.1000 0.1000 0.1000 0.1000],[0.0000 0.0000 0.0000 0.0000 0.0000 0.0000 0.0000],0.6711673140525818,0.5427800103635152,1.0,0.0,0.364296201677113,None
290,0.9401087164878845,0.7310585975646973,1.760434865951538,0.9242343902587891,[0.1000 0.1000 0.1000 0.1000 0.1000 0.1000 0.1000],[0.0000 0.0000 0.0000 0.0000 0.0000 0.0000 0.0000],0.6711673140525818,0.5427800103635152,1.0,0.0,0.364296201677113,None
290,0.9401087164878845,0.7310585975646973,1.760434865951538,0.9242343902587891,[0.1000 0.1000 0.1000 0.1000 0.1000 0.1000 0.1000],[0.0000 0.0000 0.0000 0.0000 0.0000 0.0000 0.0000],0.6711673140525818,0.5427800103635152,1.0,0.0,0.364296201677113,None
290,0.9401087164878845,0.7310585975646973,1.760434865951538,0.9242343902587891,[0.1000 0.1000 0.1000 0.1000 0.1000 0.1000 0.1000],[0.0000 0.0000 0.0000 0.0000 0.0000 0.0000 0.0000],0.6711673140525818,0.5427800103635152,1.0,0.0,0.364296201677113,None
290,0.9401087164878845,0.7310585975646973,1.760434865951538,0.9242343902587891,[0.1000 0.1000 0.1000 0.1000 0.1000 0.1000 0.1000],[0.0000 0.0000 0.0000 0.0000 0.0000 0.0000 0.0000],0.6711673140525818,0.5427800103635152,1.0,0.0,0.364296201677113,None
290,0.9401087164878845,0.7310585975646973,1.760434865951538,0.9242343902587891,[0.1000 0.1000 0.1000 0.1000 0.1000 0.1000 0.1000],[0.0000 0.0000 0.0000 0.0000 0.0000 0.0000 0.0000],0.6711673140525818,0.5427800103635152,1.0,0.0,0.364296201677113,None
290,0.9401087164878845,0.7310585975646973,1.760434865951538,0.9242343902587891,[0.1000 0.1000 0.1000 0.1000 0.1000 0.1000 0.1000],[0.0000 0.0000 0.0000 0.0000 0.0000 0.0000 0.0000],0.6711673140525818,0.5427800103635152,1.0,0.0,0.364296201677113,None
290,0.9401087164878845,0.7310585975646973,1.760434865951538,0.9242343902587891,[0.1000 0.1000 0.1000 0.1000 0.1000 0.1000 0.1000],[0.0000 0.0000 0.0000 0.0000 0.0000 0.0000 0.0000],0.6711673140525818,0.5427800103635152,1.0,0.0,0.364296201677113,None
290,0.9401087164878845,0.7310585975646973,1.760434865951538,0.9242343902587891,[0.1000 0.1000 0.1000 0.1000 0.1000 0.1000 0.1000],[0.0000 0.0000 0.0000 0.0000 0.0000 0.0000 0.0000],0.6711673140525818,0.5427800103635152,1.0,0.0,0.364296201677113,None
290,0.9401087164878845,0.7310585975646973,1.760434865951538,0.9242343902587891,[0.1000 0.1000 0.1000 0.1000 0.1000 0.1000 0.1000],[0.0000 0.0000 0.0000 0.0000 0.0000 0.0000 0.0000],0.6711673140525818,0.5427800103635152,1.0,0.0,0.364296201677113,None
290,0.9401087164878845,0.7310585975646973,1.760434865951538,0.9242343902587891,[0.1000 0.1000 0.1000 0.1000 0.1000 0.1000 0.1000],[0.0000 0.0000 0.0000 0.0000 0.0000 0.0000 0.0000],0.6711673140525818,0.5427800103635152,1.0,0.0,0.364296201677113,None
290,0.9401087164878845,0.7310585975646973,1.760434865951538,0.9242343902587891,[0.1000 0.1000 0.1000 0.1000 0.1000 0.1000 0.1000],[0.0000 0.0000 0.0000 0.0000 0.0000 0.0000 0.0000],0.6711673140525818,0.5427800103635152,1.0,0.0,0.364296201677113,None
290,0.9401087164878845,0.7310585975646973,1.760434865951538,0.9242343902587891,[0.1000 0.1000 0.1000 0.1000 0.1000 0.1000 0.1000],[0.0000 0.0000 0.0000 0.0000 0.0000 0.0000 0.0000],0.6711673140525818,0.5427800103635152,1.0,0.0,0.364296201677113,None
290,0.9401087164878845,0.7310585975646973,1.760434865951538,0.9242343902587891,[0.1000 0.1000 0.1000 0.1000 0.1000 0.1000 0.1000],[0.0000 0.0000 0.0000 0.0000 0.0000 0.0000 0.0000],0.6711673140525818,0.5427800103635152,1.0,0.0,0.364296201677113,None
290,0.9401087164878845,0.7310585975646973,1.760434865951538,0.9242343902587891,[0.1000 0.1000 0.1000 0.1000 0.1000 0.1000 0.1000],[0.0000 0.0000 0.0000 0.0000 0.0000 0.0000 0.0000],0.6711673140525818,0.5427800103635152,1.0,0.0,0.364296201677113,None
290,0.9401087164878845,0.7310585975646973,1.760434865951538,0.9242343902587891,[0.1000 0.1000 0.1000 0.1000 0.1000 0.1000 0.1000],[0.0000 0.0000 0.0000 0.0000 0.0000 0.0000 0.0000],0.6711673140525818,0.5427800103635152,1.0,0.0,0.364296201677113,None
290,0.9401087164878845,0.7310585975646973,1.760434865951538,0.9242343902587891,[0.1000 0.1000 0.1000 0.1000 0.1000 0.1000 0.1000],[0.0000 0.0000 0.0000 0.0000 0.0000 0.0000 0.0000],0.6711673140525818,0.5427800103635152,1.0,0.0,0.364296201677113,None
290,0.9401087164878845,0.7310585975646973,1.760434865951538,0.9242343902587891,[0.1000 0.1000 0.1000 0.1000 0.1000 0.1000 0.1000],[0.0000 0.0000 0.0000 0.0000 0.0000 0.0000 0.0000],0.6711673140525818,0.5427800103635152,1.0,0.0,0.364296201677113,None
290,0.9401087164878845,0.7310585975646973,1.760434865951538,0.9242343902587891,[0.1000 0.1000 0.1000 0.1000 0.1000 0.1000 0.1000],[0.0000 0.0000 0.0000 0.0000 0.0000 0.0000 0.0000],0.6711673140525818,0.5427800103635152,1.0,0.0,0.364296201677113,None
290,0.9401087164878845,0.7310585975646973,1.760434865951538,0.9242343902587891,[0.1000 0.1000 0.1000 0.1000 0.1000 0.1000 0.1000],[0.0000 0.0000 0.0000 0.0000 0.0000 0.0000 0.0000],0.6711673140525818,0.5427800103635152,1.0,0.0,0.364296201677113,None
290,0.9401087164878845,0.7310585975646973,1.760434865951538,0.9242343902587891,[0.1000 0.1000 0.1000 0.1000 0.1000 0.1000 0.1000],[0.0000 0.0000 0.0000 0.0000 0.0000 0.0000 0.0000],0.6711673140525818,0.5427800103635152,1.0,0.0,0.364296201677113,None
290,0.9401087164878845,0.7310585975646973,1.760434865951538,0.9242343902587891,[0.1000 0.1000 0.1000 0.1000 0.1000 0.1000 0.1000],[0.0000 0.0000 0.0000 0.0000 0.0000 0.0000 0.0000],0.6711673140525818,0.5427800103635152,1.0,0.0,0.364296201677113,None
290,0.9401087164878845,0.7310585975646973,1.760434865951538,0.9242343902587891,[0.1000 0.1000 0.1000 0.1000 0.1000 0.1000 0.1000],[0.0000 0.0000 0.0000 0.0000 0.0000 0.0000 0.0000],0.6711673140525818,0.5427800103635152,1.0,0.0,0.364296201677113,None
290,0.9401087164878845,0.7310585975646973,1.760434865951538,0.9242343902587891,[0.1000 0.1000 0.1000 0.1000 0.1000 0.1000 0.1000],[0.0000 0.0000 0.0000 0.0000 0.0000 0.0000 0.0000],0.6711673140525818,0.5427800103635152,1.0,0.0,0.364296201677113,None
290,0.9392364621162415,0.7310585975646973,1.7569458484649658,0.9242343902587891,[0.1073 0.1000 0.1000 0.1000 0.1000 0.1000 0.1000],[-0.0734 0.0000 0.0000 0.0000 0.0000 0.0000 0.0000],0.6702950596809387,0.5437348747147727,1.0,0.0,0.3644628002975463,None
290,0.9393529891967773,0.7310585975646973,1.7574119567871094,0.9242343902587891,[0.1064 0.1000 0.1000 0.1000 0.1000 0.1000 0.1000],[-0.0638 0.0000 0.0000 0.0000 0.0000 0.0000 0.0000],0.6704115867614746,0.5436071959023893,1.0,0.0,0.3644405627798766,None
290,0.9394688010215759,0.7310585975646973,1.7578752040863037,0.9242343902587891,[0.1054 0.1000 0.1000 0.1000 0.1000 0.1000 0.1000],[-0.0541 0.0000 0.0000 0.0000 0.0000 0.0000 0.0000],0.6705273985862732,0.543480336177204,1.0,0.0,0.36441845599969386,None
290,0.9395730495452881,0.7310585975646973,1.7582921981811523,0.9242343902587891,[0.1045 0.1000 0.1000 0.1000 0.1000 0.1000 0.1000],[-0.0454 0.0000 0.0000 0.0000 0.0000 0.0000 0.0000],0.6706316471099854,0.5433661729781829,1.0,0.0,0.364398551568208,None
290,0.939673900604248,0.7310585975646973,1.7586956024169922,0.9242343902587891,[0.1037 0.1000 0.1000 0.1000 0.1000 0.1000 0.1000],[-0.0370 0.0000 0.0000 0.0000 0.0000 0.0000 0.0000],0.6707324981689453,0.5432557575189909,1.0,0.0,0.36437929138537556,None
290,0.9397745132446289,0.7310585975646973,1.7590980529785156,0.9242343902587891,[0.1028 0.1000 0.1000 0.1000 0.1000 0.1000 0.1000],[-0.0285 0.0000 0.0000 0.0000 0.0000 0.0000 0.0000],0.6708331108093262,0.5431456296806042,1.0,0.0,0.36436007238113,None
290,0.9398772120475769,0.7310585975646973,1.7595088481903076,0.9242343902587891,[0.1020 0.1000 0.1000 0.1000 0.1000 0.1000 0.1000],[-0.0198 0.0000 0.0000 0.0000 0.0000 0.0000 0.0000],0.6709358096122742,0.5430332457575501,1.0,0.0,0.3643404503887229,None
290,0.9399813413619995,0.7310585975646973,1.759925365447998,0.9242343902587891,[0.1011 0.1000 0.1000 0.1000 0.1000 0.1000 0.1000],[-0.0109 0.0000 0.0000 0.0000 0.0000 0.0000 0.0000],0.6710399389266968,0.542919324629336,1.0,0.0,0.3643205504413931,None
290,0.9400756359100342,0.7310585975646973,1.7603025436401367,0.9242343902587891,[0.1003 0.1000 0.1000 0.1000 0.1000 0.1000 0.1000],[-0.0028 0.0000 0.0000 0.0000 0.0000 0.0000 0.0000],0.6711342334747314,0.5428161875729447,1.0,0.0,0.3643025259644443,None
290,0.9401761293411255,0.7310585975646973,1.760704517364502,0.9242343902587891,[0.0994 0.1000 0.1000 0.1000 0.1000 0.1000 0.1000],[0.0058 0.0000 0.0000 0.0000 0.0000 0.0000 0.0000],0.6712347269058228,0.5427062959361586,0.9941879659891129,0.0058120340108872015,0.3621660853418432,None
290,0.9402748942375183,0.7310585975646973,1.7610995769500732,0.9242343902587891,[0.0986 0.1000 0.1000 0.1000 0.1000 0.1000 0.1000],[0.0144 0.0000 0.0000 0.0000 0.0000 0.0000 0.0000],0.6713334918022156,0.542598320212069,0.9856387227773666,0.014361277222633417,0.3590331225648777,None
290,0.9403682947158813,0.7310585975646973,1.7614731788635254,0.9242343902587891,[0.0978 0.1000 0.1000 0.1000 0.1000 0.1000 0.1000],[0.0225 0.0000 0.0000 0.0000 0.0000 0.0000 0.0000],0.6714268922805786,0.5424962326371683,0.9775150567293167,0.022484943270683344,0.3560564963253938,None
290,0.9404594898223877,0.7310585975646973,1.7618379592895508,0.9242343902587891,[0.0970 0.1000 0.1000 0.1000 0.1000 0.1000 0.1000],[0.0305 0.0000 0.0000 0.0000 0.0000 0.0000 0.0000],0.671518087387085,0.5423965775284341,0.9695316106081009,0.030468389391899164,0.3531316379243347,None
290,0.9405416250228882,0.7310585975646973,1.7621665000915527,0.9242343902587891,[0.0962 0.1000 0.1000 0.1000 0.1000 0.1000 0.1000],[0.0377 0.0000 0.0000 0.0000 0.0000 0.0000 0.0000],0.6716002225875854,0.5423068413683783,0.9623128175735474,0.03768718242645269,0.35048721870016414,None
290,0.9406239986419678,0.7310585975646973,1.762495994567871,0.9242343902587891,[0.0955 0.1000 0.1000 0.1000 0.1000 0.1000 0.1000],[0.0450 0.0000 0.0000 0.0000 0.0000 0.0000 0.0000],0.671682596206665,0.5422168623930426,0.9550447016954422,0.044955298304557856,0.3478250167479571,None
290,0.9407086968421936,0.7310585975646973,1.7628347873687744,0.9242343902587891,[0.0948 0.1000 0.1000 0.1000 0.1000 0.1000 0.1000],[0.0525 0.0000 0.0000 0.0000 0.0000 0.0000 0.0000],0.6717672944068909,0.5421243626512802,0.947524905204773,0.052475094795227106,0.3450709619857175,None
290,0.9407903552055359,0.7310585975646973,1.7631614208221436,0.9242343902587891,[0.0940 0.1000 0.1000 0.1000 0.1000 0.1000 0.1000],[0.0598 0.0000 0.0000 0.0000 0.0000 0.0000 0.0000],0.6718489527702332,0.5420352004347511,0.9402451664209366,0.05975483357906347,0.34240511609143526,None
290,0.9408730864524841,0.7310585975646973,1.7634923458099365,0.9242343902587891,[0.0933 0.1000 0.1000 0.1000 0.1000 0.1000 0.1000],[0.0672 0.0000 0.0000 0.0000 0.0000 0.0000 0.0000],0.6719316840171814,0.5419448844431635,0.9328363090753555,0.06716369092464453,0.33969228490535003,None
290,0.9409583806991577,0.7310585975646973,1.7638335227966309,0.9242343902587891,[0.0925 0.1000 0.1000 0.1000 0.1000 0.1000 0.1000],[0.0748 0.0000 0.0000 0.0000 0.0000 0.0000 0.0000],0.672016978263855,0.5418517891179095,0.9251685440540314,0.07483145594596868,0.33688495439412847,None
290,0.941037654876709,0.7310585975646973,1.764150619506836,0.9242343902587891,[0.0918 0.1072 0.1000 0.1000 0.1000 0.1000 0.1000],[0.0817 -0.0723 0.0000 0.0000 0.0000 0.0000 0.0000],0.6720962524414062,0.5417652814200874,0.9183067083358765,0.08169329166412359,0.3343723834402221,None
290,0.9411198496818542,0.7310585975646973,1.764479398727417,0.9242343902587891,[0.0911 0.1059 0.1000 0.1000 0.1000 0.1000 0.1000],[0.0892 -0.0595 0.0000 0.0000 0.0000 0.0000 0.0000],0.6721784472465515,0.5416756038381145,0.9107799828052521,0.08922001719474798,0.33161742015137,None
290,0.9412016272544861,0.7310585975646973,1.7648065090179443,0.9242343902587891,[0.0903 0.1047 0.1000 0.1000 0.1000 0.1000 0.1000],[0.0967 -0.0469 0.0000 0.0000 0.0000 0.0000 0.0000],0.6722602248191833,0.5415863988822007,0.9032661467790604,0.09673385322093969,0.328867456408042,None
290,0.9412832260131836,0.7310585975646973,1.7651329040527344,0.9242343902587891,[0.0896 0.1034 0.1000 0.1000 0.1000 0.1000 0.1000],[0.1043 -0.0344 0.0000 0.0000 0.0000 0.0000 0.0000],0.6723418235778809,0.5414974062794341,0.8957252651453018,0.10427473485469824,0.32610790973571296,None
290,0.941364049911499,0.7310585975646973,1.765456199645996,0.9242343902587891,[0.0888 0.1022 0.1000 0.1000 0.1000 0.1000 0.1000],[0.1118 -0.0220 0.0000 0.0000 0.0000 0.0000 0.0000],0.6724226474761963,0.5414092757732645,0.8882256597280502,0.11177434027194982,0.32336375516830523,None
290,0.9414412975311279,0.7310585975646973,1.7657651901245117,0.9242343902587891,[0.0881 0.1011 0.1000 0.1000 0.1000 0.1000 0.1000],[0.1190 -0.0114 0.0000 0.0000 0.0000 0.0000 0.0000],0.6724998950958252,0.5413250606732142,0.8810270577669144,0.11897294223308569,0.3207300121179198,None
290,0.9415176510810852,0.7310585975646973,1.7660706043243408,0.9242343902587891,[0.0874 0.0999 0.1000 0.1000 0.1000 0.1000 0.1000],[0.1261 0.0006 0.0000 0.0000 0.0000 0.0000 0.0000],0.6725762486457825,0.5412418354771351,0.8738673478364944,0.1261326521635056,0.3181107876076599,None
290,0.9415938854217529,0.7310585975646973,1.7663755416870117,0.9242343902587891,[0.0867 0.0987 0.1000 0.1000 0.1000 0.1000 0.1000],[0.1333 0.0126 0.0000 0.0000 0.0000 0.0000 0.0000],0.6726524829864502,0.5411587552790664,0.86668461561203,0.13331538438797003,0.3154834099987699,None
290,0.9416698813438416,0.7310585975646973,1.7666795253753662,0.9242343902587891,[0.0859 0.0976 0.1000 0.1000 0.1000 0.1000 0.1000],[0.1405 0.0243 0.0000 0.0000 0.0000 0.0000 0.0000],0.6727284789085388,0.5410759498793463,0.8594947308301926,0.1405052691698075,0.31285367606981157,None
290,0.9417450428009033,0.7310585975646973,1.7669801712036133,0.9242343902587891,[0.0852 0.0964 0.1000 0.1000 0.1000 0.1000 0.1000],[0.1476 0.0359 0.0000 0.0000 0.0000 0.0000 0.0000],0.6728036403656006,0.5409940684084724,0.8523526787757874,0.1476473212242127,0.3102416964032662,None
290,0.9418194890022278,0.7310585975646973,1.7672779560089111,0.9242343902587891,[0.0845 0.0953 0.1000 0.1000 0.1000 0.1000 0.1000],[0.1548 0.0475 0.0000 0.0000 0.0000 0.0000 0.0000],0.672878086566925,0.5409129805390589,0.8452478796243668,0.1547521203756333,0.30764359555887827,None
290,0.9418949484825134,0.7310585975646973,1.7675797939300537,0.9242343902587891,[0.0838 0.0941 0.1000 0.1000 0.1000 0.1000 0.1000],[0.1620 0.0585 0.0000 0.0000 0.0000 0.0000 0.0000],0.6729535460472107,0.540830803605233,0.8380063623189926,0.16199363768100744,0.3049957735393678,None
290,0.9419621229171753,0.7310585975646973,1.7678484916687012,0.9242343902587891,[0.0832 0.0931 0.1000 0.1000 0.1000 0.1000 0.1000],[0.1685 0.0694 0.0000 0.0000 0.0000 0.0000 0.0000],0.6730207204818726,0.5407576616289849,0.8315255492925644,0.16847445070743566,0.3026263322640501,None
290,0.9420303702354431,0.7310585975646973,1.7681214809417725,0.9242343902587891,[0.0825 0.0919 0.1000 0.1000 0.1000 0.1000 0.1000],[0.1751 0.0812 0.0000 0.0000 0.0000 0.0000 0.0000],0.6730889678001404,0.5406833633856206,0.824911817908287,0.175088182091713,0.3002085138156595,None
290,0.942098081111908,0.7310585975646973,1.7683923244476318,0.9242343902587891,[0.0818 0.0907 0.1000 0.1000 0.1000 0.1000 0.1000],[0.1817 0.0926 0.0000 0.0000 0.0000 0.0000 0.0000],0.6731566786766052,0.5406096610210325,0.8183280378580093,0.18167196214199072,0.2978018510668123,None
290,0.9421631693840027,0.7310585975646973,1.7686526775360107,0.9242343902587891,[0.0812 0.0896 0.1000 0.1000 0.1000 0.1000 0.1000],[0.1880 0.1037 0.0000 0.0000 0.0000 0.0000 0.0000],0.6732217669487,0.5405388244701133,0.8119677752256393,0.1880322247743607,0.29547710536545113,None
290,0.9422322511672974,0.7310585975646973,1.7689290046691895,0.9242343902587891,[0.0805 0.0885 0.1000 0.1000 0.1000 0.1000 0.1000],[0.1948 0.1147 0.0000 0.0000 0.0000 0.0000 0.0000],0.6732908487319946,0.5404636536653492,0.8051863312721252,0.1948136687278748,0.29299863577206303,None
290,0.9422974586486816,0.7310585975646973,1.7691898345947266,0.9242343902587891,[0.0799 0.0875 0.1000 0.1000 0.1000 0.1000 0.1000],[0.2012 0.1246 0.0000 0.0000 0.0000 0.0000 0.0000],0.6733560562133789,0.540392709931637,0.7987666130065918,0.20123338699340826,0.2906525623789461,None
290,0.942356526851654,0.7310585975646973,1.7694261074066162,0.9242343902587891,[0.0793 0.0865 0.1000 0.1000 0.1000 0.1000 0.1000],[0.2071 0.1347 0.0000 0.0000 0.0000 0.0000 0.0000],0.6734151244163513,0.5403284549953556,0.7929186522960663,0.20708134770393377,0.28851562590982077,None
290,0.9424135684967041,0.7310585975646973,1.7696542739868164,0.9242343902587891,[0.0787 0.0855 0.1000 0.1000 0.1000 0.1000 0.1000],[0.2128 0.1447 0.0000 0.0000 0.0000 0.0000 0.0000],0.6734721660614014,0.5402664130912265,0.7872457802295685,0.21275421977043157,0.28644283430651185,None
290,0.9424684047698975,0.7310585975646973,1.7698736190795898,0.9242343902587891,[0.0782 0.0846 0.1000 0.1000 0.1000 0.1000 0.1000],[0.2182 0.1540 0.0000 0.0000 0.0000 0.0000 0.0000],0.6735270023345947,0.5402067777737474,0.7817703485488892,0.2182296514511109,0.28444233474116515,None
290,0.9425243139266968,0.7310585975646973,1.770097255706787,0.9242343902587891,[0.0776 0.0836 0.1000 0.1000 0.1000 0.1000 0.1000],[0.2238 0.1637 0.0000 0.0000 0.0000 0.0000 0.0000],0.673582911491394,0.5401459836404606,0.7761684060096741,0.22383159399032598,0.28239576061103827,None
290,0.9425860643386841,0.7310585975646973,1.7703442573547363,0.9242343902587891,[0.0770 0.0826 0.1000 0.1000 0.1000 0.1000 0.1000],[0.2300 0.1740 0.0000 0.0000 0.0000 0.0000 0.0000],0.6736446619033813,0.5400788472205407,0.7699648290872574,0.23003517091274267,0.28012955305170784,None
290,0.9426441192626953,0.7310585975646973,1.7705764770507812,0.9242343902587891,[0.0764 0.0816 0.1000 0.1000 0.1000 0.1000 0.1000],[0.2359 0.1842 0.0000 0.0000 0.0000 0.0000 0.0000],0.6737027168273926,0.5400157375539919,0.7641097903251648,0.23589020967483526,0.2779908359388606,None
290,0.9427016377449036,0.7310585975646973,1.7708065509796143,0.9242343902587891,[0.0758 0.0806 0.1000 0.1000 0.1000 0.1000 0.1000],[0.2417 0.1943 0.0000 0.0000 0.0000 0.0000 0.0000],0.6737602353096008,0.5399532195741326,0.7582733780145645,0.24172662198543554,0.2758591029241278,None
290,0.9418302774429321,0.7310585975646973,1.7673211097717285,0.9242343902587891,[0.0752 0.0796 0.1068 0.1000 0.1000 0.1000 0.1000],[0.2475 0.2043 -0.0683 0.0000 0.0000 0.0000 0.0000],0.6728888750076294,0.5409012308029624,0.7524605840444565,0.24753941595554357,0.27387038548139164,None
290,0.9421321153640747,0.7310585975646973,1.7685284614562988,0.9242343902587891,[0.0747 0.0786 0.1050 0.1000 0.1000 0.1000 0.1000],[0.2530 0.2137 -0.0502 0.0000 0.0000 0.0000 0.0000],0.673190712928772,0.5405726196672891,0.7469754666090012,0.2530245333909989,0.2718306971073122,None
290,0.9424111247062683,0.7310585975646973,1.7696444988250732,0.9242343902587891,[0.0742 0.0777 0.1033 0.1000 0.1000 0.1000 0.1000],[0.2582 0.2226 -0.0334 0.0000 0.0000 0.0000 0.0000],0.6734697222709656,0.540269070932169,0.7418087124824524,0.25819128751754766,0.2699107060818547,None
290,0.9427056908607483,0.7310585975646973,1.7708227634429932,0.9242343902587891,[0.0737 0.0768 0.1015 0.1000 0.1000 0.1000 0.1000],[0.2635 0.2319 -0.0155 0.0000 0.0000 0.0000 0.0000],0.6737642884254456,0.5399488144825066,0.7365375012159348,0.2634624987840653,0.2679510383694352,None
290,0.9430127143859863,0.7310585975646973,1.7720508575439453,0.9242343902587891,[0.0731 0.0758 0.0997 0.1000 0.1000 0.1000 0.1000],[0.2690 0.2417 0.0033 0.0000 0.0000 0.0000 0.0000],0.6740713119506836,0.5396152513155013,0.730988159775734,0.2690118402242661,0.2658890195012409,None
290,0.9433090686798096,0.7310585975646973,1.7732362747192383,0.9242343902587891,[0.0726 0.0749 0.0978 0.1000 0.1000 0.1000 0.1000],[0.2745 0.2513 0.0215 0.0000 0.0000 0.0000 0.0000],0.6743676662445068,0.5392935087117696,0.7255052775144577,0.27449472248554235,0.2638532864358185,None
290,0.9435873031616211,0.7310585975646973,1.7743492126464844,0.9242343902587891,[0.0719 0.0739 0.0962 0.1000 0.1000 0.1000 0.1000],[0.2808 0.2607 0.0379 0.0000 0.0000 0.0000 0.0000],0.6746459007263184,0.5389916425953605,0.7192058116197586,0.28079418838024145,0.2615237320547735,None
290,0.9438582062721252,0.7310585975646973,1.775432825088501,0.9242343902587891,[0.0713 0.0730 0.0946 0.1000 0.1000 0.1000 0.1000],[0.2866 0.2699 0.0541 0.0000 0.0000 0.0000 0.0000],0.6749168038368225,0.5386979203304758,0.7133954018354416,0.28660459816455847,0.259373645386081,None
290,0.9441428184509277,0.7310585975646973,1.776571273803711,0.9242343902587891,[0.0708 0.0721 0.0928 0.1000 0.1000 0.1000 0.1000],[0.2923 0.2795 0.0717 0.0000 0.0000 0.0000 0.0000],0.675201416015625,0.5383895355538065,0.707741379737854,0.29225862026214605,0.25727912076218185,None
290,0.944426953792572,0.7310585975646973,1.777707815170288,0.9242343902587891,[0.0702 0.0711 0.0911 0.1000 0.1000 0.1000 0.1000],[0.2981 0.2891 0.0892 0.0000 0.0000 0.0000 0.0000],0.6754855513572693,0.5380818728087469,0.701947957277298,0.2980520427227021,0.2551345886438972,None
290,0.9446913599967957,0.7310585975646973,1.7787654399871826,0.9242343902587891,[0.0697 0.0702 0.0894 0.1000 0.1000 0.1000 0.1000],[0.3033 0.2981 0.1057 0.0000 0.0000 0.0000 0.0000],0.6757499575614929,0.5377957567999853,0.6966744363307953,0.30332556366920477,0.2531822606339863,None
290,0.9449501633644104,0.7310585975646973,1.7798006534576416,0.9242343902587891,[0.0692 0.0693 0.0878 0.1000 0.1000 0.1000 0.1000],[0.3085 0.3070 0.1220 0.0000 0.0000 0.0000 0.0000],0.6760087609291077,0.5375158750835731,0.6915026903152466,0.3084973096847535,0.25126817980815785,None
290,0.9451838731765747,0.7310585975646973,1.7807354927062988,0.9242343902587891,[0.0687 0.0685 0.0863 0.1000 0.1000 0.1000 0.1000],[0.3132 0.3151 0.1368 0.0000 0.0000 0.0000 0.0000],0.676242470741272,0.5372632761365514,0.6849174201488495,0.31508257985115057,0.24884436509401903,None
290,0.9454071521759033,0.7310585975646973,1.7816286087036133,0.9242343902587891,[0.0682 0.0677 0.0849 0.1000 0.1000 0.1000 0.1000],[0.3179 0.3229 0.1508 0.0000 0.0000 0.0000 0.0000],0.6764657497406006,0.5370220797800331,0.6770620495080948,0.32293795049190527,0.2459610998318411,None
290,0.9456287026405334,0.7310585975646973,1.7825148105621338,0.9242343902587891,[0.0676 0.0669 0.0836 0.1000 0.1000 0.1000 0.1000],[0.3238 0.3312 0.1639 0.0000 0.0000 0.0000 0.0000],0.6766873002052307,0.536782874802932,0.6687643378973007,0.33123566210269934,0.24291804873342257,None
290,0.9458719491958618,0.7310585975646973,1.7834877967834473,0.9242343902587891,[0.0671 0.0660 0.0821 0.1000 0.1000 0.1000 0.1000],[0.3290 0.3399 0.1794 0.0000 0.0000 0.0000 0.0000],0.6769305467605591,0.5365203870382598,0.6600647419691086,0.3399352580308915,0.2397269591484134,None
290,0.946105420589447,0.7310585975646973,1.784421682357788,0.9242343902587891,[0.0666 0.0652 0.0806 0.1000 0.1000 0.1000 0.1000],[0.3340 0.3484 0.1943 0.0000 0.0000 0.0000 0.0000],0.6771640181541443,0.5362685874078081,0.6516432017087936,0.3483567982912064,0.23663887966055655,None
290,0.946302056312561,0.7310585975646973,1.7852082252502441,0.9242343902587891,[0.0662 0.0644 0.0793 0.1000 0.1000 0.1000 0.1000],[0.3382 0.3555 0.2070 0.0000 0.0000 0.0000 0.0000],0.6773606538772583,0.5360566211832916,0.6444969028234482,0.3555030971765519,0.23401918649089426,None
290,0.9465227723121643,0.7310585975646973,1.7860910892486572,0.9242343902587891,[0.0657 0.0637 0.0779 0.1000 0.1000 0.1000 0.1000],[0.3427 0.3635 0.2215 0.0000 0.0000 0.0000 0.0000],0.6775813698768616,0.5358188125877277,0.636507049202919,0.36349295079708105,0.23109078715688314,None
290,0.9467241168022156,0.7310585975646973,1.7868964672088623,0.9242343902587891,[0.0653 0.0629 0.0766 0.1000 0.1000 0.1000 0.1000],[0.3473 0.3710 0.2345 0.0000 0.0000 0.0000 0.0000],0.6777827143669128,0.5356019818759792,0.629018172621727,0.37098182737827307,0.22834728730272505,None
290,0.9469346404075623,0.7310585975646973,1.787738561630249,0.9242343902587891,[0.0646 0.0621 0.0753 0.1000 0.1000 0.1000 0.1000],[0.3536 0.3794 0.2470 0.0000 0.0000 0.0000 0.0000],0.6779932379722595,0.5353753742612591,0.6206390634179115,0.3793609365820885,0.22528011559018354,None
290,0.9471386075019836,0.7310585975646973,1.7885544300079346,0.9242343902587891,[0.0642 0.0613 0.0739 0.1000 0.1000 0.1000 0.1000],[0.3579 0.3870 0.2605 0.0000 0.0000 0.0000 0.0000],0.6781972050666809,0.5351559294373152,0.6130382791161537,0.38696172088384634,0.2224968827650805,None
290,0.9473369717597961,0.7310585975646973,1.7893478870391846,0.9242343902587891,[0.0638 0.0606 0.0726 0.1000 0.1000 0.1000 0.1000],[0.3622 0.3944 0.2737 0.0000 0.0000 0.0000 0.0000],0.6783955693244934,0.5349426119336466,0.6055661663413048,0.3944338336586953,0.21976159544873888,None
290,0.9475284814834595,0.7310585975646973,1.790113925933838,0.9242343902587891,[0.0634 0.0598 0.0714 0.1000 0.1000 0.1000 0.1000],[0.3664 0.4017 0.2864 0.0000 0.0000 0.0000 0.0000],0.6785870790481567,0.5347367584702589,0.5982569232583046,0.40174307674169546,0.21708677065904983,None
290,0.9477201104164124,0.7310585975646973,1.7908804416656494,0.9242343902587891,[0.0629 0.0591 0.0701 0.1000 0.1000 0.1000 0.1000],[0.3706 0.4091 0.2993 0.0000 0.0000 0.0000 0.0000],0.6787787079811096,0.5345308679926077,0.5909309163689613,0.4090690836310387,0.21440638413609606,None
290,0.9471516013145447,0.7310585975646973,1.7886064052581787,0.9242343902587891,[0.0625 0.0584 0.0688 0.1058 0.1000 0.1000 0.1000],[0.3747 0.4164 0.3122 -0.0584 0.0000 0.0000 0.0000],0.6782101988792419,0.5351419531191834,0.5836191028356552,0.41638089716434484,0.21181797625163437,None
290,0.9476622939109802,0.7310585975646973,1.790649175643921,0.9242343902587891,[0.0621 0.0576 0.0675 0.1034 0.1000 0.1000 0.1000],[0.3789 0.4238 0.3252 -0.0340 0.0000 0.0000 0.0000],0.6787208914756775,0.5345929777643197,0.5761856958270073,0.42381430417299276,0.20906288509484733,None
290,0.9481210112571716,0.7310585975646973,1.7924840450286865,0.9242343902587891,[0.0617 0.0569 0.0663 0.1012 0.1000 0.1000 0.1000],[0.3829 0.4307 0.3370 -0.0120 0.0000 0.0000 0.0000],0.6791796088218689,0.5341004253141302,0.5692731589078903,0.43072684109210974,0.20650390553188966,None
290,0.9486039280891418,0.7310585975646973,1.7944157123565674,0.9242343902587891,[0.0613 0.0562 0.0650 0.0989 0.1000 0.1000 0.1000],[0.3869 0.4379 0.3495 0.0114 0.0000 0.0000 0.0000],0.6796625256538391,0.5335824504540545,0.562070868909359,0.4379291310906411,0.2038383707420373,None
290,0.9490519762039185,0.7310585975646973,1.7962079048156738,0.9242343902587891,[0.0609 0.0555 0.0639 0.0967 0.1000 0.1000 0.1000],[0.3908 0.4448 0.3614 0.0333 0.0000 0.0000 0.0000],0.6801105737686157,0.533102389555032,0.5551770702004433,0.4448229297995568,0.20128975757064468,None
290,0.9495009183883667,0.7310585975646973,1.7980036735534668,0.9242343902587891,[0.0605 0.0548 0.0627 0.0945 0.1000 0.1000 0.1000],[0.3948 0.4518 0.3734 0.0553 0.0000 0.0000 0.0000],0.680559515953064,0.5326218652700263,0.5482029542326927,0.45179704576730734,0.19871308861880008,None
290,0.9499521851539612,0.7310585975646973,1.7998087406158447,0.9242343902587891,[0.0601 0.0541 0.0614 0.0922 0.1000 0.1000 0.1000],[0.3987 0.4589 0.3857 0.0778 0.0000 0.0000 0.0000],0.6810107827186584,0.5321393502449004,0.5411173403263092,0.45888265967369085,0.19609693903538467,None
290,0.9503808617591858,0.7310585975646973,1.8015234470367432,0.9242343902587891,[0.0597 0.0534 0.0603 0.0901 0.1000 0.1000 0.1000],[0.4026 0.4658 0.3975 0.0991 0.0000 0.0000 0.0000],0.6814394593238831,0.5316814500849998,0.5341660231351852,0.4658339768648148,0.19353300804467702,None
290,0.9507627487182617,0.7310585975646973,1.8030509948730469,0.9242343902587891,[0.0592 0.0527 0.0592 0.0883 0.1000 0.1000 0.1000],[0.4084 0.4734 0.4083 0.1166 0.0000 0.0000 0.0000],0.681821346282959,0.5312739060457969,0.5265703424811363,0.47342965751886373,0.19074162344456705,None
290,0.9511638879776001,0.7310585975646973,1.8046555519104004,0.9242343902587891,[0.0588 0.0520 0.0580 0.0863 0.1000 0.1000 0.1000],[0.4122 0.4802 0.4196 0.1368 0.0000 0.0000 0.0000],0.6822224855422974,0.5308461974864715,0.519849956035614,0.48015004396438604,0.18826637118697187,None
290,0.9515575766563416,0.7310585975646973,1.8062303066253662,0.9242343902587891,[0.0584 0.0513 0.0569 0.0843 0.1000 0.1000 0.1000],[0.4162 0.4869 0.4309 0.1567 0.0000 0.0000 0.0000],0.6826161742210388,0.5304268117836749,0.5130592361092567,0.4869407638907433,0.18576742154183573,None
290,0.951952338218689,0.7310585975646973,1.8078093528747559,0.9242343902587891,[0.0580 0.0506 0.0558 0.0823 0.1000 0.1000 0.1000],[0.4202 0.4939 0.4424 0.1767 0.0000 0.0000 0.0000],0.6830109357833862,0.5300066589259038,0.5061129853129387,0.49388701468706137,0.18321307482887053,None
290,0.9523342847824097,0.7310585975646973,1.8093371391296387,0.9242343902587891,[0.0576 0.0499 0.0546 0.0804 0.1000 0.1000 0.1000],[0.4242 0.5007 0.4536 0.1962 0.0000 0.0000 0.0000],0.6833928823471069,0.5296005025324619,0.4992729052901268,0.5007270947098732,0.18069945305065813,None
290,0.9527190923690796,0.7310585975646973,1.8108763694763184,0.9242343902587891,[0.0571 0.0492 0.0535 0.0785 0.1000 0.1000 0.1000],[0.4295 0.5084 0.4652 0.2152 0.0000 0.0000 0.0000],0.6837776899337769,0.5291916580981362,0.49161408096551895,0.508385919034481,0.1778902845670507,None
290,0.9530190229415894,0.7310585975646973,1.8120760917663574,0.9242343902587891,[0.0565 0.0485 0.0526 0.0771 0.1000 0.1000 0.1000],[0.4348 0.5151 0.4744 0.2293 0.0000 0.0000 0.0000],0.6840776205062866,0.5288732385260926,0.48489075154066086,0.5151092484593391,0.17542879304382034,None
290,0.9533894658088684,0.7310585975646973,1.8135578632354736,0.9242343902587891,[0.0561 0.0478 0.0514 0.0751 0.1000 0.1000 0.1000],[0.4387 0.5220 0.4857 0.2488 0.0000 0.0000 0.0000],0.6844480633735657,0.5284802567822094,0.47803841531276703,0.521961584687233,0.17291475928335026,None
290,0.9537494778633118,0.7310585975646973,1.814997911453247,0.9242343902587891,[0.0558 0.0471 0.0503 0.0732 0.1000 0.1000 0.1000],[0.4423 0.5286 0.4968 0.2680 0.0000 0.0000 0.0000],0.684808075428009,0.5280986540614505,0.4714175686240196,0.5285824313759804,0.1704863831128658,None
290,0.9540972113609314,0.7310585975646973,1.8163888454437256,0.9242343902587891,[0.0554 0.0465 0.0492 0.0713 0.1000 0.1000 0.1000],[0.4459 0.5352 0.5077 0.2866 0.0000 0.0000 0.0000],0.6851558089256287,0.5277303590148588,0.46482305973768234,0.5351769402623177,0.16806956965541026,None
290,0.954433023929596,0.7310585975646973,1.8177320957183838,0.9242343902587891,[0.0551 0.0458 0.0482 0.0695 0.1000 0.1000 0.1000],[0.4495 0.5416 0.5184 0.3048 0.0000 0.0000 0.0000],0.6854916214942932,0.5273749621900056,0.4583696648478508,0.5416303351521492,0.16570572998135996,None
290,0.9547621607780457,0.7310585975646973,1.8190486431121826,0.9242343902587891,[0.0547 0.0452 0.0471 0.0677 0.1000 0.1000 0.1000],[0.4529 0.5480 0.5289 0.3227 0.0000 0.0000 0.0000],0.6858207583427429,0.5270268895451367,0.45198284089565277,0.5480171591043472,0.1633673813474931,None
290,0.9550791382789612,0.7310585975646973,1.8203165531158447,0.9242343902587891,[0.0542 0.0445 0.0461 0.0661 0.1000 0.1000 0.1000],[0.4580 0.5552 0.5393 0.3390 0.0000 0.0000 0.0000],0.6861377358436584,0.5266919177594113,0.4448137804865837,0.5551862195134163,0.1607482273690262,None
290,0.9553804397583008,0.7310585975646973,1.8215217590332031,0.9242343902587891,[0.0538 0.0438 0.0451 0.0645 0.1000 0.1000 0.1000],[0.4617 0.5615 0.5493 0.3553 0.0000 0.0000 0.0000],0.686439037322998,0.5263737315207238,0.4384954273700714,0.5615045726299286,0.15843869270151484,None
290,0.9556897878646851,0.7310585975646973,1.8227591514587402,0.9242343902587891,[0.0535 0.0432 0.0440 0.0627 0.1000 0.1000 0.1000],[0.4651 0.5678 0.5596 0.3726 0.0000 0.0000 0.0000],0.6867483854293823,0.5260472699730618,0.43222375214099884,0.5677762478590012,0.1561460661227626,None
290,0.9553016424179077,0.7310585975646973,1.8212065696716309,0.9242343902587891,[0.0532 0.0426 0.0430 0.0610 0.1071 0.1000 0.1000],[0.4684 0.5742 0.5703 0.3903 -0.0712 0.0000 0.0000],0.686360239982605,0.5264569239728972,0.425754152238369,0.574245847761631,0.1538416224799672,None
290,0.955951452255249,0.7310585975646973,1.823805809020996,0.9242343902587891,[0.0528 0.0419 0.0419 0.0592 0.1037 0.1000 0.1000],[0.4718 0.5807 0.5809 0.4078 -0.0372 0.0000 0.0000],0.6870100498199463,0.525771305496439,0.4191482439637184,0.5808517560362816,0.1514006087855321,None
290,0.9565608501434326,0.7310585975646973,1.8262434005737305,0.9242343902587891,[0.0525 0.0413 0.0409 0.0575 0.1005 0.1000 0.1000],[0.4753 0.5871 0.5911 0.4245 -0.0049 0.0000 0.0000],0.6876194477081299,0.5251292253899642,0.40886279195547104,0.591137208044529,0.14763588446174794,None
290,0.9571297764778137,0.7310585975646973,1.8285191059112549,0.9242343902587891,[0.0522 0.0407 0.0399 0.0559 0.0974 0.1000 0.1000],[0.4785 0.5932 0.6010 0.4406 0.0258 0.0000 0.0000],0.688188374042511,0.5245305699489016,0.39897389709949493,0.6010261029005051,0.14401993767098367,None
290,0.9576734900474548,0.7310585975646973,1.8306939601898193,0.9242343902587891,[0.0518 0.0401 0.0389 0.0544 0.0944 0.1000 0.1000],[0.4816 0.5992 0.6108 0.4564 0.0556 0.0000 0.0000],0.6887320876121521,0.5239591483047306,0.38924116641283035,0.6107588335871696,0.1404644780709564,None
290,0.95816969871521,0.7310585975646973,1.8326787948608398,0.9242343902587891,[0.0513 0.0394 0.0379 0.0529 0.0919 0.1000 0.1000],[0.4871 0.6065 0.6206 0.4709 0.0810 0.0000 0.0000],0.6892282962799072,0.5234382504328399,0.3793630748987198,0.6206369251012802,0.13686222986653512,None
290,0.9586925506591797,0.7310585975646973,1.8347702026367188,0.9242343902587891,[0.0510 0.0387 0.0369 0.0513 0.0889 0.1000 0.1000],[0.4901 0.6125 0.6305 0.4869 0.1108 0.0000 0.0000],0.689751148223877,0.522889998957806,0.36948882043361664,0.6305111795663834,0.13326130749963064,None
290,0.9592013359069824,0.7310585975646973,1.8368053436279297,0.9242343902587891,[0.0507 0.0381 0.0360 0.0497 0.0860 0.1000 0.1000],[0.4932 0.6187 0.6405 0.5028 0.1402 0.0000 0.0000],0.6902599334716797,0.5223571016519923,0.35954680293798447,0.6404531970620155,0.12963897844466502,None
290,0.9596896767616272,0.7310585975646973,1.8387587070465088,0.9242343902587891,[0.0503 0.0375 0.0350 0.0482 0.0831 0.1000 0.1000],[0.4966 0.6250 0.6504 0.5184 0.1686 0.0000 0.0000],0.6907482743263245,0.5218461762184371,0.34961119294166565,0.6503888070583344,0.12602236990845592,None
290,0.9601591229438782,0.7310585975646973,1.8406364917755127,0.9242343902587891,[0.0500 0.0369 0.0340 0.0466 0.0804 0.1000 0.1000],[0.5001 0.6313 0.6603 0.5339 0.1962 0.0000 0.0000],0.6912177205085754,0.5213555334288498,0.3397231176495552,0.6602768823504448,0.12242608220960788,None
290,0.9606066346168518,0.7310585975646973,1.8424265384674072,0.9242343902587891,[0.0497 0.0362 0.0330 0.0451 0.0777 0.1000 0.1000],[0.5034 0.6375 0.6699 0.5489 0.2231 0.0000 0.0000],0.6916652321815491,0.5208882833282465,0.33005010336637497,0.669949896633625,0.11891055534817208,None
290,0.9610145092010498,0.7310585975646973,1.8440580368041992,0.9242343902587891,[0.0492 0.0356 0.0321 0.0437 0.0753 0.1000 0.1000],[0.5081 0.6443 0.6794 0.5628 0.2466 0.0000 0.0000],0.6920731067657471,0.5204628151682578,0.32056938856840134,0.6794306114315987,0.1154685543881669,None
290,0.9614185690879822,0.7310585975646973,1.8456742763519287,0.9242343902587891,[0.0489 0.0350 0.0311 0.0423 0.0728 0.1000 0.1000],[0.5111 0.6501 0.6886 0.5771 0.2719 0.0000 0.0000],0.6924771666526794,0.5200416981410938,0.3113645315170288,0.6886354684829712,0.11212766151629433,None
290,0.9618043899536133,0.7310585975646973,1.8472175598144531,0.9242343902587891,[0.0486 0.0344 0.0302 0.0409 0.0704 0.1000 0.1000],[0.5138 0.6558 0.6977 0.5911 0.2964 0.0000 0.0000],0.6928629875183105,0.5196399346439007,0.3023356944322586,0.6976643055677414,0.10885272500132852,None
290,0.9621830582618713,0.7310585975646973,1.8487322330474854,0.9242343902587891,[0.0483 0.0338 0.0293 0.0395 0.0679 0.1000 0.1000],[0.5169 0.6617 0.7068 0.6052 0.3207 0.0000 0.0000],0.6932416558265686,0.5192459457298628,0.2931578829884529,0.7068421170115471,0.10552596734672316,None
290,0.9625468254089355,0.7310585975646973,1.8501873016357422,0.9242343902587891,[0.0480 0.0332 0.0284 0.0381 0.0656 0.1000 0.1000],[0.5198 0.6675 0.7159 0.6190 0.3444 0.0000 0.0000],0.6936054229736328,0.5188677647005573,0.2841081842780113,0.7158918157219887,0.10224755107953779,None
290,0.962893545627594,0.7310585975646973,1.851574182510376,0.9242343902587891,[0.0477 0.0327 0.0275 0.0367 0.0633 0.1000 0.1000],[0.5225 0.6732 0.7247 0.6325 0.3675 0.0000 0.0000],0.6939521431922913,0.5185075825489078,0.275256484746933,0.724743515253067,0.09904263644720461,None
290,0.9632317423820496,0.7310585975646973,1.8529269695281982,0.9242343902587891,[0.0473 0.0320 0.0266 0.0354 0.0611 0.1000 0.1000],[0.5275 0.6800 0.7340 0.6456 0.3885 0.0000 0.0000],0.6942903399467468,0.5181565141901862,0.2659605070948601,0.7340394929051399,0.09567957497922437,None
290,0.9635463953018188,0.7310585975646973,1.8541855812072754,0.9242343902587891,[0.0470 0.0314 0.0257 0.0342 0.0590 0.1000 0.1000],[0.5304 0.6856 0.7426 0.6584 0.4099 0.0000 0.0000],0.6946049928665161,0.5178301152735464,0.2574295923113823,0.7425704076886177,0.0925941765005556,None
290,0.9638550877571106,0.7310585975646973,1.8554203510284424,0.9242343902587891,[0.0467 0.0309 0.0249 0.0329 0.0569 0.1000 0.1000],[0.5328 0.6910 0.7511 0.6713 0.4315 0.0000 0.0000],0.6949136853218079,0.5175101138962461,0.24892296642065048,0.7510770335793495,0.0895188870590756,None
290,0.9641695618629456,0.7310585975646973,1.8566782474517822,0.9242343902587891,[0.0465 0.0303 0.0240 0.0315 0.0546 0.1000 0.1000],[0.5354 0.6967 0.7600 0.6847 0.4538 0.0000 0.0000],0.6952281594276428,0.5171843371448599,0.2400161698460579,0.7599838301539421,0.08630048159940103,None
290,0.9644646644592285,0.7310585975646973,1.857858657836914,0.9242343902587891,[0.0462 0.0298 0.0231 0.0302 0.0525 0.1000 0.1000],[0.5378 0.7022 0.7686 0.6976 0.4750 0.0000 0.0000],0.6955232620239258,0.5168788279380303,0.2314181625843048,0.7685818374156952,0.08319511836967249,None
290,0.9647458791732788,0.7310585975646973,1.8589835166931152,0.9242343902587891,[0.0460 0.0293 0.0223 0.0290 0.0504 0.1000 0.1000],[0.5401 0.7075 0.7770 0.7101 0.4956 0.0000 0.0000],0.6958044767379761,0.5165878760223513,0.2230209857225418,0.7769790142774582,0.0801635901539191,None
290,0.9650287628173828,0.7310585975646973,1.8601150512695312,0.9242343902587891,[0.0458 0.0287 0.0214 0.0277 0.0483 0.1000 0.1000],[0.5424 0.7130 0.7857 0.7231 0.5167 0.0000 0.0000],0.6960873603820801,0.5162953739598044,0.21434608846902847,0.7856539115309715,0.07703312997121971,None
290,0.9652959108352661,0.7310585975646973,1.8611836433410645,0.9242343902587891,[0.0455 0.0282 0.0206 0.0264 0.0463 0.1000 0.1000],[0.5447 0.7184 0.7941 0.7356 0.5369 0.0000 0.0000],0.6963545083999634,0.5160193048575503,0.2059243805706501,0.7940756194293499,0.07399529557923,None
290,0.9655554890632629,0.7310585975646973,1.8622219562530518,0.9242343902587891,[0.0451 0.0275 0.0197 0.0253 0.0445 0.1000 0.1000],[0.5493 0.7250 0.8028 0.7474 0.5548 0.0000 0.0000],0.6966140866279602,0.5157512090892062,0.1972091756761074,0.8027908243238926,0.07085322536138841,None
290,0.9658123850822449,0.7310585975646973,1.8632495403289795,0.9242343902587891,[0.0448 0.0269 0.0189 0.0240 0.0425 0.1000 0.1000],[0.5519 0.7306 0.8113 0.7598 0.5746 0.0000 0.0000],0.6968709826469421,0.5154860295950718,0.18866268917918205,0.811337310820818,0.06777278014052973,None
290,0.9660481810569763,0.7310585975646973,1.8641927242279053,0.9242343902587891,[0.0446 0.0264 0.0181 0.0228 0.0407 0.1000 0.1000],[0.5541 0.7358 0.8194 0.7715 0.5930 0.0000 0.0000],0.6971067786216736,0.5152427581848013,0.18062684684991837,0.8193731531500816,0.06487740984815943,None
290,0.9662860035896301,0.7310585975646973,1.8651440143585205,0.9242343902587891,[0.0444 0.0259 0.0172 0.0216 0.0388 0.1000 0.1000],[0.5561 0.7411 0.8277 0.7836 0.6120 0.0000 0.0000],0.6973446011543274,0.5149975195682677,0.17234696075320244,0.8276530392467976,0.06189509153116036,None
290,0.9665075540542603,0.7310585975646973,1.866030216217041,0.9242343902587891,[0.0442 0.0254 0.0164 0.0205 0.0370 0.1000 0.1000],[0.5584 0.7463 0.8356 0.7950 0.6297 0.0000 0.0000],0.6975661516189575,0.5147691719505416,0.16440214589238167,0.8355978541076183,0.05903443501998364,None
290,0.966726541519165,0.7310585975646973,1.8669061660766602,0.9242343902587891,[0.0440 0.0249 0.0156 0.0193 0.0352 0.1000 0.1000],[0.5602 0.7514 0.8436 0.8066 0.6477 0.0000 0.0000],0.6977851390838623,0.5145435715180324,0.15639718621969223,0.8436028137803078,0.05615297986911286,None
290,0.966940701007843,0.7310585975646973,1.867762804031372,0.9242343902587891,[0.0438 0.0243 0.0148 0.0182 0.0334 0.1000 0.1000],[0.5622 0.7566 0.8516 0.8181 0.6655 0.0000 0.0000],0.6979992985725403,0.5143230462095759,0.14836205169558525,0.8516379483044147,0.0532615500911038,None
290,0.9671475291252136,0.7310585975646973,1.8685901165008545,0.9242343902587891,[0.0436 0.0238 0.0140 0.0170 0.0317 0.1000 0.1000],[0.5639 0.7617 0.8596 0.8296 0.6830 0.0000 0.0000],0.6982061266899109,0.5141101652014972,0.14041893184185028,0.8595810681581497,0.05040405902284559,None
290,0.9673752188682556,0.7310585975646973,1.8695008754730225,0.9242343902587891,[0.0433 0.0232 0.0131 0.0158 0.0298 0.1000 0.1000],[0.5672 0.7681 0.8686 0.8420 0.7015 0.0000 0.0000],0.6984338164329529,0.5138759198480718,0.1313547883182764,0.8686452116817236,0.04714432638251824,None
290,0.9675785303115845,0.7310585975646973,1.870314121246338,0.9242343902587891,[0.0431 0.0227 0.0123 0.0146 0.0281 0.1000 0.1000],[0.5690 0.7734 0.8769 0.8537 0.7192 0.0000 0.0000],0.6986371278762817,0.5136668500432165,0.12313655577600002,0.876863444224,0.044189613459510314,None
290,0.9677767157554626,0.7310585975646973,1.8711068630218506,0.9242343902587891,[0.0429 0.0221 0.0115 0.0135 0.0263 0.1000 0.1000],[0.5705 0.7786 0.8851 0.8654 0.7368 0.0000 0.0000],0.6988353133201599,0.5134631378911096,0.11493630707263947,0.8850636929273605,0.041242155187983735,None
290,0.9679640531539917,0.7310585975646973,1.8718562126159668,0.9242343902587891,[0.0428 0.0216 0.0107 0.0123 0.0247 0.1000 0.1000],[0.5722 0.7838 0.8930 0.8765 0.7534 0.0000 0.0000],0.699022650718689,0.5132706546865142,0.10696869343519211,0.8930313065648079,0.03837906363859602,None
290,0.9681448340415955,0.7310585975646973,1.8725793361663818,0.9242343902587891,[0.0426 0.0211 0.0099 0.0112 0.0230 0.1000 0.1000],[0.5738 0.7889 0.9009 0.8876 0.7697 0.0000 0.0000],0.6992034316062927,0.5130849802307407,0.0991017185151577,0.9008982814848423,0.03555281870595474,None
290,0.968316376209259,0.7310585975646973,1.8732655048370361,0.9242343902587891,[0.0424 0.0206 0.0091 0.0102 0.0215 0.1000 0.1000],[0.5757 0.7940 0.9085 0.8981 0.7850 0.0000 0.0000],0.6993749737739563,0.5129088600225192,0.09145134128630161,0.9085486587136984,0.0328050246375128,None
290,0.9684821367263794,0.7310585975646973,1.8739285469055176,0.9242343902587891,[0.0423 0.0201 0.0084 0.0091 0.0200 0.1000 0.1000],[0.5770 0.7989 0.9161 0.9086 0.8005 0.0000 0.0000],0.6995407342910767,0.5127387362392921,0.08390003815293312,0.9160999618470669,0.03009340261360979,None
290,0.9678109884262085,0.7310585975646973,1.871243953704834,0.9242343902587891,[0.0418 0.0194 0.0278 0.0081 0.0185 0.1000 0.1000],[0.5818 0.8056 0.7218 0.9191 0.8149 0.0000 0.0000],0.6988695859909058,0.5134279181236234,0.08085946552455425,0.9191405344754457,0.029013925220644395,None
290,0.9665758013725281,0.7310585975646973,1.8663032054901123,0.9242343902587891,[0.0417 0.0190 0.0271 0.0274 0.0170 0.1000 0.1000],[0.5830 0.8105 0.7290 0.7264 0.8301 0.0000 0.0000],0.6976343989372253,0.5146988524556831,0.16992507502436638,0.8300749249756336,0.06101527274360065,None
290,0.9667671918869019,0.7310585975646973,1.8670687675476074,0.9242343902587891,[0.0415 0.0184 0.0264 0.0263 0.0155 0.1000 0.1000],[0.5845 0.8157 0.7365 0.7374 0.8453 0.0000 0.0000],0.6978257894515991,0.5145017051294571,0.15472862869501114,0.8452713713049889,0.0555526154422555,None
