297,0.7740037441253662,0.9508330821990967,1.0960149765014648,1.8033323287963867,[0.1000 0.1000 0.1000 0.1000 0.1000 0.1000 0.1000],[0.0000 0.0000 0.0000 0.0000 0.0000 0.0000 0.0000],0.7248368263244629,0.5794891938680642,1.0,0.0,0.42003510817264905,None
297,0.7740037441253662,0.9508330821990967,1.0960149765014648,1.8033323287963867,[0.1000 0.1000 0.1000 0.1000 0.1000 0.1000 0.1000],[0.0000 0.0000 0.0000 0.0000 0.0000 0.0000 0.0000],0.7248368263244629,0.5794891938680642,1.0,0.0,0.42003510817264905,None
297,0.7740037441253662,0.9508330821990967,1.0960149765014648,1.8033323287963867,[0.1000 0.1000 0.1000 0.1000 0.1000 0.1000 0.1000],[0.0000 0.0000 0.0000 0.0000 0.0000 0.0000 0.0000],0.7248368263244629,0.5794891938680642,1.0,0.0,0.42003510817264905,None
297,0.7740037441253662,0.9508330821990967,1.0960149765014648,1.8033323287963867,[0.1000 0.1000 0.1000 0.1000 0.1000 0.1000 0.1000],[0.0000 0.0000 0.0000 0.0000 0.0000 0.0000 0.0000],0.7248368263244629,0.5794891938680642,1.0,0.0,0.42003510817264905,None
297,0.7740037441253662,0.9508330821990967,1.0960149765014648,1.8033323287963867,[0.1000 0.1000 0.1000 0.1000 0.1000 0.1000 0.1000],[0.0000 0.0000 0.0000 0.0000 0.0000 0.0000 0.0000],0.7248368263244629,0.5794891938680642,1.0,0.0,0.42003510817264905,None
297,0.7740037441253662,0.9508330821990967,1.0960149765014648,1.8033323287963867,[0.1000 0.1000 0.1000 0.1000 0.1000 0.1000 0.1000],[0.0000 0.0000 0.0000 0.0000 0.0000 0.0000 0.0000],0.7248368263244629,0.5794891938680642,1.0,0.0,0.42003510817264905,None
297,0.7740037441253662,0.9508330821990967,1.0960149765014648,1.8033323287963867,[0.1000 0.1000 0.1000 0.1000 0.1000 0.1000 0.1000],[0.0000 0.0000 0.0000 0.0000 0.0000 0.0000 0.0000],0.7248368263244629,0.5794891938680642,1.0,0.0,0.42003510817264905,None
297,0.7740037441253662,0.9508330821990967,1.0960149765014648,1.8033323287963867,[0.1000 0.1000 0.1000 0.1000 0.1000 0.1000 0.1000],[0.0000 0.0000 0.0000 0.0000 0.0000 0.0000 0.0000],0.7248368263244629,0.5794891938680642,1.0,0.0,0.42003510817264905,None
297,0.7740037441253662,0.9508330821990967,1.0960149765014648,1.8033323287963867,[0.1000 0.1000 0.1000 0.1000 0.1000 0.1000 0.1000],[0.0000 0.0000 0.0000 0.0000 0.0000 0.0000 0.0000],0.7248368263244629,0.5794891938680642,1.0,0.0,0.42003510817264905,None
297,0.7740037441253662,0.9508330821990967,1.0960149765014648,1.8033323287963867,[0.1000 0.1000 0.1000 0.1000 0.1000 0.1000 0.1000],[0.0000 0.0000 0.0000 0.0000 0.0000 0.0000 0.0000],0.7248368263244629,0.5794891938680642,1.0,0.0,0.42003510817264905,None
297,0.7740037441253662,0.9508330821990967,1.0960149765014648,1.8033323287963867,[0.1000 0.1000 0.1000 0.1000 0.1000 0.1000 0.1000],[0.0000 0.0000 0.0000 0.0000 0.0000 0.0000 0.0000],0.7248368263244629,0.5794891938680642,1.0,0.0,0.42003510817264905,None
297,0.7740037441253662,0.9508330821990967,1.0960149765014648,1.8033323287963867,[0.1000 0.1000 0.1000 0.1000 0.1000 0.1000 0.1000],[0.0000 0.0000 0.0000 0.0000 0.0000 0.0000 0.0000],0.7248368263244629,0.5794891938680642,1.0,0.0,0.42003510817264905,None
297,0.7740037441253662,0.9508330821990967,1.0960149765014648,1.8033323287963867,[0.1000 0.1000 0.1000 0.1000 0.1000 0.1000 0.1000],[0.0000 0.0000 0.0000 0.0000 0.0000 0.0000 0.0000],0.7248368263244629,0.5794891938680642,1.0,0.0,0.42003510817264905,None
297,0.7740037441253662,0.9508330821990967,1.0960149765014648,1.8033323287963867,[0.1000 0.1000 0.1000 0.1000 0.1000 0.1000 0.1000],[0.0000 0.0000 0.0000 0.0000 0.0000 0.0000 0.0000],0.7248368263244629,0.5794891938680642,1.0,0.0,0.42003510817264905,None
297,0.7740037441253662,0.9508330821990967,1.0960149765014648,1.8033323287963867,[0.1000 0.1000 0.1000 0.1000 0.1000 0.1000 0.1000],[0.0000 0.0000 0.0000 0.0000 0.0000 0.0000 0.0000],0.7248368263244629,0.5794891938680642,1.0,0.0,0.42003510817264905,None
297,0.7740037441253662,0.9508330821990967,1.0960149765014648,1.8033323287963867,[0.1000 0.1000 0.1000 0.1000 0.1000 0.1000 0.1000],[0.0000 0.0000 0.0000 0.0000 0.0000 0.0000 0.0000],0.7248368263244629,0.5794891938680642,1.0,0.0,0.42003510817264905,None
297,0.7740037441253662,0.9508330821990967,1.0960149765014648,1.8033323287963867,[0.1000 0.1000 0.1000 0.1000 0.1000 0.1000 0.1000],[0.0000 0.0000 0.0000 0.0000 0.0000 0.0000 0.0000],0.7248368263244629,0.5794891938680642,1.0,0.0,0.42003510817264905,None
297,0.7740037441253662,0.9508330821990967,1.0960149765014648,1.8033323287963867,[0.1000 0.1000 0.1000 0.1000 0.1000 0.1000 0.1000],[0.0000 0.0000 0.0000 0.0000 0.0000 0.0000 0.0000],0.7248368263244629,0.5794891938680642,1.0,0.0,0.42003510817264905,None
297,0.7740037441253662,0.9508330821990967,1.0960149765014648,1.8033323287963867,[0.1000 0.1000 0.1000 0.1000 0.1000 0.1000 0.1000],[0.0000 0.0000 0.0000 0.0000 0.0000 0.0000 0.0000],0.7248368263244629,0.5794891938680642,1.0,0.0,0.42003510817264905,None
297,0.7740037441253662,0.9508330821990967,1.0960149765014648,1.8033323287963867,[0.1000 0.1000 0.1000 0.1000 0.1000 0.1000 0.1000],[0.0000 0.0000 0.0000 0.0000 0.0000 0.0000 0.0000],0.7248368263244629,0.5794891938680642,1.0,0.0,0.42003510817264905,None
297,0.7740037441253662,0.9508330821990967,1.0960149765014648,1.8033323287963867,[0.1000 0.1000 0.1000 0.1000 0.1000 0.1000 0.1000],[0.0000 0.0000 0.0000 0.0000 0.0000 0.0000 0.0000],0.7248368263244629,0.5794891938680642,1.0,0.0,0.42003510817264905,None
297,0.7740037441253662,0.9508330821990967,1.0960149765014648,1.8033323287963867,[0.1000 0.1000 0.1000 0.1000 0.1000 0.1000 0.1000],[0.0000 0.0000 0.0000 0.0000 0.0000 0.0000 0.0000],0.7248368263244629,0.5794891938680642,1.0,0.0,0.42003510817264905,None
297,0.7740037441253662,0.9508330821990967,1.0960149765014648,1.8033323287963867,[0.1000 0.1000 0.1000 0.1000 0.1000 0.1000 0.1000],[0.0000 0.0000 0.0000 0.0000 0.0000 0.0000 0.0000],0.7248368263244629,0.5794891938680642,1.0,0.0,0.42003510817264905,None
297,0.7740037441253662,0.9508330821990967,1.0960149765014648,1.8033323287963867,[0.1000 0.1000 0.1000 0.1000 0.1000 0.1000 0.1000],[0.0000 0.0000 0.0000 0.0000 0.0000 0.0000 0.0000],0.7248368263244629,0.5794891938680642,1.0,0.0,0.42003510817264905,None
297,0.7740037441253662,0.9508330821990967,1.0960149765014648,1.8033323287963867,[0.1000 0.1000 0.1000 0.1000 0.1000 0.1000 0.1000],[0.0000 0.0000 0.0000 0.0000 0.0000 0.0000 0.0000],0.7248368263244629,0.5794891938680642,1.0,0.0,0.42003510817264905,None
297,0.7740037441253662,0.9508330821990967,1.0960149765014648,1.8033323287963867,[0.1000 0.1000 0.1000 0.1000 0.1000 0.1000 0.1000],[0.0000 0.0000 0.0000 0.0000 0.0000 0.0000 0.0000],0.7248368263244629,0.5794891938680642,1.0,0.0,0.42003510817264905,None
297,0.7740037441253662,0.9508330821990967,1.0960149765014648,1.8033323287963867,[0.1000 0.1000 0.1000 0.1000 0.1000 0.1000 0.1000],[0.0000 0.0000 0.0000 0.0000 0.0000 0.0000 0.0000],0.7248368263244629,0.5794891938680642,1.0,0.0,0.42003510817264905,None
297,0.7740037441253662,0.9508330821990967,1.0960149765014648,1.8033323287963867,[0.1000 0.1000 0.1000 0.1000 0.1000 0.1000 0.1000],[0.0000 0.0000 0.0000 0.0000 0.0000 0.0000 0.0000],0.7248368263244629,0.5794891938680642,1.0,0.0,0.42003510817264905,None
297,0.7740037441253662,0.9508330821990967,1.0960149765014648,1.8033323287963867,[0.1000 0.1000 0.1000 0.1000 0.1000 0.1000 0.1000],[0.0000 0.0000 0.0000 0.0000 0.0000 0.0000 0.0000],0.7248368263244629,0.5794891938680642,1.0,0.0,0.42003510817264905,None
297,0.7740037441253662,0.9508330821990967,1.0960149765014648,1.8033323287963867,[0.1000 0.1000 0.1000 0.1000 0.1000 0.1000 0.1000],[0.0000 0.0000 0.0000 0.0000 0.0000 0.0000 0.0000],0.7248368263244629,0.5794891938680642,1.0,0.0,0.42003510817264905,None
297,0.7740037441253662,0.9508330821990967,1.0960149765014648,1.8033323287963867,[0.1000 0.1000 0.1000 0.1000 0.1000 0.1000 0.1000],[0.0000 0.0000 0.0000 0.0000 0.0000 0.0000 0.0000],0.7248368263244629,0.5794891938680642,1.0,0.0,0.42003510817264905,None
297,0.7740037441253662,0.9508330821990967,1.0960149765014648,1.8033323287963867,[0.1000 0.1000 0.1000 0.1000 0.1000 0.1000 0.1000],[0.0000 0.0000 0.0000 0.0000 0.0000 0.0000 0.0000],0.7248368263244629,0.5794891938680642,1.0,0.0,0.42003510817264905,None
297,0.7740037441253662,0.9508330821990967,1.0960149765014648,1.8033323287963867,[0.1000 0.1000 0.1000 0.1000 0.1000 0.1000 0.1000],[0.0000 0.0000 0.0000 0.0000 0.0000 0.0000 0.0000],0.7248368263244629,0.5794891938680642,1.0,0.0,0.42003510817264905,None
297,0.7740037441253662,0.9508330821990967,1.0960149765014648,1.8033323287963867,[0.1000 0.1000 0.1000 0.1000 0.1000 0.1000 0.1000],[0.0000 0.0000 0.0000 0.0000 0.0000 0.0000 0.0000],0.7248368263244629,0.5794891938680642,1.0,0.0,0.42003510817264905,None
297,0.7740037441253662,0.9508330821990967,1.0960149765014648,1.8033323287963867,[0.1000 0.1000 0.1000 0.1000 0.1000 0.1000 0.1000],[0.0000 0.0000 0.0000 0.0000 0.0000 0.0000 0.0000],0.7248368263244629,0.5794891938680642,1.0,0.0,0.42003510817264905,None
297,0.7740037441253662,0.9508330821990967,1.0960149765014648,1.8033323287963867,[0.1000 0.1000 0.1000 0.1000 0.1000 0.1000 0.1000],[0.0000 0.0000 0.0000 0.0000 0.0000 0.0000 0.0000],0.7248368263244629,0.5794891938680642,1.0,0.0,0.42003510817264905,None
297,0.7740037441253662,0.9508330821990967,1.0960149765014648,1.8033323287963867,[0.1000 0.1000 0.1000 0.1000 0.1000 0.1000 0.1000],[0.0000 0.0000 0.0000 0.0000 0.0000 0.0000 0.0000],0.7248368263244629,0.5794891938680642,1.0,0.0,0.42003510817264905,None
297,0.7740037441253662,0.9508330821990967,1.0960149765014648,1.8033323287963867,[0.1000 0.1000 0.1000 0.1000 0.1000 0.1000 0.1000],[0.0000 0.0000 0.0000 0.0000 0.0000 0.0000 0.0000],0.7248368263244629,0.5794891938680642,1.0,0.0,0.42003510817264905,None
297,0.7740037441253662,0.9508330821990967,1.0960149765014648,1.8033323287963867,[0.1000 0.1000 0.1000 0.1000 0.1000 0.1000 0.1000],[0.0000 0.0000 0.0000 0.0000 0.0000 0.0000 0.0000],0.7248368263244629,0.5794891938680642,1.0,0.0,0.42003510817264905,None
297,0.7740037441253662,0.9508330821990967,1.0960149765014648,1.8033323287963867,[0.1000 0.1000 0.1000 0.1000 0.1000 0.1000 0.1000],[0.0000 0.0000 0.0000 0.0000 0.0000 0.0000 0.0000],0.7248368263244629,0.5794891938680642,1.0,0.0,0.42003510817264905,None
297,0.7740037441253662,0.9508330821990967,1.0960149765014648,1.8033323287963867,[0.1000 0.1000 0.1000 0.1000 0.1000 0.1000 0.1000],[0.0000 0.0000 0.0000 0.0000 0.0000 0.0000 0.0000],0.7248368263244629,0.5794891938680642,1.0,0.0,0.42003510817264905,None
297,0.7740037441253662,0.9508330821990967,1.0960149765014648,1.8033323287963867,[0.1000 0.1000 0.1000 0.1000 0.1000 0.1000 0.1000],[0.0000 0.0000 0.0000 0.0000 0.0000 0.0000 0.0000],0.7248368263244629,0.5794891938680642,1.0,0.0,0.42003510817264905,None
297,0.7740037441253662,0.9508330821990967,1.0960149765014648,1.8033323287963867,[0.1000 0.1000 0.1000 0.1000 0.1000 0.1000 0.1000],[0.0000 0.0000 0.0000 0.0000 0.0000 0.0000 0.0000],0.7248368263244629,0.5794891938680642,1.0,0.0,0.42003510817264905,None
297,0.7740037441253662,0.9508330821990967,1.0960149765014648,1.8033323287963867,[0.1000 0.1000 0.1000 0.1000 0.1000 0.1000 0.1000],[0.0000 0.0000 0.0000 0.0000 0.0000 0.0000 0.0000],0.7248368263244629,0.5794891938680642,1.0,0.0,0.42003510817264905,None
297,0.7740037441253662,0.9508330821990967,1.0960149765014648,1.8033323287963867,[0.1000 0.1000 0.1000 0.1000 0.1000 0.1000 0.1000],[0.0000 0.0000 0.0000 0.0000 0.0000 0.0000 0.0000],0.7248368263244629,0.5794891938680642,1.0,0.0,0.42003510817264905,None
297,0.7740037441253662,0.9508330821990967,1.0960149765014648,1.8033323287963867,[0.1000 0.1000 0.1000 0.1000 0.1000 0.1000 0.1000],[0.0000 0.0000 0.0000 0.0000 0.0000 0.0000 0.0000],0.7248368263244629,0.5794891938680642,1.0,0.0,0.42003510817264905,None
297,0.7740037441253662,0.9508330821990967,1.0960149765014648,1.8033323287963867,[0.1000 0.1000 0.1000 0.1000 0.1000 0.1000 0.1000],[0.0000 0.0000 0.0000 0.0000 0.0000 0.0000 0.0000],0.7248368263244629,0.5794891938680642,1.0,0.0,0.42003510817264905,None
297,0.7740037441253662,0.9508330821990967,1.0960149765014648,1.8033323287963867,[0.1000 0.1000 0.1000 0.1000 0.1000 0.1000 0.1000],[0.0000 0.0000 0.0000 0.0000 0.0000 0.0000 0.0000],0.7248368263244629,0.5794891938680642,1.0,0.0,0.42003510817264905,None
297,0.7740037441253662,0.9508330821990967,1.0960149765014648,1.8033323287963867,[0.1000 0.1000 0.1000 0.1000 0.1000 0.1000 0.1000],[0.0000 0.0000 0.0000 0.0000 0.0000 0.0000 0.0000],0.7248368263244629,0.5794891938680642,1.0,0.0,0.42003510817264905,None
297,0.7740037441253662,0.9508330821990967,1.0960149765014648,1.8033323287963867,[0.1000 0.1000 0.1000 0.1000 0.1000 0.1000 0.1000],[0.0000 0.0000 0.0000 0.0000 0.0000 0.0000 0.0000],0.7248368263244629,0.5794891938680642,1.0,0.0,0.42003510817264905,None
297,0.7740037441253662,0.9508330821990967,1.0960149765014648,1.8033323287963867,[0.1000 0.1000 0.1000 0.1000 0.1000 0.1000 0.1000],[0.0000 0.0000 0.0000 0.0000 0.0000 0.0000 0.0000],0.7248368263244629,0.5794891938680642,1.0,0.0,0.42003510817264905,None
297,0.7740037441253662,0.9508330821990967,1.0960149765014648,1.8033323287963867,[0.1000 0.1000 0.1000 0.1000 0.1000 0.1000 0.1000],[0.0000 0.0000 0.0000 0.0000 0.0000 0.0000 0.0000],0.7248368263244629,0.5794891938680642,1.0,0.0,0.42003510817264905,None
297,0.7740037441253662,0.9508330821990967,1.0960149765014648,1.8033323287963867,[0.1000 0.1000 0.1000 0.1000 0.1000 0.1000 0.1000],[0.0000 0.0000 0.0000 0.0000 0.0000 0.0000 0.0000],0.7248368263244629,0.5794891938680642,1.0,0.0,0.42003510817264905,None
297,0.7740037441253662,0.9508330821990967,1.0960149765014648,1.8033323287963867,[0.1000 0.1000 0.1000 0.1000 0.1000 0.1000 0.1000],[0.0000 0.0000 0.0000 0.0000 0.0000 0.0000 0.0000],0.7248368263244629,0.5794891938680642,1.0,0.0,0.42003510817264905,None
297,0.7740037441253662,0.9508330821990967,1.0960149765014648,1.8033323287963867,[0.1000 0.1000 0.1000 0.1000 0.1000 0.1000 0.1000],[0.0000 0.0000 0.0000 0.0000 0.0000 0.0000 0.0000],0.7248368263244629,0.5794891938680642,1.0,0.0,0.42003510817264905,None
297,0.7740037441253662,0.9508330821990967,1.0960149765014648,1.8033323287963867,[0.1000 0.1000 0.1000 0.1000 0.1000 0.1000 0.1000],[0.0000 0.0000 0.0000 0.0000 0.0000 0.0000 0.0000],0.7248368263244629,0.5794891938680642,1.0,0.0,0.42003510817264905,None
297,0.7740037441253662,0.9508330821990967,1.0960149765014648,1.8033323287963867,[0.1000 0.1000 0.1000 0.1000 0.1000 0.1000 0.1000],[0.0000 0.0000 0.0000 0.0000 0.0000 0.0000 0.0000],0.7248368263244629,0.5794891938680642,1.0,0.0,0.42003510817264905,None
297,0.7740037441253662,0.9508330821990967,1.0960149765014648,1.8033323287963867,[0.1000 0.1000 0.1000 0.1000 0.1000 0.1000 0.1000],[0.0000 0.0000 0.0000 0.0000 0.0000 0.0000 0.0000],0.7248368263244629,0.5794891938680642,1.0,0.0,0.42003510817264905,None
297,0.7740037441253662,0.9508330821990967,1.0960149765014648,1.8033323287963867,[0.1000 0.1000 0.1000 0.1000 0.1000 0.1000 0.1000],[0.0000 0.0000 0.0000 0.0000 0.0000 0.0000 0.0000],0.7248368263244629,0.5794891938680642,1.0,0.0,0.42003510817264905,None
297,0.7740037441253662,0.9508330821990967,1.0960149765014648,1.8033323287963867,[0.1000 0.1000 0.1000 0.1000 0.1000 0.1000 0.1000],[0.0000 0.0000 0.0000 0.0000 0.0000 0.0000 0.0000],0.7248368263244629,0.5794891938680642,1.0,0.0,0.42003510817264905,None
297,0.7740037441253662,0.9508330821990967,1.0960149765014648,1.8033323287963867,[0.1000 0.1000 0.1000 0.1000 0.1000 0.1000 0.1000],[0.0000 0.0000 0.0000 0.0000 0.0000 0.0000 0.0000],0.7248368263244629,0.5794891938680642,1.0,0.0,0.42003510817264905,None
297,0.7740037441253662,0.9508330821990967,1.0960149765014648,1.8033323287963867,[0.1000 0.1000 0.1000 0.1000 0.1000 0.1000 0.1000],[0.0000 0.0000 0.0000 0.0000 0.0000 0.0000 0.0000],0.7248368263244629,0.5794891938680642,1.0,0.0,0.42003510817264905,None
297,0.7740037441253662,0.9508330821990967,1.0960149765014648,1.8033323287963867,[0.1000 0.1000 0.1000 0.1000 0.1000 0.1000 0.1000],[0.0000 0.0000 0.0000 0.0000 0.0000 0.0000 0.0000],0.7248368263244629,0.5794891938680642,1.0,0.0,0.42003510817264905,None
297,0.7740037441253662,0.9508330821990967,1.0960149765014648,1.8033323287963867,[0.1000 0.1000 0.1000 0.1000 0.1000 0.1000 0.1000],[0.0000 0.0000 0.0000 0.0000 0.0000 0.0000 0.0000],0.7248368263244629,0.5794891938680642,1.0,0.0,0.42003510817264905,None
297,0.7740037441253662,0.9508330821990967,1.0960149765014648,1.8033323287963867,[0.1000 0.1000 0.1000 0.1000 0.1000 0.1000 0.1000],[0.0000 0.0000 0.0000 0.0000 0.0000 0.0000 0.0000],0.7248368263244629,0.5794891938680642,1.0,0.0,0.42003510817264905,None
297,0.7740037441253662,0.9508330821990967,1.0960149765014648,1.8033323287963867,[0.1000 0.1000 0.1000 0.1000 0.1000 0.1000 0.1000],[0.0000 0.0000 0.0000 0.0000 0.0000 0.0000 0.0000],0.7248368263244629,0.5794891938680642,1.0,0.0,0.42003510817264905,None
297,0.7740037441253662,0.9508330821990967,1.0960149765014648,1.8033323287963867,[0.1000 0.1000 0.1000 0.1000 0.1000 0.1000 0.1000],[0.0000 0.0000 0.0000 0.0000 0.0000 0.0000 0.0000],0.7248368263244629,0.5794891938680642,1.0,0.0,0.42003510817264905,None
297,0.7740037441253662,0.9508330821990967,1.0960149765014648,1.8033323287963867,[0.1000 0.1000 0.1000 0.1000 0.1000 0.1000 0.1000],[0.0000 0.0000 0.0000 0.0000 0.0000 0.0000 0.0000],0.7248368263244629,0.5794891938680642,1.0,0.0,0.42003510817264905,None
297,0.7740037441253662,0.9508330821990967,1.0960149765014648,1.8033323287963867,[0.1000 0.1000 0.1000 0.1000 0.1000 0.1000 0.1000],[0.0000 0.0000 0.0000 0.0000 0.0000 0.0000 0.0000],0.7248368263244629,0.5794891938680642,1.0,0.0,0.42003510817264905,None
297,0.7740037441253662,0.9508330821990967,1.0960149765014648,1.8033323287963867,[0.1000 0.1000 0.1000 0.1000 0.1000 0.1000 0.1000],[0.0000 0.0000 0.0000 0.0000 0.0000 0.0000 0.0000],0.7248368263244629,0.5794891938680642,1.0,0.0,0.42003510817264905,None
297,0.7740037441253662,0.9508330821990967,1.0960149765014648,1.8033323287963867,[0.1000 0.1000 0.1000 0.1000 0.1000 0.1000 0.1000],[0.0000 0.0000 0.0000 0.0000 0.0000 0.0000 0.0000],0.7248368263244629,0.5794891938680642,1.0,0.0,0.42003510817264905,None
297,0.7740037441253662,0.9508330821990967,1.0960149765014648,1.8033323287963867,[0.1000 0.1000 0.1000 0.1000 0.1000 0.1000 0.1000],[0.0000 0.0000 0.0000 0.0000 0.0000 0.0000 0.0000],0.7248368263244629,0.5794891938680642,1.0,0.0,0.42003510817264905,None
297,0.7740037441253662,0.9508330821990967,1.0960149765014648,1.8033323287963867,[0.1000 0.1000 0.1000 0.1000 0.1000 0.1000 0.1000],[0.0000 0.0000 0.0000 0.0000 0.0000 0.0000 0.0000],0.7248368263244629,0.5794891938680642,1.0,0.0,0.42003510817264905,None
297,0.7740037441253662,0.9508330821990967,1.0960149765014648,1.8033323287963867,[0.1000 0.1000 0.1000 0.1000 0.1000 0.1000 0.1000],[0.0000 0.0000 0.0000 0.0000 0.0000 0.0000 0.0000],0.7248368263244629,0.5794891938680642,1.0,0.0,0.42003510817264905,None
297,0.7740037441253662,0.9508330821990967,1.0960149765014648,1.8033323287963867,[0.1000 0.1000 0.1000 0.1000 0.1000 0.1000 0.1000],[0.0000 0.0000 0.0000 0.0000 0.0000 0.0000 0.0000],0.7248368263244629,0.5794891938680642,1.0,0.0,0.42003510817264905,None
297,0.7740037441253662,0.9508330821990967,1.0960149765014648,1.8033323287963867,[0.1000 0.1000 0.1000 0.1000 0.1000 0.1000 0.1000],[0.0000 0.0000 0.0000 0.0000 0.0000 0.0000 0.0000],0.7248368263244629,0.5794891938680642,1.0,0.0,0.42003510817264905,None
297,0.7740037441253662,0.9508330821990967,1.0960149765014648,1.8033323287963867,[0.1000 0.1000 0.1000 0.1000 0.1000 0.1000 0.1000],[0.0000 0.0000 0.0000 0.0000 0.0000 0.0000 0.0000],0.7248368263244629,0.5794891938680642,1.0,0.0,0.42003510817264905,None
297,0.7740037441253662,0.9508330821990967,1.0960149765014648,1.8033323287963867,[0.1000 0.1000 0.1000 0.1000 0.1000 0.1000 0.1000],[0.0000 0.0000 0.0000 0.0000 0.0000 0.0000 0.0000],0.7248368263244629,0.5794891938680642,1.0,0.0,0.42003510817264905,None
297,0.7740037441253662,0.9508330821990967,1.0960149765014648,1.8033323287963867,[0.1000 0.1000 0.1000 0.1000 0.1000 0.1000 0.1000],[0.0000 0.0000 0.0000 0.0000 0.0000 0.0000 0.0000],0.7248368263244629,0.5794891938680642,1.0,0.0,0.42003510817264905,None
297,0.7740037441253662,0.9508330821990967,1.0960149765014648,1.8033323287963867,[0.1000 0.1000 0.1000 0.1000 0.1000 0.1000 0.1000],[0.0000 0.0000 0.0000 0.0000 0.0000 0.0000 0.0000],0.7248368263244629,0.5794891938680642,1.0,0.0,0.42003510817264905,None
297,0.7740037441253662,0.9508330821990967,1.0960149765014648,1.8033323287963867,[0.1000 0.1000 0.1000 0.1000 0.1000 0.1000 0.1000],[0.0000 0.0000 0.0000 0.0000 0.0000 0.0000 0.0000],0.7248368263244629,0.5794891938680642,1.0,0.0,0.42003510817264905,None
297,0.7740037441253662,0.9508330821990967,1.0960149765014648,1.8033323287963867,[0.1000 0.1000 0.1000 0.1000 0.1000 0.1000 0.1000],[0.0000 0.0000 0.0000 0.0000 0.0000 0.0000 0.0000],0.7248368263244629,0.5794891938680642,1.0,0.0,0.42003510817264905,None
297,0.7740037441253662,0.9508330821990967,1.0960149765014648,1.8033323287963867,[0.1000 0.1000 0.1000 0.1000 0.1000 0.1000 0.1000],[0.0000 0.0000 0.0000 0.0000 0.0000 0.0000 0.0000],0.7248368263244629,0.5794891938680642,1.0,0.0,0.42003510817264905,None
297,0.7740037441253662,0.9508330821990967,1.0960149765014648,1.8033323287963867,[0.1000 0.1000 0.1000 0.1000 0.1000 0.1000 0.1000],[0.0000 0.0000 0.0000 0.0000 0.0000 0.0000 0.0000],0.7248368263244629,0.5794891938680642,1.0,0.0,0.42003510817264905,None
297,0.7740037441253662,0.9508330821990967,1.0960149765014648,1.8033323287963867,[0.1000 0.1000 0.1000 0.1000 0.1000 0.1000 0.1000],[0.0000 0.0000 0.0000 0.0000 0.0000 0.0000 0.0000],0.7248368263244629,0.5794891938680642,1.0,0.0,0.42003510817264905,None
297,0.7740037441253662,0.9508330821990967,1.0960149765014648,1.8033323287963867,[0.1000 0.1000 0.1000 0.1000 0.1000 0.1000 0.1000],[0.0000 0.0000 0.0000 0.0000 0.0000 0.0000 0.0000],0.7248368263244629,0.5794891938680642,1.0,0.0,0.42003510817264905,None
297,0.7740037441253662,0.9508330821990967,1.0960149765014648,1.8033323287963867,[0.1000 0.1000 0.1000 0.1000 0.1000 0.1000 0.1000],[0.0000 0.0000 0.0000 0.0000 0.0000 0.0000 0.0000],0.7248368263244629,0.5794891938680642,1.0,0.0,0.42003510817264905,None
297,0.7740037441253662,0.9508330821990967,1.0960149765014648,1.8033323287963867,[0.1000 0.1000 0.1000 0.1000 0.1000 0.1000 0.1000],[0.0000 0.0000 0.0000 0.0000 0.0000 0.0000 0.0000],0.7248368263244629,0.5794891938680642,1.0,0.0,0.42003510817264905,None
297,0.7740037441253662,0.9508330821990967,1.0960149765014648,1.8033323287963867,[0.1000 0.1000 0.1000 0.1000 0.1000 0.1000 0.1000],[0.0000 0.0000 0.0000 0.0000 0.0000 0.0000 0.0000],0.7248368263244629,0.5794891938680642,1.0,0.0,0.42003510817264905,None
297,0.7740037441253662,0.9508330821990967,1.0960149765014648,1.8033323287963867,[0.1000 0.1000 0.1000 0.1000 0.1000 0.1000 0.1000],[0.0000 0.0000 0.0000 0.0000 0.0000 0.0000 0.0000],0.7248368263244629,0.5794891938680642,1.0,0.0,0.42003510817264905,None
297,0.7740037441253662,0.9508330821990967,1.0960149765014648,1.8033323287963867,[0.1000 0.1000 0.1000 0.1000 0.1000 0.1000 0.1000],[0.0000 0.0000 0.0000 0.0000 0.0000 0.0000 0.0000],0.7248368263244629,0.5794891938680642,1.0,0.0,0.42003510817264905,None
297,0.7740037441253662,0.9508330821990967,1.0960149765014648,1.8033323287963867,[0.1000 0.1000 0.1000 0.1000 0.1000 0.1000 0.1000],[0.0000 0.0000 0.0000 0.0000 0.0000 0.0000 0.0000],0.7248368263244629,0.5794891938680642,1.0,0.0,0.42003510817264905,None
297,0.7740037441253662,0.9508330821990967,1.0960149765014648,1.8033323287963867,[0.1000 0.1000 0.1000 0.1000 0.1000 0.1000 0.1000],[0.0000 0.0000 0.0000 0.0000 0.0000 0.0000 0.0000],0.7248368263244629,0.5794891938680642,1.0,0.0,0.42003510817264905,None
297,0.7740037441253662,0.9508330821990967,1.0960149765014648,1.8033323287963867,[0.1000 0.1000 0.1000 0.1000 0.1000 0.1000 0.1000],[0.0000 0.0000 0.0000 0.0000 0.0000 0.0000 0.0000],0.7248368263244629,0.5794891938680642,1.0,0.0,0.42003510817264905,None
297,0.7740037441253662,0.9508330821990967,1.0960149765014648,1.8033323287963867,[0.1000 0.1000 0.1000 0.1000 0.1000 0.1000 0.1000],[0.0000 0.0000 0.0000 0.0000 0.0000 0.0000 0.0000],0.7248368263244629,0.5794891938680642,1.0,0.0,0.42003510817264905,None
297,0.7740037441253662,0.9508330821990967,1.0960149765014648,1.8033323287963867,[0.1000 0.1000 0.1000 0.1000 0.1000 0.1000 0.1000],[0.0000 0.0000 0.0000 0.0000 0.0000 0.0000 0.0000],0.7248368263244629,0.5794891938680642,1.0,0.0,0.42003510817264905,None
297,0.7740037441253662,0.9508330821990967,1.0960149765014648,1.8033323287963867,[0.1000 0.1000 0.1000 0.1000 0.1000 0.1000 0.1000],[0.0000 0.0000 0.0000 0.0000 0.0000 0.0000 0.0000],0.7248368263244629,0.5794891938680642,1.0,0.0,0.42003510817264905,None
297,0.7740037441253662,0.9508330821990967,1.0960149765014648,1.8033323287963867,[0.1000 0.1000 0.1000 0.1000 0.1000 0.1000 0.1000],[0.0000 0.0000 0.0000 0.0000 0.0000 0.0000 0.0000],0.7248368263244629,0.5794891938680642,1.0,0.0,0.42003510817264905,None
297,0.7740037441253662,0.9508330821990967,1.0960149765014648,1.8033323287963867,[0.1000 0.1000 0.1000 0.1000 0.1000 0.1000 0.1000],[0.0000 0.0000 0.0000 0.0000 0.0000 0.0000 0.0000],0.7248368263244629,0.5794891938680642,1.0,0.0,0.42003510817264905,None
297,0.7740037441253662,0.9508330821990967,1.0960149765014648,1.8033323287963867,[0.1000 0.1000 0.1000 0.1000 0.1000 0.1000 0.1000],[0.0000 0.0000 0.0000 0.0000 0.0000 0.0000 0.0000],0.7248368263244629,0.5794891938680642,1.0,0.0,0.42003510817264905,None
297,0.7740037441253662,0.9508330821990967,1.0960149765014648,1.8033323287963867,[0.1000 0.1000 0.1000 0.1000 0.1000 0.1000 0.1000],[0.0000 0.0000 0.0000 0.0000 0.0000 0.0000 0.0000],0.7248368263244629,0.5794891938680642,1.0,0.0,0.42003510817264905,None
297,0.7740037441253662,0.9508330821990967,1.0960149765014648,1.8033323287963867,[0.1000 0.1000 0.1000 0.1000 0.1000 0.1000 0.1000],[0.0000 0.0000 0.0000 0.0000 0.0000 0.0000 0.0000],0.7248368263244629,0.5794891938680642,1.0,0.0,0.42003510817264905,None
297,0.7740037441253662,0.9508330821990967,1.0960149765014648,1.8033323287963867,[0.1000 0.1000 0.1000 0.1000 0.1000 0.1000 0.1000],[0.0000 0.0000 0.0000 0.0000 0.0000 0.0000 0.0000],0.7248368263244629,0.5794891938680642,1.0,0.0,0.42003510817264905,None
297,0.7740037441253662,0.9508330821990967,1.0960149765014648,1.8033323287963867,[0.1000 0.1000 0.1000 0.1000 0.1000 0.1000 0.1000],[0.0000 0.0000 0.0000 0.0000 0.0000 0.0000 0.0000],0.7248368263244629,0.5794891938680642,1.0,0.0,0.42003510817264905,None
297,0.7740037441253662,0.9508330821990967,1.0960149765014648,1.8033323287963867,[0.1000 0.1000 0.1000 0.1000 0.1000 0.1000 0.1000],[0.0000 0.0000 0.0000 0.0000 0.0000 0.0000 0.0000],0.7248368263244629,0.5794891938680642,1.0,0.0,0.42003510817264905,None
297,0.7740037441253662,0.9508330821990967,1.0960149765014648,1.8033323287963867,[0.1000 0.1000 0.1000 0.1000 0.1000 0.1000 0.1000],[0.0000 0.0000 0.0000 0.0000 0.0000 0.0000 0.0000],0.7248368263244629,0.5794891938680642,1.0,0.0,0.42003510817264905,None
297,0.7740037441253662,0.9508330821990967,1.0960149765014648,1.8033323287963867,[0.1000 0.1000 0.1000 0.1000 0.1000 0.1000 0.1000],[0.0000 0.0000 0.0000 0.0000 0.0000 0.0000 0.0000],0.7248368263244629,0.5794891938680642,1.0,0.0,0.42003510817264905,None
297,0.7740037441253662,0.9508330821990967,1.0960149765014648,1.8033323287963867,[0.1000 0.1000 0.1000 0.1000 0.1000 0.1000 0.1000],[0.0000 0.0000 0.0000 0.0000 0.0000 0.0000 0.0000],0.7248368263244629,0.5794891938680642,1.0,0.0,0.42003510817264905,None
297,0.7740037441253662,0.9508330821990967,1.0960149765014648,1.8033323287963867,[0.1000 0.1000 0.1000 0.1000 0.1000 0.1000 0.1000],[0.0000 0.0000 0.0000 0.0000 0.0000 0.0000 0.0000],0.7248368263244629,0.5794891938680642,1.0,0.0,0.42003510817264905,None
297,0.7740037441253662,0.9508330821990967,1.0960149765014648,1.8033323287963867,[0.1000 0.1000 0.1000 0.1000 0.1000 0.1000 0.1000],[0.0000 0.0000 0.0000 0.0000 0.0000 0.0000 0.0000],0.7248368263244629,0.5794891938680642,1.0,0.0,0.42003510817264905,None
297,0.7740037441253662,0.9508330821990967,1.0960149765014648,1.8033323287963867,[0.1000 0.1000 0.1000 0.1000 0.1000 0.1000 0.1000],[0.0000 0.0000 0.0000 0.0000 0.0000 0.0000 0.0000],0.7248368263244629,0.5794891938680642,1.0,0.0,0.42003510817264905,None
297,0.7740037441253662,0.9508330821990967,1.0960149765014648,1.8033323287963867,[0.1000 0.1000 0.1000 0.1000 0.1000 0.1000 0.1000],[0.0000 0.0000 0.0000 0.0000 0.0000 0.0000 0.0000],0.7248368263244629,0.5794891938680642,1.0,0.0,0.42003510817264905,None
297,0.7740037441253662,0.9508330821990967,1.0960149765014648,1.8033323287963867,[0.1000 0.1000 0.1000 0.1000 0.1000 0.1000 0.1000],[0.0000 0.0000 0.0000 0.0000 0.0000 0.0000 0.0000],0.7248368263244629,0.5794891938680642,1.0,0.0,0.42003510817264905,None
297,0.7740037441253662,0.9508330821990967,1.0960149765014648,1.8033323287963867,[0.1000 0.1000 0.1000 0.1000 0.1000 0.1000 0.1000],[0.0000 0.0000 0.0000 0.0000 0.0000 0.0000 0.0000],0.7248368263244629,0.5794891938680642,1.0,0.0,0.42003510817264905,None
297,0.7740037441253662,0.9508330821990967,1.0960149765014648,1.8033323287963867,[0.1000 0.1000 0.1000 0.1000 0.1000 0.1000 0.1000],[0.0000 0.0000 0.0000 0.0000 0.0000 0.0000 0.0000],0.7248368263244629,0.5794891938680642,1.0,0.0,0.42003510817264905,None
297,0.7740037441253662,0.9508330821990967,1.0960149765014648,1.8033323287963867,[0.1000 0.1000 0.1000 0.1000 0.1000 0.1000 0.1000],[0.0000 0.0000 0.0000 0.0000 0.0000 0.0000 0.0000],0.7248368263244629,0.5794891938680642,1.0,0.0,0.42003510817264905,None
297,0.7740037441253662,0.9508330821990967,1.0960149765014648,1.8033323287963867,[0.1000 0.1000 0.1000 0.1000 0.1000 0.1000 0.1000],[0.0000 0.0000 0.0000 0.0000 0.0000 0.0000 0.0000],0.7248368263244629,0.5794891938680642,1.0,0.0,0.42003510817264905,None
297,0.7740037441253662,0.9508330821990967,1.0960149765014648,1.8033323287963867,[0.1000 0.1000 0.1000 0.1000 0.1000 0.1000 0.1000],[0.0000 0.0000 0.0000 0.0000 0.0000 0.0000 0.0000],0.7248368263244629,0.5794891938680642,1.0,0.0,0.42003510817264905,None
297,0.7740037441253662,0.9508330821990967,1.0960149765014648,1.8033323287963867,[0.1000 0.1000 0.1000 0.1000 0.1000 0.1000 0.1000],[0.0000 0.0000 0.0000 0.0000 0.0000 0.0000 0.0000],0.7248368263244629,0.5794891938680642,1.0,0.0,0.42003510817264905,None
297,0.7740037441253662,0.9508330821990967,1.0960149765014648,1.8033323287963867,[0.1000 0.1000 0.1000 0.1000 0.1000 0.1000 0.1000],[0.0000 0.0000 0.0000 0.0000 0.0000 0.0000 0.0000],0.7248368263244629,0.5794891938680642,1.0,0.0,0.42003510817264905,None
297,0.7740037441253662,0.9508330821990967,1.0960149765014648,1.8033323287963867,[0.1000 0.1000 0.1000 0.1000 0.1000 0.1000 0.1000],[0.0000 0.0000 0.0000 0.0000 0.0000 0.0000 0.0000],0.7248368263244629,0.5794891938680642,1.0,0.0,0.42003510817264905,None
297,0.7740037441253662,0.9508330821990967,1.0960149765014648,1.8033323287963867,[0.1000 0.1000 0.1000 0.1000 0.1000 0.1000 0.1000],[0.0000 0.0000 0.0000 0.0000 0.0000 0.0000 0.0000],0.7248368263244629,0.5794891938680642,1.0,0.0,0.42003510817264905,None
297,0.7740037441253662,0.9508330821990967,1.0960149765014648,1.8033323287963867,[0.1000 0.1000 0.1000 0.1000 0.1000 0.1000 0.1000],[0.0000 0.0000 0.0000 0.0000 0.0000 0.0000 0.0000],0.7248368263244629,0.5794891938680642,1.0,0.0,0.42003510817264905,None
297,0.7740037441253662,0.9508330821990967,1.0960149765014648,1.8033323287963867,[0.1000 0.1000 0.1000 0.1000 0.1000 0.1000 0.1000],[0.0000 0.0000 0.0000 0.0000 0.0000 0.0000 0.0000],0.7248368263244629,0.5794891938680642,1.0,0.0,0.42003510817264905,None
297,0.7740037441253662,0.9508330821990967,1.0960149765014648,1.8033323287963867,[0.1000 0.1000 0.1000 0.1000 0.1000 0.1000 0.1000],[0.0000 0.0000 0.0000 0.0000 0.0000 0.0000 0.0000],0.7248368263244629,0.5794891938680642,1.0,0.0,0.42003510817264905,None
297,0.7740037441253662,0.9508330821990967,1.0960149765014648,1.8033323287963867,[0.1000 0.1000 0.1000 0.1000 0.1000 0.1000 0.1000],[0.0000 0.0000 0.0000 0.0000 0.0000 0.0000 0.0000],0.7248368263244629,0.5794891938680642,1.0,0.0,0.42003510817264905,None
297,0.7740037441253662,0.9508330821990967,1.0960149765014648,1.8033323287963867,[0.1000 0.1000 0.1000 0.1000 0.1000 0.1000 0.1000],[0.0000 0.0000 0.0000 0.0000 0.0000 0.0000 0.0000],0.7248368263244629,0.5794891938680642,1.0,0.0,0.42003510817264905,None
297,0.7740037441253662,0.9508330821990967,1.0960149765014648,1.8033323287963867,[0.1000 0.1000 0.1000 0.1000 0.1000 0.1000 0.1000],[0.0000 0.0000 0.0000 0.0000 0.0000 0.0000 0.0000],0.7248368263244629,0.5794891938680642,1.0,0.0,0.42003510817264905,None
297,0.7740037441253662,0.9508330821990967,1.0960149765014648,1.8033323287963867,[0.1000 0.1000 0.1000 0.1000 0.1000 0.1000 0.1000],[0.0000 0.0000 0.0000 0.0000 0.0000 0.0000 0.0000],0.7248368263244629,0.5794891938680642,1.0,0.0,0.42003510817264905,None
297,0.7740037441253662,0.9508330821990967,1.0960149765014648,1.8033323287963867,[0.1000 0.1000 0.1000 0.1000 0.1000 0.1000 0.1000],[0.0000 0.0000 0.0000 0.0000 0.0000 0.0000 0.0000],0.7248368263244629,0.5794891938680642,1.0,0.0,0.42003510817264905,None
297,0.7740037441253662,0.9508330821990967,1.0960149765014648,1.8033323287963867,[0.1000 0.1000 0.1000 0.1000 0.1000 0.1000 0.1000],[0.0000 0.0000 0.0000 0.0000 0.0000 0.0000 0.0000],0.7248368263244629,0.5794891938680642,1.0,0.0,0.42003510817264905,None
297,0.7740037441253662,0.9508330821990967,1.0960149765014648,1.8033323287963867,[0.1000 0.1000 0.1000 0.1000 0.1000 0.1000 0.1000],[0.0000 0.0000 0.0000 0.0000 0.0000 0.0000 0.0000],0.7248368263244629,0.5794891938680642,1.0,0.0,0.42003510817264905,None
297,0.7740037441253662,0.9508330821990967,1.0960149765014648,1.8033323287963867,[0.1000 0.1000 0.1000 0.1000 0.1000 0.1000 0.1000],[0.0000 0.0000 0.0000 0.0000 0.0000 0.0000 0.0000],0.7248368263244629,0.5794891938680642,1.0,0.0,0.42003510817264905,None
297,0.7740037441253662,0.9508330821990967,1.0960149765014648,1.8033323287963867,[0.1000 0.1000 0.1000 0.1000 0.1000 0.1000 0.1000],[0.0000 0.0000 0.0000 0.0000 0.0000 0.0000 0.0000],0.7248368263244629,0.5794891938680642,1.0,0.0,0.42003510817264905,None
297,0.7740037441253662,0.9508330821990967,1.0960149765014648,1.8033323287963867,[0.1000 0.1000 0.1000 0.1000 0.1000 0.1000 0.1000],[0.0000 0.0000 0.0000 0.0000 0.0000 0.0000 0.0000],0.7248368263244629,0.5794891938680642,1.0,0.0,0.42003510817264905,None
297,0.7740037441253662,0.9508330821990967,1.0960149765014648,1.8033323287963867,[0.1000 0.1000 0.1000 0.1000 0.1000 0.1000 0.1000],[0.0000 0.0000 0.0000 0.0000 0.0000 0.0000 0.0000],0.7248368263244629,0.5794891938680642,1.0,0.0,0.42003510817264905,None
297,0.7740037441253662,0.9508330821990967,1.0960149765014648,1.8033323287963867,[0.1000 0.1000 0.1000 0.1000 0.1000 0.1000 0.1000],[0.0000 0.0000 0.0000 0.0000 0.0000 0.0000 0.0000],0.7248368263244629,0.5794891938680642,1.0,0.0,0.42003510817264905,None
297,0.7740037441253662,0.9508330821990967,1.0960149765014648,1.8033323287963867,[0.1000 0.1000 0.1000 0.1000 0.1000 0.1000 0.1000],[0.0000 0.0000 0.0000 0.0000 0.0000 0.0000 0.0000],0.7248368263244629,0.5794891938680642,1.0,0.0,0.42003510817264905,None
297,0.7740037441253662,0.9508330821990967,1.0960149765014648,1.8033323287963867,[0.1000 0.1000 0.1000 0.1000 0.1000 0.1000 0.1000],[0.0000 0.0000 0.0000 0.0000 0.0000 0.0000 0.0000],0.7248368263244629,0.5794891938680642,1.0,0.0,0.42003510817264905,None
297,0.7740037441253662,0.9508330821990967,1.0960149765014648,1.8033323287963867,[0.1000 0.1000 0.1000 0.1000 0.1000 0.1000 0.1000],[0.0000 0.0000 0.0000 0.0000 0.0000 0.0000 0.0000],0.7248368263244629,0.5794891938680642,1.0,0.0,0.42003510817264905,None
297,0.7740037441253662,0.9508330821990967,1.0960149765014648,1.8033323287963867,[0.1000 0.1000 0.1000 0.1000 0.1000 0.1000 0.1000],[0.0000 0.0000 0.0000 0.0000 0.0000 0.0000 0.0000],0.7248368263244629,0.5794891938680642,1.0,0.0,0.42003510817264905,None
297,0.7740037441253662,0.9508330821990967,1.0960149765014648,1.8033323287963867,[0.1000 0.1000 0.1000 0.1000 0.1000 0.1000 0.1000],[0.0000 0.0000 0.0000 0.0000 0.0000 0.0000 0.0000],0.7248368263244629,0.5794891938680642,1.0,0.0,0.42003510817264905,None
297,0.7740037441253662,0.9508330821990967,1.0960149765014648,1.8033323287963867,[0.1000 0.1000 0.1000 0.1000 0.1000 0.1000 0.1000],[0.0000 0.0000 0.0000 0.0000 0.0000 0.0000 0.0000],0.7248368263244629,0.5794891938680642,1.0,0.0,0.42003510817264905,None
297,0.7740037441253662,0.9508330821990967,1.0960149765014648,1.8033323287963867,[0.1000 0.1000 0.1000 0.1000 0.1000 0.1000 0.1000],[0.0000 0.0000 0.0000 0.0000 0.0000 0.0000 0.0000],0.7248368263244629,0.5794891938680642,1.0,0.0,0.42003510817264905,None
297,0.7740037441253662,0.9508330821990967,1.0960149765014648,1.8033323287963867,[0.1000 0.1000 0.1000 0.1000 0.1000 0.1000 0.1000],[0.0000 0.0000 0.0000 0.0000 0.0000 0.0000 0.0000],0.7248368263244629,0.5794891938680642,1.0,0.0,0.42003510817264905,None
297,0.7740037441253662,0.9508330821990967,1.0960149765014648,1.8033323287963867,[0.1000 0.1000 0.1000 0.1000 0.1000 0.1000 0.1000],[0.0000 0.0000 0.0000 0.0000 0.0000 0.0000 0.0000],0.7248368263244629,0.5794891938680642,1.0,0.0,0.42003510817264905,None
297,0.7740037441253662,0.9508330821990967,1.0960149765014648,1.8033323287963867,[0.1000 0.1000 0.1000 0.1000 0.1000 0.1000 0.1000],[0.0000 0.0000 0.0000 0.0000 0.0000 0.0000 0.0000],0.7248368263244629,0.5794891938680642,1.0,0.0,0.42003510817264905,None
297,0.7740037441253662,0.9508330821990967,1.0960149765014648,1.8033323287963867,[0.1000 0.1000 0.1000 0.1000 0.1000 0.1000 0.1000],[0.0000 0.0000 0.0000 0.0000 0.0000 0.0000 0.0000],0.7248368263244629,0.5794891938680642,1.0,0.0,0.42003510817264905,None
297,0.7740037441253662,0.9508330821990967,1.0960149765014648,1.8033323287963867,[0.1000 0.1000 0.1000 0.1000 0.1000 0.1000 0.1000],[0.0000 0.0000 0.0000 0.0000 0.0000 0.0000 0.0000],0.7248368263244629,0.5794891938680642,1.0,0.0,0.42003510817264905,None
297,0.7740037441253662,0.9508330821990967,1.0960149765014648,1.8033323287963867,[0.1000 0.1000 0.1000 0.1000 0.1000 0.1000 0.1000],[0.0000 0.0000 0.0000 0.0000 0.0000 0.0000 0.0000],0.7248368263244629,0.5794891938680642,1.0,0.0,0.42003510817264905,None
297,0.7740037441253662,0.9508330821990967,1.0960149765014648,1.8033323287963867,[0.1000 0.1000 0.1000 0.1000 0.1000 0.1000 0.1000],[0.0000 0.0000 0.0000 0.0000 0.0000 0.0000 0.0000],0.7248368263244629,0.5794891938680642,1.0,0.0,0.42003510817264905,None
297,0.7740037441253662,0.9508330821990967,1.0960149765014648,1.8033323287963867,[0.1000 0.1000 0.1000 0.1000 0.1000 0.1000 0.1000],[0.0000 0.0000 0.0000 0.0000 0.0000 0.0000 0.0000],0.7248368263244629,0.5794891938680642,1.0,0.0,0.42003510817264905,None
297,0.7740037441253662,0.9508330821990967,1.0960149765014648,1.8033323287963867,[0.1000 0.1000 0.1000 0.1000 0.1000 0.1000 0.1000],[0.0000 0.0000 0.0000 0.0000 0.0000 0.0000 0.0000],0.7248368263244629,0.5794891938680642,1.0,0.0,0.42003510817264905,None
297,0.7740037441253662,0.9508330821990967,1.0960149765014648,1.8033323287963867,[0.1000 0.1000 0.1000 0.1000 0.1000 0.1000 0.1000],[0.0000 0.0000 0.0000 0.0000 0.0000 0.0000 0.0000],0.7248368263244629,0.5794891938680642,1.0,0.0,0.42003510817264905,None
297,0.7740037441253662,0.9508330821990967,1.0960149765014648,1.8033323287963867,[0.1000 0.1000 0.1000 0.1000 0.1000 0.1000 0.1000],[0.0000 0.0000 0.0000 0.0000 0.0000 0.0000 0.0000],0.7248368263244629,0.5794891938680642,1.0,0.0,0.42003510817264905,None
297,0.7740037441253662,0.9508330821990967,1.0960149765014648,1.8033323287963867,[0.1000 0.1000 0.1000 0.1000 0.1000 0.1000 0.1000],[0.0000 0.0000 0.0000 0.0000 0.0000 0.0000 0.0000],0.7248368263244629,0.5794891938680642,1.0,0.0,0.42003510817264905,None
297,0.7740037441253662,0.9508330821990967,1.0960149765014648,1.8033323287963867,[0.1000 0.1000 0.1000 0.1000 0.1000 0.1000 0.1000],[0.0000 0.0000 0.0000 0.0000 0.0000 0.0000 0.0000],0.7248368263244629,0.5794891938680642,1.0,0.0,0.42003510817264905,None
297,0.7740037441253662,0.9508330821990967,1.0960149765014648,1.8033323287963867,[0.1000 0.1000 0.1000 0.1000 0.1000 0.1000 0.1000],[0.0000 0.0000 0.0000 0.0000 0.0000 0.0000 0.0000],0.7248368263244629,0.5794891938680642,1.0,0.0,0.42003510817264905,None
297,0.7740037441253662,0.9508330821990967,1.0960149765014648,1.8033323287963867,[0.1000 0.1000 0.1000 0.1000 0.1000 0.1000 0.1000],[0.0000 0.0000 0.0000 0.0000 0.0000 0.0000 0.0000],0.7248368263244629,0.5794891938680642,1.0,0.0,0.42003510817264905,None
297,0.7740037441253662,0.9508330821990967,1.0960149765014648,1.8033323287963867,[0.1000 0.1000 0.1000 0.1000 0.1000 0.1000 0.1000],[0.0000 0.0000 0.0000 0.0000 0.0000 0.0000 0.0000],0.7248368263244629,0.5794891938680642,1.0,0.0,0.42003510817264905,None
297,0.7740037441253662,0.9508330821990967,1.0960149765014648,1.8033323287963867,[0.1000 0.1000 0.1000 0.1000 0.1000 0.1000 0.1000],[0.0000 0.0000 0.0000 0.0000 0.0000 0.0000 0.0000],0.7248368263244629,0.5794891938680642,1.0,0.0,0.42003510817264905,None
297,0.7740037441253662,0.9508330821990967,1.0960149765014648,1.8033323287963867,[0.1000 0.1000 0.1000 0.1000 0.1000 0.1000 0.1000],[0.0000 0.0000 0.0000 0.0000 0.0000 0.0000 0.0000],0.7248368263244629,0.5794891938680642,1.0,0.0,0.42003510817264905,None
297,0.7740037441253662,0.9508330821990967,1.0960149765014648,1.8033323287963867,[0.1000 0.1000 0.1000 0.1000 0.1000 0.1000 0.1000],[0.0000 0.0000 0.0000 0.0000 0.0000 0.0000 0.0000],0.7248368263244629,0.5794891938680642,1.0,0.0,0.42003510817264905,None
297,0.7740037441253662,0.9508330821990967,1.0960149765014648,1.8033323287963867,[0.1000 0.1000 0.1000 0.1000 0.1000 0.1000 0.1000],[0.0000 0.0000 0.0000 0.0000 0.0000 0.0000 0.0000],0.7248368263244629,0.5794891938680642,1.0,0.0,0.42003510817264905,None
297,0.7740037441253662,0.9508330821990967,1.0960149765014648,1.8033323287963867,[0.1000 0.1000 0.1000 0.1000 0.1000 0.1000 0.1000],[0.0000 0.0000 0.0000 0.0000 0.0000 0.0000 0.0000],0.7248368263244629,0.5794891938680642,1.0,0.0,0.42003510817264905,None
297,0.7740037441253662,0.9508330821990967,1.0960149765014648,1.8033323287963867,[0.1000 0.1000 0.1000 0.1000 0.1000 0.1000 0.1000],[0.0000 0.0000 0.0000 0.0000 0.0000 0.0000 0.0000],0.7248368263244629,0.5794891938680642,1.0,0.0,0.42003510817264905,None
297,0.7740037441253662,0.9508330821990967,1.0960149765014648,1.8033323287963867,[0.1000 0.1000 0.1000 0.1000 0.1000 0.1000 0.1000],[0.0000 0.0000 0.0000 0.0000 0.0000 0.0000 0.0000],0.7248368263244629,0.5794891938680642,1.0,0.0,0.42003510817264905,None
297,0.7740037441253662,0.9508330821990967,1.0960149765014648,1.8033323287963867,[0.1000 0.1000 0.1000 0.1000 0.1000 0.1000 0.1000],[0.0000 0.0000 0.0000 0.0000 0.0000 0.0000 0.0000],0.7248368263244629,0.5794891938680642,1.0,0.0,0.42003510817264905,None
297,0.7740037441253662,0.9508330821990967,1.0960149765014648,1.8033323287963867,[0.1000 0.1000 0.1000 0.1000 0.1000 0.1000 0.1000],[0.0000 0.0000 0.0000 0.0000 0.0000 0.0000 0.0000],0.7248368263244629,0.5794891938680642,1.0,0.0,0.42003510817264905,None
297,0.7740037441253662,0.9508330821990967,1.0960149765014648,1.8033323287963867,[0.1000 0.1000 0.1000 0.1000 0.1000 0.1000 0.1000],[0.0000 0.0000 0.0000 0.0000 0.0000 0.0000 0.0000],0.7248368263244629,0.5794891938680642,1.0,0.0,0.42003510817264905,None
297,0.7740037441253662,0.9508330821990967,1.0960149765014648,1.8033323287963867,[0.1000 0.1000 0.1000 0.1000 0.1000 0.1000 0.1000],[0.0000 0.0000 0.0000 0.0000 0.0000 0.0000 0.0000],0.7248368263244629,0.5794891938680642,1.0,0.0,0.42003510817264905,None
297,0.7740037441253662,0.9508330821990967,1.0960149765014648,1.8033323287963867,[0.1000 0.1000 0.1000 0.1000 0.1000 0.1000 0.1000],[0.0000 0.0000 0.0000 0.0000 0.0000 0.0000 0.0000],0.7248368263244629,0.5794891938680642,1.0,0.0,0.42003510817264905,None
297,0.7740037441253662,0.9508330821990967,1.0960149765014648,1.8033323287963867,[0.1000 0.1000 0.1000 0.1000 0.1000 0.1000 0.1000],[0.0000 0.0000 0.0000 0.0000 0.0000 0.0000 0.0000],0.7248368263244629,0.5794891938680642,1.0,0.0,0.42003510817264905,None
297,0.7740037441253662,0.9508330821990967,1.0960149765014648,1.8033323287963867,[0.1000 0.1000 0.1000 0.1000 0.1000 0.1000 0.1000],[0.0000 0.0000 0.0000 0.0000 0.0000 0.0000 0.0000],0.7248368263244629,0.5794891938680642,1.0,0.0,0.42003510817264905,None
297,0.7740037441253662,0.9508330821990967,1.0960149765014648,1.8033323287963867,[0.1000 0.1000 0.1000 0.1000 0.1000 0.1000 0.1000],[0.0000 0.0000 0.0000 0.0000 0.0000 0.0000 0.0000],0.7248368263244629,0.5794891938680642,1.0,0.0,0.42003510817264905,None
297,0.7740037441253662,0.9508330821990967,1.0960149765014648,1.8033323287963867,[0.1000 0.1000 0.1000 0.1000 0.1000 0.1000 0.1000],[0.0000 0.0000 0.0000 0.0000 0.0000 0.0000 0.0000],0.7248368263244629,0.5794891938680642,1.0,0.0,0.42003510817264905,None
297,0.7740037441253662,0.9508330821990967,1.0960149765014648,1.8033323287963867,[0.1000 0.1000 0.1000 0.1000 0.1000 0.1000 0.1000],[0.0000 0.0000 0.0000 0.0000 0.0000 0.0000 0.0000],0.7248368263244629,0.5794891938680642,1.0,0.0,0.42003510817264905,None
297,0.7740037441253662,0.9508330821990967,1.0960149765014648,1.8033323287963867,[0.1000 0.1000 0.1000 0.1000 0.1000 0.1000 0.1000],[0.0000 0.0000 0.0000 0.0000 0.0000 0.0000 0.0000],0.7248368263244629,0.5794891938680642,1.0,0.0,0.42003510817264905,None
297,0.7740037441253662,0.9508330821990967,1.0960149765014648,1.8033323287963867,[0.1000 0.1000 0.1000 0.1000 0.1000 0.1000 0.1000],[0.0000 0.0000 0.0000 0.0000 0.0000 0.0000 0.0000],0.7248368263244629,0.5794891938680642,1.0,0.0,0.42003510817264905,None
297,0.7740037441253662,0.9508330821990967,1.0960149765014648,1.8033323287963867,[0.1000 0.1000 0.1000 0.1000 0.1000 0.1000 0.1000],[0.0000 0.0000 0.0000 0.0000 0.0000 0.0000 0.0000],0.7248368263244629,0.5794891938680642,1.0,0.0,0.42003510817264905,None
297,0.7740037441253662,0.9508330821990967,1.0960149765014648,1.8033323287963867,[0.1000 0.1000 0.1000 0.1000 0.1000 0.1000 0.1000],[0.0000 0.0000 0.0000 0.0000 0.0000 0.0000 0.0000],0.7248368263244629,0.5794891938680642,1.0,0.0,0.42003510817264905,None
297,0.7740037441253662,0.9508330821990967,1.0960149765014648,1.8033323287963867,[0.1000 0.1000 0.1000 0.1000 0.1000 0.1000 0.1000],[0.0000 0.0000 0.0000 0.0000 0.0000 0.0000 0.0000],0.7248368263244629,0.5794891938680642,1.0,0.0,0.42003510817264905,None
297,0.7740037441253662,0.9508330821990967,1.0960149765014648,1.8033323287963867,[0.1000 0.1000 0.1000 0.1000 0.1000 0.1000 0.1000],[0.0000 0.0000 0.0000 0.0000 0.0000 0.0000 0.0000],0.7248368263244629,0.5794891938680642,1.0,0.0,0.42003510817264905,None
297,0.7740037441253662,0.9508330821990967,1.0960149765014648,1.8033323287963867,[0.1000 0.1000 0.1000 0.1000 0.1000 0.1000 0.1000],[0.0000 0.0000 0.0000 0.0000 0.0000 0.0000 0.0000],0.7248368263244629,0.5794891938680642,1.0,0.0,0.42003510817264905,None
297,0.7740037441253662,0.9508330821990967,1.0960149765014648,1.8033323287963867,[0.1000 0.1000 0.1000 0.1000 0.1000 0.1000 0.1000],[0.0000 0.0000 0.0000 0.0000 0.0000 0.0000 0.0000],0.7248368263244629,0.5794891938680642,1.0,0.0,0.42003510817264905,None
297,0.7740037441253662,0.9508330821990967,1.0960149765014648,1.8033323287963867,[0.1000 0.1000 0.1000 0.1000 0.1000 0.1000 0.1000],[0.0000 0.0000 0.0000 0.0000 0.0000 0.0000 0.0000],0.7248368263244629,0.5794891938680642,1.0,0.0,0.42003510817264905,None
297,0.7740037441253662,0.9508330821990967,1.0960149765014648,1.8033323287963867,[0.1000 0.1000 0.1000 0.1000 0.1000 0.1000 0.1000],[0.0000 0.0000 0.0000 0.0000 0.0000 0.0000 0.0000],0.7248368263244629,0.5794891938680642,1.0,0.0,0.42003510817264905,None
297,0.7740037441253662,0.9508330821990967,1.0960149765014648,1.8033323287963867,[0.1000 0.1000 0.1000 0.1000 0.1000 0.1000 0.1000],[0.0000 0.0000 0.0000 0.0000 0.0000 0.0000 0.0000],0.7248368263244629,0.5794891938680642,1.0,0.0,0.42003510817264905,None
297,0.7740037441253662,0.9508330821990967,1.0960149765014648,1.8033323287963867,[0.1000 0.1000 0.1000 0.1000 0.1000 0.1000 0.1000],[0.0000 0.0000 0.0000 0.0000 0.0000 0.0000 0.0000],0.7248368263244629,0.5794891938680642,1.0,0.0,0.42003510817264905,None
297,0.7740037441253662,0.9508330821990967,1.0960149765014648,1.8033323287963867,[0.1000 0.1000 0.1000 0.1000 0.1000 0.1000 0.1000],[0.0000 0.0000 0.0000 0.0000 0.0000 0.0000 0.0000],0.7248368263244629,0.5794891938680642,1.0,0.0,0.42003510817264905,None
297,0.7740037441253662,0.9508330821990967,1.0960149765014648,1.8033323287963867,[0.1000 0.1000 0.1000 0.1000 0.1000 0.1000 0.1000],[0.0000 0.0000 0.0000 0.0000 0.0000 0.0000 0.0000],0.7248368263244629,0.5794891938680642,1.0,0.0,0.42003510817264905,None
297,0.7740037441253662,0.9508330821990967,1.0960149765014648,1.8033323287963867,[0.1000 0.1000 0.1000 0.1000 0.1000 0.1000 0.1000],[0.0000 0.0000 0.0000 0.0000 0.0000 0.0000 0.0000],0.7248368263244629,0.5794891938680642,1.0,0.0,0.42003510817264905,None
297,0.7740037441253662,0.9508330821990967,1.0960149765014648,1.8033323287963867,[0.1000 0.1000 0.1000 0.1000 0.1000 0.1000 0.1000],[0.0000 0.0000 0.0000 0.0000 0.0000 0.0000 0.0000],0.7248368263244629,0.5794891938680642,1.0,0.0,0.42003510817264905,None
297,0.7740037441253662,0.9508330821990967,1.0960149765014648,1.8033323287963867,[0.1000 0.1000 0.1000 0.1000 0.1000 0.1000 0.1000],[0.0000 0.0000 0.0000 0.0000 0.0000 0.0000 0.0000],0.7248368263244629,0.5794891938680642,1.0,0.0,0.42003510817264905,None
297,0.7740037441253662,0.9508330821990967,1.0960149765014648,1.8033323287963867,[0.1000 0.1000 0.1000 0.1000 0.1000 0.1000 0.1000],[0.0000 0.0000 0.0000 0.0000 0.0000 0.0000 0.0000],0.7248368263244629,0.5794891938680642,1.0,0.0,0.42003510817264905,None
297,0.7740037441253662,0.9508330821990967,1.0960149765014648,1.8033323287963867,[0.1000 0.1000 0.1000 0.1000 0.1000 0.1000 0.1000],[0.0000 0.0000 0.0000 0.0000 0.0000 0.0000 0.0000],0.7248368263244629,0.5794891938680642,1.0,0.0,0.42003510817264905,None
297,0.7740037441253662,0.9508330821990967,1.0960149765014648,1.8033323287963867,[0.1000 0.1000 0.1000 0.1000 0.1000 0.1000 0.1000],[0.0000 0.0000 0.0000 0.0000 0.0000 0.0000 0.0000],0.7248368263244629,0.5794891938680642,1.0,0.0,0.42003510817264905,None
297,0.7740037441253662,0.9508330821990967,1.0960149765014648,1.8033323287963867,[0.1000 0.1000 0.1000 0.1000 0.1000 0.1000 0.1000],[0.0000 0.0000 0.0000 0.0000 0.0000 0.0000 0.0000],0.7248368263244629,0.5794891938680642,1.0,0.0,0.42003510817264905,None
297,0.7740037441253662,0.9508330821990967,1.0960149765014648,1.8033323287963867,[0.1000 0.1000 0.1000 0.1000 0.1000 0.1000 0.1000],[0.0000 0.0000 0.0000 0.0000 0.0000 0.0000 0.0000],0.7248368263244629,0.5794891938680642,1.0,0.0,0.42003510817264905,None
297,0.7740037441253662,0.9508330821990967,1.0960149765014648,1.8033323287963867,[0.1000 0.1000 0.1000 0.1000 0.1000 0.1000 0.1000],[0.0000 0.0000 0.0000 0.0000 0.0000 0.0000 0.0000],0.7248368263244629,0.5794891938680642,1.0,0.0,0.42003510817264905,None
297,0.7740037441253662,0.9508330821990967,1.0960149765014648,1.8033323287963867,[0.1000 0.1000 0.1000 0.1000 0.1000 0.1000 0.1000],[0.0000 0.0000 0.0000 0.0000 0.0000 0.0000 0.0000],0.7248368263244629,0.5794891938680642,1.0,0.0,0.42003510817264905,None
297,0.7740037441253662,0.9508330821990967,1.0960149765014648,1.8033323287963867,[0.1000 0.1000 0.1000 0.1000 0.1000 0.1000 0.1000],[0.0000 0.0000 0.0000 0.0000 0.0000 0.0000 0.0000],0.7248368263244629,0.5794891938680642,1.0,0.0,0.42003510817264905,None
297,0.7740037441253662,0.9508330821990967,1.0960149765014648,1.8033323287963867,[0.1000 0.1000 0.1000 0.1000 0.1000 0.1000 0.1000],[0.0000 0.0000 0.0000 0.0000 0.0000 0.0000 0.0000],0.7248368263244629,0.5794891938680642,1.0,0.0,0.42003510817264905,None
297,0.7740037441253662,0.9508330821990967,1.0960149765014648,1.8033323287963867,[0.1000 0.1000 0.1000 0.1000 0.1000 0.1000 0.1000],[0.0000 0.0000 0.0000 0.0000 0.0000 0.0000 0.0000],0.7248368263244629,0.5794891938680642,1.0,0.0,0.42003510817264905,None
297,0.7740037441253662,0.9508330821990967,1.0960149765014648,1.8033323287963867,[0.1000 0.1000 0.1000 0.1000 0.1000 0.1000 0.1000],[0.0000 0.0000 0.0000 0.0000 0.0000 0.0000 0.0000],0.7248368263244629,0.5794891938680642,1.0,0.0,0.42003510817264905,None
297,0.7740037441253662,0.9508330821990967,1.0960149765014648,1.8033323287963867,[0.1000 0.1000 0.1000 0.1000 0.1000 0.1000 0.1000],[0.0000 0.0000 0.0000 0.0000 0.0000 0.0000 0.0000],0.7248368263244629,0.5794891938680642,1.0,0.0,0.42003510817264905,None
297,0.7740037441253662,0.9508330821990967,1.0960149765014648,1.8033323287963867,[0.1000 0.1000 0.1000 0.1000 0.1000 0.1000 0.1000],[0.0000 0.0000 0.0000 0.0000 0.0000 0.0000 0.0000],0.7248368263244629,0.5794891938680642,1.0,0.0,0.42003510817264905,None
297,0.7740037441253662,0.9508330821990967,1.0960149765014648,1.8033323287963867,[0.1000 0.1000 0.1000 0.1000 0.1000 0.1000 0.1000],[0.0000 0.0000 0.0000 0.0000 0.0000 0.0000 0.0000],0.7248368263244629,0.5794891938680642,1.0,0.0,0.42003510817264905,None
297,0.7740037441253662,0.9508330821990967,1.0960149765014648,1.8033323287963867,[0.1000 0.1000 0.1000 0.1000 0.1000 0.1000 0.1000],[0.0000 0.0000 0.0000 0.0000 0.0000 0.0000 0.0000],0.7248368263244629,0.5794891938680642,1.0,0.0,0.42003510817264905,None
297,0.7740037441253662,0.9508330821990967,1.0960149765014648,1.8033323287963867,[0.1000 0.1000 0.1000 0.1000 0.1000 0.1000 0.1000],[0.0000 0.0000 0.0000 0.0000 0.0000 0.0000 0.0000],0.7248368263244629,0.5794891938680642,1.0,0.0,0.42003510817264905,None
297,0.7740037441253662,0.9508330821990967,1.0960149765014648,1.8033323287963867,[0.1000 0.1000 0.1000 0.1000 0.1000 0.1000 0.1000],[0.0000 0.0000 0.0000 0.0000 0.0000 0.0000 0.0000],0.7248368263244629,0.5794891938680642,1.0,0.0,0.42003510817264905,None
297,0.7740037441253662,0.9508330821990967,1.0960149765014648,1.8033323287963867,[0.1000 0.1000 0.1000 0.1000 0.1000 0.1000 0.1000],[0.0000 0.0000 0.0000 0.0000 0.0000 0.0000 0.0000],0.7248368263244629,0.5794891938680642,1.0,0.0,0.42003510817264905,None
297,0.7740037441253662,0.9508330821990967,1.0960149765014648,1.8033323287963867,[0.1000 0.1000 0.1000 0.1000 0.1000 0.1000 0.1000],[0.0000 0.0000 0.0000 0.0000 0.0000 0.0000 0.0000],0.7248368263244629,0.5794891938680642,1.0,0.0,0.42003510817264905,None
297,0.7740037441253662,0.9508330821990967,1.0960149765014648,1.8033323287963867,[0.1000 0.1000 0.1000 0.1000 0.1000 0.1000 0.1000],[0.0000 0.0000 0.0000 0.0000 0.0000 0.0000 0.0000],0.7248368263244629,0.5794891938680642,1.0,0.0,0.42003510817264905,None
297,0.7740037441253662,0.9508330821990967,1.0960149765014648,1.8033323287963867,[0.1000 0.1000 0.1000 0.1000 0.1000 0.1000 0.1000],[0.0000 0.0000 0.0000 0.0000 0.0000 0.0000 0.0000],0.7248368263244629,0.5794891938680642,1.0,0.0,0.42003510817264905,None
297,0.7740037441253662,0.9508330821990967,1.0960149765014648,1.8033323287963867,[0.1000 0.1000 0.1000 0.1000 0.1000 0.1000 0.1000],[0.0000 0.0000 0.0000 0.0000 0.0000 0.0000 0.0000],0.7248368263244629,0.5794891938680642,1.0,0.0,0.42003510817264905,None
297,0.7740037441253662,0.9508330821990967,1.0960149765014648,1.8033323287963867,[0.1000 0.1000 0.1000 0.1000 0.1000 0.1000 0.1000],[0.0000 0.0000 0.0000 0.0000 0.0000 0.0000 0.0000],0.7248368263244629,0.5794891938680642,1.0,0.0,0.42003510817264905,None
297,0.7740037441253662,0.9508330821990967,1.0960149765014648,1.8033323287963867,[0.1000 0.1000 0.1000 0.1000 0.1000 0.1000 0.1000],[0.0000 0.0000 0.0000 0.0000 0.0000 0.0000 0.0000],0.7248368263244629,0.5794891938680642,1.0,0.0,0.42003510817264905,None
297,0.7740037441253662,0.9508330821990967,1.0960149765014648,1.8033323287963867,[0.1000 0.1000 0.1000 0.1000 0.1000 0.1000 0.1000],[0.0000 0.0000 0.0000 0.0000 0.0000 0.0000 0.0000],0.7248368263244629,0.5794891938680642,1.0,0.0,0.42003510817264905,None
297,0.7740037441253662,0.9500380754470825,1.0960149765014648,1.80015230178833,[0.1000 0.1000 0.1000 0.1000 0.1068 0.1000 0.1000],[0.0000 0.0000 0.0000 0.0000 -0.0675 0.0000 0.0000],0.7240418195724487,0.5804355456884887,1.0,0.0,0.42025960864482054,None
297,0.7740037441253662,0.9502203464508057,1.0960149765014648,1.8008813858032227,[0.1000 0.1000 0.1000 0.1000 0.1052 0.1000 0.1000],[0.0000 0.0000 0.0000 0.0000 -0.0521 0.0000 0.0000],0.7242240905761719,0.5802183873423712,1.0,0.0,0.4202081339086018,None
297,0.7740037441253662,0.9503455758094788,1.0960149765014648,1.801382303237915,[0.1000 0.1000 0.1000 0.1000 0.1042 0.1000 0.1000],[0.0000 0.0000 0.0000 0.0000 -0.0415 0.0000 0.0000],0.724349319934845,0.580069253704718,1.0,0.0,0.4201727694361255,None
297,0.7740037441253662,0.9505032896995544,1.0960149765014648,1.8020131587982178,[0.1000 0.1000 0.1000 0.1000 0.1028 0.1000 0.1000],[0.0000 0.0000 0.0000 0.0000 -0.0281 0.0000 0.0000],0.7245070338249207,0.5798815100781826,1.0,0.0,0.4201282328366599,None
297,0.7740037441253662,0.950665295124054,1.0960149765014648,1.8026611804962158,[0.1000 0.1000 0.1000 0.1000 0.1014 0.1000 0.1000],[0.0000 0.0000 0.0000 0.0000 -0.0143 0.0000 0.0000],0.7246690392494202,0.579688745096342,1.0,0.0,0.42008248597266823,None
297,0.7740037441253662,0.9508413672447205,1.0960149765014648,1.8033654689788818,[0.1000 0.1000 0.1000 0.1000 0.0999 0.1000 0.1000],[0.0000 0.0000 0.0000 0.0000 0.0007 0.0000 0.0000],0.7248451113700867,0.5794793428149406,0.9992874413728714,0.0007125586271286566,0.4197334708062898,None
297,0.7740037441253662,0.9510274529457092,1.0960149765014648,1.804109811782837,[0.1000 0.1000 0.1000 0.1000 0.0983 0.1000 0.1000],[0.0000 0.0000 0.0000 0.0000 0.0167 0.0000 0.0000],0.7250311970710754,0.5792581446773533,0.983339250087738,0.01666074991226202,0.4129830405343008,None
297,0.7740037441253662,0.9511464834213257,1.0960149765014648,1.8045859336853027,[0.1000 0.1000 0.1000 0.1000 0.0973 0.1000 0.1000],[0.0000 0.0000 0.0000 0.0000 0.0269 0.0000 0.0000],0.7251502275466919,0.5791167153521544,0.9730994701385498,0.02690052986145025,0.4086498313783048,None
297,0.7740037441253662,0.951302170753479,1.0960149765014648,1.805208683013916,[0.1000 0.1000 0.1000 0.1000 0.0960 0.1000 0.1000],[0.0000 0.0000 0.0000 0.0000 0.0403 0.0000 0.0000],0.7253059148788452,0.5789318028773571,0.9596814215183258,0.04031857848167425,0.4029727825487112,None
297,0.7740037441253662,0.9514608383178711,1.0960149765014648,1.8058433532714844,[0.1000 0.1000 0.1000 0.1000 0.0946 0.1000 0.1000],[0.0000 0.0000 0.0000 0.0000 0.0541 0.0000 0.0000],0.7254645824432373,0.5787434342440407,0.94593845307827,0.0540615469217301,0.39715969825778974,None
297,0.7740037441253662,0.951650083065033,1.0960149765014648,1.8066003322601318,[0.1000 0.1000 0.1000 0.1000 0.0930 0.1000 0.1000],[0.0000 0.0000 0.0000 0.0000 0.0705 0.0000 0.0000],0.7256538271903992,0.5785188747527752,0.9295112639665604,0.07048873603343969,0.39021295152193913,None
297,0.7740037441253662,0.9518272876739502,1.0960149765014648,1.8073091506958008,[0.1000 0.1000 0.1000 0.1000 0.0914 0.1000 0.1000],[0.0000 0.0000 0.0000 0.0000 0.0859 0.0000 0.0000],0.7258310317993164,0.578308710608597,0.914057269692421,0.0859427303075791,0.38367956822713256,None
297,0.7740037441253662,0.9519757032394409,1.0960149765014648,1.8079028129577637,[0.1000 0.1000 0.1000 0.1000 0.0901 0.1000 0.1000],[0.0000 0.0000 0.0000 0.0000 0.0989 0.0000 0.0000],0.7259794473648071,0.5781327707511821,0.9010586887598038,0.09894131124019628,0.37818560338815016,None
297,0.7740037441253662,0.9521429538726807,1.0960149765014648,1.8085718154907227,[0.1000 0.1000 0.1000 0.1000 0.0886 0.1000 0.1000],[0.0000 0.0000 0.0000 0.0000 0.1136 0.0000 0.0000],0.7261466979980469,0.5779345906766175,0.8863618969917297,0.11363810300827032,0.37197532669298683,None
297,0.7740037441253662,0.9522839188575745,1.0960149765014648,1.8091356754302979,[0.1000 0.1000 0.1000 0.1000 0.0874 0.1000 0.1000],[0.0000 0.0000 0.0000 0.0000 0.1261 0.0000 0.0000],0.7262876629829407,0.5777676294595495,0.8739253133535385,0.12607468664646154,0.3667213477561359,None
297,0.7740037441253662,0.9524224996566772,1.0960149765014648,1.809689998626709,[0.1000 0.1000 0.1000 0.1000 0.0862 0.1000 0.1000],[0.0000 0.0000 0.0000 0.0000 0.1383 0.0000 0.0000],0.7264262437820435,0.5776035564409768,0.8616528660058975,0.13834713399410253,0.3615378085016698,None
297,0.7740037441253662,0.9525664448738098,1.0960149765014648,1.8102657794952393,[0.1000 0.1000 0.1000 0.1000 0.0849 0.1000 0.1000],[0.0000 0.0000 0.0000 0.0000 0.1511 0.0000 0.0000],0.726570188999176,0.5774331996613511,0.8488602191209793,0.15113978087902075,0.3561356964378961,None
297,0.7740037441253662,0.9526737928390503,1.0960149765014648,1.8106951713562012,[0.1000 0.1000 0.1000 0.1000 0.0839 0.1000 0.1000],[0.0000 0.0000 0.0000 0.0000 0.1607 0.0000 0.0000],0.7266775369644165,0.5773061998163634,0.8392924815416336,0.16070751845836645,0.3520961608571727,None
297,0.7740037441253662,0.9528198838233948,1.0960149765014648,1.811279535293579,[0.1000 0.1000 0.1000 0.1000 0.0826 0.1000 0.1000],[0.0000 0.0000 0.0000 0.0000 0.1738 0.0000 0.0000],0.726823627948761,0.5771334256552918,0.8262250572443008,0.1737749427556992,0.3465801033724108,None
297,0.7740037441253662,0.9529500007629395,1.0960149765014648,1.8118000030517578,[0.1000 0.1000 0.1000 0.1000 0.0815 0.1000 0.1000],[0.0000 0.0000 0.0000 0.0000 0.1855 0.0000 0.0000],0.7269537448883057,0.5769796025750376,0.8145392686128616,0.18546073138713842,0.34164830048183753,None
297,0.7740037441253662,0.953079342842102,1.0960149765014648,1.8123173713684082,[0.1000 0.1000 0.1000 0.1000 0.0803 0.1000 0.1000],[0.0000 0.0000 0.0000 0.0000 0.1971 0.0000 0.0000],0.7270830869674683,0.5768267509438529,0.8028712123632431,0.19712878763675695,0.3367249690411143,None
297,0.7740037441253662,0.9532040953636169,1.0960149765014648,1.8128163814544678,[0.1000 0.1000 0.1000 0.1000 0.0792 0.1000 0.1000],[0.0000 0.0000 0.0000 0.0000 0.2084 0.0000 0.0000],0.7272078394889832,0.5766793753686803,0.7915825396776199,0.20841746032238012,0.331962615444187,None
297,0.7740037441253662,0.9532924890518188,1.0960149765014648,1.8131699562072754,[0.1000 0.1000 0.1000 0.1000 0.0784 0.1000 0.1000],[0.0000 0.0000 0.0000 0.0000 0.2164 0.0000 0.0000],0.7272962331771851,0.5765749831121776,0.7835617661476135,0.21643823385238653,0.32857942833545933,None
297,0.7740037441253662,0.9534142017364502,1.0960149765014648,1.8136568069458008,[0.1000 0.1000 0.1000 0.1000 0.0772 0.1000 0.1000],[0.0000 0.0000 0.0000 0.0000 0.2275 0.0000 0.0000],0.7274179458618164,0.5764312834839145,0.7724786549806595,0.22752134501934057,0.3239052903709209,None
297,0.7740037441253662,0.9535323977470398,1.0960149765014648,1.8141295909881592,[0.1000 0.1000 0.1000 0.1000 0.0762 0.1000 0.1000],[0.0000 0.0000 0.0000 0.0000 0.2383 0.0000 0.0000],0.727536141872406,0.5762917824473148,0.7616690546274185,0.23833094537258154,0.31934734570351136,None
297,0.7740037441253662,0.9536475539207458,1.0960149765014648,1.8145902156829834,[0.1000 0.1000 0.1000 0.1000 0.0751 0.1000 0.1000],[0.0000 0.0000 0.0000 0.0000 0.2489 0.0000 0.0000],0.7276512980461121,0.5761559133414982,0.751117616891861,0.2488823831081391,0.31489899903923774,None
297,0.7740037441253662,0.953772246837616,1.0960149765014648,1.8150889873504639,[0.1000 0.1000 0.1000 0.1000 0.0740 0.1000 0.1000],[0.0000 0.0000 0.0000 0.0000 0.2604 0.0000 0.0000],0.7277759909629822,0.5760088412333935,0.7396320253610611,0.26036797463893896,0.31005774291410176,None
297,0.7740037441253662,0.9538530111312866,1.0960149765014648,1.8154120445251465,[0.1000 0.1000 0.1000 0.1000 0.0732 0.1000 0.1000],[0.0000 0.0000 0.0000 0.0000 0.2678 0.0000 0.0000],0.7278567552566528,0.5759136090300463,0.7321631163358688,0.2678368836641312,0.3069100466201167,None
297,0.7740037441253662,0.953972339630127,1.0960149765014648,1.8158893585205078,[0.1000 0.1000 0.1000 0.1000 0.0721 0.1000 0.1000],[0.0000 0.0000 0.0000 0.0000 0.2789 0.0000 0.0000],0.7279760837554932,0.5757729434550871,0.7211095839738846,0.2788904160261155,0.3022523123445239,None
297,0.7740037441253662,0.9540929198265076,1.0960149765014648,1.8163716793060303,[0.1000 0.1000 0.1000 0.1000 0.0710 0.1000 0.1000],[0.0000 0.0000 0.0000 0.0000 0.2901 0.0000 0.0000],0.7280966639518738,0.5756308497296942,0.7098909467458725,0.29010905325412756,0.2975258741188945,None
297,0.7740037441253662,0.954207718372345,1.0960149765014648,1.8168308734893799,[0.1000 0.1000 0.1000 0.1000 0.0699 0.1000 0.1000],[0.0000 0.0000 0.0000 0.0000 0.3008 0.0000 0.0000],0.7282114624977112,0.5754956133948923,0.6991589069366455,0.30084109306335455,0.29300526421826784,None
297,0.7740037441253662,0.9543346166610718,1.0960149765014648,1.817338466644287,[0.1000 0.1000 0.1000 0.1000 0.0687 0.1000 0.1000],[0.0000 0.0000 0.0000 0.0000 0.3128 0.0000 0.0000],0.728338360786438,0.575346173294405,0.6872457265853882,0.31275427341461187,0.28798804607769457,None
297,0.7740037441253662,0.9544237852096558,1.0960149765014648,1.817695140838623,[0.1000 0.1000 0.1000 0.1000 0.0679 0.1000 0.1000],[0.0000 0.0000 0.0000 0.0000 0.3212 0.0000 0.0000],0.728427529335022,0.5752411965782351,0.6788469105958939,0.3211530894041062,0.2844514667657897,None
297,0.7740037441253662,0.954533040523529,1.0960149765014648,1.8181321620941162,[0.1000 0.1000 0.1000 0.1000 0.0669 0.1000 0.1000],[0.0000 0.0000 0.0000 0.0000 0.3315 0.0000 0.0000],0.7285367846488953,0.5751126073908961,0.6685235351324081,0.3314764648675919,0.28010513713239876,None
297,0.7740037441253662,0.9546339511871338,1.0960149765014648,1.8185358047485352,[0.1000 0.1000 0.1000 0.1000 0.0659 0.1000 0.1000],[0.0000 0.0000 0.0000 0.0000 0.3411 0.0000 0.0000],0.7286376953125,0.5749938740891285,0.6589493155479431,0.34105068445205694,0.27607486233382744,None
297,0.7740037441253662,0.9547381401062012,1.0960149765014648,1.8189525604248047,[0.1000 0.1000 0.1000 0.1000 0.0649 0.1000 0.1000],[0.0000 0.0000 0.0000 0.0000 0.3510 0.0000 0.0000],0.7287418842315674,0.5748713183272212,0.6490245461463928,0.35097545385360723,0.2718976753888201,None
297,0.7740037441253662,0.9548507332801819,1.0960149765014648,1.8194029331207275,[0.1000 0.1000 0.1000 0.1000 0.0638 0.1000 0.1000],[0.0000 0.0000 0.0000 0.0000 0.3617 0.0000 0.0000],0.7288544774055481,0.5747389164821031,0.6382543593645096,0.3617456406354905,0.2673654102102188,None
297,0.7740037441253662,0.9549182057380676,1.0960149765014648,1.8196728229522705,[0.1000 0.1000 0.1000 0.1000 0.0632 0.1000 0.1000],[0.0000 0.0000 0.0000 0.0000 0.3682 0.0000 0.0000],0.7289219498634338,0.5746595932518268,0.631774365901947,0.36822563409805303,0.26463890439129706,None
297,0.7740037441253662,0.9550171494483948,1.0960149765014648,1.820068597793579,[0.1000 0.1000 0.1000 0.1000 0.0622 0.1000 0.1000],[0.0000 0.0000 0.0000 0.0000 0.3778 0.0000 0.0000],0.729020893573761,0.574543297945574,0.6222470849752426,0.37775291502475744,0.2606307231324279,None
297,0.7740037441253662,0.955116868019104,1.0960149765014648,1.820467472076416,[0.1000 0.1000 0.1000 0.1000 0.0613 0.1000 0.1000],[0.0000 0.0000 0.0000 0.0000 0.3874 0.0000 0.0000],0.7291206121444702,0.574426124046908,0.6126082316040993,0.3873917683959008,0.25657621061001373,None
297,0.7740037441253662,0.9552125930786133,1.0960149765014648,1.8208503723144531,[0.1000 0.1000 0.1000 0.1000 0.0603 0.1000 0.1000],[0.0000 0.0000 0.0000 0.0000 0.3967 0.0000 0.0000],0.7292163372039795,0.5743136730487494,0.6033235415816307,0.39667645841836935,0.2526712434419829,None
297,0.7740037441253662,0.9553051590919495,1.0960149765014648,1.8212206363677979,[0.1000 0.1000 0.1000 0.1000 0.0594 0.1000 0.1000],[0.0000 0.0000 0.0000 0.0000 0.4057 0.0000 0.0000],0.7293089032173157,0.5742049613175568,0.5943094938993454,0.40569050610065466,0.24888064521679673,None
297,0.7740037441253662,0.9553812146186829,1.0960149765014648,1.8215248584747314,[0.1000 0.1000 0.1000 0.1000 0.0587 0.1000 0.1000],[0.0000 0.0000 0.0000 0.0000 0.4131 0.0000 0.0000],0.7293849587440491,0.5741156606620564,0.5868737399578094,0.4131262600421906,0.24575415766244868,None
297,0.7740037441253662,0.9554687738418579,1.0960149765014648,1.8218750953674316,[0.1000 0.1000 0.1000 0.1000 0.0578 0.1000 0.1000],[0.0000 0.0000 0.0000 0.0000 0.4217 0.0000 0.0000],0.7294725179672241,0.5740128761142049,0.5782837048172951,0.421716295182705,0.24214278001160067,None
297,0.7740037441253662,0.9555587768554688,1.0960149765014648,1.822235107421875,[0.1000 0.1000 0.1000 0.1000 0.0569 0.1000 0.1000],[0.0000 0.0000 0.0000 0.0000 0.4306 0.0000 0.0000],0.729562520980835,0.5739072486768843,0.5694174394011497,0.4305825605988503,0.23841577608474349,None
297,0.7740037441253662,0.9556516408920288,1.0960149765014648,1.8226065635681152,[0.1000 0.1000 0.1000 0.1000 0.0560 0.1000 0.1000],[0.0000 0.0000 0.0000 0.0000 0.4398 0.0000 0.0000],0.729655385017395,0.5737982909857557,0.5602482706308365,0.43975172936916357,0.2345619519512355,None
297,0.7740037441253662,0.9557444453239441,1.0960149765014648,1.8229777812957764,[0.1000 0.1000 0.1000 0.1000 0.0551 0.1000 0.1000],[0.0000 0.0000 0.0000 0.0000 0.4490 0.0000 0.0000],0.7297481894493103,0.5736894310498766,0.5510406196117401,0.44895938038825994,0.23069250716445436,None
297,0.7740037441253662,0.9558215141296387,1.0960149765014648,1.8232860565185547,[0.1000 0.1000 0.1000 0.1000 0.0543 0.1000 0.1000],[0.0000 0.0000 0.0000 0.0000 0.4566 0.0000 0.0000],0.7298252582550049,0.5735990501836652,0.5433568730950356,0.4566431269049645,0.22746389842966738,None
297,0.7740037441253662,0.9559023380279541,1.0960149765014648,1.8236093521118164,[0.1000 0.1000 0.1000 0.1000 0.0535 0.1000 0.1000],[0.0000 0.0000 0.0000 0.0000 0.4647 0.0000 0.0000],0.7299060821533203,0.5735042861849748,0.5352896451950073,0.46471035480499273,0.22407452936010339,None
297,0.7740037441253662,0.9559891819953918,1.0960149765014648,1.8239567279815674,[0.1000 0.1000 0.1000 0.1000 0.0527 0.1000 0.1000],[0.0000 0.0000 0.0000 0.0000 0.4734 0.0000 0.0000],0.7299929261207581,0.573402487266949,0.5265764519572258,0.47342354804277426,0.2204142446317416,None
297,0.7740037441253662,0.9560741782188416,1.0960149765014648,1.8242967128753662,[0.1000 0.1000 0.1000 0.1000 0.0518 0.1000 0.1000],[0.0000 0.0000 0.0000 0.0000 0.4820 0.0000 0.0000],0.7300779223442078,0.5733028778003355,0.5180254951119423,0.48197450488805776,0.21682256200569336,None
297,0.7740037441253662,0.9561567306518555,1.0960149765014648,1.8246269226074219,[0.1000 0.1000 0.1000 0.1000 0.0510 0.1000 0.1000],[0.0000 0.0000 0.0000 0.0000 0.4903 0.0000 0.0000],0.7301604747772217,0.5732061545353667,0.5096658319234848,0.49033416807651525,0.21331170355667953,None
297,0.7740037441253662,0.9562378525733948,1.0960149765014648,1.824951410293579,[0.1000 0.1000 0.1000 0.1000 0.0501 0.1000 0.1000],[0.0000 0.0000 0.0000 0.0000 0.4986 0.0000 0.0000],0.730241596698761,0.5731111286903481,0.5014486238360405,0.49855137616395956,0.20986105581179185,None
297,0.7740037441253662,0.9562984704971313,1.0960149765014648,1.8251938819885254,[0.1000 0.1000 0.1000 0.1000 0.0495 0.1000 0.1000],[0.0000 0.0000 0.0000 0.0000 0.5047 0.0000 0.0000],0.7303022146224976,0.5730401349403376,0.49527015537023544,0.5047298446297646,0.20726683539995017,None
297,0.7740037441253662,0.9563784599304199,1.0960149765014648,1.8255138397216797,[0.1000 0.1000 0.1000 0.1000 0.0487 0.1000 0.1000],[0.0000 0.0000 0.0000 0.0000 0.5129 0.0000 0.0000],0.7303822040557861,0.5729464719674433,0.48710405826568604,0.512895941734314,0.20383838996252795,None
297,0.7740037441253662,0.9564604759216309,1.0960149765014648,1.8258419036865234,[0.1000 0.1000 0.1000 0.1000 0.0479 0.1000 0.1000],[0.0000 0.0000 0.0000 0.0000 0.5213 0.0000 0.0000],0.7304642200469971,0.5728504573381066,0.4786878451704979,0.5213121548295021,0.20030537907072773,None
297,0.7740037441253662,0.9565401077270508,1.0960149765014648,1.8261604309082031,[0.1000 0.1000 0.1000 0.1000 0.0471 0.1000 0.1000],[0.0000 0.0000 0.0000 0.0000 0.5295 0.0000 0.0000],0.730543851852417,0.5727572544774053,0.4705023020505905,0.5294976979494095,0.1968695920846162,None
297,0.7740037441253662,0.9566181898117065,1.0960149765014648,1.8264727592468262,[0.1000 0.1000 0.1000 0.1000 0.0462 0.1000 0.1000],[0.0000 0.0000 0.0000 0.0000 0.5376 0.0000 0.0000],0.7306219339370728,0.5726658851831037,0.4624232277274132,0.5375767722725868,0.19347892195408306,None
297,0.7740037441253662,0.956683874130249,1.0960149765014648,1.826735496520996,[0.1000 0.1000 0.1000 0.1000 0.0456 0.1000 0.1000],[0.0000 0.0000 0.0000 0.0000 0.5444 0.0000 0.0000],0.7306876182556152,0.572589038506401,0.45561764389276505,0.544382356107235,0.19062300510738475,None
297,0.7740037441253662,0.9567588567733765,1.0960149765014648,1.8270354270935059,[0.1000 0.1000 0.1000 0.1000 0.0448 0.1000 0.1000],[0.0000 0.0000 0.0000 0.0000 0.5522 0.0000 0.0000],0.7307626008987427,0.572501330238315,0.4478202387690544,0.5521797612309456,0.18735122200515217,None
297,0.7740037441253662,0.9568336009979248,1.0960149765014648,1.8273344039916992,[0.1000 0.1000 0.1000 0.1000 0.0440 0.1000 0.1000],[0.0000 0.0000 0.0000 0.0000 0.5600 0.0000 0.0000],0.730837345123291,0.5724139187572184,0.44000696390867233,0.5599930360913277,0.18407315951808548,None
297,0.7740037441253662,0.9569075107574463,1.0960149765014648,1.8276300430297852,[0.1000 0.1000 0.1000 0.1000 0.0432 0.1000 0.1000],[0.0000 0.0000 0.0000 0.0000 0.5677 0.0000 0.0000],0.7309112548828125,0.5723275007297288,0.4322681576013565,0.5677318423986435,0.18082668013316605,None
297,0.7740037441253662,0.9569822549819946,1.0960149765014648,1.8279290199279785,[0.1000 0.1000 0.1000 0.1000 0.0424 0.1000 0.1000],[0.0000 0.0000 0.0000 0.0000 0.5756 0.0000 0.0000],0.7309859991073608,0.5722401247701832,0.42439237236976624,0.5756076276302338,0.17752312537148146,None
297,0.7740037441253662,0.957053005695343,1.0960149765014648,1.828212022781372,[0.1000 0.1000 0.1000 0.1000 0.0417 0.1000 0.1000],[0.0000 0.0000 0.0000 0.0000 0.5831 0.0000 0.0000],0.7310567498207092,0.5721574336628288,0.41692569851875305,0.583074301481247,0.17439149516056487,None
297,0.7740037441253662,0.9571273922920227,1.0960149765014648,1.8285095691680908,[0.1000 0.1000 0.1000 0.1000 0.0409 0.1000 0.1000],[0.0000 0.0000 0.0000 0.0000 0.5910 0.0000 0.0000],0.7311311364173889,0.5720705102862663,0.40903590619564056,0.5909640938043594,0.1710827700530238,None
297,0.7740037441253662,0.9571999907493591,1.0960149765014648,1.8287999629974365,[0.1000 0.1000 0.1000 0.1000 0.0401 0.1000 0.1000],[0.0000 0.0000 0.0000 0.0000 0.5987 0.0000 0.0000],0.7312037348747253,0.5719856934353795,0.4013056680560112,0.5986943319439888,0.167841310228716,None
297,0.7740037441253662,0.9572751522064209,1.0960149765014648,1.8291006088256836,[0.1000 0.1000 0.1000 0.1000 0.0393 0.1000 0.1000],[0.0000 0.0000 0.0000 0.0000 0.6067 0.0000 0.0000],0.7312788963317871,0.5718978999338421,0.393279604613781,0.606720395386219,0.16447616334072498,None
297,0.7740037441253662,0.9573455452919006,1.0960149765014648,1.8293821811676025,[0.1000 0.1000 0.1000 0.1000 0.0386 0.1000 0.1000],[0.0000 0.0000 0.0000 0.0000 0.6143 0.0000 0.0000],0.7313492894172668,0.5718156925265307,0.38572806864976883,0.6142719313502312,0.16131032128208808,None
297,0.7740037441253662,0.9574238657951355,1.0960149765014648,1.829695463180542,[0.1000 0.1000 0.1000 0.1000 0.0377 0.1000 0.1000],[0.0000 0.0000 0.0000 0.0000 0.6227 0.0000 0.0000],0.7314276099205017,0.5717242457600835,0.3772908076643944,0.6227091923356056,0.1577735452415052,None
297,0.7740037441253662,0.9574825763702393,1.0960149765014648,1.829930305480957,[0.1000 0.1000 0.1000 0.1000 0.0371 0.1000 0.1000],[0.0000 0.0000 0.0000 0.0000 0.6291 0.0000 0.0000],0.7314863204956055,0.5716557082849439,0.37094831466674805,0.629051685333252,0.15511512801612753,None
297,0.7740037441253662,0.9575523734092712,1.0960149765014648,1.830209493637085,[0.1000 0.1000 0.1000 0.1000 0.0363 0.1000 0.1000],[0.0000 0.0000 0.0000 0.0000 0.6366 0.0000 0.0000],0.7315561175346375,0.5715742429732953,0.3633679822087288,0.6366320177912712,0.15193819174638143,None
297,0.7740037441253662,0.9576213359832764,1.0960149765014648,1.8304853439331055,[0.1000 0.1000 0.1000 0.1000 0.0356 0.1000 0.1000],[0.0000 0.0000 0.0000 0.0000 0.6442 0.0000 0.0000],0.7316250801086426,0.5714937668389056,0.3558455780148506,0.6441544219851494,0.1487858587757419,None
297,0.7740037441253662,0.9576882719993591,1.0960149765014648,1.8307530879974365,[0.1000 0.1000 0.1000 0.1000 0.0349 0.1000 0.1000],[0.0000 0.0000 0.0000 0.0000 0.6515 0.0000 0.0000],0.7316920161247253,0.5714156700554803,0.3485367074608803,0.6514632925391197,0.14572329625815889,None
297,0.7740037441253662,0.9577465653419495,1.0960149765014648,1.8309862613677979,[0.1000 0.1000 0.1000 0.1000 0.0342 0.1000 0.1000],[0.0000 0.0000 0.0000 0.0000 0.6579 0.0000 0.0000],0.7317503094673157,0.5713476685977512,0.3421413153409958,0.6578586846590042,0.14304375265143215,None
297,0.7740037441253662,0.9578089714050293,1.0960149765014648,1.8312358856201172,[0.1000 0.1000 0.1000 0.1000 0.0335 0.1000 0.1000],[0.0000 0.0000 0.0000 0.0000 0.6647 0.0000 0.0000],0.7318127155303955,0.5712748814453915,0.33526573330163956,0.6647342666983604,0.14016327858968405,None
297,0.7740037441253662,0.9578739404678345,1.0960149765014648,1.831495761871338,[0.1000 0.1000 0.1000 0.1000 0.0328 0.1000 0.1000],[0.0000 0.0000 0.0000 0.0000 0.6719 0.0000 0.0000],0.7318776845932007,0.5711991180717229,0.32808441668748856,0.6719155833125114,0.13715499747404605,None
297,0.7740037441253662,0.9579395651817322,1.0960149765014648,1.8317582607269287,[0.1000 0.1000 0.1000 0.1000 0.0321 0.1000 0.1000],[0.0000 0.0000 0.0000 0.0000 0.6792 0.0000 0.0000],0.7319433093070984,0.5711226037008176,0.3207971528172493,0.6792028471827507,0.13410263123216692,None
297,0.7740037441253662,0.9580034613609314,1.0960149765014648,1.8320138454437256,[0.1000 0.1000 0.1000 0.1000 0.0314 0.1000 0.1000],[0.0000 0.0000 0.0000 0.0000 0.6863 0.0000 0.0000],0.7320072054862976,0.5710481178085761,0.3136836364865303,0.6863163635134697,0.13112331625617682,None
297,0.7740037441253662,0.9580643177032471,1.0960149765014648,1.8322572708129883,[0.1000 0.1000 0.1000 0.1000 0.0307 0.1000 0.1000],[0.0000 0.0000 0.0000 0.0000 0.6931 0.0000 0.0000],0.7320680618286133,0.5709771875787013,0.30688684433698654,0.6931131556630135,0.12827690965248467,None
297,0.7740037441253662,0.9581174850463867,1.0960149765014648,1.8324699401855469,[0.1000 0.1000 0.1000 0.1000 0.0301 0.1000 0.1000],[0.0000 0.0000 0.0000 0.0000 0.6991 0.0000 0.0000],0.7321212291717529,0.570915228747255,0.30091069638729095,0.699089303612709,0.12577439981707927,None
297,0.7740037441253662,0.9581813812255859,1.0960149765014648,1.8327255249023438,[0.1000 0.1000 0.1000 0.1000 0.0294 0.1000 0.1000],[0.0000 0.0000 0.0000 0.0000 0.7063 0.0000 0.0000],0.7321851253509521,0.5708407788475007,0.2937128394842148,0.7062871605157852,0.1227605494686029,None
297,0.7740037441253662,0.958246111869812,1.0960149765014648,1.832984447479248,[0.1000 0.1000 0.1000 0.1000 0.0286 0.1000 0.1000],[0.0000 0.0000 0.0000 0.0000 0.7136 0.0000 0.0000],0.7322498559951782,0.5707653698215325,0.28641171753406525,0.7135882824659348,0.11970373232327289,None
297,0.7740037441253662,0.9583089351654053,1.0960149765014648,1.833235740661621,[0.1000 0.1000 0.1000 0.1000 0.0279 0.1000 0.1000],[0.0000 0.0000 0.0000 0.0000 0.7207 0.0000 0.0000],0.7323126792907715,0.5706921954587372,0.27928125113248825,0.7207187488675117,0.11671865338348159,None
297,0.7740037441253662,0.9583690166473389,1.0960149765014648,1.8334760665893555,[0.1000 0.1000 0.1000 0.1000 0.0272 0.1000 0.1000],[0.0000 0.0000 0.0000 0.0000 0.7276 0.0000 0.0000],0.7323727607727051,0.5706222263298056,0.27242694050073624,0.7275730594992638,0.11384944559508149,None
297,0.7740037441253662,0.9584213495254517,1.0960149765014648,1.8336853981018066,[0.1000 0.1000 0.1000 0.1000 0.0266 0.1000 0.1000],[0.0000 0.0000 0.0000 0.0000 0.7336 0.0000 0.0000],0.7324250936508179,0.5705612902868613,0.26644859462976456,0.7335514053702354,0.11134711085947895,None
297,0.7740037441253662,0.9584826827049255,1.0960149765014648,1.8339307308197021,[0.1000 0.1000 0.1000 0.1000 0.0259 0.1000 0.1000],[0.0000 0.0000 0.0000 0.0000 0.7406 0.0000 0.0000],0.7324864268302917,0.5704898853582615,0.2594118192791939,0.7405881807208061,0.10840199872957834,None
297,0.7740037441253662,0.9585447907447815,1.0960149765014648,1.834179162979126,[0.1000 0.1000 0.1000 0.1000 0.0252 0.1000 0.1000],[0.0000 0.0000 0.0000 0.0000 0.7477 0.0000 0.0000],0.7325485348701477,0.5704175904213311,0.2522628754377365,0.7477371245622635,0.1054102044266153,None
297,0.7740037441253662,0.9586048126220703,1.0960149765014648,1.8344192504882812,[0.1000 0.1000 0.1000 0.1000 0.0245 0.1000 0.1000],[0.0000 0.0000 0.0000 0.0000 0.7547 0.0000 0.0000],0.7326085567474365,0.5703477353757994,0.24531591683626175,0.7546840831637383,0.10250320286437457,None
297,0.7740037441253662,0.9586653113365173,1.0960149765014648,1.8346612453460693,[0.1000 0.1000 0.1000 0.1000 0.0238 0.1000 0.1000],[0.0000 0.0000 0.0000 0.0000 0.7617 0.0000 0.0000],0.7326690554618835,0.5702773368657976,0.2382957562804222,0.7617042437195778,0.09956581898223221,None
297,0.7740037441253662,0.9587293863296509,1.0960149765014648,1.8349175453186035,[0.1000 0.1000 0.1000 0.1000 0.0231 0.1000 0.1000],[0.0000 0.0000 0.0000 0.0000 0.7692 0.0000 0.0000],0.7327331304550171,0.5702027894410148,0.23083286359906197,0.769167136400938,0.09644346503169617,None
297,0.7740037441253662,0.9587826728820801,1.0960149765014648,1.8351306915283203,[0.1000 0.1000 0.1000 0.1000 0.0225 0.1000 0.1000],[0.0000 0.0000 0.0000 0.0000 0.7754 0.0000 0.0000],0.7327864170074463,0.5701408035685245,0.22460520267486572,0.7753947973251343,0.093838130301615,None
297,0.7740037441253662,0.9588384032249451,1.0960149765014648,1.8353536128997803,[0.1000 0.1000 0.1000 0.1000 0.0218 0.1000 0.1000],[0.0000 0.0000 0.0000 0.0000 0.7820 0.0000 0.0000],0.7328421473503113,0.5700759845047281,0.21804291754961014,0.7819570824503899,0.09109303439263007,None
297,0.7740037441253662,0.9588947892189026,1.0960149765014648,1.8355791568756104,[0.1000 0.1000 0.1000 0.1000 0.0211 0.1000 0.1000],[0.0000 0.0000 0.0000 0.0000 0.7886 0.0000 0.0000],0.7328985333442688,0.5700104128080119,0.21140366792678833,0.7885963320732117,0.08831595308906844,None
297,0.7740037441253662,0.9589500427246094,1.0960149765014648,1.8358001708984375,[0.1000 0.1000 0.1000 0.1000 0.0205 0.1000 0.1000],[0.0000 0.0000 0.0000 0.0000 0.7951 0.0000 0.0000],0.7329537868499756,0.569946167789144,0.2048666775226593,0.7951333224773407,0.08558186671434244,None
297,0.7740037441253662,0.9590052962303162,1.0960149765014648,1.8360211849212646,[0.1000 0.1000 0.1000 0.1000 0.0198 0.1000 0.1000],[0.0000 0.0000 0.0000 0.0000 0.8017 0.0000 0.0000],0.7330090403556824,0.5698819323662978,0.19831150770187378,0.8016884922981262,0.08284039013404976,None
297,0.7740037441253662,0.9590553641319275,1.0960149765014648,1.83622145652771,[0.1000 0.1000 0.1000 0.1000 0.0192 0.1000 0.1000],[0.0000 0.0000 0.0000 0.0000 0.8077 0.0000 0.0000],0.7330591082572937,0.5698237337944347,0.19233308732509613,0.8076669126749039,0.08034031520474842,None
297,0.7740037441253662,0.9591110944747925,1.0960149765014648,1.83644437789917,[0.1000 0.1000 0.1000 0.1000 0.0186 0.1000 0.1000],[0.0000 0.0000 0.0000 0.0000 0.8143 0.0000 0.0000],0.7331148386001587,0.5697589624995933,0.1856755092740059,0.8143244907259941,0.07755642809852185,None
297,0.7740037441253662,0.9591681957244873,1.0960149765014648,1.8366727828979492,[0.1000 0.1000 0.1000 0.1000 0.0179 0.1000 0.1000],[0.0000 0.0000 0.0000 0.0000 0.8212 0.0000 0.0000],0.7331719398498535,0.5696926080124569,0.17881687730550766,0.8211831226944923,0.07468870441221749,None
297,0.7740037441253662,0.9592238068580627,1.0960149765014648,1.836895227432251,[0.1000 0.1000 0.1000 0.1000 0.0172 0.1000 0.1000],[0.0000 0.0000 0.0000 0.0000 0.8279 0.0000 0.0000],0.733227550983429,0.569627994947747,0.17210343852639198,0.827896561473608,0.07188191648239362,None
297,0.7740037441253662,0.9592806696891785,1.0960149765014648,1.8371226787567139,[0.1000 0.1000 0.1000 0.1000 0.0165 0.1000 0.1000],[0.0000 0.0000 0.0000 0.0000 0.8348 0.0000 0.0000],0.7332844138145447,0.5695619375986689,0.16523059457540512,0.8347694054245949,0.06900870513461713,None
297,0.7740037441253662,0.9593352675437927,1.0960149765014648,1.837341070175171,[0.1000 0.1000 0.1000 0.1000 0.0159 0.1000 0.1000],[0.0000 0.0000 0.0000 0.0000 0.8414 0.0000 0.0000],0.7333390116691589,0.5694985210032066,0.15858637169003487,0.8414136283099651,0.06623129586496244,None
297,0.7740037441253662,0.9593894481658936,1.0960149765014648,1.8375577926635742,[0.1000 0.1000 0.1000 0.1000 0.0152 0.1000 0.1000],[0.0000 0.0000 0.0000 0.0000 0.8480 0.0000 0.0000],0.7333931922912598,0.5694355982660348,0.1519712433218956,0.8480287566781044,0.0634662596955161,None
297,0.7740037441253662,0.9594379663467407,1.0960149765014648,1.837751865386963,[0.1000 0.1000 0.1000 0.1000 0.0146 0.1000 0.1000],[0.0000 0.0000 0.0000 0.0000 0.8540 0.0000 0.0000],0.7334417104721069,0.5693792594156959,0.14603853225708008,0.8539614677429199,0.06098664001918234,None
297,0.7740037441253662,0.9594905376434326,1.0960149765014648,1.8379621505737305,[0.1000 0.1000 0.1000 0.1000 0.0140 0.1000 0.1000],[0.0000 0.0000 0.0000 0.0000 0.8604 0.0000 0.0000],0.7334942817687988,0.5693182224448469,0.1395750232040882,0.8604249767959118,0.058285365727859056,None
297,0.7740037441253662,0.95954430103302,1.0960149765014648,1.83817720413208,[0.1000 0.1000 0.1000 0.1000 0.0133 0.1000 0.1000],[0.0000 0.0000 0.0000 0.0000 0.8671 0.0000 0.0000],0.7335480451583862,0.5692558103611218,0.1329374685883522,0.8670625314116478,0.0555115611085695,None
297,0.7740037441253662,0.9595986604690552,1.0960149765014648,1.8383946418762207,[0.1000 0.1000 0.1000 0.1000 0.0126 0.1000 0.1000],[0.0000 0.0000 0.0000 0.0000 0.8738 0.0000 0.0000],0.7336024045944214,0.5691927155401282,0.12620383873581886,0.8737961612641811,0.05269781938041385,None
297,0.7740037441253662,0.95965176820755,1.0960149765014648,1.8386070728302002,[0.1000 0.1000 0.1000 0.1000 0.0120 0.1000 0.1000],[0.0000 0.0000 0.0000 0.0000 0.8804 0.0000 0.0000],0.7336555123329163,0.5691310824831015,0.1195988804101944,0.8804011195898056,0.049938052765666235,None
297,0.7740037441253662,0.9597061276435852,1.0960149765014648,1.8388245105743408,[0.1000 0.1000 0.1000 0.1000 0.0113 0.1000 0.1000],[0.0000 0.0000 0.0000 0.0000 0.8872 0.0000 0.0000],0.7337098717689514,0.5690680059241146,0.11280996724963188,0.8871900327503681,0.04710163741406445,None
297,0.7740037441253662,0.9597563147544861,1.0960149765014648,1.8390252590179443,[0.1000 0.1000 0.1000 0.1000 0.0107 0.1000 0.1000],[0.0000 0.0000 0.0000 0.0000 0.8935 0.0000 0.0000],0.7337600588798523,0.5690097789634667,0.10651177726686001,0.89348822273314,0.04447044031448768,None
297,0.8031693696975708,0.9641386866569519,1.2126774787902832,1.8565547466278076,[0.1000 0.1000 0.1000 0.0268 0.0100 0.1000 0.1000],[0.0000 0.0000 0.0000 0.7316 0.8997 0.0000 0.0000],0.7673080563545227,0.598790183371118,0.10025855153799057,0.8997414484620094,0.04606444636959416,None
297,0.8035233020782471,0.964231550693512,1.2140932083129883,1.8569262027740479,[0.1000 0.1000 0.1000 0.0258 0.0094 0.1000 0.1000],[0.0000 0.0000 0.0000 0.7419 0.9065 0.0000 0.0000],0.767754852771759,0.5991156667874573,0.09350214153528214,0.9064978584647179,0.04300855036167145,None
297,0.8038792610168457,0.9643248915672302,1.2155170440673828,1.857299566268921,[0.1000 0.1000 0.1000 0.0248 0.0087 0.1000 0.1000],[0.0000 0.0000 0.0000 0.7522 0.9133 0.0000 0.0000],0.7682041525840759,0.5994433491372482,0.08665278553962708,0.9133472144603729,0.03990316321620662,None
297,0.8042334914207458,0.9562525749206543,1.2169339656829834,1.8250102996826172,[0.1000 0.1000 0.1000 0.0237 0.1000 0.1000 0.1000],[0.0000 0.0000 0.0000 0.7626 0.0000 0.0000 0.0000],0.7604860663414001,0.610103752903534,0.23744415491819382,0.7625558450818062,0.11016824749326937,None
297,0.8045836687088013,0.9563060998916626,1.218334674835205,1.8252243995666504,[0.1000 0.1000 0.1000 0.0227 0.1000 0.1000 0.1000],[0.0000 0.0000 0.0000 0.7728 0.0000 0.0000 0.0000],0.7608897686004639,0.6104843633653954,0.22716477513313293,0.7728352248668671,0.10552060636867629,None
