303,0.851881742477417,0.7740037441253662,1.407526969909668,1.0960149765014648,[0.1000 0.1000 0.1000 0.1000 0.1000 0.1000 0.1000],[0.0000 0.0000 0.0000 0.0000 0.0000 0.0000 0.0000],0.6258854866027832,0.7209337025865524,1.0,0.0,0.45122194125173054,None
303,0.851881742477417,0.7740037441253662,1.407526969909668,1.0960149765014648,[0.1000 0.1000 0.1000 0.1000 0.1000 0.1000 0.1000],[0.0000 0.0000 0.0000 0.0000 0.0000 0.0000 0.0000],0.6258854866027832,0.7209337025865524,1.0,0.0,0.45122194125173054,None
303,0.851881742477417,0.7740037441253662,1.407526969909668,1.0960149765014648,[0.1000 0.1000 0.1000 0.1000 0.1000 0.1000 0.1000],[0.0000 0.0000 0.0000 0.0000 0.0000 0.0000 0.0000],0.6258854866027832,0.7209337025865524,1.0,0.0,0.45122194125173054,None
303,0.851881742477417,0.7740037441253662,1.407526969909668,1.0960149765014648,[0.1000 0.1000 0.1000 0.1000 0.1000 0.1000 0.1000],[0.0000 0.0000 0.0000 0.0000 0.0000 0.0000 0.0000],0.6258854866027832,0.7209337025865524,1.0,0.0,0.45122194125173054,None
303,0.851881742477417,0.7740037441253662,1.407526969909668,1.0960149765014648,[0.1000 0.1000 0.1000 0.1000 0.1000 0.1000 0.1000],[0.0000 0.0000 0.0000 0.0000 0.0000 0.0000 0.0000],0.6258854866027832,0.7209337025865524,1.0,0.0,0.45122194125173054,None
303,0.851881742477417,0.7740037441253662,1.407526969909668,1.0960149765014648,[0.1000 0.1000 0.1000 0.1000 0.1000 0.1000 0.1000],[0.0000 0.0000 0.0000 0.0000 0.0000 0.0000 0.0000],0.6258854866027832,0.7209337025865524,1.0,0.0,0.45122194125173054,None
303,0.851881742477417,0.7740037441253662,1.407526969909668,1.0960149765014648,[0.1000 0.1000 0.1000 0.1000 0.1000 0.1000 0.1000],[0.0000 0.0000 0.0000 0.0000 0.0000 0.0000 0.0000],0.6258854866027832,0.7209337025865524,1.0,0.0,0.45122194125173054,None
303,0.851881742477417,0.7740037441253662,1.407526969909668,1.0960149765014648,[0.1000 0.1000 0.1000 0.1000 0.1000 0.1000 0.1000],[0.0000 0.0000 0.0000 0.0000 0.0000 0.0000 0.0000],0.6258854866027832,0.7209337025865524,1.0,0.0,0.45122194125173054,None
303,0.851881742477417,0.7740037441253662,1.407526969909668,1.0960149765014648,[0.1000 0.1000 0.1000 0.1000 0.1000 0.1000 0.1000],[0.0000 0.0000 0.0000 0.0000 0.0000 0.0000 0.0000],0.6258854866027832,0.7209337025865524,1.0,0.0,0.45122194125173054,None
303,0.851881742477417,0.7740037441253662,1.407526969909668,1.0960149765014648,[0.1000 0.1000 0.1000 0.1000 0.1000 0.1000 0.1000],[0.0000 0.0000 0.0000 0.0000 0.0000 0.0000 0.0000],0.6258854866027832,0.7209337025865524,1.0,0.0,0.45122194125173054,None
303,0.851881742477417,0.7740037441253662,1.407526969909668,1.0960149765014648,[0.1000 0.1000 0.1000 0.1000 0.1000 0.1000 0.1000],[0.0000 0.0000 0.0000 0.0000 0.0000 0.0000 0.0000],0.6258854866027832,0.7209337025865524,1.0,0.0,0.45122194125173054,None
303,0.851881742477417,0.7740037441253662,1.407526969909668,1.0960149765014648,[0.1000 0.1000 0.1000 0.1000 0.1000 0.1000 0.1000],[0.0000 0.0000 0.0000 0.0000 0.0000 0.0000 0.0000],0.6258854866027832,0.7209337025865524,1.0,0.0,0.45122194125173054,None
303,0.851881742477417,0.7740037441253662,1.407526969909668,1.0960149765014648,[0.1000 0.1000 0.1000 0.1000 0.1000 0.1000 0.1000],[0.0000 0.0000 0.0000 0.0000 0.0000 0.0000 0.0000],0.6258854866027832,0.7209337025865524,1.0,0.0,0.45122194125173054,None
303,0.851881742477417,0.7740037441253662,1.407526969909668,1.0960149765014648,[0.1000 0.1000 0.1000 0.1000 0.1000 0.1000 0.1000],[0.0000 0.0000 0.0000 0.0000 0.0000 0.0000 0.0000],0.6258854866027832,0.7209337025865524,1.0,0.0,0.45122194125173054,None
303,0.851881742477417,0.7740037441253662,1.407526969909668,1.0960149765014648,[0.1000 0.1000 0.1000 0.1000 0.1000 0.1000 0.1000],[0.0000 0.0000 0.0000 0.0000 0.0000 0.0000 0.0000],0.6258854866027832,0.7209337025865524,1.0,0.0,0.45122194125173054,None
303,0.851881742477417,0.7740037441253662,1.407526969909668,1.0960149765014648,[0.1000 0.1000 0.1000 0.1000 0.1000 0.1000 0.1000],[0.0000 0.0000 0.0000 0.0000 0.0000 0.0000 0.0000],0.6258854866027832,0.7209337025865524,1.0,0.0,0.45122194125173054,None
303,0.851881742477417,0.7740037441253662,1.407526969909668,1.0960149765014648,[0.1000 0.1000 0.1000 0.1000 0.1000 0.1000 0.1000],[0.0000 0.0000 0.0000 0.0000 0.0000 0.0000 0.0000],0.6258854866027832,0.7209337025865524,1.0,0.0,0.45122194125173054,None
303,0.851881742477417,0.7740037441253662,1.407526969909668,1.0960149765014648,[0.1000 0.1000 0.1000 0.1000 0.1000 0.1000 0.1000],[0.0000 0.0000 0.0000 0.0000 0.0000 0.0000 0.0000],0.6258854866027832,0.7209337025865524,1.0,0.0,0.45122194125173054,None
303,0.851881742477417,0.7740037441253662,1.407526969909668,1.0960149765014648,[0.1000 0.1000 0.1000 0.1000 0.1000 0.1000 0.1000],[0.0000 0.0000 0.0000 0.0000 0.0000 0.0000 0.0000],0.6258854866027832,0.7209337025865524,1.0,0.0,0.45122194125173054,None
303,0.851881742477417,0.7740037441253662,1.407526969909668,1.0960149765014648,[0.1000 0.1000 0.1000 0.1000 0.1000 0.1000 0.1000],[0.0000 0.0000 0.0000 0.0000 0.0000 0.0000 0.0000],0.6258854866027832,0.7209337025865524,1.0,0.0,0.45122194125173054,None
303,0.851881742477417,0.7740037441253662,1.407526969909668,1.0960149765014648,[0.1000 0.1000 0.1000 0.1000 0.1000 0.1000 0.1000],[0.0000 0.0000 0.0000 0.0000 0.0000 0.0000 0.0000],0.6258854866027832,0.7209337025865524,1.0,0.0,0.45122194125173054,None
303,0.851881742477417,0.7740037441253662,1.407526969909668,1.0960149765014648,[0.1000 0.1000 0.1000 0.1000 0.1000 0.1000 0.1000],[0.0000 0.0000 0.0000 0.0000 0.0000 0.0000 0.0000],0.6258854866027832,0.7209337025865524,1.0,0.0,0.45122194125173054,None
303,0.851881742477417,0.7740037441253662,1.407526969909668,1.0960149765014648,[0.1000 0.1000 0.1000 0.1000 0.1000 0.1000 0.1000],[0.0000 0.0000 0.0000 0.0000 0.0000 0.0000 0.0000],0.6258854866027832,0.7209337025865524,1.0,0.0,0.45122194125173054,None
303,0.851881742477417,0.7740037441253662,1.407526969909668,1.0960149765014648,[0.1000 0.1000 0.1000 0.1000 0.1000 0.1000 0.1000],[0.0000 0.0000 0.0000 0.0000 0.0000 0.0000 0.0000],0.6258854866027832,0.7209337025865524,1.0,0.0,0.45122194125173054,None
303,0.851881742477417,0.7740037441253662,1.407526969909668,1.0960149765014648,[0.1000 0.1000 0.1000 0.1000 0.1000 0.1000 0.1000],[0.0000 0.0000 0.0000 0.0000 0.0000 0.0000 0.0000],0.6258854866027832,0.7209337025865524,1.0,0.0,0.45122194125173054,None
303,0.851881742477417,0.7740037441253662,1.407526969909668,1.0960149765014648,[0.1000 0.1000 0.1000 0.1000 0.1000 0.1000 0.1000],[0.0000 0.0000 0.0000 0.0000 0.0000 0.0000 0.0000],0.6258854866027832,0.7209337025865524,1.0,0.0,0.45122194125173054,None
303,0.851881742477417,0.7740037441253662,1.407526969909668,1.0960149765014648,[0.1000 0.1000 0.1000 0.1000 0.1000 0.1000 0.1000],[0.0000 0.0000 0.0000 0.0000 0.0000 0.0000 0.0000],0.6258854866027832,0.7209337025865524,1.0,0.0,0.45122194125173054,None
303,0.851881742477417,0.7740037441253662,1.407526969909668,1.0960149765014648,[0.1000 0.1000 0.1000 0.1000 0.1000 0.1000 0.1000],[0.0000 0.0000 0.0000 0.0000 0.0000 0.0000 0.0000],0.6258854866027832,0.7209337025865524,1.0,0.0,0.45122194125173054,None
303,0.851881742477417,0.7740037441253662,1.407526969909668,1.0960149765014648,[0.1000 0.1000 0.1000 0.1000 0.1000 0.1000 0.1000],[0.0000 0.0000 0.0000 0.0000 0.0000 0.0000 0.0000],0.6258854866027832,0.7209337025865524,1.0,0.0,0.45122194125173054,None
303,0.851881742477417,0.7740037441253662,1.407526969909668,1.0960149765014648,[0.1000 0.1000 0.1000 0.1000 0.1000 0.1000 0.1000],[0.0000 0.0000 0.0000 0.0000 0.0000 0.0000 0.0000],0.6258854866027832,0.7209337025865524,1.0,0.0,0.45122194125173054,None
303,0.851881742477417,0.7740037441253662,1.407526969909668,1.0960149765014648,[0.1000 0.1000 0.1000 0.1000 0.1000 0.1000 0.1000],[0.0000 0.0000 0.0000 0.0000 0.0000 0.0000 0.0000],0.6258854866027832,0.7209337025865524,1.0,0.0,0.45122194125173054,None
303,0.851881742477417,0.7740037441253662,1.407526969909668,1.0960149765014648,[0.1000 0.1000 0.1000 0.1000 0.1000 0.1000 0.1000],[0.0000 0.0000 0.0000 0.0000 0.0000 0.0000 0.0000],0.6258854866027832,0.7209337025865524,1.0,0.0,0.45122194125173054,None
303,0.851881742477417,0.7740037441253662,1.407526969909668,1.0960149765014648,[0.1000 0.1000 0.1000 0.1000 0.1000 0.1000 0.1000],[0.0000 0.0000 0.0000 0.0000 0.0000 0.0000 0.0000],0.6258854866027832,0.7209337025865524,1.0,0.0,0.45122194125173054,None
303,0.851881742477417,0.7740037441253662,1.407526969909668,1.0960149765014648,[0.1000 0.1000 0.1000 0.1000 0.1000 0.1000 0.1000],[0.0000 0.0000 0.0000 0.0000 0.0000 0.0000 0.0000],0.6258854866027832,0.7209337025865524,1.0,0.0,0.45122194125173054,None
303,0.851881742477417,0.7740037441253662,1.407526969909668,1.0960149765014648,[0.1000 0.1000 0.1000 0.1000 0.1000 0.1000 0.1000],[0.0000 0.0000 0.0000 0.0000 0.0000 0.0000 0.0000],0.6258854866027832,0.7209337025865524,1.0,0.0,0.45122194125173054,None
303,0.851881742477417,0.7740037441253662,1.407526969909668,1.0960149765014648,[0.1000 0.1000 0.1000 0.1000 0.1000 0.1000 0.1000],[0.0000 0.0000 0.0000 0.0000 0.0000 0.0000 0.0000],0.6258854866027832,0.7209337025865524,1.0,0.0,0.45122194125173054,None
303,0.851881742477417,0.7740037441253662,1.407526969909668,1.0960149765014648,[0.1000 0.1000 0.1000 0.1000 0.1000 0.1000 0.1000],[0.0000 0.0000 0.0000 0.0000 0.0000 0.0000 0.0000],0.6258854866027832,0.7209337025865524,1.0,0.0,0.45122194125173054,None
303,0.851881742477417,0.7740037441253662,1.407526969909668,1.0960149765014648,[0.1000 0.1000 0.1000 0.1000 0.1000 0.1000 0.1000],[0.0000 0.0000 0.0000 0.0000 0.0000 0.0000 0.0000],0.6258854866027832,0.7209337025865524,1.0,0.0,0.45122194125173054,None
303,0.851881742477417,0.7740037441253662,1.407526969909668,1.0960149765014648,[0.1000 0.1000 0.1000 0.1000 0.1000 0.1000 0.1000],[0.0000 0.0000 0.0000 0.0000 0.0000 0.0000 0.0000],0.6258854866027832,0.7209337025865524,1.0,0.0,0.45122194125173054,None
303,0.851881742477417,0.7740037441253662,1.407526969909668,1.0960149765014648,[0.1000 0.1000 0.1000 0.1000 0.1000 0.1000 0.1000],[0.0000 0.0000 0.0000 0.0000 0.0000 0.0000 0.0000],0.6258854866027832,0.7209337025865524,1.0,0.0,0.45122194125173054,None
303,0.851881742477417,0.7740037441253662,1.407526969909668,1.0960149765014648,[0.1000 0.1000 0.1000 0.1000 0.1000 0.1000 0.1000],[0.0000 0.0000 0.0000 0.0000 0.0000 0.0000 0.0000],0.6258854866027832,0.7209337025865524,1.0,0.0,0.45122194125173054,None
303,0.851881742477417,0.7740037441253662,1.407526969909668,1.0960149765014648,[0.1000 0.1000 0.1000 0.1000 0.1000 0.1000 0.1000],[0.0000 0.0000 0.0000 0.0000 0.0000 0.0000 0.0000],0.6258854866027832,0.7209337025865524,1.0,0.0,0.45122194125173054,None
303,0.851881742477417,0.7740037441253662,1.407526969909668,1.0960149765014648,[0.1000 0.1000 0.1000 0.1000 0.1000 0.1000 0.1000],[0.0000 0.0000 0.0000 0.0000 0.0000 0.0000 0.0000],0.6258854866027832,0.7209337025865524,1.0,0.0,0.45122194125173054,None
303,0.851881742477417,0.7740037441253662,1.407526969909668,1.0960149765014648,[0.1000 0.1000 0.1000 0.1000 0.1000 0.1000 0.1000],[0.0000 0.0000 0.0000 0.0000 0.0000 0.0000 0.0000],0.6258854866027832,0.7209337025865524,1.0,0.0,0.45122194125173054,None
303,0.851881742477417,0.7740037441253662,1.407526969909668,1.0960149765014648,[0.1000 0.1000 0.1000 0.1000 0.1000 0.1000 0.1000],[0.0000 0.0000 0.0000 0.0000 0.0000 0.0000 0.0000],0.6258854866027832,0.7209337025865524,1.0,0.0,0.45122194125173054,None
303,0.851881742477417,0.7740037441253662,1.407526969909668,1.0960149765014648,[0.1000 0.1000 0.1000 0.1000 0.1000 0.1000 0.1000],[0.0000 0.0000 0.0000 0.0000 0.0000 0.0000 0.0000],0.6258854866027832,0.7209337025865524,1.0,0.0,0.45122194125173054,None
303,0.851881742477417,0.7740037441253662,1.407526969909668,1.0960149765014648,[0.1000 0.1000 0.1000 0.1000 0.1000 0.1000 0.1000],[0.0000 0.0000 0.0000 0.0000 0.0000 0.0000 0.0000],0.6258854866027832,0.7209337025865524,1.0,0.0,0.45122194125173054,None
303,0.851881742477417,0.7740037441253662,1.407526969909668,1.0960149765014648,[0.1000 0.1000 0.1000 0.1000 0.1000 0.1000 0.1000],[0.0000 0.0000 0.0000 0.0000 0.0000 0.0000 0.0000],0.6258854866027832,0.7209337025865524,1.0,0.0,0.45122194125173054,None
303,0.851881742477417,0.7740037441253662,1.407526969909668,1.0960149765014648,[0.1000 0.1000 0.1000 0.1000 0.1000 0.1000 0.1000],[0.0000 0.0000 0.0000 0.0000 0.0000 0.0000 0.0000],0.6258854866027832,0.7209337025865524,1.0,0.0,0.45122194125173054,None
303,0.851881742477417,0.7740037441253662,1.407526969909668,1.0960149765014648,[0.1000 0.1000 0.1000 0.1000 0.1000 0.1000 0.1000],[0.0000 0.0000 0.0000 0.0000 0.0000 0.0000 0.0000],0.6258854866027832,0.7209337025865524,1.0,0.0,0.45122194125173054,None
303,0.851881742477417,0.7740037441253662,1.407526969909668,1.0960149765014648,[0.1000 0.1000 0.1000 0.1000 0.1000 0.1000 0.1000],[0.0000 0.0000 0.0000 0.0000 0.0000 0.0000 0.0000],0.6258854866027832,0.7209337025865524,1.0,0.0,0.45122194125173054,None
303,0.851881742477417,0.7740037441253662,1.407526969909668,1.0960149765014648,[0.1000 0.1000 0.1000 0.1000 0.1000 0.1000 0.1000],[0.0000 0.0000 0.0000 0.0000 0.0000 0.0000 0.0000],0.6258854866027832,0.7209337025865524,1.0,0.0,0.45122194125173054,None
303,0.851881742477417,0.7740037441253662,1.407526969909668,1.0960149765014648,[0.1000 0.1000 0.1000 0.1000 0.1000 0.1000 0.1000],[0.0000 0.0000 0.0000 0.0000 0.0000 0.0000 0.0000],0.6258854866027832,0.7209337025865524,1.0,0.0,0.45122194125173054,None
303,0.851881742477417,0.7740037441253662,1.407526969909668,1.0960149765014648,[0.1000 0.1000 0.1000 0.1000 0.1000 0.1000 0.1000],[0.0000 0.0000 0.0000 0.0000 0.0000 0.0000 0.0000],0.6258854866027832,0.7209337025865524,1.0,0.0,0.45122194125173054,None
303,0.851881742477417,0.7740037441253662,1.407526969909668,1.0960149765014648,[0.1000 0.1000 0.1000 0.1000 0.1000 0.1000 0.1000],[0.0000 0.0000 0.0000 0.0000 0.0000 0.0000 0.0000],0.6258854866027832,0.7209337025865524,1.0,0.0,0.45122194125173054,None
303,0.851881742477417,0.7740037441253662,1.407526969909668,1.0960149765014648,[0.1000 0.1000 0.1000 0.1000 0.1000 0.1000 0.1000],[0.0000 0.0000 0.0000 0.0000 0.0000 0.0000 0.0000],0.6258854866027832,0.7209337025865524,1.0,0.0,0.45122194125173054,None
303,0.851881742477417,0.7740037441253662,1.407526969909668,1.0960149765014648,[0.1000 0.1000 0.1000 0.1000 0.1000 0.1000 0.1000],[0.0000 0.0000 0.0000 0.0000 0.0000 0.0000 0.0000],0.6258854866027832,0.7209337025865524,1.0,0.0,0.45122194125173054,None
303,0.851881742477417,0.7740037441253662,1.407526969909668,1.0960149765014648,[0.1000 0.1000 0.1000 0.1000 0.1000 0.1000 0.1000],[0.0000 0.0000 0.0000 0.0000 0.0000 0.0000 0.0000],0.6258854866027832,0.7209337025865524,1.0,0.0,0.45122194125173054,None
303,0.851881742477417,0.7740037441253662,1.407526969909668,1.0960149765014648,[0.1000 0.1000 0.1000 0.1000 0.1000 0.1000 0.1000],[0.0000 0.0000 0.0000 0.0000 0.0000 0.0000 0.0000],0.6258854866027832,0.7209337025865524,1.0,0.0,0.45122194125173054,None
303,0.851881742477417,0.7740037441253662,1.407526969909668,1.0960149765014648,[0.1000 0.1000 0.1000 0.1000 0.1000 0.1000 0.1000],[0.0000 0.0000 0.0000 0.0000 0.0000 0.0000 0.0000],0.6258854866027832,0.7209337025865524,1.0,0.0,0.45122194125173054,None
303,0.851881742477417,0.7740037441253662,1.407526969909668,1.0960149765014648,[0.1000 0.1000 0.1000 0.1000 0.1000 0.1000 0.1000],[0.0000 0.0000 0.0000 0.0000 0.0000 0.0000 0.0000],0.6258854866027832,0.7209337025865524,1.0,0.0,0.45122194125173054,None
303,0.851881742477417,0.7740037441253662,1.407526969909668,1.0960149765014648,[0.1000 0.1000 0.1000 0.1000 0.1000 0.1000 0.1000],[0.0000 0.0000 0.0000 0.0000 0.0000 0.0000 0.0000],0.6258854866027832,0.7209337025865524,1.0,0.0,0.45122194125173054,None
303,0.851881742477417,0.7740037441253662,1.407526969909668,1.0960149765014648,[0.1000 0.1000 0.1000 0.1000 0.1000 0.1000 0.1000],[0.0000 0.0000 0.0000 0.0000 0.0000 0.0000 0.0000],0.6258854866027832,0.7209337025865524,1.0,0.0,0.45122194125173054,None
303,0.851881742477417,0.7740037441253662,1.407526969909668,1.0960149765014648,[0.1000 0.1000 0.1000 0.1000 0.1000 0.1000 0.1000],[0.0000 0.0000 0.0000 0.0000 0.0000 0.0000 0.0000],0.6258854866027832,0.7209337025865524,1.0,0.0,0.45122194125173054,None
303,0.851881742477417,0.7740037441253662,1.407526969909668,1.0960149765014648,[0.1000 0.1000 0.1000 0.1000 0.1000 0.1000 0.1000],[0.0000 0.0000 0.0000 0.0000 0.0000 0.0000 0.0000],0.6258854866027832,0.7209337025865524,1.0,0.0,0.45122194125173054,None
303,0.851881742477417,0.7740037441253662,1.407526969909668,1.0960149765014648,[0.1000 0.1000 0.1000 0.1000 0.1000 0.1000 0.1000],[0.0000 0.0000 0.0000 0.0000 0.0000 0.0000 0.0000],0.6258854866027832,0.7209337025865524,1.0,0.0,0.45122194125173054,None
303,0.851881742477417,0.7740037441253662,1.407526969909668,1.0960149765014648,[0.1000 0.1000 0.1000 0.1000 0.1000 0.1000 0.1000],[0.0000 0.0000 0.0000 0.0000 0.0000 0.0000 0.0000],0.6258854866027832,0.7209337025865524,1.0,0.0,0.45122194125173054,None
303,0.851881742477417,0.7740037441253662,1.407526969909668,1.0960149765014648,[0.1000 0.1000 0.1000 0.1000 0.1000 0.1000 0.1000],[0.0000 0.0000 0.0000 0.0000 0.0000 0.0000 0.0000],0.6258854866027832,0.7209337025865524,1.0,0.0,0.45122194125173054,None
303,0.851881742477417,0.7740037441253662,1.407526969909668,1.0960149765014648,[0.1000 0.1000 0.1000 0.1000 0.1000 0.1000 0.1000],[0.0000 0.0000 0.0000 0.0000 0.0000 0.0000 0.0000],0.6258854866027832,0.7209337025865524,1.0,0.0,0.45122194125173054,None
303,0.851881742477417,0.7740037441253662,1.407526969909668,1.0960149765014648,[0.1000 0.1000 0.1000 0.1000 0.1000 0.1000 0.1000],[0.0000 0.0000 0.0000 0.0000 0.0000 0.0000 0.0000],0.6258854866027832,0.7209337025865524,1.0,0.0,0.45122194125173054,None
303,0.851881742477417,0.7740037441253662,1.407526969909668,1.0960149765014648,[0.1000 0.1000 0.1000 0.1000 0.1000 0.1000 0.1000],[0.0000 0.0000 0.0000 0.0000 0.0000 0.0000 0.0000],0.6258854866027832,0.7209337025865524,1.0,0.0,0.45122194125173054,None
303,0.851881742477417,0.7740037441253662,1.407526969909668,1.0960149765014648,[0.1000 0.1000 0.1000 0.1000 0.1000 0.1000 0.1000],[0.0000 0.0000 0.0000 0.0000 0.0000 0.0000 0.0000],0.6258854866027832,0.7209337025865524,1.0,0.0,0.45122194125173054,None
303,0.851881742477417,0.7740037441253662,1.407526969909668,1.0960149765014648,[0.1000 0.1000 0.1000 0.1000 0.1000 0.1000 0.1000],[0.0000 0.0000 0.0000 0.0000 0.0000 0.0000 0.0000],0.6258854866027832,0.7209337025865524,1.0,0.0,0.45122194125173054,None
303,0.851881742477417,0.7740037441253662,1.407526969909668,1.0960149765014648,[0.1000 0.1000 0.1000 0.1000 0.1000 0.1000 0.1000],[0.0000 0.0000 0.0000 0.0000 0.0000 0.0000 0.0000],0.6258854866027832,0.7209337025865524,1.0,0.0,0.45122194125173054,None
303,0.851881742477417,0.7740037441253662,1.407526969909668,1.0960149765014648,[0.1000 0.1000 0.1000 0.1000 0.1000 0.1000 0.1000],[0.0000 0.0000 0.0000 0.0000 0.0000 0.0000 0.0000],0.6258854866027832,0.7209337025865524,1.0,0.0,0.45122194125173054,None
303,0.851881742477417,0.7740037441253662,1.407526969909668,1.0960149765014648,[0.1000 0.1000 0.1000 0.1000 0.1000 0.1000 0.1000],[0.0000 0.0000 0.0000 0.0000 0.0000 0.0000 0.0000],0.6258854866027832,0.7209337025865524,1.0,0.0,0.45122194125173054,None
303,0.851881742477417,0.7740037441253662,1.407526969909668,1.0960149765014648,[0.1000 0.1000 0.1000 0.1000 0.1000 0.1000 0.1000],[0.0000 0.0000 0.0000 0.0000 0.0000 0.0000 0.0000],0.6258854866027832,0.7209337025865524,1.0,0.0,0.45122194125173054,None
303,0.851881742477417,0.7740037441253662,1.407526969909668,1.0960149765014648,[0.1000 0.1000 0.1000 0.1000 0.1000 0.1000 0.1000],[0.0000 0.0000 0.0000 0.0000 0.0000 0.0000 0.0000],0.6258854866027832,0.7209337025865524,1.0,0.0,0.45122194125173054,None
303,0.851881742477417,0.7740037441253662,1.407526969909668,1.0960149765014648,[0.1000 0.1000 0.1000 0.1000 0.1000 0.1000 0.1000],[0.0000 0.0000 0.0000 0.0000 0.0000 0.0000 0.0000],0.6258854866027832,0.7209337025865524,1.0,0.0,0.45122194125173054,None
303,0.851881742477417,0.7740037441253662,1.407526969909668,1.0960149765014648,[0.1000 0.1000 0.1000 0.1000 0.1000 0.1000 0.1000],[0.0000 0.0000 0.0000 0.0000 0.0000 0.0000 0.0000],0.6258854866027832,0.7209337025865524,1.0,0.0,0.45122194125173054,None
303,0.851881742477417,0.7740037441253662,1.407526969909668,1.0960149765014648,[0.1000 0.1000 0.1000 0.1000 0.1000 0.1000 0.1000],[0.0000 0.0000 0.0000 0.0000 0.0000 0.0000 0.0000],0.6258854866027832,0.7209337025865524,1.0,0.0,0.45122194125173054,None
303,0.851881742477417,0.7740037441253662,1.407526969909668,1.0960149765014648,[0.1000 0.1000 0.1000 0.1000 0.1000 0.1000 0.1000],[0.0000 0.0000 0.0000 0.0000 0.0000 0.0000 0.0000],0.6258854866027832,0.7209337025865524,1.0,0.0,0.45122194125173054,None
303,0.851881742477417,0.7740037441253662,1.407526969909668,1.0960149765014648,[0.1000 0.1000 0.1000 0.1000 0.1000 0.1000 0.1000],[0.0000 0.0000 0.0000 0.0000 0.0000 0.0000 0.0000],0.6258854866027832,0.7209337025865524,1.0,0.0,0.45122194125173054,None
303,0.851881742477417,0.7740037441253662,1.407526969909668,1.0960149765014648,[0.1000 0.1000 0.1000 0.1000 0.1000 0.1000 0.1000],[0.0000 0.0000 0.0000 0.0000 0.0000 0.0000 0.0000],0.6258854866027832,0.7209337025865524,1.0,0.0,0.45122194125173054,None
303,0.851881742477417,0.7740037441253662,1.407526969909668,1.0960149765014648,[0.1000 0.1000 0.1000 0.1000 0.1000 0.1000 0.1000],[0.0000 0.0000 0.0000 0.0000 0.0000 0.0000 0.0000],0.6258854866027832,0.7209337025865524,1.0,0.0,0.45122194125173054,None
303,0.851881742477417,0.7740037441253662,1.407526969909668,1.0960149765014648,[0.1000 0.1000 0.1000 0.1000 0.1000 0.1000 0.1000],[0.0000 0.0000 0.0000 0.0000 0.0000 0.0000 0.0000],0.6258854866027832,0.7209337025865524,1.0,0.0,0.45122194125173054,None
303,0.851881742477417,0.7740037441253662,1.407526969909668,1.0960149765014648,[0.1000 0.1000 0.1000 0.1000 0.1000 0.1000 0.1000],[0.0000 0.0000 0.0000 0.0000 0.0000 0.0000 0.0000],0.6258854866027832,0.7209337025865524,1.0,0.0,0.45122194125173054,None
303,0.851881742477417,0.7740037441253662,1.407526969909668,1.0960149765014648,[0.1000 0.1000 0.1000 0.1000 0.1000 0.1000 0.1000],[0.0000 0.0000 0.0000 0.0000 0.0000 0.0000 0.0000],0.6258854866027832,0.7209337025865524,1.0,0.0,0.45122194125173054,None
303,0.851881742477417,0.7740037441253662,1.407526969909668,1.0960149765014648,[0.1000 0.1000 0.1000 0.1000 0.1000 0.1000 0.1000],[0.0000 0.0000 0.0000 0.0000 0.0000 0.0000 0.0000],0.6258854866027832,0.7209337025865524,1.0,0.0,0.45122194125173054,None
303,0.851881742477417,0.7740037441253662,1.407526969909668,1.0960149765014648,[0.1000 0.1000 0.1000 0.1000 0.1000 0.1000 0.1000],[0.0000 0.0000 0.0000 0.0000 0.0000 0.0000 0.0000],0.6258854866027832,0.7209337025865524,1.0,0.0,0.45122194125173054,None
303,0.851881742477417,0.7740037441253662,1.407526969909668,1.0960149765014648,[0.1000 0.1000 0.1000 0.1000 0.1000 0.1000 0.1000],[0.0000 0.0000 0.0000 0.0000 0.0000 0.0000 0.0000],0.6258854866027832,0.7209337025865524,1.0,0.0,0.45122194125173054,None
303,0.851881742477417,0.7740037441253662,1.407526969909668,1.0960149765014648,[0.1000 0.1000 0.1000 0.1000 0.1000 0.1000 0.1000],[0.0000 0.0000 0.0000 0.0000 0.0000 0.0000 0.0000],0.6258854866027832,0.7209337025865524,1.0,0.0,0.45122194125173054,None
303,0.851881742477417,0.7740037441253662,1.407526969909668,1.0960149765014648,[0.1000 0.1000 0.1000 0.1000 0.1000 0.1000 0.1000],[0.0000 0.0000 0.0000 0.0000 0.0000 0.0000 0.0000],0.6258854866027832,0.7209337025865524,1.0,0.0,0.45122194125173054,None
303,0.851881742477417,0.7740037441253662,1.407526969909668,1.0960149765014648,[0.1000 0.1000 0.1000 0.1000 0.1000 0.1000 0.1000],[0.0000 0.0000 0.0000 0.0000 0.0000 0.0000 0.0000],0.6258854866027832,0.7209337025865524,1.0,0.0,0.45122194125173054,None
303,0.851881742477417,0.7740037441253662,1.407526969909668,1.0960149765014648,[0.1000 0.1000 0.1000 0.1000 0.1000 0.1000 0.1000],[0.0000 0.0000 0.0000 0.0000 0.0000 0.0000 0.0000],0.6258854866027832,0.7209337025865524,1.0,0.0,0.45122194125173054,None
303,0.851881742477417,0.7740037441253662,1.407526969909668,1.0960149765014648,[0.1000 0.1000 0.1000 0.1000 0.1000 0.1000 0.1000],[0.0000 0.0000 0.0000 0.0000 0.0000 0.0000 0.0000],0.6258854866027832,0.7209337025865524,1.0,0.0,0.45122194125173054,None
303,0.851881742477417,0.7740037441253662,1.407526969909668,1.0960149765014648,[0.1000 0.1000 0.1000 0.1000 0.1000 0.1000 0.1000],[0.0000 0.0000 0.0000 0.0000 0.0000 0.0000 0.0000],0.6258854866027832,0.7209337025865524,1.0,0.0,0.45122194125173054,None
303,0.851881742477417,0.7740037441253662,1.407526969909668,1.0960149765014648,[0.1000 0.1000 0.1000 0.1000 0.1000 0.1000 0.1000],[0.0000 0.0000 0.0000 0.0000 0.0000 0.0000 0.0000],0.6258854866027832,0.7209337025865524,1.0,0.0,0.45122194125173054,None
303,0.851881742477417,0.7740037441253662,1.407526969909668,1.0960149765014648,[0.1000 0.1000 0.1000 0.1000 0.1000 0.1000 0.1000],[0.0000 0.0000 0.0000 0.0000 0.0000 0.0000 0.0000],0.6258854866027832,0.7209337025865524,1.0,0.0,0.45122194125173054,None
303,0.851881742477417,0.7740037441253662,1.407526969909668,1.0960149765014648,[0.1000 0.1000 0.1000 0.1000 0.1000 0.1000 0.1000],[0.0000 0.0000 0.0000 0.0000 0.0000 0.0000 0.0000],0.6258854866027832,0.7209337025865524,1.0,0.0,0.45122194125173054,None
303,0.851881742477417,0.7740037441253662,1.407526969909668,1.0960149765014648,[0.1000 0.1000 0.1000 0.1000 0.1000 0.1000 0.1000],[0.0000 0.0000 0.0000 0.0000 0.0000 0.0000 0.0000],0.6258854866027832,0.7209337025865524,1.0,0.0,0.45122194125173054,None
303,0.851881742477417,0.7740037441253662,1.407526969909668,1.0960149765014648,[0.1000 0.1000 0.1000 0.1000 0.1000 0.1000 0.1000],[0.0000 0.0000 0.0000 0.0000 0.0000 0.0000 0.0000],0.6258854866027832,0.7209337025865524,1.0,0.0,0.45122194125173054,None
303,0.851881742477417,0.7740037441253662,1.407526969909668,1.0960149765014648,[0.1000 0.1000 0.1000 0.1000 0.1000 0.1000 0.1000],[0.0000 0.0000 0.0000 0.0000 0.0000 0.0000 0.0000],0.6258854866027832,0.7209337025865524,1.0,0.0,0.45122194125173054,None
303,0.851881742477417,0.7740037441253662,1.407526969909668,1.0960149765014648,[0.1000 0.1000 0.1000 0.1000 0.1000 0.1000 0.1000],[0.0000 0.0000 0.0000 0.0000 0.0000 0.0000 0.0000],0.6258854866027832,0.7209337025865524,1.0,0.0,0.45122194125173054,None
303,0.851881742477417,0.7740037441253662,1.407526969909668,1.0960149765014648,[0.1000 0.1000 0.1000 0.1000 0.1000 0.1000 0.1000],[0.0000 0.0000 0.0000 0.0000 0.0000 0.0000 0.0000],0.6258854866027832,0.7209337025865524,1.0,0.0,0.45122194125173054,None
303,0.851881742477417,0.7740037441253662,1.407526969909668,1.0960149765014648,[0.1000 0.1000 0.1000 0.1000 0.1000 0.1000 0.1000],[0.0000 0.0000 0.0000 0.0000 0.0000 0.0000 0.0000],0.6258854866027832,0.7209337025865524,1.0,0.0,0.45122194125173054,None
303,0.851881742477417,0.7740037441253662,1.407526969909668,1.0960149765014648,[0.1000 0.1000 0.1000 0.1000 0.1000 0.1000 0.1000],[0.0000 0.0000 0.0000 0.0000 0.0000 0.0000 0.0000],0.6258854866027832,0.7209337025865524,1.0,0.0,0.45122194125173054,None
303,0.851881742477417,0.7740037441253662,1.407526969909668,1.0960149765014648,[0.1000 0.1000 0.1000 0.1000 0.1000 0.1000 0.1000],[0.0000 0.0000 0.0000 0.0000 0.0000 0.0000 0.0000],0.6258854866027832,0.7209337025865524,1.0,0.0,0.45122194125173054,None
303,0.851881742477417,0.7740037441253662,1.407526969909668,1.0960149765014648,[0.1000 0.1000 0.1000 0.1000 0.1000 0.1000 0.1000],[0.0000 0.0000 0.0000 0.0000 0.0000 0.0000 0.0000],0.6258854866027832,0.7209337025865524,1.0,0.0,0.45122194125173054,None
303,0.851881742477417,0.7740037441253662,1.407526969909668,1.0960149765014648,[0.1000 0.1000 0.1000 0.1000 0.1000 0.1000 0.1000],[0.0000 0.0000 0.0000 0.0000 0.0000 0.0000 0.0000],0.6258854866027832,0.7209337025865524,1.0,0.0,0.45122194125173054,None
303,0.851881742477417,0.7740037441253662,1.407526969909668,1.0960149765014648,[0.1000 0.1000 0.1000 0.1000 0.1000 0.1000 0.1000],[0.0000 0.0000 0.0000 0.0000 0.0000 0.0000 0.0000],0.6258854866027832,0.7209337025865524,1.0,0.0,0.45122194125173054,None
303,0.851881742477417,0.7740037441253662,1.407526969909668,1.0960149765014648,[0.1000 0.1000 0.1000 0.1000 0.1000 0.1000 0.1000],[0.0000 0.0000 0.0000 0.0000 0.0000 0.0000 0.0000],0.6258854866027832,0.7209337025865524,1.0,0.0,0.45122194125173054,None
303,0.851881742477417,0.7740037441253662,1.407526969909668,1.0960149765014648,[0.1000 0.1000 0.1000 0.1000 0.1000 0.1000 0.1000],[0.0000 0.0000 0.0000 0.0000 0.0000 0.0000 0.0000],0.6258854866027832,0.7209337025865524,1.0,0.0,0.45122194125173054,None
303,0.851881742477417,0.7740037441253662,1.407526969909668,1.0960149765014648,[0.1000 0.1000 0.1000 0.1000 0.1000 0.1000 0.1000],[0.0000 0.0000 0.0000 0.0000 0.0000 0.0000 0.0000],0.6258854866027832,0.7209337025865524,1.0,0.0,0.45122194125173054,None
303,0.851881742477417,0.7740037441253662,1.407526969909668,1.0960149765014648,[0.1000 0.1000 0.1000 0.1000 0.1000 0.1000 0.1000],[0.0000 0.0000 0.0000 0.0000 0.0000 0.0000 0.0000],0.6258854866027832,0.7209337025865524,1.0,0.0,0.45122194125173054,None
303,0.851881742477417,0.7740037441253662,1.407526969909668,1.0960149765014648,[0.1000 0.1000 0.1000 0.1000 0.1000 0.1000 0.1000],[0.0000 0.0000 0.0000 0.0000 0.0000 0.0000 0.0000],0.6258854866027832,0.7209337025865524,1.0,0.0,0.45122194125173054,None
303,0.851881742477417,0.7740037441253662,1.407526969909668,1.0960149765014648,[0.1000 0.1000 0.1000 0.1000 0.1000 0.1000 0.1000],[0.0000 0.0000 0.0000 0.0000 0.0000 0.0000 0.0000],0.6258854866027832,0.7209337025865524,1.0,0.0,0.45122194125173054,None
303,0.851881742477417,0.7740037441253662,1.407526969909668,1.0960149765014648,[0.1000 0.1000 0.1000 0.1000 0.1000 0.1000 0.1000],[0.0000 0.0000 0.0000 0.0000 0.0000 0.0000 0.0000],0.6258854866027832,0.7209337025865524,1.0,0.0,0.45122194125173054,None
303,0.851881742477417,0.7740037441253662,1.407526969909668,1.0960149765014648,[0.1000 0.1000 0.1000 0.1000 0.1000 0.1000 0.1000],[0.0000 0.0000 0.0000 0.0000 0.0000 0.0000 0.0000],0.6258854866027832,0.7209337025865524,1.0,0.0,0.45122194125173054,None
303,0.851881742477417,0.7740037441253662,1.407526969909668,1.0960149765014648,[0.1000 0.1000 0.1000 0.1000 0.1000 0.1000 0.1000],[0.0000 0.0000 0.0000 0.0000 0.0000 0.0000 0.0000],0.6258854866027832,0.7209337025865524,1.0,0.0,0.45122194125173054,None
303,0.851881742477417,0.7740037441253662,1.407526969909668,1.0960149765014648,[0.1000 0.1000 0.1000 0.1000 0.1000 0.1000 0.1000],[0.0000 0.0000 0.0000 0.0000 0.0000 0.0000 0.0000],0.6258854866027832,0.7209337025865524,1.0,0.0,0.45122194125173054,None
303,0.851881742477417,0.7740037441253662,1.407526969909668,1.0960149765014648,[0.1000 0.1000 0.1000 0.1000 0.1000 0.1000 0.1000],[0.0000 0.0000 0.0000 0.0000 0.0000 0.0000 0.0000],0.6258854866027832,0.7209337025865524,1.0,0.0,0.45122194125173054,None
303,0.851881742477417,0.7740037441253662,1.407526969909668,1.0960149765014648,[0.1000 0.1000 0.1000 0.1000 0.1000 0.1000 0.1000],[0.0000 0.0000 0.0000 0.0000 0.0000 0.0000 0.0000],0.6258854866027832,0.7209337025865524,1.0,0.0,0.45122194125173054,None
303,0.851881742477417,0.7740037441253662,1.407526969909668,1.0960149765014648,[0.1000 0.1000 0.1000 0.1000 0.1000 0.1000 0.1000],[0.0000 0.0000 0.0000 0.0000 0.0000 0.0000 0.0000],0.6258854866027832,0.7209337025865524,1.0,0.0,0.45122194125173054,None
303,0.851881742477417,0.7740037441253662,1.407526969909668,1.0960149765014648,[0.1000 0.1000 0.1000 0.1000 0.1000 0.1000 0.1000],[0.0000 0.0000 0.0000 0.0000 0.0000 0.0000 0.0000],0.6258854866027832,0.7209337025865524,1.0,0.0,0.45122194125173054,None
303,0.851881742477417,0.7740037441253662,1.407526969909668,1.0960149765014648,[0.1000 0.1000 0.1000 0.1000 0.1000 0.1000 0.1000],[0.0000 0.0000 0.0000 0.0000 0.0000 0.0000 0.0000],0.6258854866027832,0.7209337025865524,1.0,0.0,0.45122194125173054,None
303,0.851881742477417,0.7740037441253662,1.407526969909668,1.0960149765014648,[0.1000 0.1000 0.1000 0.1000 0.1000 0.1000 0.1000],[0.0000 0.0000 0.0000 0.0000 0.0000 0.0000 0.0000],0.6258854866027832,0.7209337025865524,1.0,0.0,0.45122194125173054,None
303,0.851881742477417,0.7740037441253662,1.407526969909668,1.0960149765014648,[0.1000 0.1000 0.1000 0.1000 0.1000 0.1000 0.1000],[0.0000 0.0000 0.0000 0.0000 0.0000 0.0000 0.0000],0.6258854866027832,0.7209337025865524,1.0,0.0,0.45122194125173054,None
303,0.851881742477417,0.7740037441253662,1.407526969909668,1.0960149765014648,[0.1000 0.1000 0.1000 0.1000 0.1000 0.1000 0.1000],[0.0000 0.0000 0.0000 0.0000 0.0000 0.0000 0.0000],0.6258854866027832,0.7209337025865524,1.0,0.0,0.45122194125173054,None
303,0.851881742477417,0.7740037441253662,1.407526969909668,1.0960149765014648,[0.1000 0.1000 0.1000 0.1000 0.1000 0.1000 0.1000],[0.0000 0.0000 0.0000 0.0000 0.0000 0.0000 0.0000],0.6258854866027832,0.7209337025865524,1.0,0.0,0.45122194125173054,None
303,0.851881742477417,0.7740037441253662,1.407526969909668,1.0960149765014648,[0.1000 0.1000 0.1000 0.1000 0.1000 0.1000 0.1000],[0.0000 0.0000 0.0000 0.0000 0.0000 0.0000 0.0000],0.6258854866027832,0.7209337025865524,1.0,0.0,0.45122194125173054,None
303,0.851881742477417,0.7740037441253662,1.407526969909668,1.0960149765014648,[0.1000 0.1000 0.1000 0.1000 0.1000 0.1000 0.1000],[0.0000 0.0000 0.0000 0.0000 0.0000 0.0000 0.0000],0.6258854866027832,0.7209337025865524,1.0,0.0,0.45122194125173054,None
303,0.851881742477417,0.7740037441253662,1.407526969909668,1.0960149765014648,[0.1000 0.1000 0.1000 0.1000 0.1000 0.1000 0.1000],[0.0000 0.0000 0.0000 0.0000 0.0000 0.0000 0.0000],0.6258854866027832,0.7209337025865524,1.0,0.0,0.45122194125173054,None
303,0.851881742477417,0.7740037441253662,1.407526969909668,1.0960149765014648,[0.1000 0.1000 0.1000 0.1000 0.1000 0.1000 0.1000],[0.0000 0.0000 0.0000 0.0000 0.0000 0.0000 0.0000],0.6258854866027832,0.7209337025865524,1.0,0.0,0.45122194125173054,None
303,0.851881742477417,0.7740037441253662,1.407526969909668,1.0960149765014648,[0.1000 0.1000 0.1000 0.1000 0.1000 0.1000 0.1000],[0.0000 0.0000 0.0000 0.0000 0.0000 0.0000 0.0000],0.6258854866027832,0.7209337025865524,1.0,0.0,0.45122194125173054,None
303,0.851881742477417,0.7740037441253662,1.407526969909668,1.0960149765014648,[0.1000 0.1000 0.1000 0.1000 0.1000 0.1000 0.1000],[0.0000 0.0000 0.0000 0.0000 0.0000 0.0000 0.0000],0.6258854866027832,0.7209337025865524,1.0,0.0,0.45122194125173054,None
303,0.851881742477417,0.7740037441253662,1.407526969909668,1.0960149765014648,[0.1000 0.1000 0.1000 0.1000 0.1000 0.1000 0.1000],[0.0000 0.0000 0.0000 0.0000 0.0000 0.0000 0.0000],0.6258854866027832,0.7209337025865524,1.0,0.0,0.45122194125173054,None
303,0.851881742477417,0.7740037441253662,1.407526969909668,1.0960149765014648,[0.1000 0.1000 0.1000 0.1000 0.1000 0.1000 0.1000],[0.0000 0.0000 0.0000 0.0000 0.0000 0.0000 0.0000],0.6258854866027832,0.7209337025865524,1.0,0.0,0.45122194125173054,None
303,0.851881742477417,0.7740037441253662,1.407526969909668,1.0960149765014648,[0.1000 0.1000 0.1000 0.1000 0.1000 0.1000 0.1000],[0.0000 0.0000 0.0000 0.0000 0.0000 0.0000 0.0000],0.6258854866027832,0.7209337025865524,1.0,0.0,0.45122194125173054,None
303,0.851881742477417,0.7740037441253662,1.407526969909668,1.0960149765014648,[0.1000 0.1000 0.1000 0.1000 0.1000 0.1000 0.1000],[0.0000 0.0000 0.0000 0.0000 0.0000 0.0000 0.0000],0.6258854866027832,0.7209337025865524,1.0,0.0,0.45122194125173054,None
303,0.851881742477417,0.7740037441253662,1.407526969909668,1.0960149765014648,[0.1000 0.1000 0.1000 0.1000 0.1000 0.1000 0.1000],[0.0000 0.0000 0.0000 0.0000 0.0000 0.0000 0.0000],0.6258854866027832,0.7209337025865524,1.0,0.0,0.45122194125173054,None
303,0.8518093228340149,0.7740037441253662,1.4072372913360596,1.0960149765014648,[0.1075 0.1000 0.1000 0.1000 0.1000 0.1000 0.1000],[-0.0752 0.0000 0.0000 0.0000 0.0000 0.0000 0.0000],0.6258130669593811,0.7210634862398817,1.0,0.0,0.45125095179620384,None
303,0.8518157005310059,0.7740037441253662,1.4072628021240234,1.0960149765014648,[0.1069 0.1000 0.1000 0.1000 0.1000 0.1000 0.1000],[-0.0686 0.0000 0.0000 0.0000 0.0000 0.0000 0.0000],0.6258194446563721,0.7210520543082641,1.0,0.0,0.4512483961955341,None
303,0.8518221378326416,0.7740037441253662,1.4072885513305664,1.0960149765014648,[0.1062 0.1000 0.1000 0.1000 0.1000 0.1000 0.1000],[-0.0620 0.0000 0.0000 0.0000 0.0000 0.0000 0.0000],0.6258258819580078,0.7210405160112398,1.0,0.0,0.45124581686019116,None
303,0.8518283367156982,0.7740037441253662,1.407313346862793,1.0960149765014648,[0.1055 0.1000 0.1000 0.1000 0.1000 0.1000 0.1000],[-0.0554 0.0000 0.0000 0.0000 0.0000 0.0000 0.0000],0.6258320808410645,0.7210294055095914,1.0,0.0,0.45124333319766324,None
303,0.8518348336219788,0.7740037441253662,1.407339334487915,1.0960149765014648,[0.1049 0.1000 0.1000 0.1000 0.1000 0.1000 0.1000],[-0.0487 0.0000 0.0000 0.0000 0.0000 0.0000 0.0000],0.625838577747345,0.7210177613241077,1.0,0.0,0.45124073027765416,None
303,0.8518409729003906,0.7740037441253662,1.4073638916015625,1.0960149765014648,[0.1042 0.1000 0.1000 0.1000 0.1000 0.1000 0.1000],[-0.0423 0.0000 0.0000 0.0000 0.0000 0.0000 0.0000],0.6258447170257568,0.7210067585495583,1.0,0.0,0.4512382707781065,None
303,0.8518471121788025,0.7740037441253662,1.40738844871521,1.0960149765014648,[0.1036 0.1000 0.1000 0.1000 0.1000 0.1000 0.1000],[-0.0359 0.0000 0.0000 0.0000 0.0000 0.0000 0.0000],0.6258508563041687,0.7209957562089131,1.0,0.0,0.4512358114150199,None
303,0.8518531918525696,0.7740037441253662,1.4074127674102783,1.0960149765014648,[0.1030 0.1000 0.1000 0.1000 0.1000 0.1000 0.1000],[-0.0296 0.0000 0.0000 0.0000 0.0000 0.0000 0.0000],0.6258569359779358,0.7209848611146639,1.0,0.0,0.4512333760637011,None
303,0.8518593907356262,0.7740037441253662,1.4074375629425049,1.0960149765014648,[0.1023 0.1000 0.1000 0.1000 0.1000 0.1000 0.1000],[-0.0232 0.0000 0.0000 0.0000 0.0000 0.0000 0.0000],0.6258631348609924,0.7209737528291289,1.0,0.0,0.4512308930981329,None
303,0.8518643975257874,0.7740037441253662,1.4074575901031494,1.0960149765014648,[0.1018 0.1000 0.1000 0.1000 0.1000 0.1000 0.1000],[-0.0180 0.0000 0.0000 0.0000 0.0000 0.0000 0.0000],0.6258681416511536,0.7209647810751819,1.0,0.0,0.4512288877274549,None
303,0.8518704771995544,0.7740037441253662,1.4074819087982178,1.0960149765014648,[0.1012 0.1000 0.1000 0.1000 0.1000 0.1000 0.1000],[-0.0117 0.0000 0.0000 0.0000 0.0000 0.0000 0.0000],0.6258742213249207,0.7209538871903279,1.0,0.0,0.4512264527564212,None
303,0.851876437664032,0.7740037441253662,1.407505750656128,1.0960149765014648,[0.1005 0.1000 0.1000 0.1000 0.1000 0.1000 0.1000],[-0.0055 0.0000 0.0000 0.0000 0.0000 0.0000 0.0000],0.6258801817893982,0.7209432073239109,1.0,0.0,0.4512240656597212,None
303,0.8518828749656677,0.7740037441253662,1.407531499862671,1.0960149765014648,[0.0999 0.1000 0.1000 0.1000 0.1000 0.1000 0.1000],[0.0012 0.0000 0.0000 0.0000 0.0000 0.0000 0.0000],0.6258866190910339,0.7209316735272497,0.998755469918251,0.001244530081749018,0.45065992902458796,None
303,0.8518892526626587,0.7740037441253662,1.4075570106506348,1.0960149765014648,[0.0992 0.1000 0.1000 0.1000 0.1000 0.1000 0.1000],[0.0079 0.0000 0.0000 0.0000 0.0000 0.0000 0.0000],0.6258929967880249,0.7209202469950704,0.9921253472566605,0.007874652743339594,0.44766574142172216,None
303,0.8518946170806885,0.7740037441253662,1.407578468322754,1.0960149765014648,[0.0987 0.1000 0.1000 0.1000 0.1000 0.1000 0.1000],[0.0134 0.0000 0.0000 0.0000 0.0000 0.0000 0.0000],0.6258983612060547,0.7209106362554778,0.986553430557251,0.013446569442749079,0.4451494679642122,None
303,0.8519013524055481,0.7740037441253662,1.4076054096221924,1.0960149765014648,[0.0980 0.1000 0.1000 0.1000 0.1000 0.1000 0.1000],[0.0204 0.0000 0.0000 0.0000 0.0000 0.0000 0.0000],0.6259050965309143,0.7208985699065985,0.9795630723237991,0.020436927676200922,0.44199265928328996,None
303,0.8519080281257629,0.7740037441253662,1.4076321125030518,1.0960149765014648,[0.0973 0.1000 0.1000 0.1000 0.1000 0.1000 0.1000],[0.0274 0.0000 0.0000 0.0000 0.0000 0.0000 0.0000],0.6259117722511292,0.7208866108543039,0.9726398438215256,0.027360156178474482,0.4388662013754057,None
303,0.8519145250320435,0.7740037441253662,1.4076581001281738,1.0960149765014648,[0.0966 0.1000 0.1000 0.1000 0.1000 0.1000 0.1000],[0.0341 0.0000 0.0000 0.0000 0.0000 0.0000 0.0000],0.6259182691574097,0.7208749726257475,0.9658503532409668,0.03414964675903326,0.435800193493046,None
303,0.8519202470779419,0.7740037441253662,1.4076809883117676,1.0960149765014648,[0.0960 0.1000 0.1000 0.1000 0.1000 0.1000 0.1000],[0.0401 0.0000 0.0000 0.0000 0.0000 0.0000 0.0000],0.6259239912033081,0.720864722844683,0.9598873555660248,0.040112644433975275,0.43310743755943454,None
303,0.8519260883331299,0.7740037441253662,1.4077043533325195,1.0960149765014648,[0.0954 0.1000 0.1000 0.1000 0.1000 0.1000 0.1000],[0.0462 0.0000 0.0000 0.0000 0.0000 0.0000 0.0000],0.6259298324584961,0.7208542599147111,0.9538129717111588,0.0461870282888413,0.4303644056263286,None
303,0.8519319891929626,0.7740037441253662,1.4077279567718506,1.0960149765014648,[0.0948 0.1000 0.1000 0.1000 0.1000 0.1000 0.1000],[0.0524 0.0000 0.0000 0.0000 0.0000 0.0000 0.0000],0.6259357333183289,0.7208436906183269,0.9476450830698013,0.052354916930198725,0.42757919007582135,None
303,0.8519378900527954,0.7740037441253662,1.4077515602111816,1.0960149765014648,[0.0941 0.1000 0.1000 0.1000 0.1000 0.1000 0.1000],[0.0585 0.0000 0.0000 0.0000 0.0000 0.0000 0.0000],0.6259416341781616,0.7208331217220976,0.9414947777986526,0.05850522220134741,0.4248019373884783,None
303,0.851943850517273,0.7740037441253662,1.4077754020690918,1.0960149765014648,[0.0935 0.1000 0.1000 0.1000 0.1000 0.1000 0.1000],[0.0647 0.0000 0.0000 0.0000 0.0000 0.0000 0.0000],0.6259475946426392,0.7208224464755328,0.9352696686983109,0.0647303313016892,0.4219909402892675,None
303,0.8519498109817505,0.7740037441253662,1.407799243927002,1.0960149765014648,[0.0929 0.1000 0.1000 0.1000 0.1000 0.1000 0.1000],[0.0709 0.0000 0.0000 0.0000 0.0000 0.0000 0.0000],0.6259535551071167,0.7208117716371547,0.9291017800569534,0.07089821994304663,0.4192057905783123,None
303,0.8519562482833862,0.7740037441253662,1.407824993133545,1.0960149765014648,[0.0922 0.1000 0.1000 0.1000 0.1000 0.1000 0.1000],[0.0776 0.0000 0.0000 0.0000 0.0000 0.0000 0.0000],0.6259599924087524,0.7208002432701275,0.9224297851324081,0.07757021486759191,0.4161930455135627,None
303,0.8519620299339294,0.7740037441253662,1.4078481197357178,1.0960149765014648,[0.0916 0.1000 0.1000 0.1000 0.1000 0.1000 0.1000],[0.0837 0.0000 0.0000 0.0000 0.0000 0.0000 0.0000],0.6259657740592957,0.7207898894943752,0.91633640229702,0.0836635977029801,0.4134416391035839,None
303,0.8519681692123413,0.7740037441253662,1.4078726768493652,1.0960149765014648,[0.0910 0.1000 0.1000 0.1000 0.1000 0.1000 0.1000],[0.0900 0.0000 0.0000 0.0000 0.0000 0.0000 0.0000],0.6259719133377075,0.7207788956991699,0.9099967032670975,0.09000329673290258,0.4105789959910033,None
303,0.8519741296768188,0.7740037441253662,1.4078965187072754,1.0960149765014648,[0.0904 0.1000 0.1000 0.1000 0.1000 0.1000 0.1000],[0.0963 0.0000 0.0000 0.0000 0.0000 0.0000 0.0000],0.6259778738021851,0.7207682225257078,0.903741717338562,0.09625828266143804,0.4077546700823786,None
303,0.8519803881645203,0.7740037441253662,1.407921552658081,1.0960149765014648,[0.0897 0.1000 0.1000 0.1000 0.1000 0.1000 0.1000],[0.1027 0.0000 0.0000 0.0000 0.0000 0.0000 0.0000],0.6259841322898865,0.7207570161326268,0.8972565829753876,0.10274341702461248,0.4048264281728928,None
303,0.8519865870475769,0.7740037441253662,1.4079463481903076,1.0960149765014648,[0.0891 0.1000 0.1000 0.1000 0.1000 0.1000 0.1000],[0.1093 0.0000 0.0000 0.0000 0.0000 0.0000 0.0000],0.6259903311729431,0.7207459169104045,0.8907302469015121,0.10926975309848791,0.40187965072320614,None
303,0.8519927263259888,0.7740037441253662,1.407970905303955,1.0960149765014648,[0.0884 0.1000 0.1000 0.1000 0.1000 0.1000 0.1000],[0.1157 0.0000 0.0000 0.0000 0.0000 0.0000 0.0000],0.625996470451355,0.7207349248462627,0.8843003213405609,0.11569967865943914,0.3989764251083107,None
303,0.8519988656044006,0.7740037441253662,1.4079954624176025,1.0960149765014648,[0.0878 0.1000 0.1000 0.1000 0.1000 0.1000 0.1000],[0.1221 0.0000 0.0000 0.0000 0.0000 0.0000 0.0000],0.6260026097297668,0.7207239332147589,0.8779267966747284,0.12207320332527166,0.3960986778756124,None
303,0.852003812789917,0.7740037441253662,1.408015251159668,1.0960149765014648,[0.0873 0.1000 0.1000 0.1000 0.1000 0.1000 0.1000],[0.1272 0.0000 0.0000 0.0000 0.0000 0.0000 0.0000],0.6260075569152832,0.7207150761953829,0.8727899938821793,0.1272100061178208,0.3937793532949331,None
303,0.8520095348358154,0.7740037441253662,1.4080381393432617,1.0960149765014648,[0.0867 0.1000 0.1000 0.1000 0.1000 0.1000 0.1000],[0.1332 0.0000 0.0000 0.0000 0.0000 0.0000 0.0000],0.6260132789611816,0.720704832282316,0.8667995780706406,0.1332004219293595,0.391074654934683,None
303,0.8520153164863586,0.7740037441253662,1.4080612659454346,1.0960149765014648,[0.0861 0.1000 0.1000 0.1000 0.1000 0.1000 0.1000],[0.1392 0.0000 0.0000 0.0000 0.0000 0.0000 0.0000],0.6260190606117249,0.7206944820434218,0.8607817441225052,0.13921825587749487,0.38835759337727477,None
303,0.8520210385322571,0.7740037441253662,1.4080841541290283,1.0960149765014648,[0.0855 0.1000 0.1000 0.1000 0.1000 0.1000 0.1000],[0.1452 0.0000 0.0000 0.0000 0.0000 0.0000 0.0000],0.6260247826576233,0.720684238885646,0.8547675609588623,0.14523243904113775,0.38564222724372266,None
303,0.8520269393920898,0.7740037441253662,1.4081077575683594,1.0960149765014648,[0.0849 0.1000 0.1000 0.1000 0.1000 0.1000 0.1000],[0.1513 0.0000 0.0000 0.0000 0.0000 0.0000 0.0000],0.626030683517456,0.7206736760226068,0.8486909419298172,0.15130905807018286,0.3828986592365859,None
303,0.8520327806472778,0.7740037441253662,1.4081311225891113,1.0960149765014648,[0.0842 0.1000 0.1000 0.1000 0.1000 0.1000 0.1000],[0.1575 0.0000 0.0000 0.0000 0.0000 0.0000 0.0000],0.626036524772644,0.7206632202485472,0.8424960076808929,0.1575039923191071,0.38010176083029606,None
303,0.8520376682281494,0.7740037441253662,1.4081506729125977,1.0960149765014648,[0.0837 0.1000 0.1000 0.1000 0.1000 0.1000 0.1000],[0.1625 0.0000 0.0000 0.0000 0.0000 0.0000 0.0000],0.6260414123535156,0.7206544718403689,0.8374737948179245,0.16252620518207556,0.3778342948542463,None
303,0.8520433306694031,0.7740037441253662,1.4081733226776123,1.0960149765014648,[0.0831 0.1000 0.1000 0.1000 0.1000 0.1000 0.1000],[0.1685 0.0000 0.0000 0.0000 0.0000 0.0000 0.0000],0.6260470747947693,0.7206443368319932,0.8314673602581024,0.16853263974189764,0.3751225518655197,None
303,0.8520547151565552,0.7743119597434998,1.4082188606262207,1.097247838973999,[0.0825 0.1071 0.1000 0.1000 0.1000 0.1000 0.1000],[0.1745 -0.0712 0.0000 0.0000 0.0000 0.0000 0.0000],0.6263666749000549,0.7211761211570009,0.8254747837781906,0.17452521622180944,0.3728840381022274,None
303,0.8520597815513611,0.774273693561554,1.4082391262054443,1.0970947742462158,[0.0819 0.1062 0.1000 0.1000 0.1000 0.1000 0.1000],[0.1806 -0.0624 0.0000 0.0000 0.0000 0.0000 0.0000],0.626333475112915,0.72109842598184,0.8194007724523544,0.18059922754764562,0.3700807881225993,None
303,0.8520649671554565,0.7742357850074768,1.4082598686218262,1.0969431400299072,[0.0813 0.1054 0.1000 0.1000 0.1000 0.1000 0.1000],[0.1867 -0.0536 0.0000 0.0000 0.0000 0.0000 0.0000],0.6263007521629333,0.7210211797501829,0.8133069425821304,0.18669305741786962,0.36726998309236764,None
303,0.8520699143409729,0.7741972804069519,1.4082796573638916,1.0967891216278076,[0.0807 0.1045 0.1000 0.1000 0.1000 0.1000 0.1000],[0.1926 -0.0447 0.0000 0.0000 0.0000 0.0000 0.0000],0.6262671947479248,0.7209433141205519,0.8073572814464569,0.19264271855354315,0.36452435325099247,None
303,0.8520738482475281,0.7741687893867493,1.4082953929901123,1.096675157546997,[0.0803 0.1038 0.1000 0.1000 0.1000 0.1000 0.1000],[0.1972 -0.0381 0.0000 0.0000 0.0000 0.0000 0.0000],0.6262426376342773,0.7208852227832091,0.8027712255716324,0.19722877442836767,0.362410317866502,None
303,0.8520780801773071,0.774130642414093,1.4083123207092285,1.096522569656372,[0.0798 0.1029 0.1000 0.1000 0.1000 0.1000 0.1000],[0.2024 -0.0293 0.0000 0.0000 0.0000 0.0000 0.0000],0.6262087225914001,0.7208093164820608,0.7976160198450089,0.2023839801549912,0.3600255910407174,None
303,0.8520830869674683,0.774086058139801,1.408332347869873,1.096344232559204,[0.0791 0.1019 0.1000 0.1000 0.1000 0.1000 0.1000],[0.2085 -0.0190 0.0000 0.0000 0.0000 0.0000 0.0000],0.6261691451072693,0.7207205184270293,0.791482999920845,0.20851700007915502,0.3571906986093695,None
303,0.8520886301994324,0.7740386724472046,1.4083545207977295,1.0961546897888184,[0.0785 0.1008 0.1000 0.1000 0.1000 0.1000 0.1000],[0.2151 -0.0081 0.0000 0.0000 0.0000 0.0000 0.0000],0.626127302646637,0.720625774717445,0.7848925143480301,0.21510748565196997,0.35414622804564216,None
303,0.8520937561988831,0.7739934921264648,1.4083750247955322,1.0959739685058594,[0.0779 0.0998 0.1000 0.1000 0.1000 0.1000 0.1000],[0.2213 0.0024 0.0000 0.0000 0.0000 0.0000 0.0000],0.6260872483253479,0.7205357552880545,0.7786575704813004,0.2213424295186997,0.35126663925868606,None
303,0.852098822593689,0.7739486694335938,1.4083952903747559,1.095794677734375,[0.0772 0.0987 0.1000 0.1000 0.1000 0.1000 0.1000],[0.2276 0.0127 0.0000 0.0000 0.0000 0.0000 0.0000],0.6260474920272827,0.7204465110929659,0.7724279910326004,0.22757200896739965,0.3483910790406218,None
303,0.8521035313606262,0.7739126682281494,1.4084141254425049,1.0956506729125977,[0.0767 0.0979 0.1000 0.1000 0.1000 0.1000 0.1000],[0.2331 0.0210 0.0000 0.0000 0.0000 0.0000 0.0000],0.6260161995887756,0.7203737080808087,0.7669263333082199,0.23307366669178015,0.3458574025049254,None
303,0.8521087169647217,0.7738696932792664,1.4084348678588867,1.0954787731170654,[0.0761 0.0969 0.1000 0.1000 0.1000 0.1000 0.1000],[0.2394 0.0309 0.0000 0.0000 0.0000 0.0000 0.0000],0.625978410243988,0.7202876054132472,0.7606151700019836,0.2393848299980164,0.3429495831305285,None
303,0.8521142601966858,0.7738267779350281,1.4084570407867432,1.0953071117401123,[0.0754 0.0959 0.1000 0.1000 0.1000 0.1000 0.1000],[0.2459 0.0407 0.0000 0.0000 0.0000 0.0000 0.0000],0.6259410381317139,0.72020099667501,0.7540886849164963,0.24591131508350378,0.3399457125380726,None
303,0.8521196842193604,0.7737845778465271,1.4084787368774414,1.0951383113861084,[0.0748 0.0950 0.1000 0.1000 0.1000 0.1000 0.1000],[0.2524 0.0504 0.0000 0.0000 0.0000 0.0000 0.0000],0.6259042620658875,0.720115905466507,0.7475600391626358,0.25243996083736425,0.33694296284204905,None
303,0.8521251678466797,0.7737424969673157,1.4085006713867188,1.0949699878692627,[0.0741 0.0940 0.1000 0.1000 0.1000 0.1000 0.1000],[0.2590 0.0601 0.0000 0.0000 0.0000 0.0000 0.0000],0.6258676648139954,0.7200309465684394,0.7410190254449844,0.2589809745550156,0.3339358422621336,None
303,0.8521305322647095,0.7737002372741699,1.408522129058838,1.0948009490966797,[0.0735 0.0930 0.1000 0.1000 0.1000 0.1000 0.1000],[0.2654 0.0698 0.0000 0.0000 0.0000 0.0000 0.0000],0.6258307695388794,0.7199459070276966,0.7345733046531677,0.26542669534683233,0.33097250756011515,None
303,0.8521353006362915,0.7736647725105286,1.408541202545166,1.0946590900421143,[0.0729 0.0922 0.1000 0.1000 0.1000 0.1000 0.1000],[0.2711 0.0779 0.0000 0.0000 0.0000 0.0000 0.0000],0.6258000731468201,0.7198740852299399,0.7289323955774307,0.27106760442256933,0.3283820434291797,None
303,0.8521403074264526,0.77362459897995,1.4085612297058105,1.0944983959197998,[0.0723 0.0913 0.1000 0.1000 0.1000 0.1000 0.1000],[0.2770 0.0871 0.0000 0.0000 0.0000 0.0000 0.0000],0.6257649064064026,0.7197934539549393,0.7229600101709366,0.27703998982906347,0.3256367201810714,None
303,0.8521455526351929,0.7735828757286072,1.4085822105407715,1.0943315029144287,[0.0717 0.0903 0.1000 0.1000 0.1000 0.1000 0.1000],[0.2834 0.0967 0.0000 0.0000 0.0000 0.0000 0.0000],0.6257284283638,0.7197096560589614,0.7166267931461334,0.28337320685386663,0.3227277108216555,None
303,0.8521509170532227,0.7735415101051331,1.4086036682128906,1.0941660404205322,[0.0710 0.0894 0.1000 0.1000 0.1000 0.1000 0.1000],[0.2898 0.1062 0.0000 0.0000 0.0000 0.0000 0.0000],0.6256924271583557,0.7196263083880914,0.7102271169424057,0.28977288305759435,0.31979022214417113,None
303,0.8521563410758972,0.7735010385513306,1.4086253643035889,1.0940041542053223,[0.0704 0.0885 0.1000 0.1000 0.1000 0.1000 0.1000],[0.2961 0.1154 0.0000 0.0000 0.0000 0.0000 0.0000],0.6256573796272278,0.7195444731787826,0.7038689404726028,0.2961310595273972,0.3168735685013632,None
303,0.8521609902381897,0.7734672427177429,1.4086439609527588,1.0938689708709717,[0.0698 0.0877 0.1000 0.1000 0.1000 0.1000 0.1000],[0.3017 0.1231 0.0000 0.0000 0.0000 0.0000 0.0000],0.6256282329559326,0.7194759412805263,0.6983225792646408,0.30167742073535925,0.3143320751526376,None
303,0.852165937423706,0.773423433303833,1.4086637496948242,1.093693733215332,[0.0692 0.0867 0.1000 0.1000 0.1000 0.1000 0.1000],[0.3077 0.1331 0.0000 0.0000 0.0000 0.0000 0.0000],0.6255893707275391,0.7193890520313346,0.6922737509012222,0.3077262490987778,0.31155236334565484,None
303,0.8521705269813538,0.7733842134475708,1.408682107925415,1.0935368537902832,[0.0687 0.0858 0.1000 0.1000 0.1000 0.1000 0.1000],[0.3132 0.1421 0.0000 0.0000 0.0000 0.0000 0.0000],0.6255547404289246,0.7193110021148265,0.6867557764053345,0.3132442235946656,0.30901840285522786,None
303,0.8521748185157776,0.7733478546142578,1.4086992740631104,1.0933914184570312,[0.0682 0.0850 0.1000 0.1000 0.1000 0.1000 0.1000],[0.3185 0.1504 0.0000 0.0000 0.0000 0.0000 0.0000],0.6255226731300354,0.7192385996944741,0.6815093010663986,0.31849069893360143,0.30661106964695034,None
303,0.8521794080734253,0.7733105421066284,1.4087176322937012,1.0932421684265137,[0.0676 0.0841 0.1000 0.1000 0.1000 0.1000 0.1000],[0.3240 0.1589 0.0000 0.0000 0.0000 0.0000 0.0000],0.6254899501800537,0.7191639874111639,0.676000714302063,0.32399928569793707,0.3040852976545855,None
303,0.8521839380264282,0.7732750773429871,1.408735752105713,1.0931003093719482,[0.0671 0.0833 0.1000 0.1000 0.1000 0.1000 0.1000],[0.3294 0.1670 0.0000 0.0000 0.0000 0.0000 0.0000],0.6254590153694153,0.7190927899048493,0.6706042587757111,0.329395741224289,0.30161302906423004,None
303,0.8521883487701416,0.7732447385787964,1.4087533950805664,1.0929789543151855,[0.0665 0.0826 0.1000 0.1000 0.1000 0.1000 0.1000],[0.3345 0.1739 0.0000 0.0000 0.0000 0.0000 0.0000],0.625433087348938,0.7190309444238651,0.6654592603445053,0.33454073965549475,0.29926085142251524,None
303,0.8521928191184998,0.773208737373352,1.408771276473999,1.0928349494934082,[0.0660 0.0818 0.1000 0.1000 0.1000 0.1000 0.1000],[0.3400 0.1821 0.0000 0.0000 0.0000 0.0000 0.0000],0.6254015564918518,0.7189589322800889,0.6600252538919449,0.33997474610805517,0.29677245840947153,None
303,0.8521974086761475,0.7731708884239197,1.4087896347045898,1.0926835536956787,[0.0654 0.0809 0.1000 0.1000 0.1000 0.1000 0.1000],[0.3455 0.1907 0.0000 0.0000 0.0000 0.0000 0.0000],0.6253682971000671,0.718883440096056,0.6544718891382217,0.3455281108617783,0.2942289066791147,None
303,0.8522021770477295,0.7731322646141052,1.408808708190918,1.092529058456421,[0.0649 0.0801 0.1000 0.1000 0.1000 0.1000 0.1000],[0.3512 0.1995 0.0000 0.0000 0.0000 0.0000 0.0000],0.6253344416618347,0.7188062724141517,0.6488009542226791,0.3511990457773209,0.29163234309987895,None
303,0.8522065281867981,0.7730969190597534,1.4088261127471924,1.0923876762390137,[0.0644 0.0793 0.1000 0.1000 0.1000 0.1000 0.1000],[0.3564 0.2075 0.0000 0.0000 0.0000 0.0000 0.0000],0.6253034472465515,0.7187356952490334,0.6435688585042953,0.3564311414957047,0.28923780566612595,None
303,0.8522116541862488,0.7730579972267151,1.4088466167449951,1.0922319889068604,[0.0637 0.0784 0.1000 0.1000 0.1000 0.1000 0.1000],[0.3626 0.2163 0.0000 0.0000 0.0000 0.0000 0.0000],0.6252696514129639,0.7186574028705683,0.6374160945415497,0.3625839054584504,0.2864258948495481,None
303,0.8522157669067383,0.7730267643928528,1.4088630676269531,1.0921070575714111,[0.0633 0.0777 0.1000 0.1000 0.1000 0.1000 0.1000],[0.3675 0.2234 0.0000 0.0000 0.0000 0.0000 0.0000],0.6252425312995911,0.7185945940215691,0.6325282901525497,0.3674717098474503,0.284192369261871,None
303,0.8522207140922546,0.772988498210907,1.4088828563690186,1.091953992843628,[0.0627 0.0768 0.1000 0.1000 0.1000 0.1000 0.1000],[0.3734 0.2321 0.0000 0.0000 0.0000 0.0000 0.0000],0.6252092123031616,0.7185178231550927,0.6266261637210846,0.37337383627891546,0.2814954881103987,None
303,0.8522257208824158,0.7729502320289612,1.408902883529663,1.0918009281158447,[0.0621 0.0759 0.1000 0.1000 0.1000 0.1000 0.1000],[0.3793 0.2408 0.0000 0.0000 0.0000 0.0000 0.0000],0.625175952911377,0.7184409673737058,0.6206656992435455,0.3793343007564545,0.2787732503183721,None
303,0.8522306680679321,0.772912859916687,1.4089226722717285,1.091651439666748,[0.0615 0.0751 0.1000 0.1000 0.1000 0.1000 0.1000],[0.3853 0.2492 0.0000 0.0000 0.0000 0.0000 0.0000],0.6251435279846191,0.7183658256687496,0.6147446855902672,0.3852553144097329,0.27607061714385406,None
303,0.8522357940673828,0.7728758454322815,1.4089431762695312,1.091503381729126,[0.0609 0.0742 0.1000 0.1000 0.1000 0.1000 0.1000],[0.3913 0.2576 0.0000 0.0000 0.0000 0.0000 0.0000],0.6251116394996643,0.7182910213800395,0.6087049469351768,0.3912950530648232,0.27331587312001354,None
303,0.8522406220436096,0.7728400826454163,1.4089624881744385,1.091360330581665,[0.0603 0.0734 0.1000 0.1000 0.1000 0.1000 0.1000],[0.3971 0.2657 0.0000 0.0000 0.0000 0.0000 0.0000],0.6250807046890259,0.7182189868032387,0.6028620898723602,0.3971379101276398,0.2706518186875174,None
303,0.852245569229126,0.7728042602539062,1.408982276916504,1.091217041015625,[0.0597 0.0726 0.1000 0.1000 0.1000 0.1000 0.1000],[0.4030 0.2738 0.0000 0.0000 0.0000 0.0000 0.0000],0.6250498294830322,0.7181466534255452,0.5969956889748573,0.4030043110251427,0.2679778985087221,None
303,0.8522501587867737,0.7727739214897156,1.4090006351470947,1.0910956859588623,[0.0592 0.0719 0.1000 0.1000 0.1000 0.1000 0.1000],[0.4083 0.2807 0.0000 0.0000 0.0000 0.0000 0.0000],0.6250240802764893,0.71808469836304,0.5916594713926315,0.4083405286073685,0.26554873894049535,None
303,0.8522549271583557,0.7727411985397339,1.4090197086334229,1.0909647941589355,[0.0586 0.0712 0.1000 0.1000 0.1000 0.1000 0.1000],[0.4140 0.2881 0.0000 0.0000 0.0000 0.0000 0.0000],0.6249961256980896,0.7180182122572065,0.5860362574458122,0.41396374255418783,0.26298881093372645,None
303,0.8522600531578064,0.7727067470550537,1.4090402126312256,1.0908269882202148,[0.0580 0.0704 0.1000 0.1000 0.1000 0.1000 0.1000],[0.4200 0.2958 0.0000 0.0000 0.0000 0.0000 0.0000],0.6249668002128601,0.7179480436111945,0.5799902603030205,0.4200097396969796,0.26023797094957507,None
303,0.8522652983665466,0.7726719975471497,1.4090611934661865,1.0906879901885986,[0.0574 0.0696 0.1000 0.1000 0.1000 0.1000 0.1000],[0.4262 0.3037 0.0000 0.0000 0.0000 0.0000 0.0000],0.6249372959136963,0.717877152964534,0.573783740401268,0.42621625959873205,0.2574155705310821,None
303,0.8522703647613525,0.7726375460624695,1.4090814590454102,1.090550184249878,[0.0568 0.0689 0.1000 0.1000 0.1000 0.1000 0.1000],[0.4321 0.3114 0.0000 0.0000 0.0000 0.0000 0.0000],0.624907910823822,0.7178071250033355,0.5678606778383255,0.43213932216167456,0.25472148847295406,None
303,0.8522751927375793,0.7726039886474609,1.4091007709503174,1.0904159545898438,[0.0562 0.0681 0.1000 0.1000 0.1000 0.1000 0.1000],[0.4379 0.3190 0.0000 0.0000 0.0000 0.0000 0.0000],0.6248791813850403,0.7177391205106198,0.5621439591050148,0.43785604089498525,0.2521216972411506,None
303,0.8522805571556091,0.7725666165351868,1.4091222286224365,1.090266466140747,[0.0556 0.0673 0.1000 0.1000 0.1000 0.1000 0.1000],[0.4442 0.3274 0.0000 0.0000 0.0000 0.0000 0.0000],0.6248471736907959,0.7176634267041864,0.5558237805962563,0.4441762194037438,0.2492480378327253,None
303,0.8522847890853882,0.7725363969802856,1.4091391563415527,1.0901455879211426,[0.0551 0.0666 0.1000 0.1000 0.1000 0.1000 0.1000],[0.4492 0.3342 0.0000 0.0000 0.0000 0.0000 0.0000],0.6248211860656738,0.7176024219206147,0.550791434943676,0.44920856505632406,0.24696011622885042,None
303,0.8522413969039917,0.7700040936470032,1.4089655876159668,1.0800163745880127,[0.0545 0.0659 0.1074 0.1000 0.1000 0.1000 0.1000],[0.4546 0.3414 -0.0743 0.0000 0.0000 0.0000 0.0000],0.6222454905509949,0.7132295286174175,0.5454001203179359,0.4545998796820641,0.24205067750167802,None
303,0.8522545099258423,0.7704014182090759,1.4090180397033691,1.0816056728363037,[0.0540 0.0651 0.1062 0.1000 0.1000 0.1000 0.1000],[0.4604 0.3489 -0.0617 0.0000 0.0000 0.0000 0.0000],0.6226559281349182,0.7139002067166662,0.5396387726068497,0.4603612273931504,0.23987709503262256,None
303,0.8522678017616272,0.7708037495613098,1.4090712070465088,1.0832149982452393,[0.0534 0.0643 0.1049 0.1000 0.1000 0.1000 0.1000],[0.4662 0.3565 -0.0488 0.0000 0.0000 0.0000 0.0000],0.623071551322937,0.714580918296766,0.5337966978549957,0.46620330214500433,0.23766499482004205,None
303,0.8522809147834778,0.771195650100708,1.4091236591339111,1.084782600402832,[0.0528 0.0636 0.1036 0.1000 0.1000 0.1000 0.1000],[0.4720 0.3641 -0.0362 0.0000 0.0000 0.0000 0.0000],0.6234765648841858,0.7152452552058706,0.527963750064373,0.47203624993562704,0.23543944446863882,None
303,0.8522929549217224,0.771552324295044,1.4091718196868896,1.0862092971801758,[0.0523 0.0629 0.1025 0.1000 0.1000 0.1000 0.1000],[0.4774 0.3711 -0.0247 0.0000 0.0000 0.0000 0.0000],0.6238452792167664,0.7158510414823267,0.5225832387804985,0.47741676121950155,0.23337537581370013,None
303,0.8523057699203491,0.7719390988349915,1.4092230796813965,1.0877563953399658,[0.0517 0.0621 0.1012 0.1000 0.1000 0.1000 0.1000],[0.4831 0.3785 -0.0121 0.0000 0.0000 0.0000 0.0000],0.6242448687553406,0.716509839526382,0.5168776586651802,0.48312234133481985,0.23118779387357244,None
303,0.8523184061050415,0.7723029851913452,1.409273624420166,1.0892119407653809,[0.0511 0.0614 0.1000 0.1000 0.1000 0.1000 0.1000],[0.4890 0.3860 -0.0001 0.0000 0.0000 0.0000 0.0000],0.6246213912963867,0.7171300282573347,0.5109832435846329,0.4890167564153672,0.22888715453032366,None
303,0.8523310422897339,0.7726711630821228,1.4093241691589355,1.0906846523284912,[0.0505 0.0607 0.0988 0.1000 0.1000 0.1000 0.1000],[0.4948 0.3934 0.0121 0.0000 0.0000 0.0000 0.0000],0.6250022053718567,0.7177591822439371,0.5052163451910019,0.49478365480899816,0.22664059395789068,None
303,0.8523438572883606,0.7730402946472168,1.4093754291534424,1.0921611785888672,[0.0499 0.0599 0.0976 0.1000 0.1000 0.1000 0.1000],[0.5007 0.4010 0.0244 0.0000 0.0000 0.0000 0.0000],0.6253841519355774,0.7183911176096467,0.49926724284887314,0.5007327571511269,0.22430600380924956,None
303,0.8523587584495544,0.7734657526016235,1.4094350337982178,1.0938630104064941,[0.0492 0.0590 0.0961 0.1000 0.1000 0.1000 0.1000],[0.5078 0.4099 0.0387 0.0000 0.0000 0.0000 0.0000],0.625824511051178,0.7191210120925189,0.49220986664295197,0.507790133357048,0.2215158785737126,None
303,0.8523693084716797,0.7737787365913391,1.4094772338867188,1.0951149463653564,[0.0488 0.0584 0.0951 0.1000 0.1000 0.1000 0.1000],[0.5124 0.4161 0.0492 0.0000 0.0000 0.0000 0.0000],0.6261480450630188,0.7196598996212982,0.48756424337625504,0.512435756623745,0.21970309807990807,None
303,0.8523812890052795,0.7741246819496155,1.4095251560211182,1.096498727798462,[0.0482 0.0577 0.0939 0.1000 0.1000 0.1000 0.1000],[0.5180 0.4232 0.0609 0.0000 0.0000 0.0000 0.0000],0.626505970954895,0.7202561760187295,0.4820273071527481,0.5179726928472519,0.21751231334890614,None
303,0.8523933291435242,0.7744668126106262,1.4095733165740967,1.0978672504425049,[0.0476 0.0570 0.0927 0.1000 0.1000 0.1000 0.1000],[0.5236 0.4304 0.0726 0.0000 0.0000 0.0000 0.0000],0.6268601417541504,0.720846786633401,0.47641050070524216,0.5235894992947578,0.2152756695760365,None
303,0.8524051904678345,0.7747945785522461,1.409620761871338,1.0991783142089844,[0.0471 0.0562 0.0916 0.1000 0.1000 0.1000 0.1000],[0.5294 0.4376 0.0840 0.0000 0.0000 0.0000 0.0000],0.6271997690200806,0.7214131878290209,0.47062527388334274,0.5293747261166573,0.21294390463349958,None
303,0.8524175882339478,0.7751455903053284,1.409670352935791,1.1005823612213135,[0.0465 0.0555 0.0904 0.1000 0.1000 0.1000 0.1000],[0.5352 0.4451 0.0961 0.0000 0.0000 0.0000 0.0000],0.6275631785392761,0.7220215872974677,0.46479009091854095,0.535209909081459,0.21060297269113895,None
303,0.8524306416511536,0.7755110263824463,1.4097225666046143,1.1020441055297852,[0.0459 0.0547 0.0891 0.1000 0.1000 0.1000 0.1000],[0.5414 0.4530 0.1089 0.0000 0.0000 0.0000 0.0000],0.6279416680335999,0.7226561425437599,0.45858442783355713,0.5414155721664429,0.20809914894467268,None
303,0.8524419665336609,0.7758392095565796,1.4097678661346436,1.1033568382263184,[0.0453 0.0540 0.0880 0.1000 0.1000 0.1000 0.1000],[0.5466 0.4599 0.1204 0.0000 0.0000 0.0000 0.0000],0.6282811760902405,0.7232279693013015,0.45336224138736725,0.5466377586126328,0.20600350421974967,None
303,0.8524535298347473,0.7761657238006592,1.4098141193389893,1.1046628952026367,[0.0448 0.0533 0.0868 0.1000 0.1000 0.1000 0.1000],[0.5520 0.4669 0.1319 0.0000 0.0000 0.0000 0.0000],0.6286192536354065,0.7237975271035972,0.4479726776480675,0.5520273223519325,0.20382445996886836,None
303,0.852465033531189,0.7764878869056702,1.4098601341247559,1.1059515476226807,[0.0443 0.0526 0.0857 0.1000 0.1000 0.1000 0.1000],[0.5574 0.4739 0.1434 0.0000 0.0000 0.0000 0.0000],0.6289529204368591,0.7243604770256653,0.4425695538520813,0.5574304461479187,0.2016296600270912,None
303,0.8524768352508545,0.7768177390098572,1.409907341003418,1.1072709560394287,[0.0437 0.0519 0.0845 0.1000 0.1000 0.1000 0.1000],[0.5630 0.4811 0.1552 0.0000 0.0000 0.0000 0.0000],0.6292945742607117,0.7249380138205257,0.43702032417058945,0.5629796758294106,0.19936847906127872,None
303,0.8524888753890991,0.7771642208099365,1.4099555015563965,1.108656883239746,[0.0431 0.0511 0.0832 0.1000 0.1000 0.1000 0.1000],[0.5686 0.4886 0.1677 0.0000 0.0000 0.0000 0.0000],0.6296530961990356,0.7255466258557519,0.4314335435628891,0.5685664564371109,0.1970972560272568,None
303,0.8524996638298035,0.7774348855018616,1.4099986553192139,1.1097395420074463,[0.0426 0.0505 0.0822 0.1000 0.1000 0.1000 0.1000],[0.5743 0.4954 0.1776 0.0000 0.0000 0.0000 0.0000],0.629934549331665,0.7260204782690103,0.4256962984800339,0.5743037015199661,0.19469023657806128,None
303,0.8525107502937317,0.7777441740036011,1.4100430011749268,1.1109766960144043,[0.0420 0.0498 0.0811 0.1000 0.1000 0.1000 0.1000],[0.5795 0.5022 0.1889 0.0000 0.0000 0.0000 0.0000],0.6302549242973328,0.7265652247973374,0.4204980283975601,0.5795019716024399,0.19255500833232492,None
303,0.852521538734436,0.7780389189720154,1.4100861549377441,1.1121556758880615,[0.0415 0.0491 0.0800 0.1000 0.1000 0.1000 0.1000],[0.5847 0.5089 0.1997 0.0000 0.0000 0.0000 0.0000],0.6305604577064514,0.72708495870982,0.41529934853315353,0.5847006514668465,0.1904027177361835,None
303,0.8525323271751404,0.7783225774765015,1.4101293087005615,1.1132903099060059,[0.0410 0.0484 0.0790 0.1000 0.1000 0.1000 0.1000],[0.5902 0.5157 0.2103 0.0000 0.0000 0.0000 0.0000],0.6308549046516418,0.7275853350154604,0.4098285362124443,0.5901714637875557,0.18811161661857492,None
303,0.8525446653366089,0.7786550521850586,1.4101786613464355,1.1146202087402344,[0.0404 0.0477 0.0777 0.1000 0.1000 0.1000 0.1000],[0.5962 0.5234 0.2227 0.0000 0.0000 0.0000 0.0000],0.6311997175216675,0.728173560609807,0.4038099944591522,0.5961900055408478,0.18560033918212154,None
303,0.8525565266609192,0.7789798974990845,1.4102261066436768,1.115919589996338,[0.0398 0.0469 0.0765 0.1000 0.1000 0.1000 0.1000],[0.6020 0.5309 0.2349 0.0000 0.0000 0.0000 0.0000],0.6315364241600037,0.7287498771210699,0.39802562445402145,0.6019743755459785,0.18318416561469278,None
303,0.852568507194519,0.7793025970458984,1.4102740287780762,1.1172103881835938,[0.0392 0.0462 0.0753 0.1000 0.1000 0.1000 0.1000],[0.6078 0.5385 0.2472 0.0000 0.0000 0.0000 0.0000],0.6318711042404175,0.7293232367774791,0.39222780615091324,0.6077721938490868,0.18075358715107204,None
303,0.8525824546813965,0.779665470123291,1.410329818725586,1.118661880493164,[0.0385 0.0453 0.0739 0.1000 0.1000 0.1000 0.1000],[0.6148 0.5474 0.2611 0.0000 0.0000 0.0000 0.0000],0.6322479248046875,0.7299685489464135,0.3851556032896042,0.6148443967103958,0.1777574377953824,None
303,0.8525921106338501,0.7799196839332581,1.4103684425354004,1.1196787357330322,[0.0380 0.0446 0.0729 0.1000 0.1000 0.1000 0.1000],[0.6198 0.5536 0.2709 0.0000 0.0000 0.0000 0.0000],0.6325117945671082,0.7304217614483839,0.38020819425582886,0.6197918057441711,0.17565632989246696,None
303,0.8526028990745544,0.780186653137207,1.4104115962982178,1.1207466125488281,[0.0375 0.0439 0.0719 0.1000 0.1000 0.1000 0.1000],[0.6255 0.5605 0.2813 0.0000 0.0000 0.0000 0.0000],0.6327895522117615,0.7308973319765346,0.37453439086675644,0.6254656091332436,0.1732237271027776,None
303,0.852613627910614,0.7804471850395203,1.410454511642456,1.121788740158081,[0.0369 0.0433 0.0708 0.1000 0.1000 0.1000 0.1000],[0.6313 0.5675 0.2915 0.0000 0.0000 0.0000 0.0000],0.6330608129501343,0.731361873757477,0.3687385842204094,0.6312614157795906,0.1707246895293766,None
303,0.8526243567466736,0.7806970477104187,1.4104974269866943,1.1227881908416748,[0.0363 0.0425 0.0699 0.1000 0.1000 0.1000 0.1000],[0.6374 0.5746 0.3015 0.0000 0.0000 0.0000 0.0000],0.6333214044570923,0.7318073285187403,0.3625977411866188,0.6374022588133812,0.16805290137891335,None
303,0.8526354432106018,0.7809569239616394,1.4105417728424072,1.1238276958465576,[0.0356 0.0418 0.0688 0.1000 0.1000 0.1000 0.1000],[0.6435 0.5818 0.3118 0.0000 0.0000 0.0000 0.0000],0.6335923671722412,0.732271556892133,0.35645004361867905,0.643549956381321,0.1653791572038413,None
303,0.8526462912559509,0.7812187075614929,1.4105851650238037,1.1248748302459717,[0.0351 0.0411 0.0678 0.1000 0.1000 0.1000 0.1000],[0.6494 0.5889 0.3223 0.0000 0.0000 0.0000 0.0000],0.6338649988174438,0.7327406059752848,0.3505845367908478,0.6494154632091522,0.1628320113221747,None
303,0.8526567816734314,0.7814691066741943,1.4106271266937256,1.1258764266967773,[0.0345 0.0404 0.0668 0.1000 0.1000 0.1000 0.1000],[0.6553 0.5958 0.3324 0.0000 0.0000 0.0000 0.0000],0.6341258883476257,0.7331898146636132,0.34474849700927734,0.6552515029907227,0.16028551922700107,None
303,0.8526674509048462,0.7817178964614868,1.4106698036193848,1.1268715858459473,[0.0339 0.0397 0.0657 0.1000 0.1000 0.1000 0.1000],[0.6612 0.6029 0.3426 0.0000 0.0000 0.0000 0.0000],0.634385347366333,0.7336364243306541,0.3388126567006111,0.6611873432993889,0.15768618797721792,None
303,0.8526791334152222,0.7819933295249939,1.4107165336608887,1.1279733180999756,[0.0332 0.0389 0.0646 0.1000 0.1000 0.1000 0.1000],[0.6677 0.6106 0.3538 0.0000 0.0000 0.0000 0.0000],0.6346724629402161,0.7341319803168718,0.3323257341980934,0.6676742658019066,0.15484164331433634,None
303,0.8526890277862549,0.7822290062904358,1.4107561111450195,1.1289160251617432,[0.0327 0.0383 0.0636 0.1000 0.1000 0.1000 0.1000],[0.6731 0.6171 0.3635 0.0000 0.0000 0.0000 0.0000],0.6349180340766907,0.7345569336075641,0.3269166126847267,0.6730833873152733,0.15246849579124996,None
303,0.8526994585990906,0.7824713587760925,1.4107978343963623,1.1298854351043701,[0.0321 0.0376 0.0626 0.1000 0.1000 0.1000 0.1000],[0.6789 0.6241 0.3736 0.0000 0.0000 0.0000 0.0000],0.6351708173751831,0.7349941513419034,0.32108303159475327,0.6789169684052467,0.149896597352783,None
303,0.8527100086212158,0.7827169299125671,1.4108400344848633,1.1308677196502686,[0.0315 0.0369 0.0616 0.1000 0.1000 0.1000 0.1000],[0.6848 0.6311 0.3838 0.0000 0.0000 0.0000 0.0000],0.635426938533783,0.7354379492280712,0.31520891934633255,0.6847910806536674,0.14730251321609666,None
303,0.8527202606201172,0.7829570174217224,1.4108810424804688,1.1318280696868896,[0.0310 0.0362 0.0606 0.1000 0.1000 0.1000 0.1000],[0.6905 0.6380 0.3939 0.0000 0.0000 0.0000 0.0000],0.6356772780418396,0.735872676160919,0.3095218166708946,0.6904781833291054,0.14478735390662784,None
303,0.8527304530143738,0.7831922769546509,1.4109218120574951,1.1327691078186035,[0.0304 0.0355 0.0596 0.1000 0.1000 0.1000 0.1000],[0.6963 0.6449 0.4039 0.0000 0.0000 0.0000 0.0000],0.6359227299690247,0.7362990783866638,0.3037165105342865,0.6962834894657135,0.14220897520064396,None
303,0.8527408838272095,0.7834245562553406,1.410963535308838,1.1336982250213623,[0.0298 0.0348 0.0586 0.1000 0.1000 0.1000 0.1000],[0.7023 0.6518 0.4138 0.0000 0.0000 0.0000 0.0000],0.63616544008255,0.7367200585462901,0.29774170368909836,0.7022582963109016,0.13954434315774872,None
303,0.8527511954307556,0.7836500406265259,1.4110047817230225,1.1346001625061035,[0.0292 0.0341 0.0577 0.1000 0.1000 0.1000 0.1000],[0.7083 0.6588 0.4235 0.0000 0.0000 0.0000 0.0000],0.6364012360572815,0.7371290149061145,0.291706882417202,0.708293117582798,0.13684256200082456,None
303,0.8527623414993286,0.7838988304138184,1.4110493659973145,1.1355953216552734,[0.0285 0.0334 0.0566 0.1000 0.1000 0.1000 0.1000],[0.7148 0.6664 0.4342 0.0000 0.0000 0.0000 0.0000],0.636661171913147,0.7375814200832757,0.2852151170372963,0.7147848829627037,0.13393401030960814,None
303,0.852772057056427,0.7841183543205261,1.411088228225708,1.1364734172821045,[0.0280 0.0327 0.0556 0.1000 0.1000 0.1000 0.1000],[0.7203 0.6730 0.4438 0.0000 0.0000 0.0000 0.0000],0.6368904113769531,0.7379814839827138,0.27974124997854233,0.7202587500214577,0.13148211669878945,None
303,0.8527820110321045,0.7843422889709473,1.411128044128418,1.137369155883789,[0.0274 0.0320 0.0546 0.1000 0.1000 0.1000 0.1000],[0.7261 0.6798 0.4536 0.0000 0.0000 0.0000 0.0000],0.6371243000030518,0.7383901338612069,0.2739344909787178,0.7260655090212822,0.1288714669468487,None
303,0.8527922034263611,0.7845643162727356,1.4111688137054443,1.1382572650909424,[0.0268 0.0313 0.0537 0.1000 0.1000 0.1000 0.1000],[0.7319 0.6867 0.4634 0.0000 0.0000 0.0000 0.0000],0.6373565196990967,0.7387953155978525,0.26807475835084915,0.7319252416491508,0.12622997289405646,None
303,0.8528022170066833,0.7847829461097717,1.4112088680267334,1.139131784439087,[0.0262 0.0306 0.0527 0.1000 0.1000 0.1000 0.1000],[0.7378 0.6936 0.4731 0.0000 0.0000 0.0000 0.0000],0.6375851631164551,0.7391949561513205,0.2621777728199959,0.7378222271800041,0.12356431529671649,None
303,0.8528122901916504,0.7849997878074646,1.4112491607666016,1.1399991512298584,[0.0256 0.0299 0.0517 0.1000 0.1000 0.1000 0.1000],[0.7438 0.7006 0.4828 0.0000 0.0000 0.0000 0.0000],0.637812077999115,0.7395916622222212,0.25617484003305435,0.7438251599669456,0.12084292233484022,None
303,0.8528222441673279,0.7852119207382202,1.4112889766693115,1.1408476829528809,[0.0250 0.0293 0.0508 0.1000 0.1000 0.1000 0.1000],[0.7497 0.7074 0.4924 0.0000 0.0000 0.0000 0.0000],0.6380341649055481,0.7399801480096035,0.25027330964803696,0.749726690351963,0.11816219234454396,None
303,0.8528317213058472,0.7854191660881042,1.4113268852233887,1.141676664352417,[0.0245 0.0286 0.0498 0.1000 0.1000 0.1000 0.1000],[0.7553 0.7140 0.5017 0.0000 0.0000 0.0000 0.0000],0.6382508873939514,0.7403607209651379,0.24467390030622482,0.7553260996937752,0.1156171985430715,None
303,0.8528417944908142,0.7856332063674927,1.4113671779632568,1.1425328254699707,[0.0239 0.0279 0.0488 0.1000 0.1000 0.1000 0.1000],[0.7613 0.7210 0.5115 0.0000 0.0000 0.0000 0.0000],0.6384750008583069,0.7407538078904117,0.23871805518865585,0.7612819448113441,0.11290236977811768,None
303,0.852799654006958,0.7858408093452454,1.411198616027832,1.1433632373809814,[0.0233 0.0272 0.0479 0.1077 0.1000 0.1000 0.1000],[0.7674 0.7279 0.5211 -0.0771 0.0000 0.0000 0.0000],0.6386404633522034,0.7412359285725457,0.23263372480869293,0.7673662751913071,0.11012491030933688,None
303,0.8528208136558533,0.7860432267189026,1.411283254623413,1.1441729068756104,[0.0227 0.0265 0.0470 0.1060 0.1000 0.1000 0.1000],[0.7734 0.7348 0.5305 -0.0605 0.0000 0.0000 0.0000],0.6388640403747559,0.7415864033434953,0.22655785083770752,0.7734421491622925,0.10733696682080147,None
303,0.8528422117233276,0.7862471342086792,1.4113688468933105,1.1449885368347168,[0.0220 0.0258 0.0460 0.1044 0.1000 0.1000 0.1000],[0.7796 0.7418 0.5400 -0.0436 0.0000 0.0000 0.0000],0.6390893459320068,0.7419397792866005,0.22041989490389824,0.7795801050961018,0.10451557762483978,None
303,0.8528660535812378,0.7864716649055481,1.4114642143249512,1.1458866596221924,[0.0214 0.0251 0.0449 0.1024 0.1000 0.1000 0.1000],[0.7859 0.7493 0.5505 -0.0241 0.0000 0.0000 0.0000],0.6393377184867859,0.7423289137763227,0.21406222134828568,0.7859377786517143,0.10159368923935443,None
303,0.8528879284858704,0.786676287651062,1.4115517139434814,1.146705150604248,[0.0208 0.0244 0.0440 0.1006 0.1000 0.1000 0.1000],[0.7918 0.7561 0.5602 -0.0063 0.0000 0.0000 0.0000],0.6395642161369324,0.7426837726943589,0.2082332782447338,0.7917667217552662,0.09890955046194046,None
303,0.8529091477394104,0.7868757843971252,1.4116365909576416,1.147503137588501,[0.0202 0.0237 0.0430 0.0989 0.1000 0.1000 0.1000],[0.7977 0.7630 0.5697 0.0108 0.0000 0.0000 0.0000],0.6397849321365356,0.7430304233137994,0.20226120948791504,0.797738790512085,0.09615086680884351,None
303,0.8529308438301086,0.7870777249336243,1.4117233753204346,1.148310899734497,[0.0196 0.0230 0.0421 0.0972 0.1000 0.1000 0.1000],[0.8038 0.7700 0.5793 0.0282 0.0000 0.0000 0.0000],0.6400085687637329,0.7433813746111082,0.19620254635810852,0.8037974536418915,0.09334737369551671,None
303,0.852952241897583,0.7872766256332397,1.411808967590332,1.149106502532959,[0.0190 0.0223 0.0411 0.0955 0.1000 0.1000 0.1000],[0.8100 0.7771 0.5889 0.0452 0.0000 0.0000 0.0000],0.6402288675308228,0.7437274570611528,0.1900193840265274,0.8099806159734726,0.09047882945772744,None
303,0.8529743552207947,0.7874808311462402,1.4118974208831787,1.149923324584961,[0.0184 0.0216 0.0401 0.0937 0.1000 0.1000 0.1000],[0.8161 0.7842 0.5988 0.0633 0.0000 0.0000 0.0000],0.6404551863670349,0.744082974238613,0.183945931494236,0.816054068505764,0.08765976474494742,None
303,0.8529960513114929,0.78767991065979,1.4119842052459717,1.1507196426391602,[0.0178 0.0209 0.0391 0.0919 0.1000 0.1000 0.1000],[0.8221 0.7912 0.6086 0.0809 0.0000 0.0000 0.0000],0.640675961971283,0.7444297735421771,0.17793243750929832,0.8220675624907017,0.08486278737174408,None
303,0.8530185222625732,0.7878845930099487,1.412074089050293,1.151538372039795,[0.0172 0.0202 0.0381 0.0900 0.1000 0.1000 0.1000],[0.8279 0.7981 0.6186 0.0998 0.0000 0.0000 0.0000],0.640903115272522,0.7447865026049278,0.1721455343067646,0.8278544656932354,0.08217125899633654,None
303,0.853040874004364,0.7880881428718567,1.412163496017456,1.1523525714874268,[0.0166 0.0195 0.0371 0.0881 0.1000 0.1000 0.1000],[0.8337 0.8051 0.6287 0.1186 0.0000 0.0000 0.0000],0.6411290168762207,0.7451417430560522,0.16629304736852646,0.8337069526314735,0.07944350896784352,None
303,0.8530630469322205,0.7882879972457886,1.4122521877288818,1.1531519889831543,[0.0160 0.0188 0.0361 0.0863 0.1000 0.1000 0.1000],[0.8395 0.8121 0.6386 0.1371 0.0000 0.0000 0.0000],0.641351044178009,0.7454905705353299,0.1604614034295082,0.8395385965704918,0.0767199916750549,None
303,0.8530842065811157,0.7884790301322937,1.412336826324463,1.1539161205291748,[0.0155 0.0181 0.0352 0.0846 0.1000 0.1000 0.1000],[0.8454 0.8189 0.6482 0.1544 0.0000 0.0000 0.0000],0.6415632367134094,0.7458245164284683,0.15455683693289757,0.8454431630671024,0.07395445588363059,None
303,0.8531050682067871,0.7886664867401123,1.4124202728271484,1.1546659469604492,[0.0149 0.0174 0.0342 0.0829 0.1000 0.1000 0.1000],[0.8514 0.8258 0.6577 0.1713 0.0000 0.0000 0.0000],0.6417715549468994,0.7461524444343125,0.1486386265605688,0.8513613734394312,0.07117700568569477,None
303,0.8531253337860107,0.7888478636741638,1.412501335144043,1.1553914546966553,[0.0143 0.0167 0.0333 0.0813 0.1000 0.1000 0.1000],[0.8574 0.8327 0.6670 0.1874 0.0000 0.0000 0.0000],0.6419731974601746,0.7464699818328273,0.1426168903708458,0.8573831096291542,0.06834397071851672,None
303,0.8531439900398254,0.7890142202377319,1.4125759601593018,1.1560568809509277,[0.0137 0.0161 0.0324 0.0798 0.1000 0.1000 0.1000],[0.8633 0.8392 0.6756 0.2017 0.0000 0.0000 0.0000],0.6421582102775574,0.7467614369767244,0.13671904802322388,0.8632809519767761,0.06556211391205381,None
303,0.8531647324562073,0.7891976237297058,1.412658929824829,1.1567904949188232,[0.0131 0.0154 0.0315 0.0782 0.1000 0.1000 0.1000],[0.8694 0.8462 0.6851 0.2182 0.0000 0.0000 0.0000],0.6423623561859131,0.7470828026280114,0.1305865030735731,0.8694134969264269,0.0626681845924557,None
303,0.8531853556632996,0.7893800735473633,1.4127414226531982,1.1575202941894531,[0.0125 0.0147 0.0305 0.0765 0.1000 0.1000 0.1000],[0.8755 0.8532 0.6946 0.2348 0.0000 0.0000 0.0000],0.6425654292106628,0.7474029253614836,0.1245045755058527,0.8754954244941473,0.05979397996111315,None
303,0.8532062768936157,0.7895634770393372,1.412825107574463,1.1582539081573486,[0.0118 0.0140 0.0296 0.0748 0.1000 0.1000 0.1000],[0.8817 0.8603 0.7042 0.2515 0.0000 0.0000 0.0000],0.6427697539329529,0.7477247537821465,0.11834037490189075,0.8816596250981092,0.056876142242236714,None
303,0.8532263040542603,0.7897387146949768,1.412905216217041,1.1589548587799072,[0.0112 0.0133 0.0286 0.0733 0.1000 0.1000 0.1000],[0.8878 0.8673 0.7135 0.2673 0.0000 0.0000 0.0000],0.6429650187492371,0.7480325628989264,0.11219892650842667,0.8878010734915733,0.05396305778186525,None
303,0.8532464504241943,0.7899138927459717,1.4129858016967773,1.1596555709838867,[0.0106 0.0126 0.0277 0.0717 0.1000 0.1000 0.1000],[0.8941 0.8743 0.7229 0.2831 0.0000 0.0000 0.0000],0.643160343170166,0.7483403932327981,0.10594398714601994,0.8940560128539801,0.05099114444964044,None
303,0.8532648682594299,0.7900737524032593,1.4130594730377197,1.160295009613037,[0.0100 0.0119 0.0269 0.0703 0.1000 0.1000 0.1000],[0.9000 0.8809 0.7315 0.2973 0.0000 0.0000 0.0000],0.6433386206626892,0.7486215684348185,0.1000063307583332,0.8999936692416668,0.04816476572541441,None
303,0.8532847166061401,0.7902452349662781,1.4131388664245605,1.1609809398651123,[0.0094 0.0112 0.0259 0.0687 0.1000 0.1000 0.1000],[0.9062 0.8879 0.7408 0.3129 0.0000 0.0000 0.0000],0.6435299515724182,0.748923355048977,0.09382303804159164,0.9061769619584084,0.045218445746453985,None
303,0.8533046245574951,0.7904151678085327,1.4132184982299805,1.1616606712341309,[0.0088 0.0105 0.0250 0.0672 0.1000 0.1000 0.1000],[0.9124 0.8949 0.7500 0.3284 0.0000 0.0000 0.0000],0.6437197923660278,0.7492222961486361,0.08756509982049465,0.9124349001795053,0.04223170377157781,None
303,0.853324294090271,0.7905839681625366,1.413297176361084,1.1623358726501465,[0.0081 0.0098 0.0241 0.0656 0.1000 0.1000 0.1000],[0.9187 0.9019 0.7593 0.3438 0.0000 0.0000 0.0000],0.6439082622528076,0.7495198093107274,0.0812742579728365,0.9187257420271635,0.039224744763724013,None
303,0.853156566619873,0.7907480597496033,1.4126262664794922,1.162992238998413,[0.0275 0.0091 0.0232 0.0642 0.1000 0.1000 0.1000],[0.7251 0.9090 0.7684 0.3585 0.0000 0.0000 0.0000],0.6439046263694763,0.7501830532764645,0.09098254144191742,0.9090174585580826,0.043948783522651705,None
303,0.8531745076179504,0.7908992171287537,1.4126980304718018,1.1635968685150146,[0.0268 0.0084 0.0223 0.0629 0.1000 0.1000 0.1000],[0.7321 0.9163 0.7769 0.3705 0.0000 0.0000 0.0000],0.6440737247467041,0.7504498237043364,0.08370986208319664,0.9162901379168034,0.040460744392631906,None
303,0.8532028794288635,0.7916130423545837,1.412811517715454,1.166452169418335,[0.0261 0.0282 0.0215 0.0617 0.1000 0.1000 0.1000],[0.7389 0.7178 0.7853 0.3826 0.0000 0.0000 0.0000],0.6448159217834473,0.751827001722025,0.21469900384545326,0.7853009961545467,0.10408393461234579,None
