311,0.9241418242454529,0.622459352016449,169.65672969818115,48.98374080657959,[0 0 0 0 0 0 0],[0.0000 0.0000 0.0000 0.0000 0.0000 0.0000 0.0000],0.5466011762619019,0.45074370988671975,1.0,0.0,0.24637704201673447,[0.27750857 0.21728369]
311,0.9241418242454529,0.622459352016449,169.65672969818115,48.98374080657959,[0 0 0 0 0 0 0],[0.0000 0.0000 0.0000 0.0000 0.0000 0.0000 0.0000],0.5466011762619019,0.45074370988671975,1.0,0.0,0.24637704201673447,[0.27750857 0.21728369]
311,0.9241418242454529,0.622459352016449,169.65672969818115,48.98374080657959,[0 0 0 0 0 0 0],[0.0000 0.0000 0.0000 0.0000 0.0000 0.0000 0.0000],0.5466011762619019,0.45074370988671975,1.0,0.0,0.24637704201673447,[0.27750857 0.21728369]
311,0.9241418242454529,0.622459352016449,169.65672969818115,48.98374080657959,[0 0 0 0 0 0 0],[0.0000 0.0000 0.0000 0.0000 0.0000 0.0000 0.0000],0.5466011762619019,0.45074370988671975,1.0,0.0,0.24637704201673447,[0.27750857 0.21728369]
311,0.9241418242454529,0.622459352016449,169.65672969818115,48.98374080657959,[0 0 0 0 0 0 0],[0.0000 0.0000 0.0000 0.0000 0.0000 0.0000 0.0000],0.5466011762619019,0.45074370988671975,1.0,0.0,0.24637704201673447,[0.27750857 0.21728369]
311,0.9241418242454529,0.622459352016449,169.65672969818115,48.98374080657959,[0 0 0 0 0 0 0],[0.0000 0.0000 0.0000 0.0000 0.0000 0.0000 0.0000],0.5466011762619019,0.45074370988671975,1.0,0.0,0.24637704201673447,[0.27750857 0.21728369]
311,0.9241418242454529,0.622459352016449,169.65672969818115,48.98374080657959,[0 0 0 0 0 0 0],[0.0000 0.0000 0.0000 0.0000 0.0000 0.0000 0.0000],0.5466011762619019,0.45074370988671975,1.0,0.0,0.24637704201673447,[0.27750857 0.21728369]
311,0.9241418242454529,0.622459352016449,169.65672969818115,48.98374080657959,[0 0 0 0 0 0 0],[0.0000 0.0000 0.0000 0.0000 0.0000 0.0000 0.0000],0.5466011762619019,0.45074370988671975,1.0,0.0,0.24637704201673447,[0.27750857 0.21728369]
311,0.9241418242454529,0.622459352016449,169.65672969818115,48.98374080657959,[0 0 0 0 0 0 0],[0.0000 0.0000 0.0000 0.0000 0.0000 0.0000 0.0000],0.5466011762619019,0.45074370988671975,1.0,0.0,0.24637704201673447,[0.27750857 0.21728369]
311,0.9241418242454529,0.622459352016449,169.65672969818115,48.98374080657959,[0 0 0 0 0 0 0],[0.0000 0.0000 0.0000 0.0000 0.0000 0.0000 0.0000],0.5466011762619019,0.45074370988671975,1.0,0.0,0.24637704201673447,[0.27750857 0.21728369]
311,0.9241418242454529,0.622459352016449,169.65672969818115,48.98374080657959,[0 0 0 0 0 0 0],[0.0000 0.0000 0.0000 0.0000 0.0000 0.0000 0.0000],0.5466011762619019,0.45074370988671975,1.0,0.0,0.24637704201673447,[0.27871197 0.21697059]
311,0.9241418242454529,0.622459352016449,169.65672969818115,48.98374080657959,[0 0 0 0 0 0 0],[0.0000 0.0000 0.0000 0.0000 0.0000 0.0000 0.0000],0.5466011762619019,0.45074370988671975,1.0,0.0,0.24637704201673447,[0.28343437 0.21555525]
311,0.9336464405059814,0.6392361521720886,173.45857620239258,55.69446086883545,[   0    0    0    0 1306    0    0],[0.0000 0.0000 0.0000 0.0000 0.2902 0.0000 0.0000],0.5728825926780701,0.45740412060734115,0.7097777777777778,0.2902222222222222,0.18598935868832023,[0.28343437 0.21555525]
311,0.9411818385124207,0.6642880439758301,176.47273540496826,65.71521759033203,[   0    0    0 1801 1642    0    0],[0.0000 0.0000 0.0000 0.4002 0.3649 0.0000 0.0000],0.6054698824882507,0.4737930116992073,0.5997777777777777,0.4002222222222222,0.1720566911594491,[0.29022328 0.2128045 ]
311,0.9437049031257629,0.6713243722915649,177.48196125030518,68.52974891662598,[   0    0    0 2202 1919    0    0],[0.0000 0.0000 0.0000 0.4893 0.4264 0.0000 0.0000],0.6150292754173279,0.47809911780664904,0.5106666666666666,0.48933333333333334,0.15015895651050123,[0.29516039 0.21053895]
311,0.9527262449264526,0.6904414296150208,181.09049797058105,76.1765718460083,[   0    0 1487 2623 2190    0    0],[0.0000 0.0000 0.3304 0.5829 0.4867 0.0000 0.0000],0.6431676745414734,0.487862503509622,0.4171111111111111,0.5828888888888889,0.13088003656788963,[0.30087572 0.20760698]
311,0.9543890357017517,0.6941139101982117,181.75561428070068,77.64556407928467,[   0    0 1789 2749 2268    0    0],[0.0000 0.0000 0.3976 0.6109 0.5040 0.0000 0.0000],0.6485029458999634,0.4898283372201666,0.3891111111111111,0.6108888888888889,0.12360313656592228,[0.30087572 0.20760698]
311,0.9567573070526123,0.6994829177856445,182.70292282104492,79.79316711425781,[   0    0 2235 2992 2399    0    0],[0.0000 0.0000 0.4967 0.6649 0.5331 0.0000 0.0000],0.6562402248382568,0.49277777132013645,0.33511111111111114,0.6648888888888889,0.10836843065182301,[0.30725687 0.20400993]
311,0.9647153615951538,0.714737594127655,185.88614463806152,85.89503765106201,[   0 2068 2936 3358 2538    0    0],[0.0000 0.4596 0.6524 0.7462 0.5640 0.0000 0.0000],0.6794529557228088,0.5000222330268087,0.25377777777777777,0.7462222222222222,0.0862188642461121,[0.30725687 0.20400993]
311,0.9666978120803833,0.7186856269836426,186.67912483215332,87.47425079345703,[   0 2491 3459 3667 2604    0    0],[0.0000 0.5536 0.7687 0.8149 0.5787 0.0000 0.0000],0.6853834390640259,0.5019917820991899,0.18511111111111112,0.8148888888888889,0.06368874652878205,[0.31047934 0.20237985]
311,0.9685028195381165,0.7220605611801147,187.40112781524658,88.8242244720459,[   0 3021 4065 3989 2642    0    0],[0.0000 0.6713 0.9033 0.8864 0.5871 0.0000 0.0000],0.6905633807182312,0.5035704900411322,0.09666666666666668,0.9033333333333333,0.03361557620316493,[0.32039971 0.19409207]
311,0.9725679755210876,0.7266786694526672,189.02719020843506,90.6714677810669,[1717 3802 4424 4365 2733    0    0],[0.3816 0.8449 0.9831 0.9700 0.6073 0.0000 0.0000],0.6992466449737549,0.5041277321039012,0.016888888888888842,0.9831111111111112,0.005953495894156192,[0.32680994 0.18745006]
311,0.9735339283943176,0.7275846004486084,189.41357135772705,91.03384017944336,[2152 4216 4467 4486 2779    0    0],[0.4782 0.9369 0.9927 0.9969 0.6176 0.0000 0.0000],0.701118528842926,0.5040672142863418,0.0031111111111110645,0.9968888888888889,0.0010995004649016473,[0.32680994 0.18745006]
311,0.9744080901145935,0.7282637357711792,189.7632360458374,91.30549430847168,[2614 4583 4488 4550 2856    0    0],[0.5809 1.0184 0.9973 1.0111 0.6347 0.0000 0.0000],0.7026718258857727,0.5038706274131572,-0.018444444444444485,1.0184444444444445,-0.006530360574065101,[0.33286933 0.18037529]
311,0.9750373363494873,0.7286562323570251,190.01493453979492,91.46249294281006,[3086 4658 4506 4579 2950    0    0],[0.6858 1.0351 1.0013 1.0176 0.6556 0.0000 0.0000],0.7036935687065125,0.5036320880712954,-0.03511111111111109,1.035111111111111,-0.012443471221435637,[0.33286933 0.18037529]
311,0.9761088490486145,0.7292551398277283,190.4435396194458,91.70205593109131,[4142 4705 4500 4620 3113    0    0],[0.9204 1.0456 1.0000 1.0267 0.6918 0.0000 0.0000],0.7053639888763428,0.503156252710285,-0.04555555555555557,1.0455555555555556,-0.01616804484336866,[0.33876764 0.171668  ]
311,0.9761057496070862,0.7292471528053284,190.44229984283447,91.69886112213135,[4179 4701 4496 4605 3079    0    0],[0.9287 1.0447 0.9991 1.0233 0.6842 0.0000 0.0000],0.7053529024124146,0.5031513341048828,-0.04466666666666663,1.0446666666666666,-0.015852166672572228,[0.34188029 0.16773389]
311,0.9761122465133667,0.7292547225952148,190.44489860534668,91.70188903808594,[4203 4708 4505 4612 3051    0    0],[0.9340 1.0462 1.0011 1.0249 0.6780 0.0000 0.0000],0.7053669691085815,0.5031524137945804,-0.046222222222222165,1.0462222222222222,-0.01640459452634078,[0.34499208 0.16337837]
311,0.976106584072113,0.7292539477348328,190.44263362884521,91.7015790939331,[4230 4715 4508 4615 3009    0    0],[0.9400 1.0478 1.0018 1.0256 0.6687 0.0000 0.0000],0.7053605318069458,0.5031573324106712,-0.0477777777777777,1.0477777777777777,-0.016956683237317166,[0.34499208 0.16337837]
311,0.976091206073761,0.729240357875824,190.4364824295044,91.69614315032959,[4254 4708 4508 4602 2971    0    0],[0.9453 1.0462 1.0018 1.0227 0.6602 0.0000 0.0000],0.705331563949585,0.503159131916529,-0.046222222222222165,1.0462222222222222,-0.016403990138995933,[0.35217156 0.14126033]
311,0.9760796427726746,0.7292363047599792,190.43185710906982,91.6945219039917,[4258 4701 4502 4611 2961    0    0],[0.9462 1.0447 1.0004 1.0247 0.6580 0.0000 0.0000],0.7053159475326538,0.5031666899123054,-0.04466666666666663,1.0446666666666666,-0.015851819916252365,[0.3554049  0.12735359]
311,0.9760544300079346,0.7292246222496033,190.42177200317383,91.68984889984131,[4287 4706 4496 4615 2900    0    0],[0.9527 1.0458 0.9991 1.0256 0.6444 0.0000 0.0000],0.7052790522575378,0.5031803065916858,-0.045777777777777695,1.0457777777777777,-0.01624573358400311,[0.35939686 0.10606058]
311,0.9760589599609375,0.7292225956916809,190.423583984375,91.68903827667236,[4315 4708 4496 4603 2877    0    0],[0.9589 1.0462 0.9991 1.0229 0.6393 0.0000 0.0000],0.7052815556526184,0.5031737081541914,-0.046222222222222165,1.0462222222222222,-0.016403302270066828,[0.36122825 0.08521025]
