321,0.7310585975646973,0.9695904850959778,0.9242343902587891,1.8783619403839111,[0.1000 0.1000 0.1000 0.1000 0.1000 0.1000 0.1000],[0.0000 0.0000 0.0000 0.0000 0.0000 0.0000 0.0000],0.700649082660675,0.5116027359502507,1.0,0.0,0.3584539876302347,None
321,0.7310585975646973,0.9695904850959778,0.9242343902587891,1.8783619403839111,[0.1000 0.1000 0.1000 0.1000 0.1000 0.1000 0.1000],[0.0000 0.0000 0.0000 0.0000 0.0000 0.0000 0.0000],0.700649082660675,0.5116027359502507,1.0,0.0,0.3584539876302347,None
321,0.7310585975646973,0.9695904850959778,0.9242343902587891,1.8783619403839111,[0.1000 0.1000 0.1000 0.1000 0.1000 0.1000 0.1000],[0.0000 0.0000 0.0000 0.0000 0.0000 0.0000 0.0000],0.700649082660675,0.5116027359502507,1.0,0.0,0.3584539876302347,None
321,0.7310585975646973,0.9695904850959778,0.9242343902587891,1.8783619403839111,[0.1000 0.1000 0.1000 0.1000 0.1000 0.1000 0.1000],[0.0000 0.0000 0.0000 0.0000 0.0000 0.0000 0.0000],0.700649082660675,0.5116027359502507,1.0,0.0,0.3584539876302347,None
321,0.7310585975646973,0.9695904850959778,0.9242343902587891,1.8783619403839111,[0.1000 0.1000 0.1000 0.1000 0.1000 0.1000 0.1000],[0.0000 0.0000 0.0000 0.0000 0.0000 0.0000 0.0000],0.700649082660675,0.5116027359502507,1.0,0.0,0.3584539876302347,None
321,0.7310585975646973,0.9695904850959778,0.9242343902587891,1.8783619403839111,[0.1000 0.1000 0.1000 0.1000 0.1000 0.1000 0.1000],[0.0000 0.0000 0.0000 0.0000 0.0000 0.0000 0.0000],0.700649082660675,0.5116027359502507,1.0,0.0,0.3584539876302347,None
321,0.7310585975646973,0.9695904850959778,0.9242343902587891,1.8783619403839111,[0.1000 0.1000 0.1000 0.1000 0.1000 0.1000 0.1000],[0.0000 0.0000 0.0000 0.0000 0.0000 0.0000 0.0000],0.700649082660675,0.5116027359502507,1.0,0.0,0.3584539876302347,None
321,0.7310585975646973,0.9695904850959778,0.9242343902587891,1.8783619403839111,[0.1000 0.1000 0.1000 0.1000 0.1000 0.1000 0.1000],[0.0000 0.0000 0.0000 0.0000 0.0000 0.0000 0.0000],0.700649082660675,0.5116027359502507,1.0,0.0,0.3584539876302347,None
321,0.7310585975646973,0.9695904850959778,0.9242343902587891,1.8783619403839111,[0.1000 0.1000 0.1000 0.1000 0.1000 0.1000 0.1000],[0.0000 0.0000 0.0000 0.0000 0.0000 0.0000 0.0000],0.700649082660675,0.5116027359502507,1.0,0.0,0.3584539876302347,None
321,0.7310585975646973,0.9695904850959778,0.9242343902587891,1.8783619403839111,[0.1000 0.1000 0.1000 0.1000 0.1000 0.1000 0.1000],[0.0000 0.0000 0.0000 0.0000 0.0000 0.0000 0.0000],0.700649082660675,0.5116027359502507,1.0,0.0,0.3584539876302347,None
321,0.7310585975646973,0.9695904850959778,0.9242343902587891,1.8783619403839111,[0.1000 0.1000 0.1000 0.1000 0.1000 0.1000 0.1000],[0.0000 0.0000 0.0000 0.0000 0.0000 0.0000 0.0000],0.700649082660675,0.5116027359502507,1.0,0.0,0.3584539876302347,None
321,0.7310585975646973,0.9695904850959778,0.9242343902587891,1.8783619403839111,[0.1000 0.1000 0.1000 0.1000 0.1000 0.1000 0.1000],[0.0000 0.0000 0.0000 0.0000 0.0000 0.0000 0.0000],0.700649082660675,0.5116027359502507,1.0,0.0,0.3584539876302347,None
321,0.7310585975646973,0.9695904850959778,0.9242343902587891,1.8783619403839111,[0.1000 0.1000 0.1000 0.1000 0.1000 0.1000 0.1000],[0.0000 0.0000 0.0000 0.0000 0.0000 0.0000 0.0000],0.700649082660675,0.5116027359502507,1.0,0.0,0.3584539876302347,None
321,0.7310585975646973,0.9695904850959778,0.9242343902587891,1.8783619403839111,[0.1000 0.1000 0.1000 0.1000 0.1000 0.1000 0.1000],[0.0000 0.0000 0.0000 0.0000 0.0000 0.0000 0.0000],0.700649082660675,0.5116027359502507,1.0,0.0,0.3584539876302347,None
321,0.7310585975646973,0.9695904850959778,0.9242343902587891,1.8783619403839111,[0.1000 0.1000 0.1000 0.1000 0.1000 0.1000 0.1000],[0.0000 0.0000 0.0000 0.0000 0.0000 0.0000 0.0000],0.700649082660675,0.5116027359502507,1.0,0.0,0.3584539876302347,None
321,0.7310585975646973,0.9695904850959778,0.9242343902587891,1.8783619403839111,[0.1000 0.1000 0.1000 0.1000 0.1000 0.1000 0.1000],[0.0000 0.0000 0.0000 0.0000 0.0000 0.0000 0.0000],0.700649082660675,0.5116027359502507,1.0,0.0,0.3584539876302347,None
321,0.7310585975646973,0.9695904850959778,0.9242343902587891,1.8783619403839111,[0.1000 0.1000 0.1000 0.1000 0.1000 0.1000 0.1000],[0.0000 0.0000 0.0000 0.0000 0.0000 0.0000 0.0000],0.700649082660675,0.5116027359502507,1.0,0.0,0.3584539876302347,None
321,0.7310585975646973,0.9695904850959778,0.9242343902587891,1.8783619403839111,[0.1000 0.1000 0.1000 0.1000 0.1000 0.1000 0.1000],[0.0000 0.0000 0.0000 0.0000 0.0000 0.0000 0.0000],0.700649082660675,0.5116027359502507,1.0,0.0,0.3584539876302347,None
321,0.7310585975646973,0.9695904850959778,0.9242343902587891,1.8783619403839111,[0.1000 0.1000 0.1000 0.1000 0.1000 0.1000 0.1000],[0.0000 0.0000 0.0000 0.0000 0.0000 0.0000 0.0000],0.700649082660675,0.5116027359502507,1.0,0.0,0.3584539876302347,None
321,0.7310585975646973,0.9695904850959778,0.9242343902587891,1.8783619403839111,[0.1000 0.1000 0.1000 0.1000 0.1000 0.1000 0.1000],[0.0000 0.0000 0.0000 0.0000 0.0000 0.0000 0.0000],0.700649082660675,0.5116027359502507,1.0,0.0,0.3584539876302347,None
321,0.7310585975646973,0.9695904850959778,0.9242343902587891,1.8783619403839111,[0.1000 0.1000 0.1000 0.1000 0.1000 0.1000 0.1000],[0.0000 0.0000 0.0000 0.0000 0.0000 0.0000 0.0000],0.700649082660675,0.5116027359502507,1.0,0.0,0.3584539876302347,None
321,0.7310585975646973,0.9695904850959778,0.9242343902587891,1.8783619403839111,[0.1000 0.1000 0.1000 0.1000 0.1000 0.1000 0.1000],[0.0000 0.0000 0.0000 0.0000 0.0000 0.0000 0.0000],0.700649082660675,0.5116027359502507,1.0,0.0,0.3584539876302347,None
321,0.7310585975646973,0.9695904850959778,0.9242343902587891,1.8783619403839111,[0.1000 0.1000 0.1000 0.1000 0.1000 0.1000 0.1000],[0.0000 0.0000 0.0000 0.0000 0.0000 0.0000 0.0000],0.700649082660675,0.5116027359502507,1.0,0.0,0.3584539876302347,None
321,0.7310585975646973,0.9695904850959778,0.9242343902587891,1.8783619403839111,[0.1000 0.1000 0.1000 0.1000 0.1000 0.1000 0.1000],[0.0000 0.0000 0.0000 0.0000 0.0000 0.0000 0.0000],0.700649082660675,0.5116027359502507,1.0,0.0,0.3584539876302347,None
321,0.7310585975646973,0.9695904850959778,0.9242343902587891,1.8783619403839111,[0.1000 0.1000 0.1000 0.1000 0.1000 0.1000 0.1000],[0.0000 0.0000 0.0000 0.0000 0.0000 0.0000 0.0000],0.700649082660675,0.5116027359502507,1.0,0.0,0.3584539876302347,None
321,0.7310585975646973,0.9695904850959778,0.9242343902587891,1.8783619403839111,[0.1000 0.1000 0.1000 0.1000 0.1000 0.1000 0.1000],[0.0000 0.0000 0.0000 0.0000 0.0000 0.0000 0.0000],0.700649082660675,0.5116027359502507,1.0,0.0,0.3584539876302347,None
321,0.7310585975646973,0.9695904850959778,0.9242343902587891,1.8783619403839111,[0.1000 0.1000 0.1000 0.1000 0.1000 0.1000 0.1000],[0.0000 0.0000 0.0000 0.0000 0.0000 0.0000 0.0000],0.700649082660675,0.5116027359502507,1.0,0.0,0.3584539876302347,None
321,0.7310585975646973,0.9695904850959778,0.9242343902587891,1.8783619403839111,[0.1000 0.1000 0.1000 0.1000 0.1000 0.1000 0.1000],[0.0000 0.0000 0.0000 0.0000 0.0000 0.0000 0.0000],0.700649082660675,0.5116027359502507,1.0,0.0,0.3584539876302347,None
321,0.7310585975646973,0.9695904850959778,0.9242343902587891,1.8783619403839111,[0.1000 0.1000 0.1000 0.1000 0.1000 0.1000 0.1000],[0.0000 0.0000 0.0000 0.0000 0.0000 0.0000 0.0000],0.700649082660675,0.5116027359502507,1.0,0.0,0.3584539876302347,None
321,0.7310585975646973,0.9695904850959778,0.9242343902587891,1.8783619403839111,[0.1000 0.1000 0.1000 0.1000 0.1000 0.1000 0.1000],[0.0000 0.0000 0.0000 0.0000 0.0000 0.0000 0.0000],0.700649082660675,0.5116027359502507,1.0,0.0,0.3584539876302347,None
321,0.7310585975646973,0.9695904850959778,0.9242343902587891,1.8783619403839111,[0.1000 0.1000 0.1000 0.1000 0.1000 0.1000 0.1000],[0.0000 0.0000 0.0000 0.0000 0.0000 0.0000 0.0000],0.700649082660675,0.5116027359502507,1.0,0.0,0.3584539876302347,None
321,0.7310585975646973,0.9695904850959778,0.9242343902587891,1.8783619403839111,[0.1000 0.1000 0.1000 0.1000 0.1000 0.1000 0.1000],[0.0000 0.0000 0.0000 0.0000 0.0000 0.0000 0.0000],0.700649082660675,0.5116027359502507,1.0,0.0,0.3584539876302347,None
321,0.7310585975646973,0.9695904850959778,0.9242343902587891,1.8783619403839111,[0.1000 0.1000 0.1000 0.1000 0.1000 0.1000 0.1000],[0.0000 0.0000 0.0000 0.0000 0.0000 0.0000 0.0000],0.700649082660675,0.5116027359502507,1.0,0.0,0.3584539876302347,None
321,0.7310585975646973,0.9695904850959778,0.9242343902587891,1.8783619403839111,[0.1000 0.1000 0.1000 0.1000 0.1000 0.1000 0.1000],[0.0000 0.0000 0.0000 0.0000 0.0000 0.0000 0.0000],0.700649082660675,0.5116027359502507,1.0,0.0,0.3584539876302347,None
321,0.7310585975646973,0.9695904850959778,0.9242343902587891,1.8783619403839111,[0.1000 0.1000 0.1000 0.1000 0.1000 0.1000 0.1000],[0.0000 0.0000 0.0000 0.0000 0.0000 0.0000 0.0000],0.700649082660675,0.5116027359502507,1.0,0.0,0.3584539876302347,None
321,0.7310585975646973,0.9695904850959778,0.9242343902587891,1.8783619403839111,[0.1000 0.1000 0.1000 0.1000 0.1000 0.1000 0.1000],[0.0000 0.0000 0.0000 0.0000 0.0000 0.0000 0.0000],0.700649082660675,0.5116027359502507,1.0,0.0,0.3584539876302347,None
321,0.7310585975646973,0.9695904850959778,0.9242343902587891,1.8783619403839111,[0.1000 0.1000 0.1000 0.1000 0.1000 0.1000 0.1000],[0.0000 0.0000 0.0000 0.0000 0.0000 0.0000 0.0000],0.700649082660675,0.5116027359502507,1.0,0.0,0.3584539876302347,None
321,0.7310585975646973,0.9695904850959778,0.9242343902587891,1.8783619403839111,[0.1000 0.1000 0.1000 0.1000 0.1000 0.1000 0.1000],[0.0000 0.0000 0.0000 0.0000 0.0000 0.0000 0.0000],0.700649082660675,0.5116027359502507,1.0,0.0,0.3584539876302347,None
321,0.7310585975646973,0.9695904850959778,0.9242343902587891,1.8783619403839111,[0.1000 0.1000 0.1000 0.1000 0.1000 0.1000 0.1000],[0.0000 0.0000 0.0000 0.0000 0.0000 0.0000 0.0000],0.700649082660675,0.5116027359502507,1.0,0.0,0.3584539876302347,None
321,0.7310585975646973,0.9695904850959778,0.9242343902587891,1.8783619403839111,[0.1000 0.1000 0.1000 0.1000 0.1000 0.1000 0.1000],[0.0000 0.0000 0.0000 0.0000 0.0000 0.0000 0.0000],0.700649082660675,0.5116027359502507,1.0,0.0,0.3584539876302347,None
321,0.7310585975646973,0.9695904850959778,0.9242343902587891,1.8783619403839111,[0.1000 0.1000 0.1000 0.1000 0.1000 0.1000 0.1000],[0.0000 0.0000 0.0000 0.0000 0.0000 0.0000 0.0000],0.700649082660675,0.5116027359502507,1.0,0.0,0.3584539876302347,None
321,0.7310585975646973,0.9695904850959778,0.9242343902587891,1.8783619403839111,[0.1000 0.1000 0.1000 0.1000 0.1000 0.1000 0.1000],[0.0000 0.0000 0.0000 0.0000 0.0000 0.0000 0.0000],0.700649082660675,0.5116027359502507,1.0,0.0,0.3584539876302347,None
321,0.7310585975646973,0.9695904850959778,0.9242343902587891,1.8783619403839111,[0.1000 0.1000 0.1000 0.1000 0.1000 0.1000 0.1000],[0.0000 0.0000 0.0000 0.0000 0.0000 0.0000 0.0000],0.700649082660675,0.5116027359502507,1.0,0.0,0.3584539876302347,None
321,0.7310585975646973,0.9695904850959778,0.9242343902587891,1.8783619403839111,[0.1000 0.1000 0.1000 0.1000 0.1000 0.1000 0.1000],[0.0000 0.0000 0.0000 0.0000 0.0000 0.0000 0.0000],0.700649082660675,0.5116027359502507,1.0,0.0,0.3584539876302347,None
321,0.7310585975646973,0.9695904850959778,0.9242343902587891,1.8783619403839111,[0.1000 0.1000 0.1000 0.1000 0.1000 0.1000 0.1000],[0.0000 0.0000 0.0000 0.0000 0.0000 0.0000 0.0000],0.700649082660675,0.5116027359502507,1.0,0.0,0.3584539876302347,None
321,0.7310585975646973,0.9695904850959778,0.9242343902587891,1.8783619403839111,[0.1000 0.1000 0.1000 0.1000 0.1000 0.1000 0.1000],[0.0000 0.0000 0.0000 0.0000 0.0000 0.0000 0.0000],0.700649082660675,0.5116027359502507,1.0,0.0,0.3584539876302347,None
321,0.7310585975646973,0.9695904850959778,0.9242343902587891,1.8783619403839111,[0.1000 0.1000 0.1000 0.1000 0.1000 0.1000 0.1000],[0.0000 0.0000 0.0000 0.0000 0.0000 0.0000 0.0000],0.700649082660675,0.5116027359502507,1.0,0.0,0.3584539876302347,None
321,0.7310585975646973,0.9695904850959778,0.9242343902587891,1.8783619403839111,[0.1000 0.1000 0.1000 0.1000 0.1000 0.1000 0.1000],[0.0000 0.0000 0.0000 0.0000 0.0000 0.0000 0.0000],0.700649082660675,0.5116027359502507,1.0,0.0,0.3584539876302347,None
321,0.7310585975646973,0.9695904850959778,0.9242343902587891,1.8783619403839111,[0.1000 0.1000 0.1000 0.1000 0.1000 0.1000 0.1000],[0.0000 0.0000 0.0000 0.0000 0.0000 0.0000 0.0000],0.700649082660675,0.5116027359502507,1.0,0.0,0.3584539876302347,None
321,0.7310585975646973,0.9695904850959778,0.9242343902587891,1.8783619403839111,[0.1000 0.1000 0.1000 0.1000 0.1000 0.1000 0.1000],[0.0000 0.0000 0.0000 0.0000 0.0000 0.0000 0.0000],0.700649082660675,0.5116027359502507,1.0,0.0,0.3584539876302347,None
321,0.7310585975646973,0.9695904850959778,0.9242343902587891,1.8783619403839111,[0.1000 0.1000 0.1000 0.1000 0.1000 0.1000 0.1000],[0.0000 0.0000 0.0000 0.0000 0.0000 0.0000 0.0000],0.700649082660675,0.5116027359502507,1.0,0.0,0.3584539876302347,None
321,0.7310585975646973,0.9695904850959778,0.9242343902587891,1.8783619403839111,[0.1000 0.1000 0.1000 0.1000 0.1000 0.1000 0.1000],[0.0000 0.0000 0.0000 0.0000 0.0000 0.0000 0.0000],0.700649082660675,0.5116027359502507,1.0,0.0,0.3584539876302347,None
321,0.7310585975646973,0.9695904850959778,0.9242343902587891,1.8783619403839111,[0.1000 0.1000 0.1000 0.1000 0.1000 0.1000 0.1000],[0.0000 0.0000 0.0000 0.0000 0.0000 0.0000 0.0000],0.700649082660675,0.5116027359502507,1.0,0.0,0.3584539876302347,None
321,0.7310585975646973,0.9695904850959778,0.9242343902587891,1.8783619403839111,[0.1000 0.1000 0.1000 0.1000 0.1000 0.1000 0.1000],[0.0000 0.0000 0.0000 0.0000 0.0000 0.0000 0.0000],0.700649082660675,0.5116027359502507,1.0,0.0,0.3584539876302347,None
321,0.7310585975646973,0.9695904850959778,0.9242343902587891,1.8783619403839111,[0.1000 0.1000 0.1000 0.1000 0.1000 0.1000 0.1000],[0.0000 0.0000 0.0000 0.0000 0.0000 0.0000 0.0000],0.700649082660675,0.5116027359502507,1.0,0.0,0.3584539876302347,None
321,0.7310585975646973,0.9695904850959778,0.9242343902587891,1.8783619403839111,[0.1000 0.1000 0.1000 0.1000 0.1000 0.1000 0.1000],[0.0000 0.0000 0.0000 0.0000 0.0000 0.0000 0.0000],0.700649082660675,0.5116027359502507,1.0,0.0,0.3584539876302347,None
321,0.7310585975646973,0.9695904850959778,0.9242343902587891,1.8783619403839111,[0.1000 0.1000 0.1000 0.1000 0.1000 0.1000 0.1000],[0.0000 0.0000 0.0000 0.0000 0.0000 0.0000 0.0000],0.700649082660675,0.5116027359502507,1.0,0.0,0.3584539876302347,None
321,0.7310585975646973,0.9695904850959778,0.9242343902587891,1.8783619403839111,[0.1000 0.1000 0.1000 0.1000 0.1000 0.1000 0.1000],[0.0000 0.0000 0.0000 0.0000 0.0000 0.0000 0.0000],0.700649082660675,0.5116027359502507,1.0,0.0,0.3584539876302347,None
321,0.7310585975646973,0.9695904850959778,0.9242343902587891,1.8783619403839111,[0.1000 0.1000 0.1000 0.1000 0.1000 0.1000 0.1000],[0.0000 0.0000 0.0000 0.0000 0.0000 0.0000 0.0000],0.700649082660675,0.5116027359502507,1.0,0.0,0.3584539876302347,None
321,0.7310585975646973,0.9695904850959778,0.9242343902587891,1.8783619403839111,[0.1000 0.1000 0.1000 0.1000 0.1000 0.1000 0.1000],[0.0000 0.0000 0.0000 0.0000 0.0000 0.0000 0.0000],0.700649082660675,0.5116027359502507,1.0,0.0,0.3584539876302347,None
321,0.7310585975646973,0.9695904850959778,0.9242343902587891,1.8783619403839111,[0.1000 0.1000 0.1000 0.1000 0.1000 0.1000 0.1000],[0.0000 0.0000 0.0000 0.0000 0.0000 0.0000 0.0000],0.700649082660675,0.5116027359502507,1.0,0.0,0.3584539876302347,None
321,0.7310585975646973,0.9695904850959778,0.9242343902587891,1.8783619403839111,[0.1000 0.1000 0.1000 0.1000 0.1000 0.1000 0.1000],[0.0000 0.0000 0.0000 0.0000 0.0000 0.0000 0.0000],0.700649082660675,0.5116027359502507,1.0,0.0,0.3584539876302347,None
321,0.7310585975646973,0.9695904850959778,0.9242343902587891,1.8783619403839111,[0.1000 0.1000 0.1000 0.1000 0.1000 0.1000 0.1000],[0.0000 0.0000 0.0000 0.0000 0.0000 0.0000 0.0000],0.700649082660675,0.5116027359502507,1.0,0.0,0.3584539876302347,None
321,0.7310585975646973,0.9695904850959778,0.9242343902587891,1.8783619403839111,[0.1000 0.1000 0.1000 0.1000 0.1000 0.1000 0.1000],[0.0000 0.0000 0.0000 0.0000 0.0000 0.0000 0.0000],0.700649082660675,0.5116027359502507,1.0,0.0,0.3584539876302347,None
321,0.7310585975646973,0.9695904850959778,0.9242343902587891,1.8783619403839111,[0.1000 0.1000 0.1000 0.1000 0.1000 0.1000 0.1000],[0.0000 0.0000 0.0000 0.0000 0.0000 0.0000 0.0000],0.700649082660675,0.5116027359502507,1.0,0.0,0.3584539876302347,None
321,0.7310585975646973,0.9695904850959778,0.9242343902587891,1.8783619403839111,[0.1000 0.1000 0.1000 0.1000 0.1000 0.1000 0.1000],[0.0000 0.0000 0.0000 0.0000 0.0000 0.0000 0.0000],0.700649082660675,0.5116027359502507,1.0,0.0,0.3584539876302347,None
321,0.7310585975646973,0.9695904850959778,0.9242343902587891,1.8783619403839111,[0.1000 0.1000 0.1000 0.1000 0.1000 0.1000 0.1000],[0.0000 0.0000 0.0000 0.0000 0.0000 0.0000 0.0000],0.700649082660675,0.5116027359502507,1.0,0.0,0.3584539876302347,None
321,0.7310585975646973,0.9695904850959778,0.9242343902587891,1.8783619403839111,[0.1000 0.1000 0.1000 0.1000 0.1000 0.1000 0.1000],[0.0000 0.0000 0.0000 0.0000 0.0000 0.0000 0.0000],0.700649082660675,0.5116027359502507,1.0,0.0,0.3584539876302347,None
321,0.7310585975646973,0.9695904850959778,0.9242343902587891,1.8783619403839111,[0.1000 0.1000 0.1000 0.1000 0.1000 0.1000 0.1000],[0.0000 0.0000 0.0000 0.0000 0.0000 0.0000 0.0000],0.700649082660675,0.5116027359502507,1.0,0.0,0.3584539876302347,None
321,0.7310585975646973,0.9695904850959778,0.9242343902587891,1.8783619403839111,[0.1000 0.1000 0.1000 0.1000 0.1000 0.1000 0.1000],[0.0000 0.0000 0.0000 0.0000 0.0000 0.0000 0.0000],0.700649082660675,0.5116027359502507,1.0,0.0,0.3584539876302347,None
321,0.7310585975646973,0.9695904850959778,0.9242343902587891,1.8783619403839111,[0.1000 0.1000 0.1000 0.1000 0.1000 0.1000 0.1000],[0.0000 0.0000 0.0000 0.0000 0.0000 0.0000 0.0000],0.700649082660675,0.5116027359502507,1.0,0.0,0.3584539876302347,None
321,0.7310585975646973,0.9695904850959778,0.9242343902587891,1.8783619403839111,[0.1000 0.1000 0.1000 0.1000 0.1000 0.1000 0.1000],[0.0000 0.0000 0.0000 0.0000 0.0000 0.0000 0.0000],0.700649082660675,0.5116027359502507,1.0,0.0,0.3584539876302347,None
321,0.7310585975646973,0.9695904850959778,0.9242343902587891,1.8783619403839111,[0.1000 0.1000 0.1000 0.1000 0.1000 0.1000 0.1000],[0.0000 0.0000 0.0000 0.0000 0.0000 0.0000 0.0000],0.700649082660675,0.5116027359502507,1.0,0.0,0.3584539876302347,None
321,0.7310585975646973,0.9695904850959778,0.9242343902587891,1.8783619403839111,[0.1000 0.1000 0.1000 0.1000 0.1000 0.1000 0.1000],[0.0000 0.0000 0.0000 0.0000 0.0000 0.0000 0.0000],0.700649082660675,0.5116027359502507,1.0,0.0,0.3584539876302347,None
321,0.7310585975646973,0.9695904850959778,0.9242343902587891,1.8783619403839111,[0.1000 0.1000 0.1000 0.1000 0.1000 0.1000 0.1000],[0.0000 0.0000 0.0000 0.0000 0.0000 0.0000 0.0000],0.700649082660675,0.5116027359502507,1.0,0.0,0.3584539876302347,None
321,0.7310585975646973,0.9695904850959778,0.9242343902587891,1.8783619403839111,[0.1000 0.1000 0.1000 0.1000 0.1000 0.1000 0.1000],[0.0000 0.0000 0.0000 0.0000 0.0000 0.0000 0.0000],0.700649082660675,0.5116027359502507,1.0,0.0,0.3584539876302347,None
321,0.7310585975646973,0.9695904850959778,0.9242343902587891,1.8783619403839111,[0.1000 0.1000 0.1000 0.1000 0.1000 0.1000 0.1000],[0.0000 0.0000 0.0000 0.0000 0.0000 0.0000 0.0000],0.700649082660675,0.5116027359502507,1.0,0.0,0.3584539876302347,None
321,0.7310585975646973,0.9695904850959778,0.9242343902587891,1.8783619403839111,[0.1000 0.1000 0.1000 0.1000 0.1000 0.1000 0.1000],[0.0000 0.0000 0.0000 0.0000 0.0000 0.0000 0.0000],0.700649082660675,0.5116027359502507,1.0,0.0,0.3584539876302347,None
321,0.7310585975646973,0.9695904850959778,0.9242343902587891,1.8783619403839111,[0.1000 0.1000 0.1000 0.1000 0.1000 0.1000 0.1000],[0.0000 0.0000 0.0000 0.0000 0.0000 0.0000 0.0000],0.700649082660675,0.5116027359502507,1.0,0.0,0.3584539876302347,None
321,0.7310585975646973,0.9695904850959778,0.9242343902587891,1.8783619403839111,[0.1000 0.1000 0.1000 0.1000 0.1000 0.1000 0.1000],[0.0000 0.0000 0.0000 0.0000 0.0000 0.0000 0.0000],0.700649082660675,0.5116027359502507,1.0,0.0,0.3584539876302347,None
321,0.7310585975646973,0.9695904850959778,0.9242343902587891,1.8783619403839111,[0.1000 0.1000 0.1000 0.1000 0.1000 0.1000 0.1000],[0.0000 0.0000 0.0000 0.0000 0.0000 0.0000 0.0000],0.700649082660675,0.5116027359502507,1.0,0.0,0.3584539876302347,None
321,0.7310585975646973,0.9695904850959778,0.9242343902587891,1.8783619403839111,[0.1000 0.1000 0.1000 0.1000 0.1000 0.1000 0.1000],[0.0000 0.0000 0.0000 0.0000 0.0000 0.0000 0.0000],0.700649082660675,0.5116027359502507,1.0,0.0,0.3584539876302347,None
321,0.7310585975646973,0.9695904850959778,0.9242343902587891,1.8783619403839111,[0.1000 0.1000 0.1000 0.1000 0.1000 0.1000 0.1000],[0.0000 0.0000 0.0000 0.0000 0.0000 0.0000 0.0000],0.700649082660675,0.5116027359502507,1.0,0.0,0.3584539876302347,None
321,0.7310585975646973,0.9695904850959778,0.9242343902587891,1.8783619403839111,[0.1000 0.1000 0.1000 0.1000 0.1000 0.1000 0.1000],[0.0000 0.0000 0.0000 0.0000 0.0000 0.0000 0.0000],0.700649082660675,0.5116027359502507,1.0,0.0,0.3584539876302347,None
321,0.7310585975646973,0.9695904850959778,0.9242343902587891,1.8783619403839111,[0.1000 0.1000 0.1000 0.1000 0.1000 0.1000 0.1000],[0.0000 0.0000 0.0000 0.0000 0.0000 0.0000 0.0000],0.700649082660675,0.5116027359502507,1.0,0.0,0.3584539876302347,None
321,0.7310585975646973,0.9695904850959778,0.9242343902587891,1.8783619403839111,[0.1000 0.1000 0.1000 0.1000 0.1000 0.1000 0.1000],[0.0000 0.0000 0.0000 0.0000 0.0000 0.0000 0.0000],0.700649082660675,0.5116027359502507,1.0,0.0,0.3584539876302347,None
321,0.7310585975646973,0.9695904850959778,0.9242343902587891,1.8783619403839111,[0.1000 0.1000 0.1000 0.1000 0.1000 0.1000 0.1000],[0.0000 0.0000 0.0000 0.0000 0.0000 0.0000 0.0000],0.700649082660675,0.5116027359502507,1.0,0.0,0.3584539876302347,None
321,0.7310585975646973,0.9695904850959778,0.9242343902587891,1.8783619403839111,[0.1000 0.1000 0.1000 0.1000 0.1000 0.1000 0.1000],[0.0000 0.0000 0.0000 0.0000 0.0000 0.0000 0.0000],0.700649082660675,0.5116027359502507,1.0,0.0,0.3584539876302347,None
321,0.7310585975646973,0.9695904850959778,0.9242343902587891,1.8783619403839111,[0.1000 0.1000 0.1000 0.1000 0.1000 0.1000 0.1000],[0.0000 0.0000 0.0000 0.0000 0.0000 0.0000 0.0000],0.700649082660675,0.5116027359502507,1.0,0.0,0.3584539876302347,None
321,0.7310585975646973,0.9695904850959778,0.9242343902587891,1.8783619403839111,[0.1000 0.1000 0.1000 0.1000 0.1000 0.1000 0.1000],[0.0000 0.0000 0.0000 0.0000 0.0000 0.0000 0.0000],0.700649082660675,0.5116027359502507,1.0,0.0,0.3584539876302347,None
321,0.7310585975646973,0.9695904850959778,0.9242343902587891,1.8783619403839111,[0.1000 0.1000 0.1000 0.1000 0.1000 0.1000 0.1000],[0.0000 0.0000 0.0000 0.0000 0.0000 0.0000 0.0000],0.700649082660675,0.5116027359502507,1.0,0.0,0.3584539876302347,None
321,0.7310585975646973,0.9695904850959778,0.9242343902587891,1.8783619403839111,[0.1000 0.1000 0.1000 0.1000 0.1000 0.1000 0.1000],[0.0000 0.0000 0.0000 0.0000 0.0000 0.0000 0.0000],0.700649082660675,0.5116027359502507,1.0,0.0,0.3584539876302347,None
321,0.7310585975646973,0.9695904850959778,0.9242343902587891,1.8783619403839111,[0.1000 0.1000 0.1000 0.1000 0.1000 0.1000 0.1000],[0.0000 0.0000 0.0000 0.0000 0.0000 0.0000 0.0000],0.700649082660675,0.5116027359502507,1.0,0.0,0.3584539876302347,None
321,0.7310585975646973,0.9695904850959778,0.9242343902587891,1.8783619403839111,[0.1000 0.1000 0.1000 0.1000 0.1000 0.1000 0.1000],[0.0000 0.0000 0.0000 0.0000 0.0000 0.0000 0.0000],0.700649082660675,0.5116027359502507,1.0,0.0,0.3584539876302347,None
321,0.7310585975646973,0.9695904850959778,0.9242343902587891,1.8783619403839111,[0.1000 0.1000 0.1000 0.1000 0.1000 0.1000 0.1000],[0.0000 0.0000 0.0000 0.0000 0.0000 0.0000 0.0000],0.700649082660675,0.5116027359502507,1.0,0.0,0.3584539876302347,None
321,0.7310585975646973,0.9695904850959778,0.9242343902587891,1.8783619403839111,[0.1000 0.1000 0.1000 0.1000 0.1000 0.1000 0.1000],[0.0000 0.0000 0.0000 0.0000 0.0000 0.0000 0.0000],0.700649082660675,0.5116027359502507,1.0,0.0,0.3584539876302347,None
321,0.7310585975646973,0.9695904850959778,0.9242343902587891,1.8783619403839111,[0.1000 0.1000 0.1000 0.1000 0.1000 0.1000 0.1000],[0.0000 0.0000 0.0000 0.0000 0.0000 0.0000 0.0000],0.700649082660675,0.5116027359502507,1.0,0.0,0.3584539876302347,None
321,0.7310585975646973,0.9695904850959778,0.9242343902587891,1.8783619403839111,[0.1000 0.1000 0.1000 0.1000 0.1000 0.1000 0.1000],[0.0000 0.0000 0.0000 0.0000 0.0000 0.0000 0.0000],0.700649082660675,0.5116027359502507,1.0,0.0,0.3584539876302347,None
321,0.7310585975646973,0.9695904850959778,0.9242343902587891,1.8783619403839111,[0.1000 0.1000 0.1000 0.1000 0.1000 0.1000 0.1000],[0.0000 0.0000 0.0000 0.0000 0.0000 0.0000 0.0000],0.700649082660675,0.5116027359502507,1.0,0.0,0.3584539876302347,None
321,0.7310585975646973,0.9695904850959778,0.9242343902587891,1.8783619403839111,[0.1000 0.1000 0.1000 0.1000 0.1000 0.1000 0.1000],[0.0000 0.0000 0.0000 0.0000 0.0000 0.0000 0.0000],0.700649082660675,0.5116027359502507,1.0,0.0,0.3584539876302347,None
321,0.7310585975646973,0.9695904850959778,0.9242343902587891,1.8783619403839111,[0.1000 0.1000 0.1000 0.1000 0.1000 0.1000 0.1000],[0.0000 0.0000 0.0000 0.0000 0.0000 0.0000 0.0000],0.700649082660675,0.5116027359502507,1.0,0.0,0.3584539876302347,None
321,0.7310585975646973,0.9695904850959778,0.9242343902587891,1.8783619403839111,[0.1000 0.1000 0.1000 0.1000 0.1000 0.1000 0.1000],[0.0000 0.0000 0.0000 0.0000 0.0000 0.0000 0.0000],0.700649082660675,0.5116027359502507,1.0,0.0,0.3584539876302347,None
321,0.7310585975646973,0.9695904850959778,0.9242343902587891,1.8783619403839111,[0.1000 0.1000 0.1000 0.1000 0.1000 0.1000 0.1000],[0.0000 0.0000 0.0000 0.0000 0.0000 0.0000 0.0000],0.700649082660675,0.5116027359502507,1.0,0.0,0.3584539876302347,None
321,0.7310585975646973,0.9695904850959778,0.9242343902587891,1.8783619403839111,[0.1000 0.1000 0.1000 0.1000 0.1000 0.1000 0.1000],[0.0000 0.0000 0.0000 0.0000 0.0000 0.0000 0.0000],0.700649082660675,0.5116027359502507,1.0,0.0,0.3584539876302347,None
321,0.7310585975646973,0.9695904850959778,0.9242343902587891,1.8783619403839111,[0.1000 0.1000 0.1000 0.1000 0.1000 0.1000 0.1000],[0.0000 0.0000 0.0000 0.0000 0.0000 0.0000 0.0000],0.700649082660675,0.5116027359502507,1.0,0.0,0.3584539876302347,None
321,0.7310585975646973,0.9695904850959778,0.9242343902587891,1.8783619403839111,[0.1000 0.1000 0.1000 0.1000 0.1000 0.1000 0.1000],[0.0000 0.0000 0.0000 0.0000 0.0000 0.0000 0.0000],0.700649082660675,0.5116027359502507,1.0,0.0,0.3584539876302347,None
321,0.7310585975646973,0.9695904850959778,0.9242343902587891,1.8783619403839111,[0.1000 0.1000 0.1000 0.1000 0.1000 0.1000 0.1000],[0.0000 0.0000 0.0000 0.0000 0.0000 0.0000 0.0000],0.700649082660675,0.5116027359502507,1.0,0.0,0.3584539876302347,None
321,0.7310585975646973,0.9695904850959778,0.9242343902587891,1.8783619403839111,[0.1000 0.1000 0.1000 0.1000 0.1000 0.1000 0.1000],[0.0000 0.0000 0.0000 0.0000 0.0000 0.0000 0.0000],0.700649082660675,0.5116027359502507,1.0,0.0,0.3584539876302347,None
321,0.7310585975646973,0.9695904850959778,0.9242343902587891,1.8783619403839111,[0.1000 0.1000 0.1000 0.1000 0.1000 0.1000 0.1000],[0.0000 0.0000 0.0000 0.0000 0.0000 0.0000 0.0000],0.700649082660675,0.5116027359502507,1.0,0.0,0.3584539876302347,None
321,0.7310585975646973,0.9695904850959778,0.9242343902587891,1.8783619403839111,[0.1000 0.1000 0.1000 0.1000 0.1000 0.1000 0.1000],[0.0000 0.0000 0.0000 0.0000 0.0000 0.0000 0.0000],0.700649082660675,0.5116027359502507,1.0,0.0,0.3584539876302347,None
321,0.7310585975646973,0.9695904850959778,0.9242343902587891,1.8783619403839111,[0.1000 0.1000 0.1000 0.1000 0.1000 0.1000 0.1000],[0.0000 0.0000 0.0000 0.0000 0.0000 0.0000 0.0000],0.700649082660675,0.5116027359502507,1.0,0.0,0.3584539876302347,None
321,0.7310585975646973,0.9695904850959778,0.9242343902587891,1.8783619403839111,[0.1000 0.1000 0.1000 0.1000 0.1000 0.1000 0.1000],[0.0000 0.0000 0.0000 0.0000 0.0000 0.0000 0.0000],0.700649082660675,0.5116027359502507,1.0,0.0,0.3584539876302347,None
321,0.7310585975646973,0.9695904850959778,0.9242343902587891,1.8783619403839111,[0.1000 0.1000 0.1000 0.1000 0.1000 0.1000 0.1000],[0.0000 0.0000 0.0000 0.0000 0.0000 0.0000 0.0000],0.700649082660675,0.5116027359502507,1.0,0.0,0.3584539876302347,None
321,0.7310585975646973,0.9695904850959778,0.9242343902587891,1.8783619403839111,[0.1000 0.1000 0.1000 0.1000 0.1000 0.1000 0.1000],[0.0000 0.0000 0.0000 0.0000 0.0000 0.0000 0.0000],0.700649082660675,0.5116027359502507,1.0,0.0,0.3584539876302347,None
321,0.7310585975646973,0.9695904850959778,0.9242343902587891,1.8783619403839111,[0.1000 0.1000 0.1000 0.1000 0.1000 0.1000 0.1000],[0.0000 0.0000 0.0000 0.0000 0.0000 0.0000 0.0000],0.700649082660675,0.5116027359502507,1.0,0.0,0.3584539876302347,None
321,0.7310585975646973,0.9695904850959778,0.9242343902587891,1.8783619403839111,[0.1000 0.1000 0.1000 0.1000 0.1000 0.1000 0.1000],[0.0000 0.0000 0.0000 0.0000 0.0000 0.0000 0.0000],0.700649082660675,0.5116027359502507,1.0,0.0,0.3584539876302347,None
321,0.7310585975646973,0.9695904850959778,0.9242343902587891,1.8783619403839111,[0.1000 0.1000 0.1000 0.1000 0.1000 0.1000 0.1000],[0.0000 0.0000 0.0000 0.0000 0.0000 0.0000 0.0000],0.700649082660675,0.5116027359502507,1.0,0.0,0.3584539876302347,None
321,0.7310585975646973,0.9695904850959778,0.9242343902587891,1.8783619403839111,[0.1000 0.1000 0.1000 0.1000 0.1000 0.1000 0.1000],[0.0000 0.0000 0.0000 0.0000 0.0000 0.0000 0.0000],0.700649082660675,0.5116027359502507,1.0,0.0,0.3584539876302347,None
321,0.7310585975646973,0.9695904850959778,0.9242343902587891,1.8783619403839111,[0.1000 0.1000 0.1000 0.1000 0.1000 0.1000 0.1000],[0.0000 0.0000 0.0000 0.0000 0.0000 0.0000 0.0000],0.700649082660675,0.5116027359502507,1.0,0.0,0.3584539876302347,None
321,0.7310585975646973,0.9695904850959778,0.9242343902587891,1.8783619403839111,[0.1000 0.1000 0.1000 0.1000 0.1000 0.1000 0.1000],[0.0000 0.0000 0.0000 0.0000 0.0000 0.0000 0.0000],0.700649082660675,0.5116027359502507,1.0,0.0,0.3584539876302347,None
321,0.7310585975646973,0.9695904850959778,0.9242343902587891,1.8783619403839111,[0.1000 0.1000 0.1000 0.1000 0.1000 0.1000 0.1000],[0.0000 0.0000 0.0000 0.0000 0.0000 0.0000 0.0000],0.700649082660675,0.5116027359502507,1.0,0.0,0.3584539876302347,None
321,0.7310585975646973,0.9695904850959778,0.9242343902587891,1.8783619403839111,[0.1000 0.1000 0.1000 0.1000 0.1000 0.1000 0.1000],[0.0000 0.0000 0.0000 0.0000 0.0000 0.0000 0.0000],0.700649082660675,0.5116027359502507,1.0,0.0,0.3584539876302347,None
321,0.7310585975646973,0.9695904850959778,0.9242343902587891,1.8783619403839111,[0.1000 0.1000 0.1000 0.1000 0.1000 0.1000 0.1000],[0.0000 0.0000 0.0000 0.0000 0.0000 0.0000 0.0000],0.700649082660675,0.5116027359502507,1.0,0.0,0.3584539876302347,None
321,0.7310585975646973,0.9695904850959778,0.9242343902587891,1.8783619403839111,[0.1000 0.1000 0.1000 0.1000 0.1000 0.1000 0.1000],[0.0000 0.0000 0.0000 0.0000 0.0000 0.0000 0.0000],0.700649082660675,0.5116027359502507,1.0,0.0,0.3584539876302347,None
321,0.7310585975646973,0.9695904850959778,0.9242343902587891,1.8783619403839111,[0.1000 0.1000 0.1000 0.1000 0.1000 0.1000 0.1000],[0.0000 0.0000 0.0000 0.0000 0.0000 0.0000 0.0000],0.700649082660675,0.5116027359502507,1.0,0.0,0.3584539876302347,None
321,0.7310585975646973,0.9695904850959778,0.9242343902587891,1.8783619403839111,[0.1000 0.1000 0.1000 0.1000 0.1000 0.1000 0.1000],[0.0000 0.0000 0.0000 0.0000 0.0000 0.0000 0.0000],0.700649082660675,0.5116027359502507,1.0,0.0,0.3584539876302347,None
321,0.7310585975646973,0.9695904850959778,0.9242343902587891,1.8783619403839111,[0.1000 0.1000 0.1000 0.1000 0.1000 0.1000 0.1000],[0.0000 0.0000 0.0000 0.0000 0.0000 0.0000 0.0000],0.700649082660675,0.5116027359502507,1.0,0.0,0.3584539876302347,None
321,0.7310585975646973,0.9695321321487427,0.9242343902587891,1.8781285285949707,[0.1000 0.1000 0.1000 0.1000 0.1076 0.1000 0.1000],[0.0000 0.0000 0.0000 0.0000 -0.0758 0.0000 0.0000],0.7005907297134399,0.511662478828377,1.0,0.0,0.35846598940936014,None
321,0.7310585975646973,0.9695759415626526,0.9242343902587891,1.8783037662506104,[0.1000 0.1000 0.1000 0.1000 0.1019 0.1000 0.1000],[0.0000 0.0000 0.0000 0.0000 -0.0189 0.0000 0.0000],0.7006345391273499,0.5116176252177447,1.0,0.0,0.35845697905386376,None
321,0.7310585975646973,0.9696144461631775,0.9242343902587891,1.87845778465271,[0.1000 0.1000 0.1000 0.1000 0.0969 0.1000 0.1000],[0.0000 0.0000 0.0000 0.0000 0.0314 0.0000 0.0000],0.7006730437278748,0.5115782062617596,0.9686413407325745,0.03135865926742559,0.34720857698392965,None
321,0.7310585975646973,0.9696319699287415,0.9242343902587891,1.8785278797149658,[0.1000 0.1000 0.1000 0.1000 0.0946 0.1000 0.1000],[0.0000 0.0000 0.0000 0.0000 0.0542 0.0000 0.0000],0.7006905674934387,0.5115602674187487,0.945817306637764,0.05418269336223608,0.3390239139589775,None
321,0.7310585975646973,0.9696348905563354,0.9242343902587891,1.8785395622253418,[0.1000 0.1000 0.1000 0.1000 0.0942 0.1000 0.1000],[0.0000 0.0000 0.0000 0.0000 0.0581 0.0000 0.0000],0.7006934881210327,0.5115572776756335,0.9419388324022293,0.058061167597770746,0.33763312656807376,None
321,0.7310585975646973,0.9696378707885742,0.9242343902587891,1.8785514831542969,[0.1000 0.1000 0.1000 0.1000 0.0938 0.1000 0.1000],[0.0000 0.0000 0.0000 0.0000 0.0620 0.0000 0.0000],0.7006964683532715,0.5115542269362167,0.9380213171243668,0.061978682875633295,0.3362283382943471,None
321,0.7310585975646973,0.9696410298347473,0.9242343902587891,1.8785641193389893,[0.1000 0.1000 0.1000 0.1000 0.0934 0.1000 0.1000],[0.0000 0.0000 0.0000 0.0000 0.0661 0.0000 0.0000],0.7006996273994446,0.5115509931732382,0.9338977187871933,0.06610228121280676,0.33474965130655177,None
321,0.7310585975646973,0.9696448445320129,0.9242343902587891,1.8785793781280518,[0.1000 0.1000 0.1000 0.1000 0.0929 0.1000 0.1000],[0.0000 0.0000 0.0000 0.0000 0.0712 0.0000 0.0000],0.7007034420967102,0.5115470882804406,0.9288445860147476,0.07115541398525244,0.33293765933351993,None
321,0.7310585975646973,0.9696472883224487,0.9242343902587891,1.878589153289795,[0.1000 0.1000 0.1000 0.1000 0.0926 0.1000 0.1000],[0.0000 0.0000 0.0000 0.0000 0.0744 0.0000 0.0000],0.700705885887146,0.5115445867248972,0.9255685657262802,0.07443143427371984,0.3317629281091826,None
321,0.7310585975646973,0.9696502089500427,0.9242343902587891,1.878600835800171,[0.1000 0.1000 0.1000 0.1000 0.0922 0.1000 0.1000],[0.0000 0.0000 0.0000 0.0000 0.0783 0.0000 0.0000],0.70070880651474,0.5115415970777599,0.9217415750026703,0.07825842499732977,0.3303906189213884,None
321,0.7310585975646973,0.9696531295776367,0.9242343902587891,1.8786125183105469,[0.1000 0.1000 0.1000 0.1000 0.0918 0.1000 0.1000],[0.0000 0.0000 0.0000 0.0000 0.0820 0.0000 0.0000],0.700711727142334,0.5115386074489208,0.9179964661598206,0.0820035338401795,0.3290476641596601,None
321,0.7310585975646973,0.9696559309959412,0.9242343902587891,1.8786237239837646,[0.1000 0.1000 0.1000 0.1000 0.0914 0.1000 0.1000],[0.0000 0.0000 0.0000 0.0000 0.0857 0.0000 0.0000],0.7007145285606384,0.5115357398629415,0.9143166989088058,0.08568330109119421,0.32772815739025624,None
321,0.7310585975646973,0.9696601033210754,0.9242343902587891,1.8786404132843018,[0.1000 0.1000 0.1000 0.1000 0.0909 0.1000 0.1000],[0.0000 0.0000 0.0000 0.0000 0.0912 0.0000 0.0000],0.7007187008857727,0.5115314690214137,0.9087566286325455,0.09124337136745458,0.32573442283753196,None
321,0.7310585975646973,0.9696629047393799,0.9242343902587891,1.8786516189575195,[0.1000 0.1000 0.1000 0.1000 0.0905 0.1000 0.1000],[0.0000 0.0000 0.0000 0.0000 0.0948 0.0000 0.0000],0.7007215023040771,0.5115286014773408,0.9051864594221115,0.09481354057788854,0.32445421088493076,None
321,0.7310585975646973,0.9696657061576843,0.9242343902587891,1.8786628246307373,[0.1000 0.1000 0.1000 0.1000 0.0901 0.1000 0.1000],[0.0000 0.0000 0.0000 0.0000 0.0986 0.0000 0.0000],0.7007243037223816,0.5115257339501015,0.9014364331960678,0.09856356680393225,0.32310953536235015,None
321,0.7310585975646973,0.9696683883666992,0.9242343902587891,1.8786735534667969,[0.1000 0.1000 0.1000 0.1000 0.0898 0.1000 0.1000],[0.0000 0.0000 0.0000 0.0000 0.1021 0.0000 0.0000],0.7007269859313965,0.511522988461072,0.8979014307260513,0.10209856927394872,0.3218419588515109,None
321,0.7310585975646973,0.9696709513664246,0.9242343902587891,1.8786838054656982,[0.1000 0.1000 0.1000 0.1000 0.0894 0.1000 0.1000],[0.0000 0.0000 0.0000 0.0000 0.1055 0.0000 0.0000],0.7007295489311218,0.5115203650081948,0.8944762498140335,0.10552375018596655,0.3206137723308905,None
321,0.7310585975646973,0.9696742296218872,0.9242343902587891,1.8786969184875488,[0.1000 0.1000 0.1000 0.1000 0.0890 0.1000 0.1000],[0.0000 0.0000 0.0000 0.0000 0.1097 0.0000 0.0000],0.7007328271865845,0.5115170094494692,0.890299379825592,0.10970062017440801,0.3191160252998927,None
321,0.7310585975646973,0.9696767926216125,0.9242343902587891,1.8787071704864502,[0.1000 0.1000 0.1000 0.1000 0.0887 0.1000 0.1000],[0.0000 0.0000 0.0000 0.0000 0.1132 0.0000 0.0000],0.7007353901863098,0.5115143860287027,0.8868033438920975,0.11319665610790258,0.3178624498898344,None
321,0.7310585975646973,0.9696792364120483,0.9242343902587891,1.8787169456481934,[0.1000 0.1000 0.1000 0.1000 0.0884 0.1000 0.1000],[0.0000 0.0000 0.0000 0.0000 0.1164 0.0000 0.0000],0.7007378339767456,0.5115118846406281,0.8836144953966141,0.11638550460338598,0.3167190067812799,None
321,0.7310585975646973,0.9696815013885498,0.9242343902587891,1.8787260055541992,[0.1000 0.1000 0.1000 0.1000 0.0881 0.1000 0.1000],[0.0000 0.0000 0.0000 0.0000 0.1194 0.0000 0.0000],0.7007400989532471,0.5115095662923863,0.8806423097848892,0.11935769021511083,0.3156532588847285,None
321,0.7310585975646973,0.9696836471557617,0.9242343902587891,1.8787345886230469,[0.1000 0.1000 0.1000 0.1000 0.0878 0.1000 0.1000],[0.0000 0.0000 0.0000 0.0000 0.1222 0.0000 0.0000],0.700742244720459,0.5115073699726224,0.877787247300148,0.12221275269985205,0.3146295162891069,None
321,0.7310585975646973,0.9696858525276184,0.9242343902587891,1.8787434101104736,[0.1000 0.1000 0.1000 0.1000 0.0875 0.1000 0.1000],[0.0000 0.0000 0.0000 0.0000 0.1252 0.0000 0.0000],0.7007444500923157,0.5115051126542662,0.8748359233140945,0.1251640766859055,0.31357126205217006,None
321,0.7310585975646973,0.969689667224884,0.9242343902587891,1.8787586688995361,[0.1000 0.1000 0.1000 0.1000 0.0870 0.1000 0.1000],[0.0000 0.0000 0.0000 0.0000 0.1302 0.0000 0.0000],0.7007482647895813,0.511501208128222,0.8698137104511261,0.13018628954887396,0.31177044567858375,None
321,0.7310585975646973,0.9696915745735168,0.9242343902587891,1.8787662982940674,[0.1000 0.1000 0.1000 0.1000 0.0867 0.1000 0.1000],[0.0000 0.0000 0.0000 0.0000 0.1327 0.0000 0.0000],0.7007501721382141,0.5114992558769029,0.8672928810119629,0.13270711898803716,0.3108665553968133,None
321,0.7310585975646973,0.9696934819221497,0.9242343902587891,1.8787739276885986,[0.1000 0.1000 0.1000 0.1000 0.0865 0.1000 0.1000],[0.0000 0.0000 0.0000 0.0000 0.1352 0.0000 0.0000],0.7007520794868469,0.5114973036333859,0.8648224174976349,0.13517758250236517,0.30998071989124704,None
321,0.7310585975646973,0.9696953892707825,0.9242343902587891,1.8787815570831299,[0.1000 0.1000 0.1000 0.1000 0.0862 0.1000 0.1000],[0.0000 0.0000 0.0000 0.0000 0.1376 0.0000 0.0000],0.7007539868354797,0.5114953513976708,0.8623889833688736,0.13761101663112646,0.30910815885473647,None
321,0.7310585975646973,0.9696971774101257,0.9242343902587891,1.878788709640503,[0.1000 0.1000 0.1000 0.1000 0.0860 0.1000 0.1000],[0.0000 0.0000 0.0000 0.0000 0.1400 0.0000 0.0000],0.700755774974823,0.5114935211837734,0.8600179851055145,0.13998201489448553,0.3082579998333313,None
321,0.7310585975646973,0.9696999788284302,0.9242343902587891,1.8787999153137207,[0.1000 0.1000 0.1000 0.1000 0.0856 0.1000 0.1000],[0.0000 0.0000 0.0000 0.0000 0.1438 0.0000 0.0000],0.7007585763931274,0.5114906538624537,0.856204628944397,0.14379537105560308,0.3068906772996184,None
321,0.7310585975646973,0.9697020053863525,0.9242343902587891,1.8788080215454102,[0.1000 0.1000 0.1000 0.1000 0.0854 0.1000 0.1000],[0.0000 0.0000 0.0000 0.0000 0.1464 0.0000 0.0000],0.7007606029510498,0.5114885796405009,0.8535787463188171,0.14642125368118292,0.3059491224352662,None
321,0.7310585975646973,0.9697046875953674,0.9242343902587891,1.8788187503814697,[0.1000 0.1000 0.1000 0.1000 0.0850 0.1000 0.1000],[0.0000 0.0000 0.0000 0.0000 0.1499 0.0000 0.0000],0.7007632851600647,0.5114858343602817,0.8500633388757706,0.1499366611242295,0.304688622143782,None
321,0.7310585975646973,0.9697073698043823,0.9242343902587891,1.8788294792175293,[0.1000 0.1000 0.1000 0.1000 0.0847 0.1000 0.1000],[0.0000 0.0000 0.0000 0.0000 0.1535 0.0000 0.0000],0.7007659673690796,0.5114830890954899,0.8465398848056793,0.15346011519432073,0.3034252415770322,None
321,0.7310585975646973,0.9697090983390808,0.9242343902587891,1.8788363933563232,[0.1000 0.1000 0.1000 0.1000 0.0844 0.1000 0.1000],[0.0000 0.0000 0.0000 0.0000 0.1557 0.0000 0.0000],0.7007676959037781,0.5114813199330208,0.8443156629800797,0.1556843370199204,0.30262771359207624,None
321,0.7310585975646973,0.9697124361991882,0.9242343902587891,1.878849744796753,[0.1000 0.1000 0.1000 0.1000 0.0840 0.1000 0.1000],[0.0000 0.0000 0.0000 0.0000 0.1602 0.0000 0.0000],0.7007710337638855,0.5114779036374189,0.8398387581110001,0.160161241889,0.30102248164188644,None
321,0.7310585975646973,0.9697136878967285,0.9242343902587891,1.878854751586914,[0.1000 0.1000 0.1000 0.1000 0.0838 0.1000 0.1000],[0.0000 0.0000 0.0000 0.0000 0.1618 0.0000 0.0000],0.7007722854614258,0.5114766225327274,0.8381561189889908,0.16184388101100927,0.30041915928888224,None
321,0.7310585975646973,0.9697151184082031,0.9242343902587891,1.8788604736328125,[0.1000 0.1000 0.1000 0.1000 0.0836 0.1000 0.1000],[0.0000 0.0000 0.0000 0.0000 0.1638 0.0000 0.0000],0.7007737159729004,0.5114751584171938,0.8362156897783279,0.1637843102216721,0.29972340775037765,None
321,0.7310585975646973,0.969716489315033,0.9242343902587891,1.8788659572601318,[0.1000 0.1000 0.1000 0.1000 0.0835 0.1000 0.1000],[0.0000 0.0000 0.0000 0.0000 0.1655 0.0000 0.0000],0.7007750868797302,0.5114737553105917,0.8345121145248413,0.16548788547515875,0.29911256269063613,None
321,0.7310585975646973,0.9697190523147583,0.9242343902587891,1.8788762092590332,[0.1000 0.1000 0.1000 0.1000 0.0831 0.1000 0.1000],[0.0000 0.0000 0.0000 0.0000 0.1689 0.0000 0.0000],0.7007776498794556,0.5114711321221017,0.8311272412538528,0.1688727587461472,0.2978988908055539,None
321,0.7310585975646973,0.9697208404541016,0.9242343902587891,1.8788833618164062,[0.1000 0.1000 0.1000 0.1000 0.0829 0.1000 0.1000],[0.0000 0.0000 0.0000 0.0000 0.1713 0.0000 0.0000],0.7007794380187988,0.5114693019989386,0.8286621421575546,0.17133785784244543,0.29701502651515227,None
321,0.7310585975646973,0.9697218537330627,0.9242343902587891,1.878887414932251,[0.1000 0.1000 0.1000 0.1000 0.0827 0.1000 0.1000],[0.0000 0.0000 0.0000 0.0000 0.1727 0.0000 0.0000],0.70078045129776,0.5114682649321893,0.8273018896579742,0.1726981103420258,0.29652730257289156,None
321,0.7310585975646973,0.9697227478027344,0.9242343902587891,1.8788909912109375,[0.1000 0.1000 0.1000 0.1000 0.0826 0.1000 0.1000],[0.0000 0.0000 0.0000 0.0000 0.1739 0.0000 0.0000],0.7007813453674316,0.5114673498751213,0.8261109888553619,0.17388901114463812,0.2961002996398561,None
321,0.7310585975646973,0.9697238802909851,0.9242343902587891,1.8788955211639404,[0.1000 0.1000 0.1000 0.1000 0.0825 0.1000 0.1000],[0.0000 0.0000 0.0000 0.0000 0.1753 0.0000 0.0000],0.7007824778556824,0.5114661908052955,0.8247338235378265,0.17526617646217352,0.2956064945292798,None
321,0.7310585975646973,0.9697246551513672,0.9242343902587891,1.8788986206054688,[0.1000 0.1000 0.1000 0.1000 0.0824 0.1000 0.1000],[0.0000 0.0000 0.0000 0.0000 0.1764 0.0000 0.0000],0.7007832527160645,0.5114653977591046,0.823594406247139,0.17640559375286108,0.29519796581425856,None
321,0.7310585975646973,0.9697279930114746,0.9242343902587891,1.8789119720458984,[0.1000 0.1000 0.1000 0.1000 0.0819 0.1000 0.1000],[0.0000 0.0000 0.0000 0.0000 0.1807 0.0000 0.0000],0.7007865905761719,0.5114619815748447,0.8192691951990128,0.1807308048009873,0.2936471333661798,None
321,0.7310585975646973,0.9697287082672119,0.9242343902587891,1.8789148330688477,[0.1000 0.1000 0.1000 0.1000 0.0818 0.1000 0.1000],[0.0000 0.0000 0.0000 0.0000 0.1818 0.0000 0.0000],0.7007873058319092,0.5114612495384684,0.8182371407747269,0.1817628592252732,0.29327709811388486,None
321,0.7310585975646973,0.9697296023368835,0.9242343902587891,1.8789184093475342,[0.1000 0.1000 0.1000 0.1000 0.0817 0.1000 0.1000],[0.0000 0.0000 0.0000 0.0000 0.1828 0.0000 0.0000],0.7007881999015808,0.5114603344945405,0.8171752840280533,0.18282471597194677,0.2928963511885342,None
321,0.7310585975646973,0.9697304964065552,0.9242343902587891,1.8789219856262207,[0.1000 0.1000 0.1000 0.1000 0.0816 0.1000 0.1000],[0.0000 0.0000 0.0000 0.0000 0.1841 0.0000 0.0000],0.7007890939712524,0.5114594194523264,0.8158938586711884,0.1841061413288117,0.29243690573420356,None
321,0.7310585975646973,0.9697313904762268,0.9242343902587891,1.8789255619049072,[0.1000 0.1000 0.1000 0.1000 0.0815 0.1000 0.1000],[0.0000 0.0000 0.0000 0.0000 0.1852 0.0000 0.0000],0.7007899880409241,0.5114585044118263,0.8147697150707245,0.18523028492927557,0.29203383446441794,None
321,0.7310585975646973,0.9697343111038208,0.9242343902587891,1.8789372444152832,[0.1000 0.1000 0.1000 0.1000 0.0811 0.1000 0.1000],[0.0000 0.0000 0.0000 0.0000 0.1891 0.0000 0.0000],0.7007929086685181,0.5114555152914695,0.8108700811862946,0.1891299188137055,0.2906356208802848,None
321,0.7310585975646973,0.9697346091270447,0.9242343902587891,1.8789384365081787,[0.1000 0.1000 0.1000 0.1000 0.0810 0.1000 0.1000],[0.0000 0.0000 0.0000 0.0000 0.1895 0.0000 0.0000],0.7007932066917419,0.5114552102802166,0.8104584366083145,0.18954156339168554,0.2904880277194343,None
321,0.7310585975646973,0.9697352051734924,0.9242343902587891,1.8789408206939697,[0.1000 0.1000 0.1000 0.1000 0.0810 0.1000 0.1000],[0.0000 0.0000 0.0000 0.0000 0.1903 0.0000 0.0000],0.7007938027381897,0.5114546002582818,0.8096802234649658,0.19031977653503424,0.2902089978834801,None
321,0.7310585975646973,0.9686992168426514,0.9242343902587891,1.8747968673706055,[0.1000 0.1000 0.1000 0.1067 0.0809 0.1000 0.1000],[0.0000 0.0000 0.0000 -0.0674 0.1910 0.0000 0.0000],0.6997578144073486,0.5125160317733986,0.808979794383049,0.19102020561695104,0.29013016599433533,None
321,0.7310585975646973,0.9694491028785706,0.9242343902587891,1.8777964115142822,[0.1000 0.1000 0.1000 0.1019 0.0808 0.1000 0.1000],[0.0000 0.0000 0.0000 -0.0189 0.1916 0.0000 0.0000],0.7005077004432678,0.5117474984048999,0.8084353804588318,0.19156461954116827,0.2898103916792803,None
321,0.7310585975646973,0.9700791239738464,0.9242343902587891,1.8803164958953857,[0.1000 0.1000 0.1000 0.0977 0.0807 0.1000 0.1000],[0.0000 0.0000 0.0000 0.0227 0.1934 0.0000 0.0000],0.7011377215385437,0.51110274452688,0.8066355437040329,0.19336445629596716,0.28906060075429646,None
321,0.7310585975646973,0.9706805944442749,0.9242343902587891,1.8827223777770996,[0.1000 0.1000 0.1000 0.0937 0.0805 0.1000 0.1000],[0.0000 0.0000 0.0000 0.0632 0.1949 0.0000 0.0000],0.7017391920089722,0.5104880012915132,0.8051197975873947,0.19488020241260534,0.28841761225540125,None
321,0.7310585975646973,0.9711809158325195,0.9242343902587891,1.8847236633300781,[0.1000 0.1000 0.1000 0.0902 0.0802 0.1000 0.1000],[0.0000 0.0000 0.0000 0.0975 0.1980 0.0000 0.0000],0.7022395133972168,0.5099772267865275,0.8020035177469254,0.1979964822530747,0.2872184397821477,None
321,0.7310585975646973,0.9716736078262329,0.9242343902587891,1.8866944313049316,[0.1000 0.1000 0.1000 0.0868 0.0799 0.1000 0.1000],[0.0000 0.0000 0.0000 0.1319 0.2008 0.0000 0.0000],0.7027322053909302,0.5094747608312742,0.7992269098758698,0.2007730901241303,0.28614267274823707,None
321,0.7310585975646973,0.9721789956092834,0.9242343902587891,1.8887159824371338,[0.1000 0.1000 0.1000 0.0832 0.0798 0.1000 0.1000],[0.0000 0.0000 0.0000 0.1680 0.2022 0.0000 0.0000],0.7032375931739807,0.5089598814306654,0.7978110760450363,0.20218892395496374,0.28555231857800656,None
321,0.7310585975646973,0.9725587368011475,0.9242343902587891,1.8902349472045898,[0.1000 0.1000 0.1000 0.0805 0.0793 0.1000 0.1000],[0.0000 0.0000 0.0000 0.1954 0.2066 0.0000 0.0000],0.7036173343658447,0.5085733633222043,0.7934049516916275,0.20659504830837255,0.2839128484767269,None
321,0.7310585975646973,0.9730364084243774,0.9242343902587891,1.8921456336975098,[0.1000 0.1000 0.1000 0.0769 0.0794 0.1000 0.1000],[0.0000 0.0000 0.0000 0.2308 0.2061 0.0000 0.0000],0.7040950059890747,0.5080875983880055,0.7691795378923416,0.23082046210765844,0.27516778057847546,None
321,0.7310585975646973,0.9735004901885986,0.9242343902587891,1.8940019607543945,[0.1000 0.1000 0.1000 0.0734 0.0794 0.1000 0.1000],[0.0000 0.0000 0.0000 0.2660 0.2057 0.0000 0.0000],0.7045590877532959,0.5076161125464184,0.7340363413095474,0.26596365869045263,0.26252482747294675,None
321,0.7310585975646973,0.9739401936531067,0.9242343902587891,1.8957607746124268,[0.1000 0.1000 0.1000 0.0700 0.0795 0.1000 0.1000],[0.0000 0.0000 0.0000 0.3000 0.2053 0.0000 0.0000],0.704998791217804,0.5071698100882928,0.7000260055065155,0.29997399449348455,0.25029717051364336,None
321,0.7310585975646973,0.9743537306785583,0.9242343902587891,1.8974149227142334,[0.1000 0.1000 0.1000 0.0667 0.0795 0.1000 0.1000],[0.0000 0.0000 0.0000 0.3326 0.2048 0.0000 0.0000],0.7054123282432556,0.5067504352623704,0.6673641502857208,0.33263584971427923,0.23856133099519666,None
321,0.7310585975646973,0.9746725559234619,0.9242343902587891,1.8986902236938477,[0.1000 0.1000 0.1000 0.0642 0.0793 0.1000 0.1000],[0.0000 0.0000 0.0000 0.3582 0.2066 0.0000 0.0000],0.7057311534881592,0.5064273525014127,0.6418290734291077,0.3581709265708924,0.22939071186507393,None
321,0.7310585975646973,0.9750396013259888,0.9242343902587891,1.900158405303955,[0.1000 0.1000 0.1000 0.0612 0.0795 0.1000 0.1000],[0.0000 0.0000 0.0000 0.3883 0.2054 0.0000 0.0000],0.706098198890686,0.5060556673457104,0.611717514693737,0.388282485306263,0.21858195803303399,None
321,0.7310585975646973,0.9753863215446472,0.9242343902587891,1.9015452861785889,[0.1000 0.1000 0.1000 0.0583 0.0796 0.1000 0.1000],[0.0000 0.0000 0.0000 0.4173 0.2044 0.0000 0.0000],0.7064449191093445,0.5057048210027232,0.5827268213033676,0.41727317869663244,0.2081806727966447,None
321,0.7310585975646973,0.9757080674171448,0.9242343902587891,1.902832269668579,[0.1000 0.1000 0.1000 0.0555 0.0797 0.1000 0.1000],[0.0000 0.0000 0.0000 0.4447 0.2033 0.0000 0.0000],0.706766664981842,0.505379468832472,0.5552982911467552,0.44470170885324484,0.19834442099520336,None
321,0.7310585975646973,0.9760125279426575,0.9242343902587891,1.9040501117706299,[0.1000 0.1000 0.1000 0.0529 0.0798 0.1000 0.1000],[0.0000 0.0000 0.0000 0.4712 0.2015 0.0000 0.0000],0.7070711255073547,0.5050717927032646,0.5288380011916161,0.471161998808384,0.18885951592453154,None
321,0.7310585975646973,0.9763033390045166,0.9242343902587891,1.9052133560180664,[0.1000 0.1000 0.1000 0.0503 0.0800 0.1000 0.1000],[0.0000 0.0000 0.0000 0.4969 0.1999 0.0000 0.0000],0.7073619365692139,0.5047780886917267,0.5031049624085426,0.4968950375914574,0.17963906355863832,None
321,0.7310585975646973,0.9765467643737793,0.9242343902587891,1.9061870574951172,[0.1000 0.1000 0.1000 0.0481 0.0802 0.1000 0.1000],[0.0000 0.0000 0.0000 0.5188 0.1980 0.0000 0.0000],0.7076053619384766,0.5045323756196758,0.4811808094382286,0.5188191905617714,0.17178627140303773,None
321,0.7310585975646973,0.9766144156455994,0.9242343902587891,1.9064576625823975,[0.1000 0.1000 0.1000 0.0475 0.0801 0.1000 0.1000],[0.0000 0.0000 0.0000 0.5249 0.1990 0.0000 0.0000],0.7076730132102966,0.5044641101989664,0.4751047119498253,0.5248952880501747,0.1696103092466741,None
321,0.7310585975646973,0.9766711592674255,0.9242343902587891,1.9066846370697021,[0.1000 0.1000 0.1000 0.0470 0.0801 0.1000 0.1000],[0.0000 0.0000 0.0000 0.5301 0.1985 0.0000 0.0000],0.7077297568321228,0.5044068587008812,0.46991679817438126,0.5300832018256187,0.1677526577236584,None
321,0.7310585975646973,0.9767212867736816,0.9242343902587891,1.9068851470947266,[0.1000 0.1000 0.1000 0.0465 0.0803 0.1000 0.1000],[0.0000 0.0000 0.0000 0.5347 0.1969 0.0000 0.0000],0.7077798843383789,0.5043562880364723,0.465255044400692,0.534744955599308,0.16608359839831932,None
321,0.7310585975646973,0.976780891418457,0.9242343902587891,1.9071235656738281,[0.1000 0.1000 0.1000 0.0460 0.0803 0.1000 0.1000],[0.0000 0.0000 0.0000 0.5402 0.1975 0.0000 0.0000],0.7078394889831543,0.5042961631641734,0.4598301649093628,0.5401698350906372,0.16414131521856995,None
321,0.7310585975646973,0.9768442511558533,0.9242343902587891,1.907377004623413,[0.1000 0.1000 0.1000 0.0454 0.0801 0.1000 0.1000],[0.0000 0.0000 0.0000 0.5459 0.1990 0.0000 0.0000],0.7079028487205505,0.5042322584201792,0.45408543199300766,0.5459145680069923,0.1620846380094449,None
321,0.7310585975646973,0.9768996238708496,0.9242343902587891,1.9075984954833984,[0.1000 0.1000 0.1000 0.0449 0.0801 0.1000 0.1000],[0.0000 0.0000 0.0000 0.5510 0.1991 0.0000 0.0000],0.7079582214355469,0.5041764161456694,0.44897470623254776,0.5510252937674522,0.1602551633979385,None
321,0.7310585975646973,0.9769725799560547,0.9242343902587891,1.9078903198242188,[0.1000 0.1000 0.1000 0.0442 0.0798 0.1000 0.1000],[0.0000 0.0000 0.0000 0.5577 0.2017 0.0000 0.0000],0.708031177520752,0.5041028509949292,0.44234689325094223,0.5576531067490578,0.15788268987500365,None
321,0.7310585975646973,0.9770148992538452,0.9242343902587891,1.9080595970153809,[0.1000 0.1000 0.1000 0.0438 0.0801 0.1000 0.1000],[0.0000 0.0000 0.0000 0.5617 0.1991 0.0000 0.0000],0.7080734968185425,0.5040601834000944,0.43827760964632034,0.5617223903536797,0.15642638773896506,None
321,0.7310585975646973,0.9770550727844238,0.9242343902587891,1.9082202911376953,[0.1000 0.1000 0.1000 0.0434 0.0804 0.1000 0.1000],[0.0000 0.0000 0.0000 0.5656 0.1962 0.0000 0.0000],0.7081136703491211,0.504019682628709,0.43436791747808456,0.5656320825219154,0.155027311624519,None
321,0.7310585975646973,0.9770994782447815,0.9242343902587891,1.908397912979126,[0.1000 0.1000 0.1000 0.0430 0.0806 0.1000 0.1000],[0.0000 0.0000 0.0000 0.5699 0.1944 0.0000 0.0000],0.7081580758094788,0.5039749193033842,0.43011877685785294,0.5698812231421471,0.1535067716544634,None
321,0.7310585975646973,0.9771390557289124,0.9242343902587891,1.9085562229156494,[0.1000 0.1000 0.1000 0.0426 0.0809 0.1000 0.1000],[0.0000 0.0000 0.0000 0.5738 0.1912 0.0000 0.0000],0.7081976532936096,0.5039350262675109,0.4262375459074974,0.5737624540925026,0.15211804359887557,None
321,0.7310585975646973,0.977198600769043,0.9242343902587891,1.9087944030761719,[0.1000 0.1000 0.1000 0.0421 0.0809 0.1000 0.1000],[0.0000 0.0000 0.0000 0.5794 0.1908 0.0000 0.0000],0.7082571983337402,0.5038750125176663,0.42061328887939453,0.5793867111206055,0.15010557027043195,None
321,0.7310585975646973,0.9772422909736633,0.9242343902587891,1.9089691638946533,[0.1000 0.1000 0.1000 0.0416 0.0812 0.1000 0.1000],[0.0000 0.0000 0.0000 0.5837 0.1884 0.0000 0.0000],0.7083008885383606,0.5038309830219484,0.4163495823740959,0.5836504176259041,0.14858014944711134,None
321,0.7310585975646973,0.9772811532020569,0.9242343902587891,1.9091246128082275,[0.1000 0.1000 0.1000 0.0412 0.0816 0.1000 0.1000],[0.0000 0.0000 0.0000 0.5875 0.1843 0.0000 0.0000],0.7083397507667542,0.5037918222788347,0.41246116161346436,0.5875388383865356,0.14718914700293742,None
321,0.7310585975646973,0.9773195385932922,0.9242343902587891,1.909278154373169,[0.1000 0.1000 0.1000 0.0409 0.0820 0.1000 0.1000],[0.0000 0.0000 0.0000 0.5914 0.1803 0.0000 0.0000],0.7083781361579895,0.5037531450693163,0.4085969552397728,0.5914030447602272,0.1458068894197405,None
321,0.7310585975646973,0.9773608446121216,0.9242343902587891,1.9094433784484863,[0.1000 0.1000 0.1000 0.0404 0.0823 0.1000 0.1000],[0.0000 0.0000 0.0000 0.5955 0.1768 0.0000 0.0000],0.7084194421768188,0.5037115283956071,0.4044724628329277,0.5955275371670723,0.14433156532919633,None
321,0.7310585975646973,0.9773992300033569,0.9242343902587891,1.9095969200134277,[0.1000 0.1000 0.1000 0.0401 0.0827 0.1000 0.1000],[0.0000 0.0000 0.0000 0.5994 0.1726 0.0000 0.0000],0.7084578275680542,0.503672857443138,0.400574654340744,0.599425345659256,0.14293744582630719,None
321,0.7310585975646973,0.977449893951416,0.9242343902587891,1.909799575805664,[0.1000 0.1000 0.1000 0.0396 0.0830 0.1000 0.1000],[0.0000 0.0000 0.0000 0.6044 0.1702 0.0000 0.0000],0.7085084915161133,0.5036218212021013,0.3955942392349243,0.6044057607650757,0.14115606969359287,None
321,0.7310585975646973,0.9774835109710693,0.9242343902587891,1.9099340438842773,[0.1000 0.1000 0.1000 0.0392 0.0835 0.1000 0.1000],[0.0000 0.0000 0.0000 0.6079 0.1649 0.0000 0.0000],0.7085421085357666,0.5035879600509552,0.3920751065015793,0.6079248934984207,0.13989760281551572,None
321,0.7310585975646973,0.9775152802467346,0.9242343902587891,1.9100611209869385,[0.1000 0.1000 0.1000 0.0389 0.0841 0.1000 0.1000],[0.0000 0.0000 0.0000 0.6113 0.1594 0.0000 0.0000],0.7085738778114319,0.503555962185024,0.38872312754392624,0.6112768724560738,0.13869897779926557,None
321,0.7310585975646973,0.9775461554527283,0.9242343902587891,1.910184621810913,[0.1000 0.1000 0.1000 0.0385 0.0846 0.1000 0.1000],[0.0000 0.0000 0.0000 0.6145 0.1541 0.0000 0.0000],0.7086047530174255,0.503524866797912,0.38545139133930206,0.6145486086606979,0.13752910032331997,None
321,0.7310585975646973,0.9775758981704712,0.9242343902587891,1.9103035926818848,[0.1000 0.1000 0.1000 0.0382 0.0852 0.1000 0.1000],[0.0000 0.0000 0.0000 0.6178 0.1481 0.0000 0.0000],0.7086344957351685,0.503494913816813,0.38224998861551285,0.6177500113844872,0.13638445058885365,None
321,0.7310585975646973,0.9776372909545898,0.9242343902587891,1.9105491638183594,[0.1000 0.1000 0.1000 0.0376 0.0851 0.1000 0.1000],[0.0000 0.0000 0.0000 0.6237 0.1491 0.0000 0.0000],0.7086958885192871,0.5034330927358404,0.37634048610925674,0.6236595138907433,0.13427112103731842,None
321,0.7310585975646973,0.9776636362075806,0.9242343902587891,1.9106545448303223,[0.1000 0.1000 0.1000 0.0373 0.0857 0.1000 0.1000],[0.0000 0.0000 0.0000 0.6266 0.1426 0.0000 0.0000],0.7087222337722778,0.5034065660493654,0.37343066185712814,0.6265693381428719,0.13323088346036235,None
321,0.7310585975646973,0.9776917695999146,0.9242343902587891,1.9107670783996582,[0.1000 0.1000 0.1000 0.0370 0.0864 0.1000 0.1000],[0.0000 0.0000 0.0000 0.6297 0.1355 0.0000 0.0000],0.7087503671646118,0.5033782404734793,0.3703022003173828,0.6296977996826172,0.1321125355805423,None
321,0.7310585975646973,0.9777186512947083,0.9242343902587891,1.910874605178833,[0.1000 0.1000 0.1000 0.0367 0.0871 0.1000 0.1000],[0.0000 0.0000 0.0000 0.6327 0.1286 0.0000 0.0000],0.7087772488594055,0.5033511766549618,0.3672916069626808,0.6327083930373192,0.13103637225352127,None
321,0.7310585975646973,0.9777444005012512,0.9242343902587891,1.9109776020050049,[0.1000 0.1000 0.1000 0.0364 0.0878 0.1000 0.1000],[0.0000 0.0000 0.0000 0.6356 0.1215 0.0000 0.0000],0.7088029980659485,0.5033252543801388,0.3643924370408058,0.6356075629591942,0.13000008077785774,None
321,0.7310585975646973,0.9777697324752808,0.9242343902587891,1.911078929901123,[0.1000 0.1000 0.1000 0.0361 0.0886 0.1000 0.1000],[0.0000 0.0000 0.0000 0.6385 0.1140 0.0000 0.0000],0.708828330039978,0.5032997534623287,0.36149103194475174,0.6385089680552483,0.12896305485615514,None
321,0.7310585975646973,0.9786632061004639,0.9242343902587891,1.9146528244018555,[0.1000 0.1000 0.0773 0.0359 0.0894 0.1000 0.1000],[0.0000 0.0000 0.2266 0.6415 0.1063 0.0000 0.0000],0.7097218036651611,0.5024011570192646,0.358542799949646,0.641457200050354,0.12784383329977206,None
321,0.7310585975646973,0.9788442254066467,0.9242343902587891,1.915376901626587,[0.1000 0.1000 0.0733 0.0354 0.0899 0.1000 0.1000],[0.0000 0.0000 0.2672 0.6458 0.1009 0.0000 0.0000],0.709902822971344,0.502219297439174,0.3541839122772217,0.6458160877227783,0.12627609121249372,None
321,0.7310585975646973,0.9790103435516357,0.9242343902587891,1.916041374206543,[0.1000 0.1000 0.0690 0.0351 0.0908 0.1000 0.1000],[0.0000 0.0000 0.3095 0.6487 0.0920 0.0000 0.0000],0.710068941116333,0.5020524666323384,0.3512945771217346,0.6487054228782654,0.12523365838866243,None
321,0.7310585975646973,0.9791651964187622,0.9242343902587891,1.9166607856750488,[0.1000 0.1000 0.0650 0.0348 0.0917 0.1000 0.1000],[0.0000 0.0000 0.3498 0.6516 0.0829 0.0000 0.0000],0.7102237939834595,0.5018969997540017,0.3483911603689194,0.6516088396310806,0.12418723130005728,None
321,0.7310585975646973,0.9793120622634888,0.9242343902587891,1.917248249053955,[0.1000 0.1000 0.0612 0.0345 0.0926 0.1000 0.1000],[0.0000 0.0000 0.3879 0.6548 0.0741 0.0000 0.0000],0.710370659828186,0.501749596388732,0.34521792083978653,0.6547820791602135,0.12304539932093307,None
321,0.7310585975646973,0.9794489145278931,0.9242343902587891,1.9177956581115723,[0.1000 0.1000 0.0576 0.0342 0.0935 0.1000 0.1000],[0.0000 0.0000 0.4240 0.6580 0.0652 0.0000 0.0000],0.7105075120925903,0.501612282491637,0.3420421853661537,0.6579578146338463,0.12190359367968172,None
321,0.7310585975646973,0.9795843362808228,0.9242343902587891,1.918337345123291,[0.1000 0.1000 0.0543 0.0338 0.0942 0.1000 0.1000],[0.0000 0.0000 0.4571 0.6622 0.0576 0.0000 0.0000],0.71064293384552,0.5014764411623804,0.3377745673060417,0.6622254326939583,0.12037295541333132,None
321,0.7310585975646973,0.9797019958496094,0.9242343902587891,1.9188079833984375,[0.1000 0.1000 0.0509 0.0335 0.0954 0.1000 0.1000],[0.0000 0.0000 0.4910 0.6648 0.0463 0.0000 0.0000],0.7107605934143066,0.501358447093594,0.3352286294102669,0.6647713705897331,0.11945732330515113,None
321,0.7310585975646973,0.9798168540000916,0.9242343902587891,1.9192674160003662,[0.1000 0.1000 0.0477 0.0332 0.0963 0.1000 0.1000],[0.0000 0.0000 0.5225 0.6680 0.0366 0.0000 0.0000],0.7108754515647888,0.5012432893329712,0.33204425126314163,0.6679557487368584,0.11831452216192401,None
321,0.7310585975646973,0.9799245595932007,0.9242343902587891,1.9196982383728027,[0.1000 0.1000 0.0447 0.0329 0.0974 0.1000 0.1000],[0.0000 0.0000 0.5532 0.6709 0.0259 0.0000 0.0000],0.710983157157898,0.5011353269387544,0.329066626727581,0.670933373272419,0.11724603662502582,None
321,0.7310585975646973,0.980027973651886,0.9242343902587891,1.920111894607544,[0.1000 0.1000 0.0418 0.0326 0.0984 0.1000 0.1000],[0.0000 0.0000 0.5821 0.6742 0.0157 0.0000 0.0000],0.7110865712165833,0.5010316882935464,0.32584208995103836,0.6741579100489616,0.11609001142408176,None
321,0.7310585975646973,0.9801332950592041,0.9242343902587891,1.9205331802368164,[0.1000 0.1000 0.0391 0.0322 0.0993 0.1000 0.1000],[0.0000 0.0000 0.6086 0.6785 0.0069 0.0000 0.0000],0.7111918926239014,0.5009261602783543,0.32151959836483,0.67848040163517,0.11454284362190288,None
321,0.7310585975646973,0.9802139401435852,0.9242343902587891,1.9208557605743408,[0.1000 0.1000 0.0364 0.0320 0.1008 0.1000 0.1000],[0.0000 0.0000 0.6359 0.6802 -0.0080 0.0000 0.0000],0.7112725377082825,0.5008453720750574,0.3197910636663437,0.6802089363336563,0.11392158784504265,None
321,0.7310585975646973,0.9802926182746887,0.9242343902587891,1.9211704730987549,[0.1000 0.1000 0.0337 0.0318 0.1024 0.1000 0.1000],[0.0000 0.0000 0.6625 0.6821 -0.0235 0.0000 0.0000],0.711351215839386,0.5007665669148436,0.3179348260164261,0.6820651739835739,0.11325503184456427,None
321,0.7310585975646973,0.9803666472434998,0.9242343902587891,1.921466588973999,[0.1000 0.1000 0.0312 0.0316 0.1040 0.1000 0.1000],[0.0000 0.0000 0.6883 0.6838 -0.0396 0.0000 0.0000],0.711425244808197,0.500692429780198,0.3117218241095543,0.6882781758904457,0.11103694543388738,None
321,0.7310585975646973,0.9804377555847168,0.9242343902587891,1.9217510223388672,[0.1000 0.1000 0.0286 0.0315 0.1058 0.1000 0.1000],[0.0000 0.0000 0.7141 0.6855 -0.0575 0.0000 0.0000],0.7114963531494141,0.5006212279040894,0.2858823165297508,0.7141176834702492,0.10182847320118986,None
321,0.7310585975646973,0.9805077910423279,0.9242343902587891,1.9220311641693115,[0.1000 0.1000 0.0261 0.0313 0.1076 0.1000 0.1000],[0.0000 0.0000 0.7393 0.6873 -0.0760 0.0000 0.0000],0.7115663886070251,0.5005511102448714,0.26068147271871567,0.7393185272812843,0.0928483136971092,None
321,0.7310585975646973,0.9806056618690491,0.9242343902587891,1.9224226474761963,[0.1000 0.1000 0.0236 0.0311 0.1000 0.1000 0.1000],[0.0000 0.0000 0.7635 0.6894 0.0000 0.0000 0.0000],0.7116642594337463,0.5004531410324435,0.23648817092180252,0.7635118290781975,0.08422635322883623,None
321,0.7310585975646973,0.9806886911392212,0.9242343902587891,1.9227547645568848,[0.1000 0.1000 0.0215 0.0307 0.1000 0.1000 0.1000],[0.0000 0.0000 0.7854 0.6933 0.0000 0.0000 0.0000],0.7117472887039185,0.5003700433575626,0.2146206982433796,0.7853793017566204,0.07643437626937602,None
321,0.7310585975646973,0.9807553291320801,0.9242343902587891,1.9230213165283203,[0.1000 0.1000 0.0192 0.0305 0.1000 0.1000 0.1000],[0.0000 0.0000 0.8078 0.6953 0.0000 0.0000 0.0000],0.7118139266967773,0.500303360460186,0.19221605733036995,0.80778394266963,0.06845253967632169,None
321,0.7310585975646973,0.9808200001716614,0.9242343902587891,1.9232800006866455,[0.1000 0.1000 0.0170 0.0303 0.1000 0.1000 0.1000],[0.0000 0.0000 0.8296 0.6973 0.0000 0.0000 0.0000],0.7118785977363586,0.5002386543489341,0.17039889469742775,0.8296011053025723,0.06068061267285607,None
321,0.7310585975646973,0.9808828234672546,0.9242343902587891,1.9235312938690186,[0.1000 0.1000 0.0149 0.0301 0.1000 0.1000 0.1000],[0.0000 0.0000 0.8508 0.6994 0.0000 0.0000 0.0000],0.7119414210319519,0.5001758050048424,0.1492183841764927,0.8507816158235073,0.05313605083782199,None
