326,0.9813323020935059,0.8767619132995605,1.9253292083740234,1.5070476531982422,[0.1000 0.1000 0.1000 0.1000 0.1000 0.1000 0.1000],[0.0000 0.0000 0.0000 0.0000 0.0000 0.0000 0.0000],0.8580942153930664,0.6766265490273741,1.0,0.0,0.5806093277017628,None
326,0.9813323020935059,0.8767619132995605,1.9253292083740234,1.5070476531982422,[0.1000 0.1000 0.1000 0.1000 0.1000 0.1000 0.1000],[0.0000 0.0000 0.0000 0.0000 0.0000 0.0000 0.0000],0.8580942153930664,0.6766265490273741,1.0,0.0,0.5806093277017628,None
326,0.9813323020935059,0.8767619132995605,1.9253292083740234,1.5070476531982422,[0.1000 0.1000 0.1000 0.1000 0.1000 0.1000 0.1000],[0.0000 0.0000 0.0000 0.0000 0.0000 0.0000 0.0000],0.8580942153930664,0.6766265490273741,1.0,0.0,0.5806093277017628,None
326,0.9813323020935059,0.8767619132995605,1.9253292083740234,1.5070476531982422,[0.1000 0.1000 0.1000 0.1000 0.1000 0.1000 0.1000],[0.0000 0.0000 0.0000 0.0000 0.0000 0.0000 0.0000],0.8580942153930664,0.6766265490273741,1.0,0.0,0.5806093277017628,None
326,0.9813323020935059,0.8767619132995605,1.9253292083740234,1.5070476531982422,[0.1000 0.1000 0.1000 0.1000 0.1000 0.1000 0.1000],[0.0000 0.0000 0.0000 0.0000 0.0000 0.0000 0.0000],0.8580942153930664,0.6766265490273741,1.0,0.0,0.5806093277017628,None
326,0.9813323020935059,0.8767619132995605,1.9253292083740234,1.5070476531982422,[0.1000 0.1000 0.1000 0.1000 0.1000 0.1000 0.1000],[0.0000 0.0000 0.0000 0.0000 0.0000 0.0000 0.0000],0.8580942153930664,0.6766265490273741,1.0,0.0,0.5806093277017628,None
326,0.9813323020935059,0.8767619132995605,1.9253292083740234,1.5070476531982422,[0.1000 0.1000 0.1000 0.1000 0.1000 0.1000 0.1000],[0.0000 0.0000 0.0000 0.0000 0.0000 0.0000 0.0000],0.8580942153930664,0.6766265490273741,1.0,0.0,0.5806093277017628,None
326,0.9813323020935059,0.8767619132995605,1.9253292083740234,1.5070476531982422,[0.1000 0.1000 0.1000 0.1000 0.1000 0.1000 0.1000],[0.0000 0.0000 0.0000 0.0000 0.0000 0.0000 0.0000],0.8580942153930664,0.6766265490273741,1.0,0.0,0.5806093277017628,None
326,0.9813323020935059,0.8767619132995605,1.9253292083740234,1.5070476531982422,[0.1000 0.1000 0.1000 0.1000 0.1000 0.1000 0.1000],[0.0000 0.0000 0.0000 0.0000 0.0000 0.0000 0.0000],0.8580942153930664,0.6766265490273741,1.0,0.0,0.5806093277017628,None
326,0.9813323020935059,0.8767619132995605,1.9253292083740234,1.5070476531982422,[0.1000 0.1000 0.1000 0.1000 0.1000 0.1000 0.1000],[0.0000 0.0000 0.0000 0.0000 0.0000 0.0000 0.0000],0.8580942153930664,0.6766265490273741,1.0,0.0,0.5806093277017628,None
326,0.9813323020935059,0.8767619132995605,1.9253292083740234,1.5070476531982422,[0.1000 0.1000 0.1000 0.1000 0.1000 0.1000 0.1000],[0.0000 0.0000 0.0000 0.0000 0.0000 0.0000 0.0000],0.8580942153930664,0.6766265490273741,1.0,0.0,0.5806093277017628,None
326,0.9813323020935059,0.8767619132995605,1.9253292083740234,1.5070476531982422,[0.1000 0.1000 0.1000 0.1000 0.1000 0.1000 0.1000],[0.0000 0.0000 0.0000 0.0000 0.0000 0.0000 0.0000],0.8580942153930664,0.6766265490273741,1.0,0.0,0.5806093277017628,None
326,0.9813323020935059,0.8767619132995605,1.9253292083740234,1.5070476531982422,[0.1000 0.1000 0.1000 0.1000 0.1000 0.1000 0.1000],[0.0000 0.0000 0.0000 0.0000 0.0000 0.0000 0.0000],0.8580942153930664,0.6766265490273741,1.0,0.0,0.5806093277017628,None
326,0.9813323020935059,0.8767619132995605,1.9253292083740234,1.5070476531982422,[0.1000 0.1000 0.1000 0.1000 0.1000 0.1000 0.1000],[0.0000 0.0000 0.0000 0.0000 0.0000 0.0000 0.0000],0.8580942153930664,0.6766265490273741,1.0,0.0,0.5806093277017628,None
326,0.9813323020935059,0.8767619132995605,1.9253292083740234,1.5070476531982422,[0.1000 0.1000 0.1000 0.1000 0.1000 0.1000 0.1000],[0.0000 0.0000 0.0000 0.0000 0.0000 0.0000 0.0000],0.8580942153930664,0.6766265490273741,1.0,0.0,0.5806093277017628,None
326,0.9813323020935059,0.8767619132995605,1.9253292083740234,1.5070476531982422,[0.1000 0.1000 0.1000 0.1000 0.1000 0.1000 0.1000],[0.0000 0.0000 0.0000 0.0000 0.0000 0.0000 0.0000],0.8580942153930664,0.6766265490273741,1.0,0.0,0.5806093277017628,None
326,0.9813323020935059,0.8767619132995605,1.9253292083740234,1.5070476531982422,[0.1000 0.1000 0.1000 0.1000 0.1000 0.1000 0.1000],[0.0000 0.0000 0.0000 0.0000 0.0000 0.0000 0.0000],0.8580942153930664,0.6766265490273741,1.0,0.0,0.5806093277017628,None
326,0.9813323020935059,0.8767619132995605,1.9253292083740234,1.5070476531982422,[0.1000 0.1000 0.1000 0.1000 0.1000 0.1000 0.1000],[0.0000 0.0000 0.0000 0.0000 0.0000 0.0000 0.0000],0.8580942153930664,0.6766265490273741,1.0,0.0,0.5806093277017628,None
326,0.9813323020935059,0.8767619132995605,1.9253292083740234,1.5070476531982422,[0.1000 0.1000 0.1000 0.1000 0.1000 0.1000 0.1000],[0.0000 0.0000 0.0000 0.0000 0.0000 0.0000 0.0000],0.8580942153930664,0.6766265490273741,1.0,0.0,0.5806093277017628,None
326,0.9813323020935059,0.8767619132995605,1.9253292083740234,1.5070476531982422,[0.1000 0.1000 0.1000 0.1000 0.1000 0.1000 0.1000],[0.0000 0.0000 0.0000 0.0000 0.0000 0.0000 0.0000],0.8580942153930664,0.6766265490273741,1.0,0.0,0.5806093277017628,None
326,0.9813323020935059,0.8767619132995605,1.9253292083740234,1.5070476531982422,[0.1000 0.1000 0.1000 0.1000 0.1000 0.1000 0.1000],[0.0000 0.0000 0.0000 0.0000 0.0000 0.0000 0.0000],0.8580942153930664,0.6766265490273741,1.0,0.0,0.5806093277017628,None
326,0.9813323020935059,0.8767619132995605,1.9253292083740234,1.5070476531982422,[0.1000 0.1000 0.1000 0.1000 0.1000 0.1000 0.1000],[0.0000 0.0000 0.0000 0.0000 0.0000 0.0000 0.0000],0.8580942153930664,0.6766265490273741,1.0,0.0,0.5806093277017628,None
326,0.9813323020935059,0.8767619132995605,1.9253292083740234,1.5070476531982422,[0.1000 0.1000 0.1000 0.1000 0.1000 0.1000 0.1000],[0.0000 0.0000 0.0000 0.0000 0.0000 0.0000 0.0000],0.8580942153930664,0.6766265490273741,1.0,0.0,0.5806093277017628,None
326,0.9813323020935059,0.8767619132995605,1.9253292083740234,1.5070476531982422,[0.1000 0.1000 0.1000 0.1000 0.1000 0.1000 0.1000],[0.0000 0.0000 0.0000 0.0000 0.0000 0.0000 0.0000],0.8580942153930664,0.6766265490273741,1.0,0.0,0.5806093277017628,None
326,0.9813323020935059,0.8767619132995605,1.9253292083740234,1.5070476531982422,[0.1000 0.1000 0.1000 0.1000 0.1000 0.1000 0.1000],[0.0000 0.0000 0.0000 0.0000 0.0000 0.0000 0.0000],0.8580942153930664,0.6766265490273741,1.0,0.0,0.5806093277017628,None
326,0.9813323020935059,0.8767619132995605,1.9253292083740234,1.5070476531982422,[0.1000 0.1000 0.1000 0.1000 0.1000 0.1000 0.1000],[0.0000 0.0000 0.0000 0.0000 0.0000 0.0000 0.0000],0.8580942153930664,0.6766265490273741,1.0,0.0,0.5806093277017628,None
326,0.9813323020935059,0.8767619132995605,1.9253292083740234,1.5070476531982422,[0.1000 0.1000 0.1000 0.1000 0.1000 0.1000 0.1000],[0.0000 0.0000 0.0000 0.0000 0.0000 0.0000 0.0000],0.8580942153930664,0.6766265490273741,1.0,0.0,0.5806093277017628,None
326,0.9813323020935059,0.8767619132995605,1.9253292083740234,1.5070476531982422,[0.1000 0.1000 0.1000 0.1000 0.1000 0.1000 0.1000],[0.0000 0.0000 0.0000 0.0000 0.0000 0.0000 0.0000],0.8580942153930664,0.6766265490273741,1.0,0.0,0.5806093277017628,None
326,0.9813323020935059,0.8767619132995605,1.9253292083740234,1.5070476531982422,[0.1000 0.1000 0.1000 0.1000 0.1000 0.1000 0.1000],[0.0000 0.0000 0.0000 0.0000 0.0000 0.0000 0.0000],0.8580942153930664,0.6766265490273741,1.0,0.0,0.5806093277017628,None
326,0.9813323020935059,0.8767619132995605,1.9253292083740234,1.5070476531982422,[0.1000 0.1000 0.1000 0.1000 0.1000 0.1000 0.1000],[0.0000 0.0000 0.0000 0.0000 0.0000 0.0000 0.0000],0.8580942153930664,0.6766265490273741,1.0,0.0,0.5806093277017628,None
326,0.9813323020935059,0.8767619132995605,1.9253292083740234,1.5070476531982422,[0.1000 0.1000 0.1000 0.1000 0.1000 0.1000 0.1000],[0.0000 0.0000 0.0000 0.0000 0.0000 0.0000 0.0000],0.8580942153930664,0.6766265490273741,1.0,0.0,0.5806093277017628,None
326,0.9813323020935059,0.8767619132995605,1.9253292083740234,1.5070476531982422,[0.1000 0.1000 0.1000 0.1000 0.1000 0.1000 0.1000],[0.0000 0.0000 0.0000 0.0000 0.0000 0.0000 0.0000],0.8580942153930664,0.6766265490273741,1.0,0.0,0.5806093277017628,None
326,0.9813323020935059,0.8767619132995605,1.9253292083740234,1.5070476531982422,[0.1000 0.1000 0.1000 0.1000 0.1000 0.1000 0.1000],[0.0000 0.0000 0.0000 0.0000 0.0000 0.0000 0.0000],0.8580942153930664,0.6766265490273741,1.0,0.0,0.5806093277017628,None
326,0.9813323020935059,0.8767619132995605,1.9253292083740234,1.5070476531982422,[0.1000 0.1000 0.1000 0.1000 0.1000 0.1000 0.1000],[0.0000 0.0000 0.0000 0.0000 0.0000 0.0000 0.0000],0.8580942153930664,0.6766265490273741,1.0,0.0,0.5806093277017628,None
326,0.9813323020935059,0.8767619132995605,1.9253292083740234,1.5070476531982422,[0.1000 0.1000 0.1000 0.1000 0.1000 0.1000 0.1000],[0.0000 0.0000 0.0000 0.0000 0.0000 0.0000 0.0000],0.8580942153930664,0.6766265490273741,1.0,0.0,0.5806093277017628,None
326,0.9813323020935059,0.8767619132995605,1.9253292083740234,1.5070476531982422,[0.1000 0.1000 0.1000 0.1000 0.1000 0.1000 0.1000],[0.0000 0.0000 0.0000 0.0000 0.0000 0.0000 0.0000],0.8580942153930664,0.6766265490273741,1.0,0.0,0.5806093277017628,None
326,0.9813323020935059,0.8767619132995605,1.9253292083740234,1.5070476531982422,[0.1000 0.1000 0.1000 0.1000 0.1000 0.1000 0.1000],[0.0000 0.0000 0.0000 0.0000 0.0000 0.0000 0.0000],0.8580942153930664,0.6766265490273741,1.0,0.0,0.5806093277017628,None
326,0.9813323020935059,0.8767619132995605,1.9253292083740234,1.5070476531982422,[0.1000 0.1000 0.1000 0.1000 0.1000 0.1000 0.1000],[0.0000 0.0000 0.0000 0.0000 0.0000 0.0000 0.0000],0.8580942153930664,0.6766265490273741,1.0,0.0,0.5806093277017628,None
326,0.9813323020935059,0.8767619132995605,1.9253292083740234,1.5070476531982422,[0.1000 0.1000 0.1000 0.1000 0.1000 0.1000 0.1000],[0.0000 0.0000 0.0000 0.0000 0.0000 0.0000 0.0000],0.8580942153930664,0.6766265490273741,1.0,0.0,0.5806093277017628,None
326,0.9813323020935059,0.8767619132995605,1.9253292083740234,1.5070476531982422,[0.1000 0.1000 0.1000 0.1000 0.1000 0.1000 0.1000],[0.0000 0.0000 0.0000 0.0000 0.0000 0.0000 0.0000],0.8580942153930664,0.6766265490273741,1.0,0.0,0.5806093277017628,None
326,0.9813323020935059,0.8767619132995605,1.9253292083740234,1.5070476531982422,[0.1000 0.1000 0.1000 0.1000 0.1000 0.1000 0.1000],[0.0000 0.0000 0.0000 0.0000 0.0000 0.0000 0.0000],0.8580942153930664,0.6766265490273741,1.0,0.0,0.5806093277017628,None
326,0.9813323020935059,0.8767619132995605,1.9253292083740234,1.5070476531982422,[0.1000 0.1000 0.1000 0.1000 0.1000 0.1000 0.1000],[0.0000 0.0000 0.0000 0.0000 0.0000 0.0000 0.0000],0.8580942153930664,0.6766265490273741,1.0,0.0,0.5806093277017628,None
326,0.9813323020935059,0.8767619132995605,1.9253292083740234,1.5070476531982422,[0.1000 0.1000 0.1000 0.1000 0.1000 0.1000 0.1000],[0.0000 0.0000 0.0000 0.0000 0.0000 0.0000 0.0000],0.8580942153930664,0.6766265490273741,1.0,0.0,0.5806093277017628,None
326,0.9813323020935059,0.8767619132995605,1.9253292083740234,1.5070476531982422,[0.1000 0.1000 0.1000 0.1000 0.1000 0.1000 0.1000],[0.0000 0.0000 0.0000 0.0000 0.0000 0.0000 0.0000],0.8580942153930664,0.6766265490273741,1.0,0.0,0.5806093277017628,None
326,0.9813323020935059,0.8767619132995605,1.9253292083740234,1.5070476531982422,[0.1000 0.1000 0.1000 0.1000 0.1000 0.1000 0.1000],[0.0000 0.0000 0.0000 0.0000 0.0000 0.0000 0.0000],0.8580942153930664,0.6766265490273741,1.0,0.0,0.5806093277017628,None
326,0.9813323020935059,0.8767619132995605,1.9253292083740234,1.5070476531982422,[0.1000 0.1000 0.1000 0.1000 0.1000 0.1000 0.1000],[0.0000 0.0000 0.0000 0.0000 0.0000 0.0000 0.0000],0.8580942153930664,0.6766265490273741,1.0,0.0,0.5806093277017628,None
326,0.9813323020935059,0.8767619132995605,1.9253292083740234,1.5070476531982422,[0.1000 0.1000 0.1000 0.1000 0.1000 0.1000 0.1000],[0.0000 0.0000 0.0000 0.0000 0.0000 0.0000 0.0000],0.8580942153930664,0.6766265490273741,1.0,0.0,0.5806093277017628,None
326,0.9813323020935059,0.8767619132995605,1.9253292083740234,1.5070476531982422,[0.1000 0.1000 0.1000 0.1000 0.1000 0.1000 0.1000],[0.0000 0.0000 0.0000 0.0000 0.0000 0.0000 0.0000],0.8580942153930664,0.6766265490273741,1.0,0.0,0.5806093277017628,None
326,0.9813323020935059,0.8767619132995605,1.9253292083740234,1.5070476531982422,[0.1000 0.1000 0.1000 0.1000 0.1000 0.1000 0.1000],[0.0000 0.0000 0.0000 0.0000 0.0000 0.0000 0.0000],0.8580942153930664,0.6766265490273741,1.0,0.0,0.5806093277017628,None
326,0.9813323020935059,0.8767619132995605,1.9253292083740234,1.5070476531982422,[0.1000 0.1000 0.1000 0.1000 0.1000 0.1000 0.1000],[0.0000 0.0000 0.0000 0.0000 0.0000 0.0000 0.0000],0.8580942153930664,0.6766265490273741,1.0,0.0,0.5806093277017628,None
326,0.9813323020935059,0.8767619132995605,1.9253292083740234,1.5070476531982422,[0.1000 0.1000 0.1000 0.1000 0.1000 0.1000 0.1000],[0.0000 0.0000 0.0000 0.0000 0.0000 0.0000 0.0000],0.8580942153930664,0.6766265490273741,1.0,0.0,0.5806093277017628,None
326,0.9813323020935059,0.8767619132995605,1.9253292083740234,1.5070476531982422,[0.1000 0.1000 0.1000 0.1000 0.1000 0.1000 0.1000],[0.0000 0.0000 0.0000 0.0000 0.0000 0.0000 0.0000],0.8580942153930664,0.6766265490273741,1.0,0.0,0.5806093277017628,None
326,0.9813323020935059,0.8767619132995605,1.9253292083740234,1.5070476531982422,[0.1000 0.1000 0.1000 0.1000 0.1000 0.1000 0.1000],[0.0000 0.0000 0.0000 0.0000 0.0000 0.0000 0.0000],0.8580942153930664,0.6766265490273741,1.0,0.0,0.5806093277017628,None
326,0.9813323020935059,0.8767619132995605,1.9253292083740234,1.5070476531982422,[0.1000 0.1000 0.1000 0.1000 0.1000 0.1000 0.1000],[0.0000 0.0000 0.0000 0.0000 0.0000 0.0000 0.0000],0.8580942153930664,0.6766265490273741,1.0,0.0,0.5806093277017628,None
326,0.9813323020935059,0.8767619132995605,1.9253292083740234,1.5070476531982422,[0.1000 0.1000 0.1000 0.1000 0.1000 0.1000 0.1000],[0.0000 0.0000 0.0000 0.0000 0.0000 0.0000 0.0000],0.8580942153930664,0.6766265490273741,1.0,0.0,0.5806093277017628,None
326,0.9813323020935059,0.8767619132995605,1.9253292083740234,1.5070476531982422,[0.1000 0.1000 0.1000 0.1000 0.1000 0.1000 0.1000],[0.0000 0.0000 0.0000 0.0000 0.0000 0.0000 0.0000],0.8580942153930664,0.6766265490273741,1.0,0.0,0.5806093277017628,None
326,0.9813323020935059,0.8767619132995605,1.9253292083740234,1.5070476531982422,[0.1000 0.1000 0.1000 0.1000 0.1000 0.1000 0.1000],[0.0000 0.0000 0.0000 0.0000 0.0000 0.0000 0.0000],0.8580942153930664,0.6766265490273741,1.0,0.0,0.5806093277017628,None
326,0.9813323020935059,0.8767619132995605,1.9253292083740234,1.5070476531982422,[0.1000 0.1000 0.1000 0.1000 0.1000 0.1000 0.1000],[0.0000 0.0000 0.0000 0.0000 0.0000 0.0000 0.0000],0.8580942153930664,0.6766265490273741,1.0,0.0,0.5806093277017628,None
326,0.9813323020935059,0.8767619132995605,1.9253292083740234,1.5070476531982422,[0.1000 0.1000 0.1000 0.1000 0.1000 0.1000 0.1000],[0.0000 0.0000 0.0000 0.0000 0.0000 0.0000 0.0000],0.8580942153930664,0.6766265490273741,1.0,0.0,0.5806093277017628,None
326,0.9813323020935059,0.8767619132995605,1.9253292083740234,1.5070476531982422,[0.1000 0.1000 0.1000 0.1000 0.1000 0.1000 0.1000],[0.0000 0.0000 0.0000 0.0000 0.0000 0.0000 0.0000],0.8580942153930664,0.6766265490273741,1.0,0.0,0.5806093277017628,None
326,0.9813323020935059,0.8767619132995605,1.9253292083740234,1.5070476531982422,[0.1000 0.1000 0.1000 0.1000 0.1000 0.1000 0.1000],[0.0000 0.0000 0.0000 0.0000 0.0000 0.0000 0.0000],0.8580942153930664,0.6766265490273741,1.0,0.0,0.5806093277017628,None
326,0.9813323020935059,0.8767619132995605,1.9253292083740234,1.5070476531982422,[0.1000 0.1000 0.1000 0.1000 0.1000 0.1000 0.1000],[0.0000 0.0000 0.0000 0.0000 0.0000 0.0000 0.0000],0.8580942153930664,0.6766265490273741,1.0,0.0,0.5806093277017628,None
326,0.9813323020935059,0.8767619132995605,1.9253292083740234,1.5070476531982422,[0.1000 0.1000 0.1000 0.1000 0.1000 0.1000 0.1000],[0.0000 0.0000 0.0000 0.0000 0.0000 0.0000 0.0000],0.8580942153930664,0.6766265490273741,1.0,0.0,0.5806093277017628,None
326,0.9813323020935059,0.8767619132995605,1.9253292083740234,1.5070476531982422,[0.1000 0.1000 0.1000 0.1000 0.1000 0.1000 0.1000],[0.0000 0.0000 0.0000 0.0000 0.0000 0.0000 0.0000],0.8580942153930664,0.6766265490273741,1.0,0.0,0.5806093277017628,None
326,0.9813323020935059,0.8767619132995605,1.9253292083740234,1.5070476531982422,[0.1000 0.1000 0.1000 0.1000 0.1000 0.1000 0.1000],[0.0000 0.0000 0.0000 0.0000 0.0000 0.0000 0.0000],0.8580942153930664,0.6766265490273741,1.0,0.0,0.5806093277017628,None
326,0.9813323020935059,0.8767619132995605,1.9253292083740234,1.5070476531982422,[0.1000 0.1000 0.1000 0.1000 0.1000 0.1000 0.1000],[0.0000 0.0000 0.0000 0.0000 0.0000 0.0000 0.0000],0.8580942153930664,0.6766265490273741,1.0,0.0,0.5806093277017628,None
326,0.9813323020935059,0.8767619132995605,1.9253292083740234,1.5070476531982422,[0.1000 0.1000 0.1000 0.1000 0.1000 0.1000 0.1000],[0.0000 0.0000 0.0000 0.0000 0.0000 0.0000 0.0000],0.8580942153930664,0.6766265490273741,1.0,0.0,0.5806093277017628,None
326,0.9813323020935059,0.8767619132995605,1.9253292083740234,1.5070476531982422,[0.1000 0.1000 0.1000 0.1000 0.1000 0.1000 0.1000],[0.0000 0.0000 0.0000 0.0000 0.0000 0.0000 0.0000],0.8580942153930664,0.6766265490273741,1.0,0.0,0.5806093277017628,None
326,0.9813323020935059,0.8767619132995605,1.9253292083740234,1.5070476531982422,[0.1000 0.1000 0.1000 0.1000 0.1000 0.1000 0.1000],[0.0000 0.0000 0.0000 0.0000 0.0000 0.0000 0.0000],0.8580942153930664,0.6766265490273741,1.0,0.0,0.5806093277017628,None
326,0.9813323020935059,0.8767619132995605,1.9253292083740234,1.5070476531982422,[0.1000 0.1000 0.1000 0.1000 0.1000 0.1000 0.1000],[0.0000 0.0000 0.0000 0.0000 0.0000 0.0000 0.0000],0.8580942153930664,0.6766265490273741,1.0,0.0,0.5806093277017628,None
326,0.9813323020935059,0.8767619132995605,1.9253292083740234,1.5070476531982422,[0.1000 0.1000 0.1000 0.1000 0.1000 0.1000 0.1000],[0.0000 0.0000 0.0000 0.0000 0.0000 0.0000 0.0000],0.8580942153930664,0.6766265490273741,1.0,0.0,0.5806093277017628,None
326,0.9813323020935059,0.8767619132995605,1.9253292083740234,1.5070476531982422,[0.1000 0.1000 0.1000 0.1000 0.1000 0.1000 0.1000],[0.0000 0.0000 0.0000 0.0000 0.0000 0.0000 0.0000],0.8580942153930664,0.6766265490273741,1.0,0.0,0.5806093277017628,None
326,0.9813323020935059,0.8767619132995605,1.9253292083740234,1.5070476531982422,[0.1000 0.1000 0.1000 0.1000 0.1000 0.1000 0.1000],[0.0000 0.0000 0.0000 0.0000 0.0000 0.0000 0.0000],0.8580942153930664,0.6766265490273741,1.0,0.0,0.5806093277017628,None
326,0.9813323020935059,0.8767619132995605,1.9253292083740234,1.5070476531982422,[0.1000 0.1000 0.1000 0.1000 0.1000 0.1000 0.1000],[0.0000 0.0000 0.0000 0.0000 0.0000 0.0000 0.0000],0.8580942153930664,0.6766265490273741,1.0,0.0,0.5806093277017628,None
326,0.9813323020935059,0.8767619132995605,1.9253292083740234,1.5070476531982422,[0.1000 0.1000 0.1000 0.1000 0.1000 0.1000 0.1000],[0.0000 0.0000 0.0000 0.0000 0.0000 0.0000 0.0000],0.8580942153930664,0.6766265490273741,1.0,0.0,0.5806093277017628,None
326,0.9813323020935059,0.8767619132995605,1.9253292083740234,1.5070476531982422,[0.1000 0.1000 0.1000 0.1000 0.1000 0.1000 0.1000],[0.0000 0.0000 0.0000 0.0000 0.0000 0.0000 0.0000],0.8580942153930664,0.6766265490273741,1.0,0.0,0.5806093277017628,None
326,0.9813323020935059,0.8767619132995605,1.9253292083740234,1.5070476531982422,[0.1000 0.1000 0.1000 0.1000 0.1000 0.1000 0.1000],[0.0000 0.0000 0.0000 0.0000 0.0000 0.0000 0.0000],0.8580942153930664,0.6766265490273741,1.0,0.0,0.5806093277017628,None
326,0.9813323020935059,0.8767619132995605,1.9253292083740234,1.5070476531982422,[0.1000 0.1000 0.1000 0.1000 0.1000 0.1000 0.1000],[0.0000 0.0000 0.0000 0.0000 0.0000 0.0000 0.0000],0.8580942153930664,0.6766265490273741,1.0,0.0,0.5806093277017628,None
326,0.9813323020935059,0.8767619132995605,1.9253292083740234,1.5070476531982422,[0.1000 0.1000 0.1000 0.1000 0.1000 0.1000 0.1000],[0.0000 0.0000 0.0000 0.0000 0.0000 0.0000 0.0000],0.8580942153930664,0.6766265490273741,1.0,0.0,0.5806093277017628,None
326,0.9813323020935059,0.8767619132995605,1.9253292083740234,1.5070476531982422,[0.1000 0.1000 0.1000 0.1000 0.1000 0.1000 0.1000],[0.0000 0.0000 0.0000 0.0000 0.0000 0.0000 0.0000],0.8580942153930664,0.6766265490273741,1.0,0.0,0.5806093277017628,None
326,0.9813323020935059,0.8767619132995605,1.9253292083740234,1.5070476531982422,[0.1000 0.1000 0.1000 0.1000 0.1000 0.1000 0.1000],[0.0000 0.0000 0.0000 0.0000 0.0000 0.0000 0.0000],0.8580942153930664,0.6766265490273741,1.0,0.0,0.5806093277017628,None
326,0.9813323020935059,0.8767619132995605,1.9253292083740234,1.5070476531982422,[0.1000 0.1000 0.1000 0.1000 0.1000 0.1000 0.1000],[0.0000 0.0000 0.0000 0.0000 0.0000 0.0000 0.0000],0.8580942153930664,0.6766265490273741,1.0,0.0,0.5806093277017628,None
326,0.9813323020935059,0.8767619132995605,1.9253292083740234,1.5070476531982422,[0.1000 0.1000 0.1000 0.1000 0.1000 0.1000 0.1000],[0.0000 0.0000 0.0000 0.0000 0.0000 0.0000 0.0000],0.8580942153930664,0.6766265490273741,1.0,0.0,0.5806093277017628,None
326,0.9813323020935059,0.8767619132995605,1.9253292083740234,1.5070476531982422,[0.1000 0.1000 0.1000 0.1000 0.1000 0.1000 0.1000],[0.0000 0.0000 0.0000 0.0000 0.0000 0.0000 0.0000],0.8580942153930664,0.6766265490273741,1.0,0.0,0.5806093277017628,None
326,0.9813323020935059,0.8767619132995605,1.9253292083740234,1.5070476531982422,[0.1000 0.1000 0.1000 0.1000 0.1000 0.1000 0.1000],[0.0000 0.0000 0.0000 0.0000 0.0000 0.0000 0.0000],0.8580942153930664,0.6766265490273741,1.0,0.0,0.5806093277017628,None
326,0.9813323020935059,0.8767619132995605,1.9253292083740234,1.5070476531982422,[0.1000 0.1000 0.1000 0.1000 0.1000 0.1000 0.1000],[0.0000 0.0000 0.0000 0.0000 0.0000 0.0000 0.0000],0.8580942153930664,0.6766265490273741,1.0,0.0,0.5806093277017628,None
326,0.9813323020935059,0.8767619132995605,1.9253292083740234,1.5070476531982422,[0.1000 0.1000 0.1000 0.1000 0.1000 0.1000 0.1000],[0.0000 0.0000 0.0000 0.0000 0.0000 0.0000 0.0000],0.8580942153930664,0.6766265490273741,1.0,0.0,0.5806093277017628,None
326,0.9813323020935059,0.8767619132995605,1.9253292083740234,1.5070476531982422,[0.1000 0.1000 0.1000 0.1000 0.1000 0.1000 0.1000],[0.0000 0.0000 0.0000 0.0000 0.0000 0.0000 0.0000],0.8580942153930664,0.6766265490273741,1.0,0.0,0.5806093277017628,None
326,0.9813323020935059,0.8767619132995605,1.9253292083740234,1.5070476531982422,[0.1000 0.1000 0.1000 0.1000 0.1000 0.1000 0.1000],[0.0000 0.0000 0.0000 0.0000 0.0000 0.0000 0.0000],0.8580942153930664,0.6766265490273741,1.0,0.0,0.5806093277017628,None
326,0.9813323020935059,0.8767619132995605,1.9253292083740234,1.5070476531982422,[0.1000 0.1000 0.1000 0.1000 0.1000 0.1000 0.1000],[0.0000 0.0000 0.0000 0.0000 0.0000 0.0000 0.0000],0.8580942153930664,0.6766265490273741,1.0,0.0,0.5806093277017628,None
326,0.9813323020935059,0.8767619132995605,1.9253292083740234,1.5070476531982422,[0.1000 0.1000 0.1000 0.1000 0.1000 0.1000 0.1000],[0.0000 0.0000 0.0000 0.0000 0.0000 0.0000 0.0000],0.8580942153930664,0.6766265490273741,1.0,0.0,0.5806093277017628,None
326,0.9813323020935059,0.8767619132995605,1.9253292083740234,1.5070476531982422,[0.1000 0.1000 0.1000 0.1000 0.1000 0.1000 0.1000],[0.0000 0.0000 0.0000 0.0000 0.0000 0.0000 0.0000],0.8580942153930664,0.6766265490273741,1.0,0.0,0.5806093277017628,None
326,0.9813323020935059,0.8767619132995605,1.9253292083740234,1.5070476531982422,[0.1000 0.1000 0.1000 0.1000 0.1000 0.1000 0.1000],[0.0000 0.0000 0.0000 0.0000 0.0000 0.0000 0.0000],0.8580942153930664,0.6766265490273741,1.0,0.0,0.5806093277017628,None
326,0.9813323020935059,0.8767619132995605,1.9253292083740234,1.5070476531982422,[0.1000 0.1000 0.1000 0.1000 0.1000 0.1000 0.1000],[0.0000 0.0000 0.0000 0.0000 0.0000 0.0000 0.0000],0.8580942153930664,0.6766265490273741,1.0,0.0,0.5806093277017628,None
326,0.9813323020935059,0.8767619132995605,1.9253292083740234,1.5070476531982422,[0.1000 0.1000 0.1000 0.1000 0.1000 0.1000 0.1000],[0.0000 0.0000 0.0000 0.0000 0.0000 0.0000 0.0000],0.8580942153930664,0.6766265490273741,1.0,0.0,0.5806093277017628,None
326,0.9813323020935059,0.8767619132995605,1.9253292083740234,1.5070476531982422,[0.1000 0.1000 0.1000 0.1000 0.1000 0.1000 0.1000],[0.0000 0.0000 0.0000 0.0000 0.0000 0.0000 0.0000],0.8580942153930664,0.6766265490273741,1.0,0.0,0.5806093277017628,None
326,0.9813323020935059,0.8767619132995605,1.9253292083740234,1.5070476531982422,[0.1000 0.1000 0.1000 0.1000 0.1000 0.1000 0.1000],[0.0000 0.0000 0.0000 0.0000 0.0000 0.0000 0.0000],0.8580942153930664,0.6766265490273741,1.0,0.0,0.5806093277017628,None
326,0.9813323020935059,0.8767619132995605,1.9253292083740234,1.5070476531982422,[0.1000 0.1000 0.1000 0.1000 0.1000 0.1000 0.1000],[0.0000 0.0000 0.0000 0.0000 0.0000 0.0000 0.0000],0.8580942153930664,0.6766265490273741,1.0,0.0,0.5806093277017628,None
326,0.9813323020935059,0.8767619132995605,1.9253292083740234,1.5070476531982422,[0.1000 0.1000 0.1000 0.1000 0.1000 0.1000 0.1000],[0.0000 0.0000 0.0000 0.0000 0.0000 0.0000 0.0000],0.8580942153930664,0.6766265490273741,1.0,0.0,0.5806093277017628,None
326,0.9813323020935059,0.8767619132995605,1.9253292083740234,1.5070476531982422,[0.1000 0.1000 0.1000 0.1000 0.1000 0.1000 0.1000],[0.0000 0.0000 0.0000 0.0000 0.0000 0.0000 0.0000],0.8580942153930664,0.6766265490273741,1.0,0.0,0.5806093277017628,None
326,0.9813323020935059,0.8767619132995605,1.9253292083740234,1.5070476531982422,[0.1000 0.1000 0.1000 0.1000 0.1000 0.1000 0.1000],[0.0000 0.0000 0.0000 0.0000 0.0000 0.0000 0.0000],0.8580942153930664,0.6766265490273741,1.0,0.0,0.5806093277017628,None
326,0.9813323020935059,0.8767619132995605,1.9253292083740234,1.5070476531982422,[0.1000 0.1000 0.1000 0.1000 0.1000 0.1000 0.1000],[0.0000 0.0000 0.0000 0.0000 0.0000 0.0000 0.0000],0.8580942153930664,0.6766265490273741,1.0,0.0,0.5806093277017628,None
326,0.9813323020935059,0.8767619132995605,1.9253292083740234,1.5070476531982422,[0.1000 0.1000 0.1000 0.1000 0.1000 0.1000 0.1000],[0.0000 0.0000 0.0000 0.0000 0.0000 0.0000 0.0000],0.8580942153930664,0.6766265490273741,1.0,0.0,0.5806093277017628,None
326,0.9813323020935059,0.8767619132995605,1.9253292083740234,1.5070476531982422,[0.1000 0.1000 0.1000 0.1000 0.1000 0.1000 0.1000],[0.0000 0.0000 0.0000 0.0000 0.0000 0.0000 0.0000],0.8580942153930664,0.6766265490273741,1.0,0.0,0.5806093277017628,None
326,0.9813323020935059,0.8767619132995605,1.9253292083740234,1.5070476531982422,[0.1000 0.1000 0.1000 0.1000 0.1000 0.1000 0.1000],[0.0000 0.0000 0.0000 0.0000 0.0000 0.0000 0.0000],0.8580942153930664,0.6766265490273741,1.0,0.0,0.5806093277017628,None
326,0.9813323020935059,0.8767619132995605,1.9253292083740234,1.5070476531982422,[0.1000 0.1000 0.1000 0.1000 0.1000 0.1000 0.1000],[0.0000 0.0000 0.0000 0.0000 0.0000 0.0000 0.0000],0.8580942153930664,0.6766265490273741,1.0,0.0,0.5806093277017628,None
326,0.9813323020935059,0.8767619132995605,1.9253292083740234,1.5070476531982422,[0.1000 0.1000 0.1000 0.1000 0.1000 0.1000 0.1000],[0.0000 0.0000 0.0000 0.0000 0.0000 0.0000 0.0000],0.8580942153930664,0.6766265490273741,1.0,0.0,0.5806093277017628,None
326,0.9813323020935059,0.8767619132995605,1.9253292083740234,1.5070476531982422,[0.1000 0.1000 0.1000 0.1000 0.1000 0.1000 0.1000],[0.0000 0.0000 0.0000 0.0000 0.0000 0.0000 0.0000],0.8580942153930664,0.6766265490273741,1.0,0.0,0.5806093277017628,None
326,0.9796749949455261,0.8713645339012146,1.9186999797821045,1.4854581356048584,[0.1075 0.1000 0.1000 0.1000 0.1000 0.1000 0.1000],[-0.0755 0.0000 0.0000 0.0000 0.0000 0.0000 0.0000],0.8510395288467407,0.6708944530332077,1.0,0.0,0.570957699215273,None
326,0.9798881411552429,0.8720477819442749,1.9195525646209717,1.4881911277770996,[0.1066 0.1000 0.1000 0.1000 0.1000 0.1000 0.1000],[-0.0661 0.0000 0.0000 0.0000 0.0000 0.0000 0.0000],0.8519359230995178,0.6716094410447097,1.0,0.0,0.5721682091187759,None
326,0.9800983667373657,0.8727243542671204,1.920393466949463,1.4908974170684814,[0.1057 0.1000 0.1000 0.1000 0.1000 0.1000 0.1000],[-0.0568 0.0000 0.0000 0.0000 0.0000 0.0000 0.0000],0.8528227210044861,0.6723202592923307,1.0,0.0,0.5733699929161271,None
326,0.9802942276000977,0.8733578324317932,1.9211769104003906,1.4934313297271729,[0.1048 0.1000 0.1000 0.1000 0.1000 0.1000 0.1000],[-0.0481 0.0000 0.0000 0.0000 0.0000 0.0000 0.0000],0.8536520600318909,0.6729886925987048,1.0,0.0,0.5744981838150532,None
326,0.9804890155792236,0.8739902973175049,1.9219560623168945,1.4959611892700195,[0.1039 0.1000 0.1000 0.1000 0.1000 0.1000 0.1000],[-0.0393 0.0000 0.0000 0.0000 0.0000 0.0000 0.0000],0.8544793128967285,0.6736585863520863,1.0,0.0,0.5756273259931122,None
326,0.9806846976280212,0.8746288418769836,1.922738790512085,1.4985153675079346,[0.1030 0.1000 0.1000 0.1000 0.1000 0.1000 0.1000],[-0.0303 0.0000 0.0000 0.0000 0.0000 0.0000 0.0000],0.8553135395050049,0.6743378195874787,1.0,0.0,0.5767702672934538,None
326,0.9808837175369263,0.8752809762954712,1.923534870147705,1.5011239051818848,[0.1021 0.1000 0.1000 0.1000 0.1000 0.1000 0.1000],[-0.0211 0.0000 0.0000 0.0000 0.0000 0.0000 0.0000],0.8561646938323975,0.6750342460482104,1.0,0.0,0.5779404885942493,None
326,0.9810850620269775,0.8759437799453735,1.9243402481079102,1.5037751197814941,[0.1012 0.1000 0.1000 0.1000 0.1000 0.1000 0.1000],[-0.0117 0.0000 0.0000 0.0000 0.0000 0.0000 0.0000],0.8570288419723511,0.675745035378633,1.0,0.0,0.5791329851391152,None
326,0.9812631607055664,0.876532793045044,1.9250526428222656,1.5061311721801758,[0.1003 0.1000 0.1000 0.1000 0.1000 0.1000 0.1000],[-0.0033 0.0000 0.0000 0.0000 0.0000 0.0000 0.0000],0.8577959537506104,0.6763792842531207,1.0,0.0,0.5801954132330608,None
326,0.9814525246620178,0.87716144323349,1.9258100986480713,1.50864577293396,[0.0994 0.1000 0.1000 0.1000 0.1000 0.1000 0.1000],[0.0058 0.0000 0.0000 0.0000 0.0000 0.0000 0.0000],0.8586139678955078,0.6770587028134558,0.9942379593849182,0.005762040615081843,0.5779824003841909,None
326,0.9816461205482483,0.8778069615364075,1.9265844821929932,1.5112278461456299,[0.0985 0.1000 0.1000 0.1000 0.1000 0.1000 0.1000],[0.0151 0.0000 0.0000 0.0000 0.0000 0.0000 0.0000],0.8594530820846558,0.6777591599256221,0.9848743677139282,0.015125632286071833,0.5736914848426544,None
326,0.9818345904350281,0.8784386515617371,1.9273383617401123,1.5137546062469482,[0.0976 0.1000 0.1000 0.1000 0.1000 0.1000 0.1000],[0.0244 0.0000 0.0000 0.0000 0.0000 0.0000 0.0000],0.8602732419967651,0.6784476109973819,0.9756474941968918,0.02435250580310827,0.5694369778907299,None
326,0.9820246696472168,0.8790784478187561,1.9280986785888672,1.5163137912750244,[0.0966 0.1000 0.1000 0.1000 0.1000 0.1000 0.1000],[0.0338 0.0000 0.0000 0.0000 0.0000 0.0000 0.0000],0.8611031174659729,0.6791476635141007,0.9662318974733353,0.03376810252666479,0.5650680378747367,None
326,0.9821970462799072,0.8796612620353699,1.928788185119629,1.5186450481414795,[0.0958 0.1000 0.1000 0.1000 0.1000 0.1000 0.1000],[0.0424 0.0000 0.0000 0.0000 0.0000 0.0000 0.0000],0.8618583083152771,0.6797879074042685,0.9575964510440826,0.042403548955917414,0.561037428333617,None
326,0.9823607206344604,0.8802172541618347,1.9294428825378418,1.5208690166473389,[0.0949 0.1000 0.1000 0.1000 0.1000 0.1000 0.1000],[0.0507 0.0000 0.0000 0.0000 0.0000 0.0000 0.0000],0.8625779747962952,0.6804010849946049,0.9493030607700348,0.050696939229965265,0.5571450075165371,None
326,0.9825279116630554,0.8807869553565979,1.9301116466522217,1.5231478214263916,[0.0941 0.1000 0.1000 0.1000 0.1000 0.1000 0.1000],[0.0593 0.0000 0.0000 0.0000 0.0000 0.0000 0.0000],0.8633148670196533,0.6810314179947223,0.940747857093811,0.05925214290618902,0.5531075736796164,None
326,0.9826992750167847,0.8813737630844116,1.9307971000671387,1.5254950523376465,[0.0932 0.1000 0.1000 0.1000 0.1000 0.1000 0.1000],[0.0681 0.0000 0.0000 0.0000 0.0000 0.0000 0.0000],0.8640730381011963,0.6816833150267283,0.9318758547306061,0.06812414526939398,0.5488974047068119,None
326,0.982862651348114,0.8819355964660645,1.931450605392456,1.5277423858642578,[0.0923 0.1000 0.1000 0.1000 0.1000 0.1000 0.1000],[0.0767 0.0000 0.0000 0.0000 0.0000 0.0000 0.0000],0.8647982478141785,0.6823098130535827,0.9233234077692032,0.07667659223079687,0.5448165154192086,None
326,0.9830233454704285,0.8824906349182129,1.9320933818817139,1.5299625396728516,[0.0915 0.1000 0.1000 0.1000 0.1000 0.1000 0.1000],[0.0852 0.0000 0.0000 0.0000 0.0000 0.0000 0.0000],0.8655139803886414,0.6829310634070005,0.9148168563842773,0.08518314361572271,0.5407357867663124,None
326,0.9831758737564087,0.8830194473266602,1.9327034950256348,1.5320777893066406,[0.0907 0.1000 0.1000 0.1000 0.1000 0.1000 0.1000],[0.0933 0.0000 0.0000 0.0000 0.0000 0.0000 0.0000],0.8661953210830688,0.6835249987285749,0.906657800078392,0.09334219992160803,0.5368013982659143,None
326,0.9833340048789978,0.8835698962211609,1.9333360195159912,1.5342795848846436,[0.0898 0.1000 0.1000 0.1000 0.1000 0.1000 0.1000],[0.1019 0.0000 0.0000 0.0000 0.0000 0.0000 0.0000],0.8669039011001587,0.6841454311588371,0.8981091529130936,0.10189084708690649,0.5326580695062996,None
326,0.9834905862808228,0.884117066860199,1.933962345123291,1.536468267440796,[0.0890 0.1000 0.1000 0.1000 0.1000 0.1000 0.1000],[0.1104 0.0000 0.0000 0.0000 0.0000 0.0000 0.0000],0.8676076531410217,0.684764343037429,0.8895526081323624,0.11044739186763769,0.5284892397655018,None
326,0.9836595058441162,0.8847100138664246,1.9346380233764648,1.5388400554656982,[0.0880 0.1000 0.1000 0.1000 0.1000 0.1000 0.1000],[0.1198 0.0000 0.0000 0.0000 0.0000 0.0000 0.0000],0.8683695197105408,0.6854376183049034,0.8802130073308945,0.11978699266910559,0.5239143439123747,None
326,0.9838284254074097,0.8853060007095337,1.9353137016296387,1.5412240028381348,[0.0871 0.1000 0.1000 0.1000 0.1000 0.1000 0.1000],[0.1292 0.0000 0.0000 0.0000 0.0000 0.0000 0.0000],0.8691344261169434,0.6861171799892897,0.8707547187805176,0.12924528121948248,0.5192554734740489,None
326,0.9839900732040405,0.8858788013458252,1.935960292816162,1.5435152053833008,[0.0862 0.1000 0.1000 0.1000 0.1000 0.1000 0.1000],[0.1384 0.0000 0.0000 0.0000 0.0000 0.0000 0.0000],0.8698688745498657,0.6867728111127398,0.8615962415933609,0.13840375840663915,0.5147195697426115,None
326,0.9841488003730774,0.8864433169364929,1.9365952014923096,1.5457732677459717,[0.0853 0.1000 0.1000 0.1000 0.1000 0.1000 0.1000],[0.1475 0.0000 0.0000 0.0000 0.0000 0.0000 0.0000],0.8705921173095703,0.6874212364273855,0.8525016903877258,0.14749830961227423,0.5101911536587815,None
326,0.9843053221702576,0.8870025873184204,1.9372212886810303,1.5480103492736816,[0.0843 0.1000 0.1000 0.1000 0.1000 0.1000 0.1000],[0.1566 0.0000 0.0000 0.0000 0.0000 0.0000 0.0000],0.871307909488678,0.6880661370549245,0.8434262126684189,0.15657378733158117,0.5056487470144869,None
326,0.9844496846199036,0.8875210881233215,1.9377987384796143,1.5500843524932861,[0.0835 0.1000 0.1000 0.1000 0.1000 0.1000 0.1000],[0.1650 0.0000 0.0000 0.0000 0.0000 0.0000 0.0000],0.8719707727432251,0.6886664224716806,0.834951177239418,0.16504882276058203,0.5013856708708299,None
326,0.9845980405807495,0.8880555033683777,1.938392162322998,1.5522220134735107,[0.0826 0.1000 0.1000 0.1000 0.1000 0.1000 0.1000],[0.1738 0.0000 0.0000 0.0000 0.0000 0.0000 0.0000],0.8726535439491272,0.6892870501373143,0.8261546492576599,0.17384535074234014,0.49693928103246937,None
326,0.9847532510757446,0.8886176943778992,1.9390130043029785,1.5544707775115967,[0.0817 0.1000 0.1000 0.1000 0.1000 0.1000 0.1000],[0.1832 0.0000 0.0000 0.0000 0.0000 0.0000 0.0000],0.8733709454536438,0.6899426557911497,0.8168304711580276,0.1831695288419724,0.4922023314714691,None
326,0.9849024415016174,0.88916015625,1.9396097660064697,1.556640625,[0.0808 0.1000 0.1000 0.1000 0.1000 0.1000 0.1000],[0.1922 0.0000 0.0000 0.0000 0.0000 0.0000 0.0000],0.8740625977516174,0.6905774971796372,0.8077681064605713,0.19223189353942877,0.4875752598094497,None
326,0.9847947955131531,0.8880220651626587,1.9391791820526123,1.5520882606506348,[0.0799 0.1067 0.1000 0.1000 0.1000 0.1000 0.1000],[0.2009 -0.0673 0.0000 0.0000 0.0000 0.0000 0.0000],0.8728168606758118,0.6889168433513406,0.7991266995668411,0.20087330043315893,0.4805134751741095,None
326,0.9849792122840881,0.8888342380523682,1.9399168491363525,1.5553369522094727,[0.0791 0.1055 0.1000 0.1000 0.1000 0.1000 0.1000],[0.2094 -0.0550 0.0000 0.0000 0.0000 0.0000 0.0000],0.8738134503364563,0.6899274694015609,0.7906467467546463,0.20935325324535375,0.4766555458499805,None
326,0.9851709008216858,0.8896847367286682,1.9406836032867432,1.5587389469146729,[0.0782 0.1042 0.1000 0.1000 0.1000 0.1000 0.1000],[0.2183 -0.0418 0.0000 0.0000 0.0000 0.0000 0.0000],0.874855637550354,0.6909916439754136,0.7817386835813522,0.21826131641864782,0.4725750548896415,None
326,0.9853569865226746,0.8905133605003357,1.9414279460906982,1.5620534420013428,[0.0773 0.1029 0.1000 0.1000 0.1000 0.1000 0.1000],[0.2271 -0.0289 0.0000 0.0000 0.0000 0.0000 0.0000],0.8758703470230103,0.6920330764151142,0.7729438692331314,0.22705613076686865,0.4685054342495962,None
326,0.9855437278747559,0.8913493156433105,1.9421749114990234,1.5653972625732422,[0.0764 0.1016 0.1000 0.1000 0.1000 0.1000 0.1000],[0.2360 -0.0157 0.0000 0.0000 0.0000 0.0000 0.0000],0.8768930435180664,0.6930889180374138,0.7639776915311813,0.23602230846881872,0.4643187876823618,None
326,0.9857277274131775,0.8921762704849243,1.94291090965271,1.5687050819396973,[0.0755 0.1003 0.1000 0.1000 0.1000 0.1000 0.1000],[0.2450 -0.0026 0.0000 0.0000 0.0000 0.0000 0.0000],0.8779039978981018,0.6941381734700239,0.7549895346164703,0.24501046538352972,0.4600805641098814,None
326,0.985903799533844,0.89296954870224,1.943615198135376,1.57187819480896,[0.0746 0.0990 0.1000 0.1000 0.1000 0.1000 0.1000],[0.2538 0.0099 0.0000 0.0000 0.0000 0.0000 0.0000],0.878873348236084,0.6951488054286091,0.7462185621261597,0.2537814378738404,0.455900557620413,None
326,0.9860743880271912,0.8937415480613708,1.9442975521087646,1.5749661922454834,[0.0738 0.0978 0.1000 0.1000 0.1000 0.1000 0.1000],[0.2624 0.0221 0.0000 0.0000 0.0000 0.0000 0.0000],0.879815936088562,0.6961368071552261,0.737585574388504,0.262414425611496,0.4517507012056583,None
326,0.9862464666366577,0.8945243954658508,1.9449858665466309,1.5780975818634033,[0.0729 0.0965 0.1000 0.1000 0.1000 0.1000 0.1000],[0.2712 0.0347 0.0000 0.0000 0.0000 0.0000 0.0000],0.8807708621025085,0.697143480884418,0.7287614047527313,0.27123859524726873,0.44747674841466223,None
326,0.9864155650138855,0.8952969908714294,1.945662260055542,1.5811879634857178,[0.0720 0.0953 0.1000 0.1000 0.1000 0.1000 0.1000],[0.2801 0.0473 0.0000 0.0000 0.0000 0.0000 0.0000],0.8817125558853149,0.6981414666727872,0.7199398428201675,0.2800601571798325,0.4431662394442517,None
326,0.9865843653678894,0.8960721492767334,1.9463374614715576,1.5842885971069336,[0.0711 0.0940 0.1000 0.1000 0.1000 0.1000 0.1000],[0.2890 0.0600 0.0000 0.0000 0.0000 0.0000 0.0000],0.8826565146446228,0.6991475177247892,0.7109960913658142,0.28900390863418585,0.43876074402962173,None
326,0.9867353439331055,0.8967651128768921,1.9469413757324219,1.5870604515075684,[0.0703 0.0929 0.1000 0.1000 0.1000 0.1000 0.1000],[0.2972 0.0712 0.0000 0.0000 0.0000 0.0000 0.0000],0.8835004568099976,0.7000496190097212,0.7028138637542725,0.2971861362457276,0.43468626902327273,None
326,0.9868906736373901,0.8974791169166565,1.9475626945495605,1.589916467666626,[0.0694 0.0917 0.1000 0.1000 0.1000 0.1000 0.1000],[0.3058 0.0827 0.0000 0.0000 0.0000 0.0000 0.0000],0.8843697905540466,0.7009823471419561,0.6942153722047806,0.3057846277952195,0.43036327757416515,None
326,0.9870449900627136,0.898190975189209,1.9481799602508545,1.592763900756836,[0.0686 0.0906 0.1000 0.1000 0.1000 0.1000 0.1000],[0.3145 0.0942 0.0000 0.0000 0.0000 0.0000 0.0000],0.8852359652519226,0.7019160942393826,0.6855436414480209,0.3144563585519791,0.42597033707434245,None
326,0.9871970415115356,0.8988937735557556,1.9487881660461426,1.5955750942230225,[0.0677 0.0894 0.1000 0.1000 0.1000 0.1000 0.1000],[0.3232 0.1056 0.0000 0.0000 0.0000 0.0000 0.0000],0.8860908150672913,0.7028413421153945,0.6768228858709335,0.3231771141290665,0.42151260810150265,None
326,0.987345278263092,0.8995739221572876,1.9493811130523682,1.5982956886291504,[0.0668 0.0884 0.1000 0.1000 0.1000 0.1000 0.1000],[0.3320 0.1160 0.0000 0.0000 0.0000 0.0000 0.0000],0.8869192004203796,0.7037376903725274,0.6679973751306534,0.3320026248693467,0.4169362193923579,None
326,0.9874901175498962,0.900248646736145,1.949960470199585,1.60099458694458,[0.0659 0.0873 0.1000 0.1000 0.1000 0.1000 0.1000],[0.3406 0.1270 0.0000 0.0000 0.0000 0.0000 0.0000],0.8877387642860413,0.7046333281940036,0.6594235450029373,0.34057645499706274,0.41248942115136095,None
326,0.987633466720581,0.9009253978729248,1.9505338668823242,1.6037015914916992,[0.0651 0.0861 0.1000 0.1000 0.1000 0.1000 0.1000],[0.3490 0.1388 0.0000 0.0000 0.0000 0.0000 0.0000],0.8885588645935059,0.7055376614104,0.6509565562009811,0.3490434437990189,0.4080923094935786,None
326,0.9877769947052002,0.9016060829162598,1.9511079788208008,1.606424331665039,[0.0642 0.0849 0.1000 0.1000 0.1000 0.1000 0.1000],[0.3576 0.1508 0.0000 0.0000 0.0000 0.0000 0.0000],0.88938307762146,0.706451176481764,0.6423544883728027,0.3576455116271973,0.4035950002942422,None
326,0.9879191517829895,0.9022827744483948,1.951676607131958,1.609131097793579,[0.0634 0.0837 0.1000 0.1000 0.1000 0.1000 0.1000],[0.3663 0.1629 0.0000 0.0000 0.0000 0.0000 0.0000],0.8902019262313843,0.7073630622518841,0.6337110698223114,0.36628893017768865,0.39904530083025275,None
326,0.9880555272102356,0.902932345867157,1.9522221088409424,1.611729383468628,[0.0625 0.0826 0.1000 0.1000 0.1000 0.1000 0.1000],[0.3748 0.1744 0.0000 0.0000 0.0000 0.0000 0.0000],0.8909878730773926,0.7082412274787978,0.6252206861972809,0.37477931380271917,0.39453572613058885,None
326,0.9881998300552368,0.9036203622817993,1.9527993202209473,1.6144814491271973,[0.0616 0.0814 0.1000 0.1000 0.1000 0.1000 0.1000],[0.3840 0.1865 0.0000 0.0000 0.0000 0.0000 0.0000],0.8918201923370361,0.7091745063213379,0.6160446628928185,0.3839553371071816,0.38962123241185914,None
326,0.9883330464363098,0.9042589664459229,1.9533321857452393,1.6170358657836914,[0.0607 0.0802 0.1000 0.1000 0.1000 0.1000 0.1000],[0.3925 0.1979 0.0000 0.0000 0.0000 0.0000 0.0000],0.8925920128822327,0.7100446931156683,0.6074652448296547,0.39253475517034536,0.384999457643088,None
326,0.9884669780731201,0.9049035310745239,1.9538679122924805,1.6196141242980957,[0.0599 0.0790 0.1000 0.1000 0.1000 0.1000 0.1000],[0.4013 0.2097 0.0000 0.0000 0.0000 0.0000 0.0000],0.893370509147644,0.7109265716144146,0.5987056344747543,0.4012943655252457,0.3802504214389314,None
326,0.9885975122451782,0.9055337309837341,1.954390048980713,1.6221349239349365,[0.0590 0.0779 0.1000 0.1000 0.1000 0.1000 0.1000],[0.4100 0.2211 0.0000 0.0000 0.0000 0.0000 0.0000],0.8941312432289124,0.7117921214445309,0.5899916589260101,0.4100083410739899,0.37549168037975217,None
326,0.988734781742096,0.9061983227729797,1.9549391269683838,1.624793291091919,[0.0581 0.0767 0.1000 0.1000 0.1000 0.1000 0.1000],[0.4193 0.2334 0.0000 0.0000 0.0000 0.0000 0.0000],0.8949331045150757,0.7127084077646612,0.5806898325681686,0.4193101674318314,0.3703792752130674,None
326,0.988851010799408,0.9067634344100952,1.9554040431976318,1.6270537376403809,[0.0573 0.0756 0.1000 0.1000 0.1000 0.1000 0.1000],[0.4273 0.2439 0.0000 0.0000 0.0000 0.0000 0.0000],0.8956144452095032,0.7134907045324484,0.5726999044418335,0.42730009555816656,0.3659624443633055,None
326,0.9889772534370422,0.9073789715766907,1.955909013748169,1.6295158863067627,[0.0564 0.0744 0.1000 0.1000 0.1000 0.1000 0.1000],[0.4361 0.2555 0.0000 0.0000 0.0000 0.0000 0.0000],0.8963562250137329,0.7143458702200307,0.5638756603002548,0.43612433969974523,0.36105430356753143,None
326,0.9891034364700317,0.907997727394104,1.956413745880127,1.631990909576416,[0.0555 0.0733 0.1000 0.1000 0.1000 0.1000 0.1000],[0.4450 0.2675 0.0000 0.0000 0.0000 0.0000 0.0000],0.8971011638641357,0.7152093592199215,0.5549563467502594,0.44504365324974066,0.35606839886598884,None
326,0.9892274141311646,0.9086093902587891,1.9569096565246582,1.6344375610351562,[0.0546 0.0720 0.1000 0.1000 0.1000 0.1000 0.1000],[0.4539 0.2795 0.0000 0.0000 0.0000 0.0000 0.0000],0.8978368043899536,0.7160668672515033,0.5460595712065697,0.4539404287934304,0.35106780754632344,None
326,0.9893544912338257,0.9092385172843933,1.9574179649353027,1.6369540691375732,[0.0537 0.0708 0.1000 0.1000 0.1000 0.1000 0.1000],[0.4632 0.2921 0.0000 0.0000 0.0000 0.0000 0.0000],0.898593008518219,0.7169523468575788,0.5368165671825409,0.46318343281745916,0.34584319642459305,None
326,0.989476203918457,0.9098413586616516,1.9579048156738281,1.6393654346466064,[0.0528 0.0696 0.1000 0.1000 0.1000 0.1000 0.1000],[0.4723 0.3041 0.0000 0.0000 0.0000 0.0000 0.0000],0.8993175625801086,0.7178035342942697,0.5277402326464653,0.47225976735353475,0.3406739070494758,None
326,0.9895948171615601,0.9104317426681519,1.9583792686462402,1.6417269706726074,[0.0519 0.0684 0.1000 0.1000 0.1000 0.1000 0.1000],[0.4812 0.3161 0.0000 0.0000 0.0000 0.0000 0.0000],0.9000265598297119,0.7186406665962399,0.51877211779356,0.48122788220644,0.33553956827821996,None
326,0.9897135496139526,0.9110239148139954,1.9588541984558105,1.6440956592559814,[0.0510 0.0672 0.1000 0.1000 0.1000 0.1000 0.1000],[0.4904 0.3282 0.0000 0.0000 0.0000 0.0000 0.0000],0.900737464427948,0.7194832718001344,0.5096327885985374,0.4903672114014626,0.330275447294758,None
326,0.9898310303688049,0.9116116166114807,1.9593241214752197,1.6464464664459229,[0.0500 0.0660 0.1000 0.1000 0.1000 0.1000 0.1000],[0.4996 0.3403 0.0000 0.0000 0.0000 0.0000 0.0000],0.9014426469802856,0.720322661344677,0.500417910516262,0.499582089483738,0.32493614491558437,None
326,0.9899439811706543,0.912178099155426,1.9597759246826172,1.648712396621704,[0.0491 0.0648 0.1000 0.1000 0.1000 0.1000 0.1000],[0.5086 0.3522 0.0000 0.0000 0.0000 0.0000 0.0000],0.9021220803260803,0.7211346525377735,0.4914110526442528,0.5085889473557472,0.31968819394621395,None
326,0.9900645613670349,0.9127848744392395,1.9602582454681396,1.651139497756958,[0.0482 0.0635 0.1000 0.1000 0.1000 0.1000 0.1000],[0.5184 0.3650 0.0000 0.0000 0.0000 0.0000 0.0000],0.9028494358062744,0.7220077574323424,0.4816180467605591,0.5183819532394409,0.31394960920704884,None
326,0.9901652932167053,0.9132933020591736,1.9606611728668213,1.6531732082366943,[0.0473 0.0624 0.1000 0.1000 0.1000 0.1000 0.1000],[0.5267 0.3759 0.0000 0.0000 0.0000 0.0000 0.0000],0.9034585952758789,0.7227420133566361,0.4733046516776085,0.5266953483223915,0.3090525476348695,None
326,0.9902746677398682,0.9138476848602295,1.9610986709594727,1.655390739440918,[0.0464 0.0612 0.1000 0.1000 0.1000 0.1000 0.1000],[0.5359 0.3879 0.0000 0.0000 0.0000 0.0000 0.0000],0.9041223526000977,0.7235456947710188,0.4641195759177208,0.5358804240822792,0.3036148832340623,None
326,0.9903824925422668,0.9143941402435303,1.9615299701690674,1.657576560974121,[0.0455 0.0600 0.1000 0.1000 0.1000 0.1000 0.1000],[0.5451 0.3998 0.0000 0.0000 0.0000 0.0000 0.0000],0.9047766327857971,0.7243401510942579,0.4548896476626396,0.5451103523373604,0.29811922834421073,None
326,0.9904869198799133,0.9149237275123596,1.9619476795196533,1.6596949100494385,[0.0446 0.0589 0.1000 0.1000 0.1000 0.1000 0.1000],[0.5542 0.4114 0.0000 0.0000 0.0000 0.0000 0.0000],0.905410647392273,0.7251124004842093,0.4457642510533333,0.5542357489466667,0.29265514667124337,None
326,0.9904828071594238,0.9156351685523987,1.9619312286376953,1.6625406742095947,[0.0436 0.0575 0.1061 0.1000 0.1000 0.1000 0.1000],[0.5644 0.4246 -0.0614 0.0000 0.0000 0.0000 0.0000],0.9061179757118225,0.726417035239719,0.43560948222875595,0.564390517771244,0.2867266701781737,None
326,0.9906191825866699,0.9160941243171692,1.9624767303466797,1.6643764972686768,[0.0427 0.0564 0.1042 0.1000 0.1000 0.1000 0.1000],[0.5732 0.4359 -0.0421 0.0000 0.0000 0.0000 0.0000],0.9067133069038391,0.7270072193820856,0.4267926514148712,0.5732073485851288,0.28133621873566533,None
326,0.9907544851303101,0.916554868221283,1.9630179405212402,1.6662194728851318,[0.0418 0.0553 0.1023 0.1000 0.1000 0.1000 0.1000],[0.5822 0.4473 -0.0227 0.0000 0.0000 0.0000 0.0000],0.907309353351593,0.7276039337489855,0.4178287461400032,0.5821712538599968,0.2758345999677852,None
326,0.9908893704414368,0.917017936706543,1.963557481765747,1.6680717468261719,[0.0409 0.0541 0.1003 0.1000 0.1000 0.1000 0.1000],[0.5913 0.4590 -0.0029 0.0000 0.0000 0.0000 0.0000],0.9079073071479797,0.7282070020495491,0.4087125137448311,0.5912874862551689,0.270218013490902,None
326,0.9910178184509277,0.9174651503562927,1.964071273803711,1.669860601425171,[0.0400 0.0530 0.0984 0.1000 0.1000 0.1000 0.1000],[0.6002 0.4704 0.0161 0.0000 0.0000 0.0000 0.0000],0.9084829688072205,0.7287940485633935,0.399782694876194,0.600217305123806,0.26469491528875866,None
326,0.9911389946937561,0.9178951382637024,1.9645559787750244,1.6715805530548096,[0.0391 0.0519 0.0966 0.1000 0.1000 0.1000 0.1000],[0.6089 0.4813 0.0340 0.0000 0.0000 0.0000 0.0000],0.9090341329574585,0.729363977951837,0.3910748288035393,0.6089251711964607,0.2592891625115966,None
326,0.9912603497505188,0.9183268547058105,1.9650413990020752,1.6733074188232422,[0.0382 0.0508 0.0948 0.1000 0.1000 0.1000 0.1000],[0.6178 0.4924 0.0525 0.0000 0.0000 0.0000 0.0000],0.9095872044563293,0.7299379792627103,0.38223642855882645,0.6177635714411736,0.25378291287427707,None
326,0.9913839101791382,0.9187770485877991,1.9655356407165527,1.6751081943511963,[0.0373 0.0496 0.0929 0.1000 0.1000 0.1000 0.1000],[0.6271 0.5040 0.0711 0.0000 0.0000 0.0000 0.0000],0.9101609587669373,0.7305433957177165,0.37286732345819473,0.6271326765418053,0.2479239866602566,None
326,0.9915059208869934,0.9192191362380981,1.9660236835479736,1.6768765449523926,[0.0364 0.0484 0.0910 0.1000 0.1000 0.1000 0.1000],[0.6364 0.5158 0.0905 0.0000 0.0000 0.0000 0.0000],0.9107250571250916,0.731137982137872,0.363583005964756,0.636416994035244,0.24209744570271435,None
326,0.99162757396698,0.9196614027023315,1.96651029586792,1.6786456108093262,[0.0354 0.0472 0.0889 0.1000 0.1000 0.1000 0.1000],[0.6458 0.5278 0.1106 0.0000 0.0000 0.0000 0.0000],0.9112889766693115,0.731734886232577,0.3541906550526619,0.6458093449473381,0.23618209819777547,None
326,0.9917435050010681,0.9200907349586487,1.9669740200042725,1.6803629398345947,[0.0345 0.0461 0.0870 0.1000 0.1000 0.1000 0.1000],[0.6551 0.5394 0.1298 0.0000 0.0000 0.0000 0.0000],0.9118342399597168,0.7323196495025841,0.3449300304055214,0.6550699695944786,0.23032845271329716,None
326,0.991849422454834,0.9204922914505005,1.967397689819336,1.681969165802002,[0.0336 0.0450 0.0853 0.1000 0.1000 0.1000 0.1000],[0.6639 0.5503 0.1470 0.0000 0.0000 0.0000 0.0000],0.9123417139053345,0.7328724443185737,0.33612173050642014,0.6638782694935799,0.22474110692724428,None
326,0.9919524788856506,0.9208893179893494,1.9678099155426025,1.6835572719573975,[0.0327 0.0439 0.0836 0.1000 0.1000 0.1000 0.1000],[0.6727 0.5610 0.1637 0.0000 0.0000 0.0000 0.0000],0.912841796875,0.7334232551472255,0.3272881731390953,0.6727118268609047,0.21911923623053625,None
326,0.9920626282691956,0.9213142991065979,1.9682505130767822,1.6852571964263916,[0.0318 0.0427 0.0818 0.1000 0.1000 0.1000 0.1000],[0.6823 0.5728 0.1823 0.0000 0.0000 0.0000 0.0000],0.9133769273757935,0.7340144192581153,0.31772542744874954,0.6822745725512505,0.21301324132250735,None
326,0.9921562671661377,0.921678900718689,1.9686250686645508,1.6867156028747559,[0.0309 0.0417 0.0802 0.1000 0.1000 0.1000 0.1000],[0.6906 0.5830 0.1985 0.0000 0.0000 0.0000 0.0000],0.9138351678848267,0.734524263919565,0.30941709876060486,0.6905829012393951,0.20769130905950253,None
326,0.9922592043876648,0.9220823049545288,1.9690368175506592,1.6883292198181152,[0.0300 0.0406 0.0783 0.1000 0.1000 0.1000 0.1000],[0.6999 0.5945 0.2167 0.0000 0.0000 0.0000 0.0000],0.9143415093421936,0.7350907713326393,0.30011512339115143,0.6998848766088486,0.2017145788039126,None
326,0.9923612475395203,0.9224863052368164,1.969444990158081,1.6899452209472656,[0.0291 0.0394 0.0765 0.1000 0.1000 0.1000 0.1000],[0.7093 0.6061 0.2350 0.0000 0.0000 0.0000 0.0000],0.9148475527763367,0.7356613113774227,0.2906719967722893,0.7093280032277107,0.19562747150225313,None
326,0.9924598336219788,0.9228805899620056,1.969839334487915,1.6915223598480225,[0.0281 0.0382 0.0747 0.1000 0.1000 0.1000 0.1000],[0.7187 0.6176 0.2531 0.0000 0.0000 0.0000 0.0000],0.9153404235839844,0.7362212221197977,0.2813274413347244,0.7186725586652756,0.18958460616938658,None
326,0.9925578832626343,0.923275887966156,1.970231533050537,1.693103551864624,[0.0272 0.0371 0.0728 0.1000 0.1000 0.1000 0.1000],[0.7282 0.6293 0.2717 0.0000 0.0000 0.0000 0.0000],0.9158337712287903,0.7367852677062352,0.2718362584710121,0.7281637415289879,0.1834277215091522,None
326,0.9926578402519226,0.9236910939216614,1.9706313610076904,1.6947643756866455,[0.0262 0.0359 0.0710 0.1000 0.1000 0.1000 0.1000],[0.7383 0.6414 0.2897 0.0000 0.0000 0.0000 0.0000],0.916348934173584,0.7373847941754681,0.2616659551858902,0.7383340448141098,0.1768081491250201,None
326,0.9927428960800171,0.9240416288375854,1.9709715843200684,1.6961665153503418,[0.0253 0.0348 0.0694 0.1000 0.1000 0.1000 0.1000],[0.7470 0.6520 0.3063 0.0000 0.0000 0.0000 0.0000],0.9167845249176025,0.7378907341538044,0.25300364941358566,0.7469963505864143,0.17115363073667192,None
326,0.9928334951400757,0.9244201183319092,1.9713339805603027,1.6976804733276367,[0.0244 0.0337 0.0676 0.1000 0.1000 0.1000 0.1000],[0.7565 0.6635 0.3240 0.0000 0.0000 0.0000 0.0000],0.9172536134719849,0.7384404908855988,0.24351388216018677,0.7564861178398132,0.16494101319744822,None
326,0.9929221868515015,0.9247948527336121,1.9716887474060059,1.6991794109344482,[0.0234 0.0325 0.0658 0.1000 0.1000 0.1000 0.1000],[0.7660 0.6750 0.3416 0.0000 0.0000 0.0000 0.0000],0.9177170395851135,0.7389878659566007,0.23398194462060928,0.7660180553793907,0.15868228622368097,None
326,0.993008017539978,0.9251605868339539,1.972032070159912,1.7006423473358154,[0.0225 0.0314 0.0641 0.1000 0.1000 0.1000 0.1000],[0.7754 0.6864 0.3590 0.0000 0.0000 0.0000 0.0000],0.9181686043739319,0.7395246063329126,0.22455114871263504,0.775448851287365,0.15247208829311815,None
326,0.9930911064147949,0.9255179762840271,1.9723644256591797,1.7020719051361084,[0.0215 0.0302 0.0624 0.1000 0.1000 0.1000 0.1000],[0.7848 0.6976 0.3762 0.0000 0.0000 0.0000 0.0000],0.918609082698822,0.7400516779612382,0.21520886570215225,0.7847911342978477,0.1463029022081904,None
326,0.9931713342666626,0.9258661270141602,1.9726853370666504,1.7034645080566406,[0.0206 0.0291 0.0607 0.1000 0.1000 0.1000 0.1000],[0.7940 0.7087 0.3930 0.0000 0.0000 0.0000 0.0000],0.9190374612808228,0.7405675285310214,0.20597897469997406,0.7940210253000259,0.14019120605884072,None
326,0.9932490587234497,0.9262075424194336,1.9729962348937988,1.7048301696777344,[0.0197 0.0280 0.0590 0.1000 0.1000 0.1000 0.1000],[0.8032 0.7197 0.4096 0.0000 0.0000 0.0000 0.0000],0.9194566011428833,0.7410762345708373,0.19680362194776535,0.8031963780522346,0.13409951532031011,None
326,0.9933264255523682,0.9265528321266174,1.9733057022094727,1.7062113285064697,[0.0187 0.0269 0.0574 0.1000 0.1000 0.1000 0.1000],[0.8126 0.7309 0.4260 0.0000 0.0000 0.0000 0.0000],0.9198792576789856,0.741594130434793,0.18736902624368668,0.8126309737563133,0.12781885112136324,None
326,0.9934026598930359,0.9268955588340759,1.9736106395721436,1.7075822353363037,[0.0178 0.0258 0.0557 0.1000 0.1000 0.1000 0.1000],[0.8221 0.7421 0.4425 0.0000 0.0000 0.0000 0.0000],0.9202982187271118,0.7421102928402143,0.17787743359804153,0.8221225664019585,0.12148366665609334,None
326,0.9934796094894409,0.9272410869598389,1.9739184379577637,1.7089643478393555,[0.0168 0.0246 0.0540 0.1000 0.1000 0.1000 0.1000],[0.8318 0.7537 0.4602 0.0000 0.0000 0.0000 0.0000],0.9207206964492798,0.7426315432505335,0.16820896416902542,0.8317910358309746,0.11501392747952278,None
326,0.9935550093650818,0.9275844097137451,1.9742200374603271,1.7103376388549805,[0.0158 0.0235 0.0522 0.1000 0.1000 0.1000 0.1000],[0.8416 0.7654 0.4775 0.0000 0.0000 0.0000 0.0000],0.9211394190788269,0.7431525751514401,0.15844080597162247,0.8415591940283775,0.10846019921854659,None
326,0.993627667427063,0.9279204607009888,1.974510669708252,1.711681842803955,[0.0149 0.0223 0.0506 0.1000 0.1000 0.1000 0.1000],[0.8513 0.7768 0.4941 0.0000 0.0000 0.0000 0.0000],0.9215481281280518,0.743665829967844,0.14872651547193527,0.8512734845280647,0.10192582870972718,None
326,0.9936999082565308,0.9282547831535339,1.974799633026123,1.7130191326141357,[0.0139 0.0212 0.0488 0.1000 0.1000 0.1000 0.1000],[0.8611 0.7885 0.5116 0.0000 0.0000 0.0000 0.0000],0.9219546914100647,0.7441775516046396,0.13894787058234215,0.8610521294176579,0.09533185401879811,None
326,0.9937669038772583,0.9285693168640137,1.9750676155090332,1.7142772674560547,[0.0130 0.0201 0.0472 0.1000 0.1000 0.1000 0.1000],[0.8704 0.7995 0.5277 0.0000 0.0000 0.0000 0.0000],0.922336220741272,0.744661818340373,0.12959346175193787,0.8704065382480621,0.08900849166113757,None
326,0.9938349723815918,0.9288924932479858,1.9753398895263672,1.7155699729919434,[0.0120 0.0189 0.0456 0.1000 0.1000 0.1000 0.1000],[0.8802 0.8109 0.5441 0.0000 0.0000 0.0000 0.0000],0.9227274656295776,0.7451618569883897,0.11983952485024929,0.8801604751497507,0.08239941769995306,None
326,0.9939005374908447,0.9292071461677551,1.975602149963379,1.7168285846710205,[0.0110 0.0178 0.0440 0.1000 0.1000 0.1000 0.1000],[0.8898 0.8221 0.5603 0.0000 0.0000 0.0000 0.0000],0.9231076836585999,0.7456510441871451,0.11020034551620483,0.8897996544837952,0.07585268396994073,None
326,0.9939659237861633,0.9295206665992737,1.9758636951446533,1.7180826663970947,[0.0100 0.0166 0.0423 0.1000 0.1000 0.1000 0.1000],[0.8995 0.8336 0.5771 0.0000 0.0000 0.0000 0.0000],0.923486590385437,0.7461392957015804,0.10048065334558487,0.8995193466544151,0.06923615742592783,None
326,0.9940304160118103,0.9298340082168579,1.9761216640472412,1.7193360328674316,[0.0091 0.0155 0.0406 0.1000 0.1000 0.1000 0.1000],[0.9094 0.8452 0.5940 0.0000 0.0000 0.0000 0.0000],0.9238644242286682,0.7466298995639928,0.09061883203685284,0.9093811679631472,0.06250749313871418,None
326,0.9940938353538513,0.930142343044281,1.9763753414154053,1.720569372177124,[0.0081 0.0143 0.0389 0.1000 0.1000 0.1000 0.1000],[0.9192 0.8569 0.6112 0.0000 0.0000 0.0000 0.0000],0.9242361783981323,0.7471136771006184,0.08078690618276596,0.919213093817234,0.05578412536694091,None
326,0.9932204484939575,0.9253677725791931,1.97288179397583,1.7014710903167725,[0.0272 0.0131 0.0371 0.1000 0.1000 0.1000 0.1000],[0.7275 0.8692 0.6288 0.0000 0.0000 0.0000 0.0000],0.9185882210731506,0.7395145379972916,0.13082582503557205,0.869174174964428,0.08887120537227085,None
326,0.9930287003517151,0.9250266551971436,1.9721148014068604,1.7001066207885742,[0.0263 0.0120 0.0356 0.1075 0.1000 0.1000 0.1000],[0.7366 0.8796 0.6438 -0.0752 0.0000 0.0000 0.0000],0.9180553555488586,0.7392279824164956,0.12035325169563293,0.8796467483043671,0.0816780000307869,None
