328,0.8188093304634094,0.6081412434577942,1.2752373218536377,0.43256497383117676,[0.1000 0.1000 0.1000 0.1000 0.1000 0.1000 0.1000],[0.0000 0.0000 0.0000 0.0000 0.0000 0.0000 0.0000],0.4269505739212036,0.5410140666582306,1.0,0.0,0.23098626625917587,None
328,0.8188093304634094,0.6081412434577942,1.2752373218536377,0.43256497383117676,[0.1000 0.1000 0.1000 0.1000 0.1000 0.1000 0.1000],[0.0000 0.0000 0.0000 0.0000 0.0000 0.0000 0.0000],0.4269505739212036,0.5410140666582306,1.0,0.0,0.23098626625917587,None
328,0.8188093304634094,0.6081412434577942,1.2752373218536377,0.43256497383117676,[0.1000 0.1000 0.1000 0.1000 0.1000 0.1000 0.1000],[0.0000 0.0000 0.0000 0.0000 0.0000 0.0000 0.0000],0.4269505739212036,0.5410140666582306,1.0,0.0,0.23098626625917587,None
328,0.8188093304634094,0.6081412434577942,1.2752373218536377,0.43256497383117676,[0.1000 0.1000 0.1000 0.1000 0.1000 0.1000 0.1000],[0.0000 0.0000 0.0000 0.0000 0.0000 0.0000 0.0000],0.4269505739212036,0.5410140666582306,1.0,0.0,0.23098626625917587,None
328,0.8188093304634094,0.6081412434577942,1.2752373218536377,0.43256497383117676,[0.1000 0.1000 0.1000 0.1000 0.1000 0.1000 0.1000],[0.0000 0.0000 0.0000 0.0000 0.0000 0.0000 0.0000],0.4269505739212036,0.5410140666582306,1.0,0.0,0.23098626625917587,None
328,0.8188093304634094,0.6081412434577942,1.2752373218536377,0.43256497383117676,[0.1000 0.1000 0.1000 0.1000 0.1000 0.1000 0.1000],[0.0000 0.0000 0.0000 0.0000 0.0000 0.0000 0.0000],0.4269505739212036,0.5410140666582306,1.0,0.0,0.23098626625917587,None
328,0.8188093304634094,0.6081412434577942,1.2752373218536377,0.43256497383117676,[0.1000 0.1000 0.1000 0.1000 0.1000 0.1000 0.1000],[0.0000 0.0000 0.0000 0.0000 0.0000 0.0000 0.0000],0.4269505739212036,0.5410140666582306,1.0,0.0,0.23098626625917587,None
328,0.8188093304634094,0.6081412434577942,1.2752373218536377,0.43256497383117676,[0.1000 0.1000 0.1000 0.1000 0.1000 0.1000 0.1000],[0.0000 0.0000 0.0000 0.0000 0.0000 0.0000 0.0000],0.4269505739212036,0.5410140666582306,1.0,0.0,0.23098626625917587,None
328,0.8188093304634094,0.6081412434577942,1.2752373218536377,0.43256497383117676,[0.1000 0.1000 0.1000 0.1000 0.1000 0.1000 0.1000],[0.0000 0.0000 0.0000 0.0000 0.0000 0.0000 0.0000],0.4269505739212036,0.5410140666582306,1.0,0.0,0.23098626625917587,None
328,0.8188093304634094,0.6081412434577942,1.2752373218536377,0.43256497383117676,[0.1000 0.1000 0.1000 0.1000 0.1000 0.1000 0.1000],[0.0000 0.0000 0.0000 0.0000 0.0000 0.0000 0.0000],0.4269505739212036,0.5410140666582306,1.0,0.0,0.23098626625917587,None
328,0.8188093304634094,0.6081412434577942,1.2752373218536377,0.43256497383117676,[0.1000 0.1000 0.1000 0.1000 0.1000 0.1000 0.1000],[0.0000 0.0000 0.0000 0.0000 0.0000 0.0000 0.0000],0.4269505739212036,0.5410140666582306,1.0,0.0,0.23098626625917587,None
328,0.8188093304634094,0.6081412434577942,1.2752373218536377,0.43256497383117676,[0.1000 0.1000 0.1000 0.1000 0.1000 0.1000 0.1000],[0.0000 0.0000 0.0000 0.0000 0.0000 0.0000 0.0000],0.4269505739212036,0.5410140666582306,1.0,0.0,0.23098626625917587,None
328,0.8188093304634094,0.6081412434577942,1.2752373218536377,0.43256497383117676,[0.1000 0.1000 0.1000 0.1000 0.1000 0.1000 0.1000],[0.0000 0.0000 0.0000 0.0000 0.0000 0.0000 0.0000],0.4269505739212036,0.5410140666582306,1.0,0.0,0.23098626625917587,None
328,0.8188093304634094,0.6081412434577942,1.2752373218536377,0.43256497383117676,[0.1000 0.1000 0.1000 0.1000 0.1000 0.1000 0.1000],[0.0000 0.0000 0.0000 0.0000 0.0000 0.0000 0.0000],0.4269505739212036,0.5410140666582306,1.0,0.0,0.23098626625917587,None
328,0.8188093304634094,0.6081412434577942,1.2752373218536377,0.43256497383117676,[0.1000 0.1000 0.1000 0.1000 0.1000 0.1000 0.1000],[0.0000 0.0000 0.0000 0.0000 0.0000 0.0000 0.0000],0.4269505739212036,0.5410140666582306,1.0,0.0,0.23098626625917587,None
328,0.8188093304634094,0.6081412434577942,1.2752373218536377,0.43256497383117676,[0.1000 0.1000 0.1000 0.1000 0.1000 0.1000 0.1000],[0.0000 0.0000 0.0000 0.0000 0.0000 0.0000 0.0000],0.4269505739212036,0.5410140666582306,1.0,0.0,0.23098626625917587,None
328,0.8188093304634094,0.6081412434577942,1.2752373218536377,0.43256497383117676,[0.1000 0.1000 0.1000 0.1000 0.1000 0.1000 0.1000],[0.0000 0.0000 0.0000 0.0000 0.0000 0.0000 0.0000],0.4269505739212036,0.5410140666582306,1.0,0.0,0.23098626625917587,None
328,0.8188093304634094,0.6081412434577942,1.2752373218536377,0.43256497383117676,[0.1000 0.1000 0.1000 0.1000 0.1000 0.1000 0.1000],[0.0000 0.0000 0.0000 0.0000 0.0000 0.0000 0.0000],0.4269505739212036,0.5410140666582306,1.0,0.0,0.23098626625917587,None
328,0.8188093304634094,0.6081412434577942,1.2752373218536377,0.43256497383117676,[0.1000 0.1000 0.1000 0.1000 0.1000 0.1000 0.1000],[0.0000 0.0000 0.0000 0.0000 0.0000 0.0000 0.0000],0.4269505739212036,0.5410140666582306,1.0,0.0,0.23098626625917587,None
328,0.8188093304634094,0.6081412434577942,1.2752373218536377,0.43256497383117676,[0.1000 0.1000 0.1000 0.1000 0.1000 0.1000 0.1000],[0.0000 0.0000 0.0000 0.0000 0.0000 0.0000 0.0000],0.4269505739212036,0.5410140666582306,1.0,0.0,0.23098626625917587,None
328,0.8188093304634094,0.6081412434577942,1.2752373218536377,0.43256497383117676,[0.1000 0.1000 0.1000 0.1000 0.1000 0.1000 0.1000],[0.0000 0.0000 0.0000 0.0000 0.0000 0.0000 0.0000],0.4269505739212036,0.5410140666582306,1.0,0.0,0.23098626625917587,None
328,0.8188093304634094,0.6081412434577942,1.2752373218536377,0.43256497383117676,[0.1000 0.1000 0.1000 0.1000 0.1000 0.1000 0.1000],[0.0000 0.0000 0.0000 0.0000 0.0000 0.0000 0.0000],0.4269505739212036,0.5410140666582306,1.0,0.0,0.23098626625917587,None
328,0.8188093304634094,0.6081412434577942,1.2752373218536377,0.43256497383117676,[0.1000 0.1000 0.1000 0.1000 0.1000 0.1000 0.1000],[0.0000 0.0000 0.0000 0.0000 0.0000 0.0000 0.0000],0.4269505739212036,0.5410140666582306,1.0,0.0,0.23098626625917587,None
328,0.8188093304634094,0.6081412434577942,1.2752373218536377,0.43256497383117676,[0.1000 0.1000 0.1000 0.1000 0.1000 0.1000 0.1000],[0.0000 0.0000 0.0000 0.0000 0.0000 0.0000 0.0000],0.4269505739212036,0.5410140666582306,1.0,0.0,0.23098626625917587,None
328,0.8188093304634094,0.6081412434577942,1.2752373218536377,0.43256497383117676,[0.1000 0.1000 0.1000 0.1000 0.1000 0.1000 0.1000],[0.0000 0.0000 0.0000 0.0000 0.0000 0.0000 0.0000],0.4269505739212036,0.5410140666582306,1.0,0.0,0.23098626625917587,None
328,0.8188093304634094,0.6081412434577942,1.2752373218536377,0.43256497383117676,[0.1000 0.1000 0.1000 0.1000 0.1000 0.1000 0.1000],[0.0000 0.0000 0.0000 0.0000 0.0000 0.0000 0.0000],0.4269505739212036,0.5410140666582306,1.0,0.0,0.23098626625917587,None
328,0.8188093304634094,0.6081412434577942,1.2752373218536377,0.43256497383117676,[0.1000 0.1000 0.1000 0.1000 0.1000 0.1000 0.1000],[0.0000 0.0000 0.0000 0.0000 0.0000 0.0000 0.0000],0.4269505739212036,0.5410140666582306,1.0,0.0,0.23098626625917587,None
328,0.8188093304634094,0.6081412434577942,1.2752373218536377,0.43256497383117676,[0.1000 0.1000 0.1000 0.1000 0.1000 0.1000 0.1000],[0.0000 0.0000 0.0000 0.0000 0.0000 0.0000 0.0000],0.4269505739212036,0.5410140666582306,1.0,0.0,0.23098626625917587,None
328,0.8188093304634094,0.6081412434577942,1.2752373218536377,0.43256497383117676,[0.1000 0.1000 0.1000 0.1000 0.1000 0.1000 0.1000],[0.0000 0.0000 0.0000 0.0000 0.0000 0.0000 0.0000],0.4269505739212036,0.5410140666582306,1.0,0.0,0.23098626625917587,None
328,0.8188093304634094,0.6081412434577942,1.2752373218536377,0.43256497383117676,[0.1000 0.1000 0.1000 0.1000 0.1000 0.1000 0.1000],[0.0000 0.0000 0.0000 0.0000 0.0000 0.0000 0.0000],0.4269505739212036,0.5410140666582306,1.0,0.0,0.23098626625917587,None
328,0.8188093304634094,0.6081412434577942,1.2752373218536377,0.43256497383117676,[0.1000 0.1000 0.1000 0.1000 0.1000 0.1000 0.1000],[0.0000 0.0000 0.0000 0.0000 0.0000 0.0000 0.0000],0.4269505739212036,0.5410140666582306,1.0,0.0,0.23098626625917587,None
328,0.8188093304634094,0.6081412434577942,1.2752373218536377,0.43256497383117676,[0.1000 0.1000 0.1000 0.1000 0.1000 0.1000 0.1000],[0.0000 0.0000 0.0000 0.0000 0.0000 0.0000 0.0000],0.4269505739212036,0.5410140666582306,1.0,0.0,0.23098626625917587,None
328,0.8188093304634094,0.6081412434577942,1.2752373218536377,0.43256497383117676,[0.1000 0.1000 0.1000 0.1000 0.1000 0.1000 0.1000],[0.0000 0.0000 0.0000 0.0000 0.0000 0.0000 0.0000],0.4269505739212036,0.5410140666582306,1.0,0.0,0.23098626625917587,None
328,0.8188093304634094,0.6081412434577942,1.2752373218536377,0.43256497383117676,[0.1000 0.1000 0.1000 0.1000 0.1000 0.1000 0.1000],[0.0000 0.0000 0.0000 0.0000 0.0000 0.0000 0.0000],0.4269505739212036,0.5410140666582306,1.0,0.0,0.23098626625917587,None
328,0.8188093304634094,0.6081412434577942,1.2752373218536377,0.43256497383117676,[0.1000 0.1000 0.1000 0.1000 0.1000 0.1000 0.1000],[0.0000 0.0000 0.0000 0.0000 0.0000 0.0000 0.0000],0.4269505739212036,0.5410140666582306,1.0,0.0,0.23098626625917587,None
328,0.8188093304634094,0.6081412434577942,1.2752373218536377,0.43256497383117676,[0.1000 0.1000 0.1000 0.1000 0.1000 0.1000 0.1000],[0.0000 0.0000 0.0000 0.0000 0.0000 0.0000 0.0000],0.4269505739212036,0.5410140666582306,1.0,0.0,0.23098626625917587,None
328,0.8188093304634094,0.6081412434577942,1.2752373218536377,0.43256497383117676,[0.1000 0.1000 0.1000 0.1000 0.1000 0.1000 0.1000],[0.0000 0.0000 0.0000 0.0000 0.0000 0.0000 0.0000],0.4269505739212036,0.5410140666582306,1.0,0.0,0.23098626625917587,None
328,0.8188093304634094,0.6081412434577942,1.2752373218536377,0.43256497383117676,[0.1000 0.1000 0.1000 0.1000 0.1000 0.1000 0.1000],[0.0000 0.0000 0.0000 0.0000 0.0000 0.0000 0.0000],0.4269505739212036,0.5410140666582306,1.0,0.0,0.23098626625917587,None
328,0.8188093304634094,0.6081412434577942,1.2752373218536377,0.43256497383117676,[0.1000 0.1000 0.1000 0.1000 0.1000 0.1000 0.1000],[0.0000 0.0000 0.0000 0.0000 0.0000 0.0000 0.0000],0.4269505739212036,0.5410140666582306,1.0,0.0,0.23098626625917587,None
328,0.8188093304634094,0.6081412434577942,1.2752373218536377,0.43256497383117676,[0.1000 0.1000 0.1000 0.1000 0.1000 0.1000 0.1000],[0.0000 0.0000 0.0000 0.0000 0.0000 0.0000 0.0000],0.4269505739212036,0.5410140666582306,1.0,0.0,0.23098626625917587,None
328,0.8188093304634094,0.6081412434577942,1.2752373218536377,0.43256497383117676,[0.1000 0.1000 0.1000 0.1000 0.1000 0.1000 0.1000],[0.0000 0.0000 0.0000 0.0000 0.0000 0.0000 0.0000],0.4269505739212036,0.5410140666582306,1.0,0.0,0.23098626625917587,None
328,0.8188093304634094,0.6081412434577942,1.2752373218536377,0.43256497383117676,[0.1000 0.1000 0.1000 0.1000 0.1000 0.1000 0.1000],[0.0000 0.0000 0.0000 0.0000 0.0000 0.0000 0.0000],0.4269505739212036,0.5410140666582306,1.0,0.0,0.23098626625917587,None
328,0.8188093304634094,0.6081412434577942,1.2752373218536377,0.43256497383117676,[0.1000 0.1000 0.1000 0.1000 0.1000 0.1000 0.1000],[0.0000 0.0000 0.0000 0.0000 0.0000 0.0000 0.0000],0.4269505739212036,0.5410140666582306,1.0,0.0,0.23098626625917587,None
328,0.8188093304634094,0.6081412434577942,1.2752373218536377,0.43256497383117676,[0.1000 0.1000 0.1000 0.1000 0.1000 0.1000 0.1000],[0.0000 0.0000 0.0000 0.0000 0.0000 0.0000 0.0000],0.4269505739212036,0.5410140666582306,1.0,0.0,0.23098626625917587,None
328,0.8188093304634094,0.6081412434577942,1.2752373218536377,0.43256497383117676,[0.1000 0.1000 0.1000 0.1000 0.1000 0.1000 0.1000],[0.0000 0.0000 0.0000 0.0000 0.0000 0.0000 0.0000],0.4269505739212036,0.5410140666582306,1.0,0.0,0.23098626625917587,None
328,0.8188093304634094,0.6081412434577942,1.2752373218536377,0.43256497383117676,[0.1000 0.1000 0.1000 0.1000 0.1000 0.1000 0.1000],[0.0000 0.0000 0.0000 0.0000 0.0000 0.0000 0.0000],0.4269505739212036,0.5410140666582306,1.0,0.0,0.23098626625917587,None
328,0.8188093304634094,0.6081412434577942,1.2752373218536377,0.43256497383117676,[0.1000 0.1000 0.1000 0.1000 0.1000 0.1000 0.1000],[0.0000 0.0000 0.0000 0.0000 0.0000 0.0000 0.0000],0.4269505739212036,0.5410140666582306,1.0,0.0,0.23098626625917587,None
328,0.8188093304634094,0.6081412434577942,1.2752373218536377,0.43256497383117676,[0.1000 0.1000 0.1000 0.1000 0.1000 0.1000 0.1000],[0.0000 0.0000 0.0000 0.0000 0.0000 0.0000 0.0000],0.4269505739212036,0.5410140666582306,1.0,0.0,0.23098626625917587,None
328,0.8188093304634094,0.6081412434577942,1.2752373218536377,0.43256497383117676,[0.1000 0.1000 0.1000 0.1000 0.1000 0.1000 0.1000],[0.0000 0.0000 0.0000 0.0000 0.0000 0.0000 0.0000],0.4269505739212036,0.5410140666582306,1.0,0.0,0.23098626625917587,None
328,0.8188093304634094,0.6081412434577942,1.2752373218536377,0.43256497383117676,[0.1000 0.1000 0.1000 0.1000 0.1000 0.1000 0.1000],[0.0000 0.0000 0.0000 0.0000 0.0000 0.0000 0.0000],0.4269505739212036,0.5410140666582306,1.0,0.0,0.23098626625917587,None
328,0.8188093304634094,0.6081412434577942,1.2752373218536377,0.43256497383117676,[0.1000 0.1000 0.1000 0.1000 0.1000 0.1000 0.1000],[0.0000 0.0000 0.0000 0.0000 0.0000 0.0000 0.0000],0.4269505739212036,0.5410140666582306,1.0,0.0,0.23098626625917587,None
328,0.8188093304634094,0.6081412434577942,1.2752373218536377,0.43256497383117676,[0.1000 0.1000 0.1000 0.1000 0.1000 0.1000 0.1000],[0.0000 0.0000 0.0000 0.0000 0.0000 0.0000 0.0000],0.4269505739212036,0.5410140666582306,1.0,0.0,0.23098626625917587,None
328,0.8188093304634094,0.6081412434577942,1.2752373218536377,0.43256497383117676,[0.1000 0.1000 0.1000 0.1000 0.1000 0.1000 0.1000],[0.0000 0.0000 0.0000 0.0000 0.0000 0.0000 0.0000],0.4269505739212036,0.5410140666582306,1.0,0.0,0.23098626625917587,None
328,0.8188093304634094,0.6081412434577942,1.2752373218536377,0.43256497383117676,[0.1000 0.1000 0.1000 0.1000 0.1000 0.1000 0.1000],[0.0000 0.0000 0.0000 0.0000 0.0000 0.0000 0.0000],0.4269505739212036,0.5410140666582306,1.0,0.0,0.23098626625917587,None
328,0.8188093304634094,0.6081412434577942,1.2752373218536377,0.43256497383117676,[0.1000 0.1000 0.1000 0.1000 0.1000 0.1000 0.1000],[0.0000 0.0000 0.0000 0.0000 0.0000 0.0000 0.0000],0.4269505739212036,0.5410140666582306,1.0,0.0,0.23098626625917587,None
328,0.8188093304634094,0.6081412434577942,1.2752373218536377,0.43256497383117676,[0.1000 0.1000 0.1000 0.1000 0.1000 0.1000 0.1000],[0.0000 0.0000 0.0000 0.0000 0.0000 0.0000 0.0000],0.4269505739212036,0.5410140666582306,1.0,0.0,0.23098626625917587,None
328,0.8188093304634094,0.6081412434577942,1.2752373218536377,0.43256497383117676,[0.1000 0.1000 0.1000 0.1000 0.1000 0.1000 0.1000],[0.0000 0.0000 0.0000 0.0000 0.0000 0.0000 0.0000],0.4269505739212036,0.5410140666582306,1.0,0.0,0.23098626625917587,None
328,0.8188093304634094,0.6081412434577942,1.2752373218536377,0.43256497383117676,[0.1000 0.1000 0.1000 0.1000 0.1000 0.1000 0.1000],[0.0000 0.0000 0.0000 0.0000 0.0000 0.0000 0.0000],0.4269505739212036,0.5410140666582306,1.0,0.0,0.23098626625917587,None
328,0.8188093304634094,0.6081412434577942,1.2752373218536377,0.43256497383117676,[0.1000 0.1000 0.1000 0.1000 0.1000 0.1000 0.1000],[0.0000 0.0000 0.0000 0.0000 0.0000 0.0000 0.0000],0.4269505739212036,0.5410140666582306,1.0,0.0,0.23098626625917587,None
328,0.8188093304634094,0.6081412434577942,1.2752373218536377,0.43256497383117676,[0.1000 0.1000 0.1000 0.1000 0.1000 0.1000 0.1000],[0.0000 0.0000 0.0000 0.0000 0.0000 0.0000 0.0000],0.4269505739212036,0.5410140666582306,1.0,0.0,0.23098626625917587,None
328,0.8188093304634094,0.6081412434577942,1.2752373218536377,0.43256497383117676,[0.1000 0.1000 0.1000 0.1000 0.1000 0.1000 0.1000],[0.0000 0.0000 0.0000 0.0000 0.0000 0.0000 0.0000],0.4269505739212036,0.5410140666582306,1.0,0.0,0.23098626625917587,None
328,0.8188093304634094,0.6081412434577942,1.2752373218536377,0.43256497383117676,[0.1000 0.1000 0.1000 0.1000 0.1000 0.1000 0.1000],[0.0000 0.0000 0.0000 0.0000 0.0000 0.0000 0.0000],0.4269505739212036,0.5410140666582306,1.0,0.0,0.23098626625917587,None
328,0.8188093304634094,0.6081412434577942,1.2752373218536377,0.43256497383117676,[0.1000 0.1000 0.1000 0.1000 0.1000 0.1000 0.1000],[0.0000 0.0000 0.0000 0.0000 0.0000 0.0000 0.0000],0.4269505739212036,0.5410140666582306,1.0,0.0,0.23098626625917587,None
328,0.8188093304634094,0.6081412434577942,1.2752373218536377,0.43256497383117676,[0.1000 0.1000 0.1000 0.1000 0.1000 0.1000 0.1000],[0.0000 0.0000 0.0000 0.0000 0.0000 0.0000 0.0000],0.4269505739212036,0.5410140666582306,1.0,0.0,0.23098626625917587,None
328,0.8188093304634094,0.6081412434577942,1.2752373218536377,0.43256497383117676,[0.1000 0.1000 0.1000 0.1000 0.1000 0.1000 0.1000],[0.0000 0.0000 0.0000 0.0000 0.0000 0.0000 0.0000],0.4269505739212036,0.5410140666582306,1.0,0.0,0.23098626625917587,None
328,0.8188093304634094,0.6081412434577942,1.2752373218536377,0.43256497383117676,[0.1000 0.1000 0.1000 0.1000 0.1000 0.1000 0.1000],[0.0000 0.0000 0.0000 0.0000 0.0000 0.0000 0.0000],0.4269505739212036,0.5410140666582306,1.0,0.0,0.23098626625917587,None
328,0.8188093304634094,0.6081412434577942,1.2752373218536377,0.43256497383117676,[0.1000 0.1000 0.1000 0.1000 0.1000 0.1000 0.1000],[0.0000 0.0000 0.0000 0.0000 0.0000 0.0000 0.0000],0.4269505739212036,0.5410140666582306,1.0,0.0,0.23098626625917587,None
328,0.8188093304634094,0.6081412434577942,1.2752373218536377,0.43256497383117676,[0.1000 0.1000 0.1000 0.1000 0.1000 0.1000 0.1000],[0.0000 0.0000 0.0000 0.0000 0.0000 0.0000 0.0000],0.4269505739212036,0.5410140666582306,1.0,0.0,0.23098626625917587,None
328,0.8188093304634094,0.6081412434577942,1.2752373218536377,0.43256497383117676,[0.1000 0.1000 0.1000 0.1000 0.1000 0.1000 0.1000],[0.0000 0.0000 0.0000 0.0000 0.0000 0.0000 0.0000],0.4269505739212036,0.5410140666582306,1.0,0.0,0.23098626625917587,None
328,0.8188093304634094,0.6081412434577942,1.2752373218536377,0.43256497383117676,[0.1000 0.1000 0.1000 0.1000 0.1000 0.1000 0.1000],[0.0000 0.0000 0.0000 0.0000 0.0000 0.0000 0.0000],0.4269505739212036,0.5410140666582306,1.0,0.0,0.23098626625917587,None
328,0.8188093304634094,0.6081412434577942,1.2752373218536377,0.43256497383117676,[0.1000 0.1000 0.1000 0.1000 0.1000 0.1000 0.1000],[0.0000 0.0000 0.0000 0.0000 0.0000 0.0000 0.0000],0.4269505739212036,0.5410140666582306,1.0,0.0,0.23098626625917587,None
328,0.8188093304634094,0.6081412434577942,1.2752373218536377,0.43256497383117676,[0.1000 0.1000 0.1000 0.1000 0.1000 0.1000 0.1000],[0.0000 0.0000 0.0000 0.0000 0.0000 0.0000 0.0000],0.4269505739212036,0.5410140666582306,1.0,0.0,0.23098626625917587,None
328,0.8188093304634094,0.6081412434577942,1.2752373218536377,0.43256497383117676,[0.1000 0.1000 0.1000 0.1000 0.1000 0.1000 0.1000],[0.0000 0.0000 0.0000 0.0000 0.0000 0.0000 0.0000],0.4269505739212036,0.5410140666582306,1.0,0.0,0.23098626625917587,None
328,0.8188093304634094,0.6081412434577942,1.2752373218536377,0.43256497383117676,[0.1000 0.1000 0.1000 0.1000 0.1000 0.1000 0.1000],[0.0000 0.0000 0.0000 0.0000 0.0000 0.0000 0.0000],0.4269505739212036,0.5410140666582306,1.0,0.0,0.23098626625917587,None
328,0.8188093304634094,0.6081412434577942,1.2752373218536377,0.43256497383117676,[0.1000 0.1000 0.1000 0.1000 0.1000 0.1000 0.1000],[0.0000 0.0000 0.0000 0.0000 0.0000 0.0000 0.0000],0.4269505739212036,0.5410140666582306,1.0,0.0,0.23098626625917587,None
328,0.8188093304634094,0.6081412434577942,1.2752373218536377,0.43256497383117676,[0.1000 0.1000 0.1000 0.1000 0.1000 0.1000 0.1000],[0.0000 0.0000 0.0000 0.0000 0.0000 0.0000 0.0000],0.4269505739212036,0.5410140666582306,1.0,0.0,0.23098626625917587,None
328,0.8188093304634094,0.6081412434577942,1.2752373218536377,0.43256497383117676,[0.1000 0.1000 0.1000 0.1000 0.1000 0.1000 0.1000],[0.0000 0.0000 0.0000 0.0000 0.0000 0.0000 0.0000],0.4269505739212036,0.5410140666582306,1.0,0.0,0.23098626625917587,None
328,0.8188093304634094,0.6081412434577942,1.2752373218536377,0.43256497383117676,[0.1000 0.1000 0.1000 0.1000 0.1000 0.1000 0.1000],[0.0000 0.0000 0.0000 0.0000 0.0000 0.0000 0.0000],0.4269505739212036,0.5410140666582306,1.0,0.0,0.23098626625917587,None
328,0.8188093304634094,0.6081412434577942,1.2752373218536377,0.43256497383117676,[0.1000 0.1000 0.1000 0.1000 0.1000 0.1000 0.1000],[0.0000 0.0000 0.0000 0.0000 0.0000 0.0000 0.0000],0.4269505739212036,0.5410140666582306,1.0,0.0,0.23098626625917587,None
328,0.8188093304634094,0.6081412434577942,1.2752373218536377,0.43256497383117676,[0.1000 0.1000 0.1000 0.1000 0.1000 0.1000 0.1000],[0.0000 0.0000 0.0000 0.0000 0.0000 0.0000 0.0000],0.4269505739212036,0.5410140666582306,1.0,0.0,0.23098626625917587,None
328,0.8188093304634094,0.6081412434577942,1.2752373218536377,0.43256497383117676,[0.1000 0.1000 0.1000 0.1000 0.1000 0.1000 0.1000],[0.0000 0.0000 0.0000 0.0000 0.0000 0.0000 0.0000],0.4269505739212036,0.5410140666582306,1.0,0.0,0.23098626625917587,None
328,0.8188093304634094,0.6081412434577942,1.2752373218536377,0.43256497383117676,[0.1000 0.1000 0.1000 0.1000 0.1000 0.1000 0.1000],[0.0000 0.0000 0.0000 0.0000 0.0000 0.0000 0.0000],0.4269505739212036,0.5410140666582306,1.0,0.0,0.23098626625917587,None
328,0.8188093304634094,0.6081412434577942,1.2752373218536377,0.43256497383117676,[0.1000 0.1000 0.1000 0.1000 0.1000 0.1000 0.1000],[0.0000 0.0000 0.0000 0.0000 0.0000 0.0000 0.0000],0.4269505739212036,0.5410140666582306,1.0,0.0,0.23098626625917587,None
328,0.8188093304634094,0.6081412434577942,1.2752373218536377,0.43256497383117676,[0.1000 0.1000 0.1000 0.1000 0.1000 0.1000 0.1000],[0.0000 0.0000 0.0000 0.0000 0.0000 0.0000 0.0000],0.4269505739212036,0.5410140666582306,1.0,0.0,0.23098626625917587,None
328,0.8188093304634094,0.6081412434577942,1.2752373218536377,0.43256497383117676,[0.1000 0.1000 0.1000 0.1000 0.1000 0.1000 0.1000],[0.0000 0.0000 0.0000 0.0000 0.0000 0.0000 0.0000],0.4269505739212036,0.5410140666582306,1.0,0.0,0.23098626625917587,None
328,0.8188093304634094,0.6081412434577942,1.2752373218536377,0.43256497383117676,[0.1000 0.1000 0.1000 0.1000 0.1000 0.1000 0.1000],[0.0000 0.0000 0.0000 0.0000 0.0000 0.0000 0.0000],0.4269505739212036,0.5410140666582306,1.0,0.0,0.23098626625917587,None
328,0.8188093304634094,0.6081412434577942,1.2752373218536377,0.43256497383117676,[0.1000 0.1000 0.1000 0.1000 0.1000 0.1000 0.1000],[0.0000 0.0000 0.0000 0.0000 0.0000 0.0000 0.0000],0.4269505739212036,0.5410140666582306,1.0,0.0,0.23098626625917587,None
328,0.8188093304634094,0.6081412434577942,1.2752373218536377,0.43256497383117676,[0.1000 0.1000 0.1000 0.1000 0.1000 0.1000 0.1000],[0.0000 0.0000 0.0000 0.0000 0.0000 0.0000 0.0000],0.4269505739212036,0.5410140666582306,1.0,0.0,0.23098626625917587,None
328,0.8188093304634094,0.6081412434577942,1.2752373218536377,0.43256497383117676,[0.1000 0.1000 0.1000 0.1000 0.1000 0.1000 0.1000],[0.0000 0.0000 0.0000 0.0000 0.0000 0.0000 0.0000],0.4269505739212036,0.5410140666582306,1.0,0.0,0.23098626625917587,None
328,0.8188093304634094,0.6081412434577942,1.2752373218536377,0.43256497383117676,[0.1000 0.1000 0.1000 0.1000 0.1000 0.1000 0.1000],[0.0000 0.0000 0.0000 0.0000 0.0000 0.0000 0.0000],0.4269505739212036,0.5410140666582306,1.0,0.0,0.23098626625917587,None
328,0.8188093304634094,0.6081412434577942,1.2752373218536377,0.43256497383117676,[0.1000 0.1000 0.1000 0.1000 0.1000 0.1000 0.1000],[0.0000 0.0000 0.0000 0.0000 0.0000 0.0000 0.0000],0.4269505739212036,0.5410140666582306,1.0,0.0,0.23098626625917587,None
328,0.8188093304634094,0.6081412434577942,1.2752373218536377,0.43256497383117676,[0.1000 0.1000 0.1000 0.1000 0.1000 0.1000 0.1000],[0.0000 0.0000 0.0000 0.0000 0.0000 0.0000 0.0000],0.4269505739212036,0.5410140666582306,1.0,0.0,0.23098626625917587,None
328,0.8188093304634094,0.6081412434577942,1.2752373218536377,0.43256497383117676,[0.1000 0.1000 0.1000 0.1000 0.1000 0.1000 0.1000],[0.0000 0.0000 0.0000 0.0000 0.0000 0.0000 0.0000],0.4269505739212036,0.5410140666582306,1.0,0.0,0.23098626625917587,None
328,0.8188093304634094,0.6081412434577942,1.2752373218536377,0.43256497383117676,[0.1000 0.1000 0.1000 0.1000 0.1000 0.1000 0.1000],[0.0000 0.0000 0.0000 0.0000 0.0000 0.0000 0.0000],0.4269505739212036,0.5410140666582306,1.0,0.0,0.23098626625917587,None
328,0.8188093304634094,0.6081412434577942,1.2752373218536377,0.43256497383117676,[0.1000 0.1000 0.1000 0.1000 0.1000 0.1000 0.1000],[0.0000 0.0000 0.0000 0.0000 0.0000 0.0000 0.0000],0.4269505739212036,0.5410140666582306,1.0,0.0,0.23098626625917587,None
328,0.8188093304634094,0.6081412434577942,1.2752373218536377,0.43256497383117676,[0.1000 0.1000 0.1000 0.1000 0.1000 0.1000 0.1000],[0.0000 0.0000 0.0000 0.0000 0.0000 0.0000 0.0000],0.4269505739212036,0.5410140666582306,1.0,0.0,0.23098626625917587,None
328,0.8188093304634094,0.6081412434577942,1.2752373218536377,0.43256497383117676,[0.1000 0.1000 0.1000 0.1000 0.1000 0.1000 0.1000],[0.0000 0.0000 0.0000 0.0000 0.0000 0.0000 0.0000],0.4269505739212036,0.5410140666582306,1.0,0.0,0.23098626625917587,None
328,0.8188093304634094,0.6081412434577942,1.2752373218536377,0.43256497383117676,[0.1000 0.1000 0.1000 0.1000 0.1000 0.1000 0.1000],[0.0000 0.0000 0.0000 0.0000 0.0000 0.0000 0.0000],0.4269505739212036,0.5410140666582306,1.0,0.0,0.23098626625917587,None
328,0.8188093304634094,0.6081412434577942,1.2752373218536377,0.43256497383117676,[0.1000 0.1000 0.1000 0.1000 0.1000 0.1000 0.1000],[0.0000 0.0000 0.0000 0.0000 0.0000 0.0000 0.0000],0.4269505739212036,0.5410140666582306,1.0,0.0,0.23098626625917587,None
328,0.8188093304634094,0.6081412434577942,1.2752373218536377,0.43256497383117676,[0.1000 0.1000 0.1000 0.1000 0.1000 0.1000 0.1000],[0.0000 0.0000 0.0000 0.0000 0.0000 0.0000 0.0000],0.4269505739212036,0.5410140666582306,1.0,0.0,0.23098626625917587,None
328,0.8188093304634094,0.6081412434577942,1.2752373218536377,0.43256497383117676,[0.1000 0.1000 0.1000 0.1000 0.1000 0.1000 0.1000],[0.0000 0.0000 0.0000 0.0000 0.0000 0.0000 0.0000],0.4269505739212036,0.5410140666582306,1.0,0.0,0.23098626625917587,None
328,0.8188093304634094,0.6081412434577942,1.2752373218536377,0.43256497383117676,[0.1000 0.1000 0.1000 0.1000 0.1000 0.1000 0.1000],[0.0000 0.0000 0.0000 0.0000 0.0000 0.0000 0.0000],0.4269505739212036,0.5410140666582306,1.0,0.0,0.23098626625917587,None
328,0.8188093304634094,0.6081412434577942,1.2752373218536377,0.43256497383117676,[0.1000 0.1000 0.1000 0.1000 0.1000 0.1000 0.1000],[0.0000 0.0000 0.0000 0.0000 0.0000 0.0000 0.0000],0.4269505739212036,0.5410140666582306,1.0,0.0,0.23098626625917587,None
328,0.8188093304634094,0.6081412434577942,1.2752373218536377,0.43256497383117676,[0.1000 0.1000 0.1000 0.1000 0.1000 0.1000 0.1000],[0.0000 0.0000 0.0000 0.0000 0.0000 0.0000 0.0000],0.4269505739212036,0.5410140666582306,1.0,0.0,0.23098626625917587,None
328,0.8188093304634094,0.6081412434577942,1.2752373218536377,0.43256497383117676,[0.1000 0.1000 0.1000 0.1000 0.1000 0.1000 0.1000],[0.0000 0.0000 0.0000 0.0000 0.0000 0.0000 0.0000],0.4269505739212036,0.5410140666582306,1.0,0.0,0.23098626625917587,None
328,0.8188093304634094,0.6081412434577942,1.2752373218536377,0.43256497383117676,[0.1000 0.1000 0.1000 0.1000 0.1000 0.1000 0.1000],[0.0000 0.0000 0.0000 0.0000 0.0000 0.0000 0.0000],0.4269505739212036,0.5410140666582306,1.0,0.0,0.23098626625917587,None
328,0.8188093304634094,0.6081412434577942,1.2752373218536377,0.43256497383117676,[0.1000 0.1000 0.1000 0.1000 0.1000 0.1000 0.1000],[0.0000 0.0000 0.0000 0.0000 0.0000 0.0000 0.0000],0.4269505739212036,0.5410140666582306,1.0,0.0,0.23098626625917587,None
328,0.8188093304634094,0.6081412434577942,1.2752373218536377,0.43256497383117676,[0.1000 0.1000 0.1000 0.1000 0.1000 0.1000 0.1000],[0.0000 0.0000 0.0000 0.0000 0.0000 0.0000 0.0000],0.4269505739212036,0.5410140666582306,1.0,0.0,0.23098626625917587,None
328,0.8188093304634094,0.6081412434577942,1.2752373218536377,0.43256497383117676,[0.1000 0.1000 0.1000 0.1000 0.1000 0.1000 0.1000],[0.0000 0.0000 0.0000 0.0000 0.0000 0.0000 0.0000],0.4269505739212036,0.5410140666582306,1.0,0.0,0.23098626625917587,None
328,0.8188093304634094,0.6081412434577942,1.2752373218536377,0.43256497383117676,[0.1000 0.1000 0.1000 0.1000 0.1000 0.1000 0.1000],[0.0000 0.0000 0.0000 0.0000 0.0000 0.0000 0.0000],0.4269505739212036,0.5410140666582306,1.0,0.0,0.23098626625917587,None
328,0.8188093304634094,0.6081412434577942,1.2752373218536377,0.43256497383117676,[0.1000 0.1000 0.1000 0.1000 0.1000 0.1000 0.1000],[0.0000 0.0000 0.0000 0.0000 0.0000 0.0000 0.0000],0.4269505739212036,0.5410140666582306,1.0,0.0,0.23098626625917587,None
328,0.8188736438751221,0.6082464456558228,1.2754945755004883,0.432985782623291,[0.1079 0.1000 0.1000 0.1000 0.1000 0.1000 0.1000],[-0.0785 0.0000 0.0000 0.0000 0.0000 0.0000 0.0000],0.4271200895309448,0.541058611346395,1.0,0.0,0.2310970025197609,None
328,0.8188704252243042,0.6082412600517273,1.2754817008972168,0.4329650402069092,[0.1075 0.1000 0.1000 0.1000 0.1000 0.1000 0.1000],[-0.0747 0.0000 0.0000 0.0000 0.0000 0.0000 0.0000],0.4271116852760315,0.5410564684271311,1.0,0.0,0.23109154005940988,None
328,0.818867027759552,0.6082355976104736,1.275468111038208,0.43294239044189453,[0.1070 0.1000 0.1000 0.1000 0.1000 0.1000 0.1000],[-0.0705 0.0000 0.0000 0.0000 0.0000 0.0000 0.0000],0.42710262537002563,0.5410540008355249,1.0,0.0,0.23108558422380873,None
328,0.8188632726669312,0.6082294583320618,1.2754530906677246,0.43291783332824707,[0.1066 0.1000 0.1000 0.1000 0.1000 0.1000 0.1000],[-0.0659 0.0000 0.0000 0.0000 0.0000 0.0000 0.0000],0.4270927309989929,0.5410514033850093,1.0,0.0,0.2310791214825414,None
328,0.8188602328300476,0.6082245707511902,1.2754409313201904,0.43289828300476074,[0.1062 0.1000 0.1000 0.1000 0.1000 0.1000 0.1000],[-0.0622 0.0000 0.0000 0.0000 0.0000 0.0000 0.0000],0.4270848035812378,0.541049390370971,1.0,0.0,0.2310739726143346,None
328,0.8188572525978088,0.6082196235656738,1.2754290103912354,0.4328784942626953,[0.1059 0.1000 0.1000 0.1000 0.1000 0.1000 0.1000],[-0.0585 0.0000 0.0000 0.0000 0.0000 0.0000 0.0000],0.42707687616348267,0.5410472474947612,1.0,0.0,0.23106876831691328,None
328,0.8188542127609253,0.6082147359848022,1.2754168510437012,0.432858943939209,[0.1055 0.1000 0.1000 0.1000 0.1000 0.1000 0.1000],[-0.0549 0.0000 0.0000 0.0000 0.0000 0.0000 0.0000],0.42706894874572754,0.5410452344989508,1.0,0.0,0.23106361952135257,None
328,0.8188509345054626,0.6082094311714172,1.2754037380218506,0.43283772468566895,[0.1051 0.1000 0.1000 0.1000 0.1000 0.1000 0.1000],[-0.0509 0.0000 0.0000 0.0000 0.0000 0.0000 0.0000],0.4270603656768799,0.5410430267072464,1.0,0.0,0.23105803283252252,None
328,0.8188477754592896,0.6082040667533875,1.2753911018371582,0.4328162670135498,[0.1047 0.1000 0.1000 0.1000 0.1000 0.1000 0.1000],[-0.0469 0.0000 0.0000 0.0000 0.0000 0.0000 0.0000],0.427051842212677,0.5410406241224588,1.0,0.0,0.23105239524339255,None
328,0.8188443183898926,0.6081985831260681,1.2753772735595703,0.43279433250427246,[0.1043 0.1000 0.1000 0.1000 0.1000 0.1000 0.1000],[-0.0428 0.0000 0.0000 0.0000 0.0000 0.0000 0.0000],0.4270429015159607,0.5410384163529321,1.0,0.0,0.23104661515095654,None
328,0.818841278553009,0.6081935167312622,1.2753651142120361,0.43277406692504883,[0.1039 0.1000 0.1000 0.1000 0.1000 0.1000 0.1000],[-0.0390 0.0000 0.0000 0.0000 0.0000 0.0000 0.0000],0.42703479528427124,0.5410362085940256,1.0,0.0,0.23104128657832798,None
328,0.8188382983207703,0.6081886887550354,1.275353193283081,0.4327547550201416,[0.1035 0.1000 0.1000 0.1000 0.1000 0.1000 0.1000],[-0.0354 0.0000 0.0000 0.0000 0.0000 0.0000 0.0000],0.42702698707580566,0.5410341956466311,1.0,0.0,0.23103620247196285,None
328,0.8188347220420837,0.6081828474998474,1.275338888168335,0.43273138999938965,[0.1031 0.1000 0.1000 0.1000 0.1000 0.1000 0.1000],[-0.0311 0.0000 0.0000 0.0000 0.0000 0.0000 0.0000],0.42701756954193115,0.5410317281747721,1.0,0.0,0.23103005361026194,None
328,0.8188326358795166,0.6081794500350952,1.2753305435180664,0.43271780014038086,[0.1028 0.1000 0.1000 0.1000 0.1000 0.1000 0.1000],[-0.0285 0.0000 0.0000 0.0000 0.0000 0.0000 0.0000],0.4270120859146118,0.5410302996444958,1.0,0.0,0.2310264767942036,None
328,0.8188297748565674,0.6081746816635132,1.2753190994262695,0.43269872665405273,[0.1025 0.1000 0.1000 0.1000 0.1000 0.1000 0.1000],[-0.0249 0.0000 0.0000 0.0000 0.0000 0.0000 0.0000],0.42700445652008057,0.5410282217902127,1.0,0.0,0.2310214618075554,None
328,0.8188267946243286,0.6081697940826416,1.2753071784973145,0.4326791763305664,[0.1021 0.1000 0.1000 0.1000 0.1000 0.1000 0.1000],[-0.0213 0.0000 0.0000 0.0000 0.0000 0.0000 0.0000],0.4269965887069702,0.5410261439453364,1.0,0.0,0.2310163178659449,None
328,0.8188239336013794,0.6081652045249939,1.2752957344055176,0.4326608180999756,[0.1018 0.1000 0.1000 0.1000 0.1000 0.1000 0.1000],[-0.0178 0.0000 0.0000 0.0000 0.0000 0.0000 0.0000],0.4269891381263733,0.5410242609065425,1.0,0.0,0.23101148286994272,None
328,0.8188208937644958,0.6081603169441223,1.2752835750579834,0.43264126777648926,[0.1014 0.1000 0.1000 0.1000 0.1000 0.1000 0.1000],[-0.0142 0.0000 0.0000 0.0000 0.0000 0.0000 0.0000],0.42698121070861816,0.5410222480115474,1.0,0.0,0.2310063344762688,None
328,0.8188171982765198,0.6081541776657104,1.275268793106079,0.4326167106628418,[0.1010 0.1000 0.1000 0.1000 0.1000 0.1000 0.1000],[-0.0096 0.0000 0.0000 0.0000 0.0000 0.0000 0.0000],0.4269713759422302,0.5410195858091444,1.0,0.0,0.2309998769646259,None
328,0.8188149929046631,0.6081506013870239,1.2752599716186523,0.4326024055480957,[0.1007 0.1000 0.1000 0.1000 0.1000 0.1000 0.1000],[-0.0069 0.0000 0.0000 0.0000 0.0000 0.0000 0.0000],0.426965594291687,0.541018092385289,1.0,0.0,0.23099611133783973,None
328,0.8188124895095825,0.6081464290618896,1.27524995803833,0.4325857162475586,[0.1004 0.1000 0.1000 0.1000 0.1000 0.1000 0.1000],[-0.0038 0.0000 0.0000 0.0000 0.0000 0.0000 0.0000],0.42695891857147217,0.5410162743106322,1.0,0.0,0.23099172340923443,None
328,0.8188098669052124,0.6081421971321106,1.2752394676208496,0.4325687885284424,[0.1001 0.1000 0.1000 0.1000 0.1000 0.1000 0.1000],[-0.0007 0.0000 0.0000 0.0000 0.0000 0.0000 0.0000],0.426952064037323,0.5410145211740334,1.0,0.0,0.23098726648941753,None
328,0.8188410997390747,0.6087378859519958,1.2753643989562988,0.4349515438079834,[0.0998 0.1079 0.1000 0.1000 0.1000 0.1000 0.1000],[0.0024 -0.0795 0.0000 0.0000 0.0000 0.0000 0.0000],0.42757898569107056,0.5416298288641823,0.9976156800985336,0.002384319901466425,0.23103734931363973,None
328,0.8188353776931763,0.6086768507957458,1.275341510772705,0.4347074031829834,[0.0994 0.1072 0.1000 0.1000 0.1000 0.1000 0.1000],[0.0055 -0.0719 0.0000 0.0000 0.0000 0.0000 0.0000],0.4275122284889221,0.5415694961093553,0.9944793581962585,0.005520641803741511,0.23024940131452307,None
328,0.8188297152519226,0.6086171269416809,1.2753188610076904,0.43446850776672363,[0.0991 0.1065 0.1000 0.1000 0.1000 0.1000 0.1000],[0.0086 -0.0645 0.0000 0.0000 0.0000 0.0000 0.0000],0.4274468421936035,0.5415105363149098,0.9914354234933853,0.00856457650661474,0.2294845521996533,None
328,0.8188238739967346,0.608556866645813,1.2752954959869385,0.43422746658325195,[0.0988 0.1057 0.1000 0.1000 0.1000 0.1000 0.1000],[0.0119 -0.0572 0.0000 0.0000 0.0000 0.0000 0.0000],0.4273807406425476,0.5414511941451361,0.9881175309419632,0.01188246905803686,0.22865613997013787,None
328,0.8188185691833496,0.6084995269775391,1.2752742767333984,0.43399810791015625,[0.0985 0.1050 0.1000 0.1000 0.1000 0.1000 0.1000],[0.0147 -0.0501 0.0000 0.0000 0.0000 0.0000 0.0000],0.42731809616088867,0.5413944590328084,0.9853145480155945,0.014685451984405573,0.22795020470742913,None
328,0.8188130855560303,0.6084409356117249,1.275252342224121,0.4337637424468994,[0.0982 0.1043 0.1000 0.1000 0.1000 0.1000 0.1000],[0.0176 -0.0428 0.0000 0.0000 0.0000 0.0000 0.0000],0.4272540211677551,0.5413365613608325,0.9823691844940186,0.0176308155059815,0.2272104226643534,None
328,0.8188075423240662,0.6083823442459106,1.2752301692962646,0.4335293769836426,[0.0979 0.1036 0.1000 0.1000 0.1000 0.1000 0.1000],[0.0206 -0.0356 0.0000 0.0000 0.0000 0.0000 0.0000],0.4271898865699768,0.5412787359646868,0.9794174879789352,0.020582512021064814,0.22646953222642882,None
328,0.8188021779060364,0.6083250641822815,1.2752087116241455,0.433300256729126,[0.0977 0.1028 0.1000 0.1000 0.1000 0.1000 0.1000],[0.0235 -0.0285 0.0000 0.0000 0.0000 0.0000 0.0000],0.42712724208831787,0.5412221521000007,0.9765375405550003,0.02346245944499975,0.22574689141908655,None
328,0.8187969923019409,0.6082690954208374,1.2751879692077637,0.4330763816833496,[0.0974 0.1022 0.1000 0.1000 0.1000 0.1000 0.1000],[0.0263 -0.0216 0.0000 0.0000 0.0000 0.0000 0.0000],0.4270660877227783,0.5411668093074526,0.9737373143434525,0.026262685656547602,0.2250443179321468,None
328,0.8187918663024902,0.6082140207290649,1.275167465209961,0.43285608291625977,[0.0971 0.1015 0.1000 0.1000 0.1000 0.1000 0.1000],[0.0290 -0.0148 0.0000 0.0000 0.0000 0.0000 0.0000],0.4270058870315552,0.5411123824143592,0.9710372239351273,0.028962776064872797,0.2243660867187764,None
328,0.8187862634658813,0.6081599593162537,1.2751450538635254,0.43263983726501465,[0.0968 0.1008 0.1000 0.1000 0.1000 0.1000 0.1000],[0.0324 -0.0082 0.0000 0.0000 0.0000 0.0000 0.0000],0.426946222782135,0.5410595854039135,0.9676061570644379,0.03239384293556219,0.22352026017101742,None
328,0.8187807202339172,0.608106255531311,1.275122880935669,0.43242502212524414,[0.0964 0.1002 0.1000 0.1000 0.1000 0.1000 0.1000],[0.0358 -0.0017 0.0000 0.0000 0.0000 0.0000 0.0000],0.42688697576522827,0.5410071191155508,0.9641988575458527,0.035801142454147394,0.22268065873068382,None
328,0.818775475025177,0.6080536246299744,1.275101900100708,0.43221449851989746,[0.0961 0.0995 0.1000 0.1000 0.1000 0.1000 0.1000],[0.0388 0.0047 0.0000 0.0000 0.0000 0.0000 0.0000],0.42682909965515137,0.5409555028156827,0.9611687064170837,0.038831293582916315,0.22192957732272342,None
328,0.8187707662582397,0.6080051064491272,1.275083065032959,0.4320204257965088,[0.0959 0.0989 0.1000 0.1000 0.1000 0.1000 0.1000],[0.0414 0.0107 0.0000 0.0000 0.0000 0.0000 0.0000],0.42677587270736694,0.540907787248452,0.9585544466972351,0.04144555330276495,0.22127883647311153,None
328,0.8187662363052368,0.6079569458961487,1.2750649452209473,0.4318277835845947,[0.0956 0.0983 0.1000 0.1000 0.1000 0.1000 0.1000],[0.0440 0.0166 0.0000 0.0000 0.0000 0.0000 0.0000],0.4267231822013855,0.5408602713671053,0.9560352563858032,0.04396474361419683,0.22065065810441328,None
328,0.8187602162361145,0.6079030632972717,1.275040864944458,0.4316122531890869,[0.0952 0.0977 0.1000 0.1000 0.1000 0.1000 0.1000],[0.0479 0.0230 0.0000 0.0000 0.0000 0.0000 0.0000],0.42666327953338623,0.5408081523602115,0.9520912170410156,0.04790878295898443,0.2196883645418081,None
328,0.8187553882598877,0.6078588366508484,1.2750215530395508,0.43143534660339355,[0.0949 0.0972 0.1000 0.1000 0.1000 0.1000 0.1000],[0.0512 0.0283 0.0000 0.0000 0.0000 0.0000 0.0000],0.4266142249107361,0.5407652543534632,0.9487856924533844,0.051214307546615656,0.21888310384808016,None
328,0.8187508583068848,0.6078177094459534,1.275003433227539,0.4312708377838135,[0.0946 0.0967 0.1000 0.1000 0.1000 0.1000 0.1000],[0.0541 0.0332 0.0000 0.0000 0.0000 0.0000 0.0000],0.42656856775283813,0.5407254101728124,0.945902019739151,0.054097980260849055,0.21817841494118728,None
328,0.8187461495399475,0.6077752709388733,1.27498459815979,0.43110108375549316,[0.0943 0.0962 0.1000 0.1000 0.1000 0.1000 0.1000],[0.0572 0.0383 0.0000 0.0000 0.0000 0.0000 0.0000],0.4265214204788208,0.5406843366473617,0.9427930414676666,0.05720695853233343,0.21742075715210835,None
328,0.8187413811683655,0.6077328324317932,1.274965524673462,0.43093132972717285,[0.0940 0.0957 0.1000 0.1000 0.1000 0.1000 0.1000],[0.0604 0.0434 0.0000 0.0000 0.0000 0.0000 0.0000],0.4264742136001587,0.5406433316729011,0.9396121650934219,0.06038783490657812,0.21664679006562215,None
328,0.81873619556427,0.6076844930648804,1.27494478225708,0.4307379722595215,[0.0936 0.0951 0.1000 0.1000 0.1000 0.1000 0.1000],[0.0637 0.0492 0.0000 0.0000 0.0000 0.0000 0.0000],0.4264206886291504,0.5405963621178107,0.9362504631280899,0.06374953687191015,0.21582583586161086,None
328,0.8187335729598999,0.6076534390449524,1.2749342918395996,0.43061375617980957,[0.0935 0.0947 0.1000 0.1000 0.1000 0.1000 0.1000],[0.0649 0.0531 0.0000 0.0000 0.0000 0.0000 0.0000],0.4263870120048523,0.5405654193305128,0.9350571036338806,0.06494289636611944,0.21552138095608617,None
328,0.818730354309082,0.6076187491416931,1.2749214172363281,0.43047499656677246,[0.0933 0.0943 0.1000 0.1000 0.1000 0.1000 0.1000],[0.0666 0.0574 0.0000 0.0000 0.0000 0.0000 0.0000],0.42634910345077515,0.5405311706248301,0.9333734214305878,0.06662657856941229,0.21510055315253834,None
328,0.8187270164489746,0.6075807213783264,1.2749080657958984,0.43032288551330566,[0.0932 0.0938 0.1000 0.1000 0.1000 0.1000 0.1000],[0.0682 0.0621 0.0000 0.0000 0.0000 0.0000 0.0000],0.426307737827301,0.5404934221682478,0.9317921847105026,0.06820781528949743,0.21470032012576132,None
328,0.8187236189842224,0.6075407862663269,1.2748944759368896,0.4301631450653076,[0.0930 0.0933 0.1000 0.1000 0.1000 0.1000 0.1000],[0.0698 0.0671 0.0000 0.0000 0.0000 0.0000 0.0000],0.4262644052505493,0.5404536664079502,0.9301706403493881,0.06982935965061193,0.21428914089803183,None
328,0.8187200427055359,0.6075000166893005,1.2748801708221436,0.43000006675720215,[0.0929 0.0928 0.1000 0.1000 0.1000 0.1000 0.1000],[0.0715 0.0722 0.0000 0.0000 0.0000 0.0000 0.0000],0.4262200593948364,0.5404132007811415,0.9277720004320145,0.07222799956798559,0.2136983141158921,None
328,0.8187162280082703,0.6074559092521667,1.274864912033081,0.429823637008667,[0.0927 0.0922 0.1000 0.1000 0.1000 0.1000 0.1000],[0.0733 0.0777 0.0000 0.0000 0.0000 0.0000 0.0000],0.426172137260437,0.5403693670390283,0.9222612529993057,0.07773874700069433,0.2123878834016942,None
328,0.8187123537063599,0.6074117422103882,1.2748494148254395,0.42964696884155273,[0.0925 0.0917 0.1000 0.1000 0.1000 0.1000 0.1000],[0.0752 0.0833 0.0000 0.0000 0.0000 0.0000 0.0000],0.42612409591674805,0.540325537476823,0.916740894317627,0.0832591056823731,0.21107567749463949,None
328,0.8187071681022644,0.6073635816574097,1.2748286724090576,0.42945432662963867,[0.0921 0.0911 0.1000 0.1000 0.1000 0.1000 0.1000],[0.0785 0.0891 0.0000 0.0000 0.0000 0.0000 0.0000],0.4260707497596741,0.5402787948714409,0.9109451621770859,0.08905483782291418,0.20969683549058726,None
328,0.8187023997306824,0.6073204278945923,1.2748095989227295,0.42928171157836914,[0.0918 0.0906 0.1000 0.1000 0.1000 0.1000 0.1000],[0.0816 0.0942 0.0000 0.0000 0.0000 0.0000 0.0000],0.42602282762527466,0.5402370482127882,0.9057790786027908,0.09422092139720922,0.20846805747810185,None
328,0.8186975717544556,0.6072739958763123,1.2747902870178223,0.429095983505249,[0.0915 0.0900 0.1000 0.1000 0.1000 0.1000 0.1000],[0.0846 0.0998 0.0000 0.0000 0.0000 0.0000 0.0000],0.4259715676307678,0.5401918053382004,0.9001541882753372,0.09984581172466284,0.20713119482835946,None
328,0.8160618543624878,0.6034952998161316,1.2642474174499512,0.41398119926452637,[0.0913 0.0895 0.1071 0.1000 0.1000 0.1000 0.1000],[0.0868 0.1051 -0.0712 0.0000 0.0000 0.0000 0.0000],0.4195571541786194,0.5389505942457401,0.8948858082294464,0.10511419177055364,0.20235209581122285,None
328,0.8164598345756531,0.6040216684341431,1.2658393383026123,0.41608667373657227,[0.0911 0.0890 0.1060 0.1000 0.1000 0.1000 0.1000],[0.0889 0.1103 -0.0604 0.0000 0.0000 0.0000 0.0000],0.42048150300979614,0.5390898502511471,0.8896882086992264,0.11031179130077368,0.2016721303234323,None
328,0.8168045282363892,0.6044734716415405,1.2672181129455566,0.4178938865661621,[0.0908 0.0885 0.1051 0.1000 0.1000 0.1000 0.1000],[0.0917 0.1155 -0.0509 0.0000 0.0000 0.0000 0.0000],0.4212779998779297,0.5392060584221526,0.8845210820436478,0.11547891795635229,0.20092396116593686,None
328,0.8170701861381531,0.6048189997673035,1.2682807445526123,0.41927599906921387,[0.0905 0.0880 0.1044 0.1000 0.1000 0.1000 0.1000],[0.0946 0.1199 -0.0437 0.0000 0.0000 0.0000 0.0000],0.42188918590545654,0.5392927324527541,0.8801336586475372,0.11986634135246282,0.200249569488427,None
328,0.8173736929893494,0.6052189469337463,1.2694947719573975,0.42087578773498535,[0.0903 0.0876 0.1035 0.1000 0.1000 0.1000 0.1000],[0.0967 0.1242 -0.0353 0.0000 0.0000 0.0000 0.0000],0.4225926399230957,0.5393974098470538,0.8757586777210236,0.1242413222789765,0.19962514054850067,None
328,0.8177918791770935,0.605780839920044,1.271167516708374,0.4231233596801758,[0.0903 0.0871 0.1024 0.1000 0.1000 0.1000 0.1000],[0.0974 0.1289 -0.0240 0.0000 0.0000 0.0000 0.0000],0.42357271909713745,0.5395534349600928,0.8711064606904984,0.1288935393095017,0.19908277117754655,None
328,0.8182013034820557,0.6063313484191895,1.2728052139282227,0.4253253936767578,[0.0902 0.0867 0.1013 0.1000 0.1000 0.1000 0.1000],[0.0980 0.1335 -0.0128 0.0000 0.0000 0.0000 0.0000],0.4245326519012451,0.5397066641120402,0.866507962346077,0.1334920376539231,0.19853699168955768,None
328,0.8185566067695618,0.6068022847175598,1.274226427078247,0.42720913887023926,[0.0900 0.0861 0.1003 0.1000 0.1000 0.1000 0.1000],[0.1003 0.1385 -0.0030 0.0000 0.0000 0.0000 0.0000],0.4253588914871216,0.5398322892118549,0.8614856749773026,0.1385143250226975,0.19781646349935614,None
328,0.8188992142677307,0.607259213924408,1.2755968570709229,0.42903685569763184,[0.0898 0.0857 0.0994 0.1000 0.1000 0.1000 0.1000],[0.1020 0.1431 0.0064 0.0000 0.0000 0.0000 0.0000],0.42615842819213867,0.5399565234205328,0.8569178730249405,0.14308212697505956,0.19718282098546433,None
328,0.8192723393440247,0.6077637672424316,1.2770893573760986,0.43105506896972656,[0.0898 0.0853 0.0983 0.1000 0.1000 0.1000 0.1000],[0.1023 0.1472 0.0166 0.0000 0.0000 0.0000 0.0000],0.4270361065864563,0.5400993888875629,0.8528269082307816,0.1471730917692185,0.19669765276934442,None
328,0.8196387887001038,0.6082598567008972,1.278555154800415,0.43303942680358887,[0.0897 0.0849 0.0973 0.1000 0.1000 0.1000 0.1000],[0.1025 0.1512 0.0266 0.0000 0.0000 0.0000 0.0000],0.427898645401001,0.5402403540987895,0.8487837761640549,0.15121622383594518,0.19621174618091794,None
328,0.8199761509895325,0.6087173223495483,1.2799046039581299,0.43486928939819336,[0.0897 0.0845 0.0964 0.1000 0.1000 0.1000 0.1000],[0.1027 0.1549 0.0359 0.0000 0.0000 0.0000 0.0000],0.4286934733390808,0.5403709880349326,0.8450526744127274,0.1549473255872727,0.19575942302364785,None
328,0.8203116059303284,0.6091729402542114,1.2812464237213135,0.4366917610168457,[0.0897 0.0841 0.0955 0.1000 0.1000 0.1000 0.1000],[0.1028 0.1586 0.0451 0.0000 0.0000 0.0000 0.0000],0.4294845461845398,0.5405017239682863,0.8413829654455185,0.15861703455448156,0.19531623324956845,None
328,0.8206167817115784,0.6095874905586243,1.2824671268463135,0.43834996223449707,[0.0897 0.0838 0.0946 0.1000 0.1000 0.1000 0.1000],[0.1030 0.1620 0.0535 0.0000 0.0000 0.0000 0.0000],0.43020427227020264,0.5406207545470147,0.8379728347063065,0.1620271652936936,0.1948935082098033,None
328,0.8209288120269775,0.6100056171417236,1.2837152481079102,0.44002246856689453,[0.0895 0.0834 0.0938 0.1000 0.1000 0.1000 0.1000],[0.1047 0.1664 0.0622 0.0000 0.0000 0.0000 0.0000],0.43093442916870117,0.5407362469285717,0.8336026221513748,0.16639737784862524,0.1942476384336712,None
328,0.8211401104927063,0.6102862358093262,1.2845604419708252,0.4411449432373047,[0.0894 0.0830 0.0932 0.1000 0.1000 0.1000 0.1000],[0.1065 0.1697 0.0681 0.0000 0.0000 0.0000 0.0000],0.43142634630203247,0.54081172196649,0.8302641659975052,0.16973583400249487,0.1937175882764834,None
328,0.821374773979187,0.6105970144271851,1.285499095916748,0.44238805770874023,[0.0891 0.0826 0.0925 0.1000 0.1000 0.1000 0.1000],[0.1088 0.1736 0.0746 0.0000 0.0000 0.0000 0.0000],0.43197178840637207,0.5408946095371979,0.8263558149337769,0.1736441850662232,0.1930790375547307,None
328,0.8216082453727722,0.6109066009521484,1.2864329814910889,0.44362640380859375,[0.0889 0.0822 0.0919 0.1000 0.1000 0.1000 0.1000],[0.1111 0.1775 0.0812 0.0000 0.0000 0.0000 0.0000],0.43251484632492065,0.5409775120752538,0.8224911242723465,0.17750887572765356,0.19244713577422776,None
328,0.821835994720459,0.6112076640129089,1.287343978881836,0.44483065605163574,[0.0886 0.0819 0.0912 0.1000 0.1000 0.1000 0.1000],[0.1135 0.1814 0.0875 0.0000 0.0000 0.0000 0.0000],0.4330436587333679,0.5410573775431726,0.8185549825429916,0.18144501745700842,0.19178863270281382,None
328,0.8220630884170532,0.6115089654922485,1.288252353668213,0.44603586196899414,[0.0884 0.0815 0.0906 0.1000 0.1000 0.1000 0.1000],[0.1158 0.1853 0.0939 0.0000 0.0000 0.0000 0.0000],0.43357205390930176,0.5411382311362116,0.8147209882736206,0.18527901172637945,0.19115180526803016,None
328,0.8222933411598206,0.6118144989013672,1.2891733646392822,0.44725799560546875,[0.0882 0.0811 0.0900 0.1000 0.1000 0.1000 0.1000],[0.1182 0.1892 0.1004 0.0000 0.0000 0.0000 0.0000],0.43410784006118774,0.541220268256701,0.8107971400022507,0.18920285999774938,0.19049513535538368,None
328,0.8225226402282715,0.6121196150779724,1.290090560913086,0.44847846031188965,[0.0880 0.0807 0.0893 0.1000 0.1000 0.1000 0.1000],[0.1205 0.1930 0.1068 0.0000 0.0000 0.0000 0.0000],0.4346422553062439,0.5413029047941342,0.8069629222154617,0.19303707778453832,0.18985668067636127,None
328,0.8227471113204956,0.612418532371521,1.2909884452819824,0.449674129486084,[0.0877 0.0803 0.0887 0.1000 0.1000 0.1000 0.1000],[0.1227 0.1968 0.1131 0.0000 0.0000 0.0000 0.0000],0.4351656436920166,0.5413840616060377,0.8031805604696274,0.19681943953037268,0.18922270870954636,None
328,0.8230119943618774,0.6127766966819763,1.2920479774475098,0.4511067867279053,[0.0876 0.0799 0.0879 0.1000 0.1000 0.1000 0.1000],[0.1240 0.2006 0.1206 0.0000 0.0000 0.0000 0.0000],0.43578869104385376,0.5414857715622108,0.7994465529918671,0.200553447008133,0.18864810172764437,None
328,0.8232114911079407,0.6130471229553223,1.2928459644317627,0.45218849182128906,[0.0875 0.0797 0.0874 0.1000 0.1000 0.1000 0.1000],[0.1248 0.2033 0.1262 0.0000 0.0000 0.0000 0.0000],0.43625861406326294,0.5415631252259278,0.7966859638690948,0.2033140361309052,0.18822628334377506,None
328,0.8234668970108032,0.6133973598480225,1.293867588043213,0.45358943939208984,[0.0875 0.0794 0.0867 0.1000 0.1000 0.1000 0.1000],[0.1250 0.2063 0.1333 0.0000 0.0000 0.0000 0.0000],0.4368642568588257,0.5416665655194018,0.7936767488718033,0.20632325112819677,0.187811508265398,None
328,0.8237434029579163,0.6137783527374268,1.294973611831665,0.45511341094970703,[0.0875 0.0791 0.0859 0.1000 0.1000 0.1000 0.1000],[0.1248 0.2094 0.1411 0.0000 0.0000 0.0000 0.0000],0.437521755695343,0.5417805654269021,0.7905995100736618,0.20940048992633825,0.18740432784587208,None
328,0.8240267634391785,0.6141694784164429,1.2961070537567139,0.4566779136657715,[0.0876 0.0787 0.0851 0.1000 0.1000 0.1000 0.1000],[0.1244 0.2125 0.1490 0.0000 0.0000 0.0000 0.0000],0.43819624185562134,0.5418981717753839,0.7874836772680283,0.2125163227319718,0.18699409613398624,None
328,0.8243134617805481,0.6145659685134888,1.2972538471221924,0.4582638740539551,[0.0876 0.0784 0.0843 0.1000 0.1000 0.1000 0.1000],[0.1240 0.2156 0.1571 0.0000 0.0000 0.0000 0.0000],0.43887943029403687,0.5420180208053386,0.7843620330095291,0.21563796699047094,0.18658447979634685,None
328,0.8246011137962341,0.6149647235870361,1.2984044551849365,0.45985889434814453,[0.0877 0.0781 0.0835 0.1000 0.1000 0.1000 0.1000],[0.1234 0.2187 0.1652 0.0000 0.0000 0.0000 0.0000],0.43956583738327026,0.5421393331927299,0.7813039422035217,0.21869605779647833,0.1861893625385923,None
328,0.82488614320755,0.6153606176376343,1.2995445728302002,0.4614424705505371,[0.0877 0.0778 0.0827 0.1000 0.1000 0.1000 0.1000],[0.1227 0.2217 0.1732 0.0000 0.0000 0.0000 0.0000],0.4402467608451843,0.5422604173004963,0.7783062011003494,0.22169379889965063,0.18580378806774886,None
328,0.8251530528068542,0.6157315373420715,1.300612211227417,0.46292614936828613,[0.0878 0.0775 0.0819 0.1000 0.1000 0.1000 0.1000],[0.1220 0.2245 0.1807 0.0000 0.0000 0.0000 0.0000],0.4408845901489258,0.5423740441531067,0.7754527777433395,0.22454722225666052,0.18542964776425677,None
328,0.825397789478302,0.6160722970962524,1.301591157913208,0.46428918838500977,[0.0879 0.0773 0.0812 0.1000 0.1000 0.1000 0.1000],[0.1213 0.2271 0.1876 0.0000 0.0000 0.0000 0.0000],0.44147008657455444,0.5424789705575823,0.7728710025548935,0.22712899744510656,0.18509351467808013,None
328,0.8256422877311707,0.6164276003837585,1.3025691509246826,0.4657104015350342,[0.0879 0.0770 0.0805 0.1080 0.1000 0.1000 0.1000],[0.1206 0.2297 0.1945 -0.0800 0.0000 0.0000 0.0000],0.4420698881149292,0.5426000794191017,0.7702943682670593,0.22970563173294073,0.18476831970711846,None
328,0.8258959650993347,0.6167796850204468,1.3035838603973389,0.4671187400817871,[0.0880 0.0768 0.0798 0.1065 0.1000 0.1000 0.1000],[0.1195 0.2323 0.2017 -0.0652 0.0000 0.0000 0.0000],0.4426756501197815,0.5427076645307862,0.7677318155765533,0.2322681844234467,0.18444255403783463,None
328,0.8261418342590332,0.6171116828918457,1.3045673370361328,0.4684467315673828,[0.0879 0.0764 0.0791 0.1053 0.1000 0.1000 0.1000],[0.1212 0.2362 0.2088 -0.0527 0.0000 0.0000 0.0000],0.4432535171508789,0.5428018467150293,0.7637958228588104,0.23620417714118963,0.18376837956092804,None
328,0.8263533711433411,0.6173922419548035,1.3054134845733643,0.46956896781921387,[0.0876 0.0760 0.0785 0.1043 0.1000 0.1000 0.1000],[0.1241 0.2404 0.2149 -0.0431 0.0000 0.0000 0.0000],0.44374561309814453,0.5428773368246357,0.7596159726381302,0.24038402736186987,0.18299105989127637,None
328,0.8265609741210938,0.6176676750183105,1.306243896484375,0.4706707000732422,[0.0873 0.0755 0.0779 0.1034 0.1000 0.1000 0.1000],[0.1271 0.2446 0.2209 -0.0336 0.0000 0.0000 0.0000],0.4442286491394043,0.5429515352801377,0.7554440200328827,0.24455597996711737,0.18220903868081503,None
328,0.8267803192138672,0.6179640293121338,1.3071212768554688,0.47185611724853516,[0.0871 0.0752 0.0773 0.1023 0.1000 0.1000 0.1000],[0.1288 0.2482 0.2273 -0.0227 0.0000 0.0000 0.0000],0.444744348526001,0.5430357892550737,0.7518073171377182,0.24819268286228185,0.18157056269317026,None
328,0.8270442485809326,0.6183300018310547,1.3081769943237305,0.47332000732421875,[0.0872 0.0749 0.0765 0.1008 0.1000 0.1000 0.1000],[0.1282 0.2512 0.2348 -0.0079 0.0000 0.0000 0.0000],0.4453742504119873,0.5431474562291703,0.748772993683815,0.25122700631618505,0.1811311007835442,None
328,0.8272754549980164,0.6186407208442688,1.3091018199920654,0.4745628833770752,[0.0869 0.0745 0.0758 0.0997 0.1000 0.1000 0.1000],[0.1307 0.2555 0.2415 0.0032 0.0000 0.0000 0.0000],0.44591617584228516,0.5432344866851837,0.7445346564054489,0.25546534359455114,0.18035387498458463,None
328,0.827488124370575,0.6189243197441101,1.3099524974822998,0.47569727897644043,[0.0866 0.0740 0.0752 0.0987 0.1000 0.1000 0.1000],[0.1337 0.2597 0.2478 0.0128 0.0000 0.0000 0.0000],0.44641244411468506,0.5433121365456874,0.7402575761079788,0.25974242389202123,0.17954303395024065,None
328,0.827729344367981,0.6192458271980286,1.3109173774719238,0.47698330879211426,[0.0863 0.0735 0.0745 0.0976 0.1000 0.1000 0.1000],[0.1372 0.2647 0.2548 0.0237 0.0000 0.0000 0.0000],0.4469751715660095,0.543400046901062,0.7353201508522034,0.2646798491477967,0.17859921222182573,None
328,0.8279678225517273,0.6195651292800903,1.3118712902069092,0.47826051712036133,[0.0860 0.0731 0.0738 0.0965 0.1000 0.1000 0.1000],[0.1404 0.2694 0.2618 0.0347 0.0000 0.0000 0.0000],0.4475329518318176,0.5434885617296792,0.7305712997913361,0.269428700208664,0.1776961561319104,None
328,0.8282036185264587,0.6198816299438477,1.312814474105835,0.4795265197753906,[0.0856 0.0726 0.0731 0.0954 0.1000 0.1000 0.1000],[0.1435 0.2741 0.2687 0.0455 0.0000 0.0000 0.0000],0.4480852484703064,0.5435769631333108,0.7259069383144379,0.2740930616855622,0.17680829537031514,None
328,0.8284338116645813,0.6201909780502319,1.3137352466583252,0.48076391220092773,[0.0853 0.0721 0.0725 0.0944 0.1000 0.1000 0.1000],[0.1465 0.2786 0.2755 0.0562 0.0000 0.0000 0.0000],0.44862478971481323,0.5436636836560678,0.721365287899971,0.27863471210002905,0.1759417192361137,None
328,0.8287040591239929,0.6205564141273499,1.3148162364959717,0.4822256565093994,[0.0850 0.0716 0.0717 0.0931 0.1000 0.1000 0.1000],[0.1495 0.2837 0.2834 0.0690 0.0000 0.0000 0.0000],0.4492604732513428,0.5437679921392592,0.7162858545780182,0.28371414542198187,0.17498395369447936,None
328,0.8288900256156921,0.6208093166351318,1.3155601024627686,0.48323726654052734,[0.0849 0.0713 0.0711 0.0922 0.1000 0.1000 0.1000],[0.1512 0.2870 0.2889 0.0780 0.0000 0.0000 0.0000],0.449699342250824,0.5438413554687795,0.7110968232154846,0.28890317678451544,0.173909465567811,None
328,0.8290911316871643,0.6210935115814209,1.3163645267486572,0.4843740463256836,[0.0850 0.0711 0.0705 0.0910 0.1000 0.1000 0.1000],[0.1499 0.2890 0.2947 0.0896 0.0000 0.0000 0.0000],0.4501846432685852,0.5439324390994866,0.7052601128816605,0.2947398871183396,0.1726970657454516,None
328,0.829295814037323,0.6213824152946472,1.317183256149292,0.48552966117858887,[0.0851 0.0709 0.0699 0.0899 0.1000 0.1000 0.1000],[0.1487 0.2911 0.3007 0.1013 0.0000 0.0000 0.0000],0.4506782293319702,0.5440247827538477,0.6993038952350616,0.3006961047649384,0.17145541700910918,None
328,0.8294984698295593,0.6216670274734497,1.3179938793182373,0.48666810989379883,[0.0852 0.0706 0.0693 0.0887 0.1000 0.1000 0.1000],[0.1481 0.2935 0.3066 0.1125 0.0000 0.0000 0.0000],0.45116549730300903,0.5441146609550713,0.693381056189537,0.306618943810463,0.17021517665746022,None
328,0.8296957612037659,0.6219451427459717,1.3187830448150635,0.4877805709838867,[0.0853 0.0704 0.0688 0.0876 0.1000 0.1000 0.1000],[0.1472 0.2957 0.3124 0.1236 0.0000 0.0000 0.0000],0.45164090394973755,0.5442033145603249,0.687614232301712,0.312385767698288,0.16900490440934582,None
328,0.8298921585083008,0.6222234964370728,1.3195686340332031,0.488893985748291,[0.0854 0.0702 0.0682 0.0865 0.1000 0.1000 0.1000],[0.1459 0.2977 0.3181 0.1347 0.0000 0.0000 0.0000],0.45211565494537354,0.544293227973044,0.6818722933530807,0.3181277066469193,0.16779751316942848,None
328,0.8301234245300293,0.6225489974021912,1.3204936981201172,0.49019598960876465,[0.0855 0.0700 0.0675 0.0853 0.1000 0.1000 0.1000],[0.1451 0.3005 0.3249 0.1474 0.0000 0.0000 0.0000],0.45267242193222046,0.5443966339810051,0.6750762462615967,0.3249237537384034,0.1663612960083738,None
328,0.8303276896476746,0.6228408217430115,1.3213107585906982,0.4913632869720459,[0.0857 0.0698 0.0669 0.0841 0.1000 0.1000 0.1000],[0.1431 0.3023 0.3309 0.1592 0.0000 0.0000 0.0000],0.45316851139068604,0.5444927356181208,0.6690992414951324,0.3309007585048676,0.16509820542529227,None
328,0.8305220007896423,0.6231173872947693,1.3220880031585693,0.49246954917907715,[0.0858 0.0696 0.0663 0.0830 0.1000 0.1000 0.1000],[0.1416 0.3042 0.3366 0.1703 0.0000 0.0000 0.0000],0.4536393880844116,0.544583033369558,0.663389191031456,0.33661080896854406,0.16388652762593167,None
328,0.830715000629425,0.623392641544342,1.3228600025177002,0.49357056617736816,[0.0860 0.0694 0.0658 0.0819 0.1000 0.1000 0.1000],[0.1399 0.3061 0.3423 0.1812 0.0000 0.0000 0.0000],0.4541076421737671,0.5446733490283233,0.6577130407094955,0.3422869592905045,0.162678960719958,None
328,0.8309088945388794,0.6236703991889954,1.3236355781555176,0.49468159675598145,[0.0862 0.0692 0.0652 0.0808 0.1000 0.1000 0.1000],[0.1380 0.3078 0.3480 0.1923 0.0000 0.0000 0.0000],0.45457929372787476,0.5447654501799275,0.6520079076290131,0.347992092370987,0.16146264725885198,None
328,0.8311070799827576,0.623956024646759,1.3244283199310303,0.49582409858703613,[0.0865 0.0691 0.0646 0.0796 0.1000 0.1000 0.1000],[0.1354 0.3094 0.3538 0.2039 0.0000 0.0000 0.0000],0.4550631046295166,0.5448614987325302,0.6461802870035172,0.3538197129964829,0.16021805343049655,None
328,0.8313023447990417,0.6242380142211914,1.325209379196167,0.4969520568847656,[0.0867 0.0689 0.0640 0.0785 0.1000 0.1000 0.1000],[0.1327 0.3108 0.3596 0.2153 0.0000 0.0000 0.0000],0.45554035902023315,0.5449567816373369,0.640433058142662,0.359566941857338,0.15898738369360357,None
328,0.8314938545227051,0.6245149374008179,1.3259754180908203,0.4980597496032715,[0.0870 0.0688 0.0635 0.0774 0.1000 0.1000 0.1000],[0.1300 0.3123 0.3652 0.2265 0.0000 0.0000 0.0000],0.45600879192352295,0.5450506433438034,0.6347844004631042,0.3652155995368958,0.15777432042530973,None
328,0.8317060470581055,0.6248170733451843,1.3268241882324219,0.4992682933807373,[0.0871 0.0685 0.0628 0.0762 0.1000 0.1000 0.1000],[0.1286 0.3147 0.3715 0.2380 0.0000 0.0000 0.0000],0.4565231204032898,0.5451495039983785,0.6284724175930023,0.37152758240699774,0.15641003761545544,None
328,0.831877589225769,0.6250683665275574,1.3275103569030762,0.5002734661102295,[0.0875 0.0684 0.0623 0.0752 0.1000 0.1000 0.1000],[0.1252 0.3155 0.3766 0.2484 0.0000 0.0000 0.0000],0.4569459557533264,0.545237179731883,0.6234188377857208,0.37658116221427923,0.15532101566915102,None
328,0.8320503830909729,0.6253193020820618,1.3282015323638916,0.5012772083282471,[0.0878 0.0683 0.0618 0.0742 0.1000 0.1000 0.1000],[0.1224 0.3167 0.3817 0.2584 0.0000 0.0000 0.0000],0.45736968517303467,0.5453231026224103,0.6183020770549774,0.38169792294502264,0.15421335238599904,None
328,0.8322198390960693,0.6255642771720886,1.3288793563842773,0.5022571086883545,[0.0880 0.0682 0.0613 0.0732 0.1000 0.1000 0.1000],[0.1202 0.3182 0.3867 0.2680 0.0000 0.0000 0.0000],0.45778411626815796,0.5454061571864609,0.6132629886269569,0.3867370113730431,0.15311844553556292,None
328,0.8322202563285828,0.6259527206420898,1.328881025314331,0.5038108825683594,[0.0882 0.0680 0.0608 0.0722 0.1070 0.1000 0.1000],[0.1178 0.3196 0.3917 0.2775 -0.0695 0.0000 0.0000],0.4581729769706726,0.5458331411402931,0.6082550808787346,0.39174491912126547,0.15211607724036108,None
328,0.8324331045150757,0.626156747341156,1.3297324180603027,0.504626989364624,[0.0885 0.0679 0.0603 0.0713 0.1051 0.1000 0.1000],[0.1151 0.3208 0.3967 0.2872 -0.0510 0.0000 0.0000],0.4585898518562317,0.5458234295189593,0.6032577529549599,0.3967422470450402,0.15100089657319224,None
328,0.8326449394226074,0.6263614892959595,1.3305797576904297,0.5054459571838379,[0.0888 0.0678 0.0598 0.0703 0.1032 0.1000 0.1000],[0.1122 0.3219 0.4017 0.2968 -0.0324 0.0000 0.0000],0.4590064287185669,0.5458156210010653,0.598280280828476,0.4017197191715241,0.1498888811657027,None
328,0.8328522443771362,0.6265650391578674,1.331408977508545,0.5062601566314697,[0.0890 0.0677 0.0593 0.0694 0.1015 0.1000 0.1000],[0.1096 0.3232 0.4066 0.3061 -0.0148 0.0000 0.0000],0.45941728353500366,0.5458114871341759,0.593353845179081,0.4066461548209191,0.14878658035916772,None
328,0.8330578804016113,0.6267695426940918,1.3322315216064453,0.5070781707763672,[0.0893 0.0675 0.0588 0.0685 0.0998 0.1000 0.1000],[0.1072 0.3246 0.4116 0.3153 0.0023 0.0000 0.0000],0.4598274230957031,0.5458102404198004,0.5884258076548576,0.4115741923451424,0.14768223618813928,None
328,0.833273708820343,0.6269845962524414,1.333094835281372,0.5079383850097656,[0.0896 0.0674 0.0583 0.0675 0.0979 0.1000 0.1000],[0.1038 0.3257 0.4167 0.3251 0.0210 0.0000 0.0000],0.4602583050727844,0.5458093874066731,0.5833074823021889,0.4166925176978112,0.14653459960908882,None
328,0.8334899544715881,0.6272017955780029,1.3339598178863525,0.5088071823120117,[0.0900 0.0673 0.0578 0.0665 0.0960 0.1000 0.1000],[0.1001 0.3266 0.4218 0.3351 0.0398 0.0000 0.0000],0.46069175004959106,0.5458104372692112,0.5781884118914604,0.42181158810853964,0.14538568752161177,None
328,0.8337045311927795,0.6274184584617615,1.3348181247711182,0.5096738338470459,[0.0904 0.0673 0.0573 0.0655 0.0941 0.1000 0.1000],[0.0956 0.3272 0.4269 0.3452 0.0589 0.0000 0.0000],0.461122989654541,0.5458127338519737,0.5731469020247459,0.4268530979752541,0.14425350948578683,None
328,0.83391934633255,0.6276376247406006,1.3356773853302002,0.5105504989624023,[0.0909 0.0672 0.0568 0.0645 0.0922 0.1000 0.1000],[0.0908 0.3277 0.4319 0.3553 0.0781 0.0000 0.0000],0.46155697107315063,0.5458175239048192,0.5680936202406883,0.43190637975931173,0.14311748695815496,None
328,0.8341633677482605,0.627894401550293,1.336653470993042,0.5115776062011719,[0.0912 0.0670 0.0562 0.0634 0.0903 0.1000 0.1000],[0.0879 0.3295 0.4379 0.3660 0.0973 0.0000 0.0000],0.46205776929855347,0.5458315662686721,0.5620787665247917,0.43792123347520834,0.14175947771641093,None
328,0.834351122379303,0.6280902028083801,1.337404489517212,0.5123608112335205,[0.0917 0.0670 0.0558 0.0625 0.0886 0.1000 0.1000],[0.0833 0.3299 0.4424 0.3749 0.1139 0.0000 0.0000],0.4624413251876831,0.5458404249925772,0.5576378852128983,0.4423621147871018,0.14075849185299846,None
328,0.8345492482185364,0.6283003091812134,1.3381969928741455,0.5132012367248535,[0.0921 0.0669 0.0553 0.0616 0.0869 0.1000 0.1000],[0.0794 0.3307 0.4472 0.3840 0.1306 0.0000 0.0000],0.46284955739974976,0.545853614968342,0.5528484657406807,0.44715153425931936,0.13967611672019004,None
328,0.8347322344779968,0.6284951567649841,1.3389289379119873,0.5139806270599365,[0.0925 0.0669 0.0548 0.0607 0.0854 0.1000 0.1000],[0.0748 0.3310 0.4515 0.3927 0.1464 0.0000 0.0000],0.46322739124298096,0.5458666740779612,0.5484747886657715,0.45152521133422857,0.1386875519287481,None
328,0.8349151015281677,0.6286911964416504,1.339660406112671,0.5147647857666016,[0.0930 0.0669 0.0544 0.0599 0.0838 0.1000 0.1000],[0.0699 0.3312 0.4559 0.4014 0.1625 0.0000 0.0000],0.4636062979698181,0.5458811773483537,0.5441178008913994,0.45588219910860067,0.13770204209556808,None
328,0.8350958824157715,0.628886878490448,1.340383529663086,0.515547513961792,[0.0935 0.0669 0.0540 0.0590 0.0822 0.1000 0.1000],[0.0647 0.3313 0.4602 0.4100 0.1782 0.0000 0.0000],0.4639827609062195,0.545897584321198,0.5397993326187134,0.4602006673812867,0.13672419045378936,None
328,0.8352739810943604,0.6290812492370605,1.3410959243774414,0.5163249969482422,[0.0941 0.0669 0.0536 0.0581 0.0806 0.1000 0.1000],[0.0594 0.3313 0.4645 0.4186 0.1939 0.0000 0.0000],0.4643552303314209,0.5459155014126778,0.5355458706617355,0.4644541293382645,0.13576019185714985,None
328,0.8354449272155762,0.6292697787284851,1.3417797088623047,0.5170791149139404,[0.0946 0.0669 0.0531 0.0573 0.0792 0.1000 0.1000],[0.0544 0.3314 0.4686 0.4267 0.2085 0.0000 0.0000],0.4647147059440613,0.5459348631670881,0.53142499178648,0.4685750082135201,0.13482462454103575,None
328,0.8356486558914185,0.6294991970062256,1.3425946235656738,0.5179967880249023,[0.0949 0.0667 0.0526 0.0564 0.0776 0.1000 0.1000],[0.0510 0.3328 0.4737 0.4357 0.2239 0.0000 0.0000],0.46514785289764404,0.545963152502803,0.52628543227911,0.4737145677208901,0.1336520739172527,None
328,0.8357734680175781,0.6296383142471313,1.3430938720703125,0.5185532569885254,[0.0954 0.0668 0.0523 0.0558 0.0765 0.1000 0.1000],[0.0462 0.3325 0.4767 0.4419 0.2352 0.0000 0.0000],0.4654117822647095,0.5459789060291947,0.5233277380466461,0.47667226195335394,0.1329802031103732,None
328,0.8359150290489197,0.6297967433929443,1.3436601161956787,0.5191869735717773,[0.0960 0.0668 0.0520 0.0551 0.0752 0.1000 0.1000],[0.0401 0.3318 0.4800 0.4490 0.2482 0.0000 0.0000],0.465711772441864,0.5459974827647149,0.5200124531984329,0.47998754680156713,0.13222744340012846,None
328,0.8360590934753418,0.6299591660499573,1.3442363739013672,0.5198366641998291,[0.0966 0.0669 0.0517 0.0544 0.0738 0.1000 0.1000],[0.0336 0.3309 0.4834 0.4563 0.2616 0.0000 0.0000],0.4660182595252991,0.5460177014184534,0.5166442692279816,0.4833557307720185,0.13146231396783425,None
328,0.8362123370170593,0.6301330924034119,1.3448493480682373,0.5205323696136475,[0.0974 0.0670 0.0513 0.0536 0.0724 0.1000 0.1000],[0.0262 0.3298 0.4869 0.4641 0.2759 0.0000 0.0000],0.4663454294204712,0.5460404813051636,0.513073168694973,0.48692683130502706,0.1306507385744816,None
328,0.8363685607910156,0.6303123235702515,1.3454742431640625,0.5212492942810059,[0.0981 0.0671 0.0509 0.0528 0.0710 0.1000 0.1000],[0.0186 0.3288 0.4906 0.4721 0.2902 0.0000 0.0000],0.4666808843612671,0.5460658228104386,0.5094010010361671,0.4905989989638329,0.1298149773792768,None
328,0.8365247249603271,0.6304932236671448,1.3460988998413086,0.5219728946685791,[0.0988 0.0672 0.0506 0.0520 0.0696 0.1000 0.1000],[0.0115 0.3281 0.4943 0.4798 0.3041 0.0000 0.0000],0.4670179486274719,0.5460930697894311,0.5056773126125336,0.4943226873874665,0.1289655475342026,None
328,0.8366691470146179,0.6306620240211487,1.3466765880584717,0.5226480960845947,[0.0995 0.0673 0.0502 0.0513 0.0683 0.1000 0.1000],[0.0050 0.3274 0.4978 0.4870 0.3167 0.0000 0.0000],0.4673311710357666,0.5461199244365653,0.5022058635950089,0.4977941364049912,0.12817240990689663,None
328,0.8368319272994995,0.6308579444885254,1.347327709197998,0.5234317779541016,[0.0993 0.0669 0.0498 0.0507 0.0675 0.1000 0.1000],[0.0068 0.3308 0.5024 0.4930 0.3253 0.0000 0.0000],0.4676898717880249,0.5461564335467846,0.49763258546590805,0.502367414534092,0.1271112031584001,None
328,0.8369790315628052,0.631035327911377,1.3479161262512207,0.5241413116455078,[0.0993 0.0667 0.0494 0.0501 0.0666 0.1000 0.1000],[0.0075 0.3334 0.5064 0.4987 0.3336 0.0000 0.0000],0.46801435947418213,0.546189793359131,0.4935605451464653,0.5064394548535347,0.12616624964712844,None
328,0.8371279239654541,0.6312152743339539,1.3485116958618164,0.5248610973358154,[0.0993 0.0664 0.0489 0.0495 0.0658 0.1000 0.1000],[0.0075 0.3358 0.5105 0.5046 0.3425 0.0000 0.0000],0.46834319829940796,0.5462240094148874,0.48947326838970184,0.5105267316102982,0.12521719814474144,None
328,0.8372582793235779,0.6313701868057251,1.3490331172943115,0.5254807472229004,[0.1001 0.0666 0.0486 0.0488 0.0645 0.1000 0.1000],[-0.0015 0.3339 0.5135 0.5116 0.3552 0.0000 0.0000],0.468628466129303,0.5462510688521098,0.486493855714798,0.513506144285202,0.12453697858364098,None
328,0.8373960852622986,0.6315357089042664,1.3495843410491943,0.5261428356170654,[0.1010 0.0667 0.0483 0.0481 0.0632 0.1000 0.1000],[-0.0096 0.3327 0.5168 0.5187 0.3678 0.0000 0.0000],0.46893179416656494,0.5462816111749136,0.48131268471479416,0.5186873152852058,0.12329730059249167,None
328,0.8375296592712402,0.6316972374916077,1.350118637084961,0.5267889499664307,[0.1018 0.0669 0.0480 0.0474 0.0620 0.1000 0.1000],[-0.0180 0.3312 0.5199 0.5256 0.3800 0.0000 0.0000],0.4692268967628479,0.5463124183100968,0.47435473650693893,0.5256452634930611,0.12159821860061273,None
328,0.837720513343811,0.6319325566291809,1.3508820533752441,0.5277302265167236,[0.1018 0.0666 0.0475 0.0467 0.0609 0.1000 0.1000],[-0.0180 0.3343 0.5252 0.5331 0.3910 0.0000 0.0000],0.46965306997299194,0.54636142501477,0.46687621623277664,0.5331237837672234,0.11980058675324226,None
328,0.8378900289535522,0.6321424841880798,1.351560115814209,0.5285699367523193,[0.1019 0.0663 0.0470 0.0460 0.0599 0.1000 0.1000],[-0.0195 0.3365 0.5299 0.5400 0.4014 0.0000 0.0000],0.4700325131416321,0.5464059692131383,0.459955558180809,0.540044441819191,0.11812972868731549,None
328,0.83803790807724,0.6323261260986328,1.35215163230896,0.5293045043945312,[0.1023 0.0662 0.0466 0.0454 0.0589 0.1000 0.1000],[-0.0226 0.3377 0.5338 0.5464 0.4114 0.0000 0.0000],0.4703640341758728,0.5464453925064732,0.4535510763525963,0.5464489236474037,0.1165754436477379,None
328,0.838168203830719,0.6324886083602905,1.352672815322876,0.5299544334411621,[0.1026 0.0662 0.0463 0.0448 0.0579 0.1000 0.1000],[-0.0263 0.3383 0.5372 0.5523 0.4206 0.0000 0.0000],0.4706568121910095,0.5464808764005331,0.44774599373340607,0.5522540062665939,0.11516248468170046,None
328,0.8382991552352905,0.6326525211334229,1.353196620941162,0.5306100845336914,[0.1030 0.0661 0.0459 0.0442 0.0570 0.1000 0.1000],[-0.0296 0.3392 0.5407 0.5580 0.4296 0.0000 0.0000],0.4709516763687134,0.5465172174140812,0.4420047998428345,0.5579952001571655,0.11376460966874938,None
328,0.8384279012680054,0.6328145861625671,1.3537116050720215,0.5312583446502686,[0.1033 0.0660 0.0456 0.0436 0.0562 0.1000 0.1000],[-0.0329 0.3400 0.5441 0.5636 0.4385 0.0000 0.0000],0.4712424874305725,0.5465539556844297,0.4363582283258438,0.5636417716741562,0.11238818336700239,None
328,0.8385487198829651,0.6329671144485474,1.3541948795318604,0.5318684577941895,[0.1039 0.0660 0.0453 0.0431 0.0552 0.1000 0.1000],[-0.0386 0.3397 0.5472 0.5694 0.4479 0.0000 0.0000],0.47151583433151245,0.5465889222411766,0.43060600757598877,0.5693939924240112,0.11097807613751016,None
328,0.8386889696121216,0.6331450343132019,1.3547558784484863,0.5325801372528076,[0.1046 0.0661 0.0449 0.0424 0.0541 0.1000 0.1000],[-0.0464 0.3389 0.5507 0.5763 0.4592 0.0000 0.0000],0.4718340039253235,0.5466304649638226,0.4237261041998863,0.5762738958001137,0.10928694567610449,None
328,0.8388196229934692,0.6333118677139282,1.355278491973877,0.5332474708557129,[0.1053 0.0662 0.0446 0.0417 0.0531 0.1000 0.1000],[-0.0530 0.3385 0.5540 0.5825 0.4694 0.0000 0.0000],0.47213149070739746,0.5466703679665965,0.4174627363681793,0.5825372636318207,0.10774725572274704,None
328,0.838951587677002,0.6334810256958008,1.3558063507080078,0.5339241027832031,[0.1060 0.0662 0.0443 0.0411 0.0520 0.1000 0.1000],[-0.0599 0.3381 0.5574 0.5888 0.4796 0.0000 0.0000],0.47243261337280273,0.5467113921780064,0.4111560434103012,0.5888439565896988,0.10619514747809086,None
328,0.839080274105072,0.633647084236145,1.356321096420288,0.5345883369445801,[0.1067 0.0663 0.0439 0.0405 0.0510 0.1000 0.1000],[-0.0672 0.3374 0.5607 0.5951 0.4898 0.0000 0.0000],0.47272735834121704,0.5467526173611954,0.4049067571759224,0.5950932428240776,0.10465419279176844,None
328,0.839179515838623,0.6337759494781494,1.3567180633544922,0.5351037979125977,[0.1076 0.0665 0.0437 0.0400 0.0501 0.1000 0.1000],[-0.0764 0.3355 0.5630 0.6005 0.4990 0.0000 0.0000],0.47295546531677246,0.5467852977225103,0.39951082319021225,0.6004891768097878,0.10331553434976366,None
328,0.8392251133918762,0.633809506893158,1.3569004535675049,0.5352380275726318,[0.1000 0.0666 0.0435 0.0394 0.0492 0.1000 0.1000],[0.0000 0.3338 0.5655 0.6060 0.5082 0.0000 0.0000],0.4730346202850342,0.5467720148769295,0.39404965937137604,0.605950340628624,0.10191782842499976,None
328,0.8393777012825012,0.6340071558952332,1.3575108051300049,0.5360286235809326,[0.1000 0.0665 0.0430 0.0387 0.0482 0.1000 0.1000],[0.0000 0.3351 0.5698 0.6126 0.5180 0.0000 0.0000],0.4733848571777344,0.5468217289109416,0.38744039833545685,0.6125596016645432,0.10029170802575682,None
328,0.839536726474762,0.6342143416404724,1.3581469058990479,0.5368573665618896,[0.1000 0.0663 0.0426 0.0381 0.0473 0.1000 0.1000],[0.0000 0.3373 0.5743 0.6190 0.5271 0.0000 0.0000],0.4737510681152344,0.5468748684587341,0.38100574165582657,0.6189942583441734,0.0987119402778354,None
328,0.8397015333175659,0.634429931640625,1.3588061332702637,0.5377197265625,[0.1000 0.0661 0.0421 0.0374 0.0463 0.1000 0.1000],[0.0000 0.3393 0.5790 0.6259 0.5370 0.0000 0.0000],0.4741314649581909,0.5469309084952485,0.3741401806473732,0.6258598193526268,0.09702096642190175,None
328,0.8398701548576355,0.6346514225006104,1.359480619430542,0.5386056900024414,[0.1000 0.0659 0.0416 0.0367 0.0453 0.1000 0.1000],[0.0000 0.3414 0.5838 0.6328 0.5469 0.0000 0.0000],0.47452157735824585,0.5469892580114406,0.36717135459184647,0.6328286454081535,0.09530233791239064,None
328,0.8400424718856812,0.6348788738250732,1.3601698875427246,0.539515495300293,[0.1000 0.0656 0.0411 0.0360 0.0443 0.1000 0.1000],[0.0000 0.3436 0.5887 0.6399 0.5570 0.0000 0.0000],0.4749213457107544,0.5470501152880068,0.3600602224469185,0.6399397775530815,0.09354572583217918,None
328,0.840217649936676,0.6351111531257629,1.360870599746704,0.5404446125030518,[0.1000 0.0654 0.0406 0.0353 0.0433 0.1000 0.1000],[0.0000 0.3461 0.5938 0.6470 0.5669 0.0000 0.0000],0.47532880306243896,0.5471131523096381,0.35299230366945267,0.6470076963305473,0.09179869836169773,None
328,0.8403740525245667,0.6353192329406738,1.3614962100982666,0.5412769317626953,[0.1000 0.0653 0.0402 0.0346 0.0423 0.1000 0.1000],[0.0000 0.3473 0.5983 0.6538 0.5768 0.0000 0.0000],0.4756932854652405,0.5471702090366704,0.3461553528904915,0.6538446471095085,0.09009911333540245,None
328,0.8405272364616394,0.6355240941047668,1.3621089458465576,0.5420963764190674,[0.1000 0.0649 0.0397 0.0341 0.0416 0.1000 0.1000],[0.0000 0.3512 0.6029 0.6593 0.5837 0.0000 0.0000],0.47605133056640625,0.5472272729537782,0.3407309576869011,0.6592690423130989,0.08876323280352633,None
328,0.8406810164451599,0.635730504989624,1.3627240657806396,0.5429220199584961,[0.1000 0.0645 0.0393 0.0335 0.0409 0.1000 0.1000],[0.0000 0.3550 0.6075 0.6648 0.5908 0.0000 0.0000],0.47641152143478394,0.5472853973466993,0.33519648015499115,0.6648035198450089,0.08739680692477964,None
328,0.840826153755188,0.6359257102012634,1.363304615020752,0.5437028408050537,[0.1000 0.0642 0.0388 0.0330 0.0402 0.1000 0.1000],[0.0000 0.3581 0.6118 0.6702 0.5978 0.0000 0.0000],0.4767518639564514,0.5473406981471334,0.3298019617795944,0.6701980382204056,0.08606040313842105,None
328,0.8409409523010254,0.636080801486969,1.3637638092041016,0.544323205947876,[0.1000 0.0641 0.0385 0.0325 0.0395 0.1000 0.1000],[0.0000 0.3588 0.6151 0.6753 0.6053 0.0000 0.0000],0.4770217537879944,0.5473852070313472,0.3246935084462166,0.6753064915537834,0.08478223228786146,None
328,0.8410276174545288,0.6361984014511108,1.3641104698181152,0.5447936058044434,[0.1000 0.0643 0.0383 0.0320 0.0386 0.1000 0.1000],[0.0000 0.3565 0.6174 0.6805 0.6138 0.0000 0.0000],0.47722601890563965,0.5474193817634057,0.31951647251844406,0.6804835274815559,0.0834713690541043,None
328,0.8411133289337158,0.6363151669502258,1.3644533157348633,0.5452606678009033,[0.1000 0.0646 0.0380 0.0314 0.0378 0.1000 0.1000],[0.0000 0.3539 0.6196 0.6857 0.6224 0.0000 0.0000],0.47742849588394165,0.5474536907856943,0.3142501786351204,0.6857498213648796,0.08213556672548841,None
328,0.8411948680877686,0.6364269852638245,1.3647794723510742,0.5457079410552979,[0.1000 0.0649 0.0378 0.0309 0.0369 0.1000 0.1000],[0.0000 0.3509 0.6216 0.6909 0.6310 0.0000 0.0000],0.477621853351593,0.5474871462334533,0.30907656997442245,0.6909234300255775,0.08082099649267868,None
328,0.8412761688232422,0.6365390419960022,1.3651046752929688,0.5461561679840088,[0.1000 0.0652 0.0376 0.0304 0.0361 0.1000 0.1000],[0.0000 0.3480 0.6237 0.6960 0.6394 0.0000 0.0000],0.4778152108192444,0.54752113107103,0.3039700537919998,0.6960299462080002,0.07952279875488745,None
328,0.8413562774658203,0.6366498470306396,1.3654251098632812,0.5465993881225586,[0.1000 0.0655 0.0374 0.0299 0.0352 0.1000 0.1000],[0.0000 0.3451 0.6258 0.7011 0.6476 0.0000 0.0000],0.47800612449645996,0.5475550525918311,0.2989256754517555,0.7010743245482445,0.07823921261171865,None
328,0.8414745926856995,0.6368127465248108,1.3658983707427979,0.5472509860992432,[0.1000 0.0655 0.0371 0.0293 0.0345 0.1000 0.1000],[0.0000 0.3453 0.6292 0.7065 0.6555 0.0000 0.0000],0.47828733921051025,0.5476043256607235,0.29348988085985184,0.7065101191401482,0.07686858502861833,None
328,0.8415948748588562,0.6369780898094177,1.3663794994354248,0.5479123592376709,[0.1000 0.0652 0.0367 0.0289 0.0338 0.1000 0.1000],[0.0000 0.3476 0.6328 0.7112 0.6616 0.0000 0.0000],0.4785729646682739,0.5476541311679319,0.28882768005132675,0.7111723199486732,0.07569955751747921,None
328,0.8417038917541504,0.6371286511421204,1.3668155670166016,0.5485146045684814,[0.1000 0.0651 0.0364 0.0284 0.0332 0.1000 0.1000],[0.0000 0.3486 0.6360 0.7158 0.6680 0.0000 0.0000],0.47883254289627075,0.5477000545964769,0.2841710299253464,0.7158289700746536,0.07452573093627803,None
328,0.8418108224868774,0.637276828289032,1.3672432899475098,0.5491073131561279,[0.1000 0.0651 0.0361 0.0280 0.0326 0.1000 0.1000],[0.0000 0.3495 0.6392 0.7204 0.6744 0.0000 0.0000],0.4790876507759094,0.5477456532018233,0.2795679494738579,0.7204320505261421,0.07336371198828259,None
328,0.8418882489204407,0.6373862028121948,1.3675529956817627,0.5495448112487793,[0.1000 0.0654 0.0359 0.0275 0.0317 0.1000 0.1000],[0.0000 0.3461 0.6411 0.7255 0.6826 0.0000 0.0000],0.4792744517326355,0.5477809755126993,0.2745114266872406,0.7254885733127594,0.07206952356452447,None
328,0.8419641852378845,0.6374940276145935,1.367856740951538,0.549976110458374,[0.1000 0.0657 0.0357 0.0270 0.0310 0.1000 0.1000],[0.0000 0.3429 0.6431 0.7304 0.6904 0.0000 0.0000],0.479458212852478,0.5478162346752251,0.2696385979652405,0.7303614020347595,0.07082192402036307,None
328,0.8420385122299194,0.6376001238822937,1.3681540489196777,0.5504004955291748,[0.1000 0.0661 0.0355 0.0265 0.0302 0.1000 0.1000],[0.0000 0.3395 0.6450 0.7352 0.6982 0.0000 0.0000],0.47963863611221313,0.5478513647619561,0.2647709473967552,0.7352290526032448,0.06957404225883136,None
328,0.8421129584312439,0.637706995010376,1.3684518337249756,0.5508279800415039,[0.1000 0.0664 0.0353 0.0260 0.0294 0.1000 0.1000],[0.0000 0.3358 0.6469 0.7402 0.7062 0.0000 0.0000],0.4798199534416199,0.5478872226746208,0.259806290268898,0.740193709731102,0.06829975382247788,None
328,0.8422572612762451,0.6379088759422302,1.3690290451049805,0.5516355037689209,[0.1000 0.0662 0.0349 0.0254 0.0286 0.1000 0.1000],[0.0000 0.3379 0.6513 0.7460 0.7138 0.0000 0.0000],0.48016613721847534,0.5479509038455945,0.25401581078767776,0.7459841892123222,0.06683345703309444,None
328,0.842369019985199,0.6380662322044373,1.369476079940796,0.552264928817749,[0.1000 0.0661 0.0345 0.0249 0.0280 0.1000 0.1000],[0.0000 0.3387 0.6546 0.7508 0.7203 0.0000 0.0000],0.48043525218963623,0.548001340952474,0.24919681251049042,0.7508031874895096,0.06560832808066919,None
328,0.8424818515777588,0.6382257342338562,1.3699274063110352,0.5529029369354248,[0.1000 0.0661 0.0342 0.0244 0.0273 0.1000 0.1000],[0.0000 0.3394 0.6580 0.7558 0.7271 0.0000 0.0000],0.480707585811615,0.5480529706437904,0.2442479506134987,0.7557520493865013,0.06434790916890486,None
328,0.8426145911216736,0.6384132504463196,1.3704583644866943,0.5536530017852783,[0.1000 0.0659 0.0338 0.0239 0.0266 0.1000 0.1000],[0.0000 0.3408 0.6620 0.7613 0.7343 0.0000 0.0000],0.48102784156799316,0.5481135754690633,0.23873068392276764,0.7612693160772324,0.06294322843523331,None
328,0.8427421450614929,0.6385937333106995,1.3709685802459717,0.5543749332427979,[0.1000 0.0657 0.0334 0.0234 0.0259 0.1000 0.1000],[0.0000 0.3426 0.6659 0.7664 0.7411 0.0000 0.0000],0.4813358783721924,0.5481721436754995,0.23355796933174133,0.7664420306682587,0.06162541937766753,None
328,0.8428401947021484,0.6387343406677246,1.3713607788085938,0.5549373626708984,[0.1000 0.0658 0.0331 0.0229 0.0252 0.1000 0.1000],[0.0000 0.3418 0.6688 0.7713 0.7479 0.0000 0.0000],0.48157453536987305,0.5482192411861437,0.22873343899846077,0.7712665610015392,0.06038755528476051,None
328,0.8429146409034729,0.6388440132141113,1.3716585636138916,0.5553760528564453,[0.1000 0.0662 0.0329 0.0224 0.0245 0.1000 0.1000],[0.0000 0.3382 0.6707 0.7761 0.7554 0.0000 0.0000],0.48175865411758423,0.5482582289743824,0.22390738129615784,0.7760926187038422,0.05914024160933086,None
328,0.8429913520812988,0.6389570832252502,1.3719654083251953,0.555828332901001,[0.1000 0.0665 0.0327 0.0219 0.0237 0.1000 0.1000],[0.0000 0.3347 0.6728 0.7809 0.7628 0.0000 0.0000],0.4819484353065491,0.5482984737063106,0.21908139809966087,0.7809186019003391,0.057892608112315,None
328,0.8430713415145874,0.6390750408172607,1.3722853660583496,0.556300163269043,[0.1000 0.0668 0.0325 0.0214 0.0230 0.1000 0.1000],[0.0000 0.3315 0.6750 0.7858 0.7702 0.0000 0.0000],0.48214638233184814,0.5483405035900091,0.21421369165182114,0.7857863083481789,0.056633899361944455,None
328,0.8431568741798401,0.6392009258270264,1.3726274967193604,0.5568037033081055,[0.1000 0.0671 0.0323 0.0209 0.0222 0.1000 0.1000],[0.0000 0.3287 0.6774 0.7907 0.7775 0.0000 0.0000],0.48235780000686646,0.548385177000562,0.209263376891613,0.790736623108387,0.05535390220841003,None
328,0.8432362079620361,0.6393187642097473,1.3729448318481445,0.5572750568389893,[0.1000 0.0674 0.0320 0.0204 0.0215 0.1000 0.1000],[0.0000 0.3256 0.6796 0.7955 0.7846 0.0000 0.0000],0.48255497217178345,0.5484278089249861,0.2044946327805519,0.7955053672194481,0.0541188023459426,None
328,0.8433125615119934,0.6394327282905579,1.3732502460479736,0.5577309131622314,[0.1000 0.0678 0.0318 0.0200 0.0208 0.1000 0.1000],[0.0000 0.3222 0.6817 0.8002 0.7916 0.0000 0.0000],0.48274528980255127,0.5484694548300906,0.19981840625405312,0.8001815937459469,0.05290612841791303,None
328,0.8433894515037537,0.6395476460456848,1.3735578060150146,0.5581905841827393,[0.1000 0.0681 0.0316 0.0195 0.0202 0.1000 0.1000],[0.0000 0.3191 0.6838 0.8048 0.7985 0.0000 0.0000],0.4829370975494385,0.5485115666397766,0.19520532339811325,0.8047946766018867,0.05170922334000363,None
328,0.8434921503067017,0.6396989822387695,1.3739686012268066,0.5587959289550781,[0.1000 0.0683 0.0313 0.0190 0.0194 0.1000 0.1000],[0.0000 0.3174 0.6868 0.8100 0.8057 0.0000 0.0000],0.4831911325454712,0.5485654332376262,0.18997672945261002,0.81002327054739,0.05035560292592561,None
328,0.8435454368591309,0.6397822499275208,1.3741817474365234,0.559128999710083,[0.1000 0.0688 0.0312 0.0186 0.0188 0.1000 0.1000],[0.0000 0.3123 0.6882 0.8142 0.8123 0.0000 0.0000],0.4833276867866516,0.5485986409727923,0.18579460680484772,0.8142053931951523,0.0492639810496932,None
328,0.843575119972229,0.6398321986198425,1.374300479888916,0.5593287944793701,[0.1000 0.0694 0.0311 0.0182 0.0182 0.1000 0.1000],[0.0000 0.3065 0.6887 0.8176 0.8179 0.0000 0.0000],0.48340731859207153,0.5486210889370368,0.18208283931016922,0.8179171606898308,0.048289725415923475,None
328,0.843597948551178,0.6398733854293823,1.374391794204712,0.5594935417175293,[0.1000 0.0700 0.0311 0.0179 0.0176 0.1000 0.1000],[0.0000 0.2998 0.6891 0.8209 0.8236 0.0000 0.0000],0.4834713339805603,0.5486414251154681,0.1764170080423355,0.8235829919576645,0.04679503508000086,None
328,0.843617856502533,0.6399110555648804,1.3744714260101318,0.5596442222595215,[0.1000 0.0707 0.0311 0.0176 0.0171 0.1000 0.1000],[0.0000 0.2928 0.6893 0.8242 0.8292 0.0000 0.0000],0.48352891206741333,0.5486611019005202,0.17084022983908653,0.8291597701609135,0.045322803487864716,None
328,0.8436365127563477,0.6399474740028381,1.3745460510253906,0.5597898960113525,[0.1000 0.0714 0.0311 0.0173 0.0165 0.1000 0.1000],[0.0000 0.2856 0.6895 0.8274 0.8347 0.0000 0.0000],0.4835839867591858,0.5486807795434483,0.16525376588106155,0.8347462341189384,0.043847316930036725,None
328,0.8437117338180542,0.6400632858276367,1.3748469352722168,0.5602531433105469,[0.1000 0.0719 0.0308 0.0168 0.0158 0.1000 0.1000],[0.0000 0.2813 0.6915 0.8321 0.8416 0.0000 0.0000],0.4837750196456909,0.5487257508006717,0.15841679647564888,0.8415832035243511,0.04205329283164182,None
328,0.8437618613243103,0.6401446461677551,1.3750474452972412,0.5605785846710205,[0.1000 0.0724 0.0307 0.0164 0.0152 0.1000 0.1000],[0.0000 0.2756 0.6928 0.8362 0.8478 0.0000 0.0000],0.48390650749206543,0.5487603572861144,0.15216663479804993,0.8478333652019501,0.04040765326287282,None
328,0.8437966704368591,0.6402050256729126,1.3751866817474365,0.5608201026916504,[0.1000 0.0731 0.0306 0.0160 0.0146 0.1000 0.1000],[0.0000 0.2688 0.6935 0.8399 0.8537 0.0000 0.0000],0.48400169610977173,0.5487886916710236,0.14627929776906967,0.8537207022309303,0.03885392558718995,None
328,0.8438140153884888,0.6402406692504883,1.375256061553955,0.5609626770019531,[0.1000 0.0738 0.0306 0.0157 0.0141 0.1000 0.1000],[0.0000 0.2616 0.6937 0.8429 0.8588 0.0000 0.0000],0.48405468463897705,0.5488089693511179,0.14118818566203117,0.8588118143379688,0.03750714310433232,None
328,0.8438191413879395,0.6402604579925537,1.3752765655517578,0.5610418319702148,[0.1000 0.0747 0.0307 0.0154 0.0136 0.1000 0.1000],[0.0000 0.2532 0.6934 0.8458 0.8639 0.0000 0.0000],0.48407959938049316,0.5488252185733496,0.13614834286272526,0.8638516571372747,0.03617122350711094,None
328,0.8438249230384827,0.640282154083252,1.3752996921539307,0.5611286163330078,[0.1000 0.0756 0.0307 0.0151 0.0131 0.1000 0.1000],[0.0000 0.2442 0.6932 0.8488 0.8691 0.0000 0.0000],0.4841070771217346,0.5488428555866252,0.13092352077364922,0.8690764792263508,0.03478621065902115,None
328,0.8438766598701477,0.640367329120636,1.3755066394805908,0.561469316482544,[0.1000 0.0762 0.0305 0.0147 0.0125 0.1000 0.1000],[0.0000 0.2384 0.6945 0.8528 0.8750 0.0000 0.0000],0.4842439889907837,0.5488799153778323,0.12502845376729965,0.8749715462327003,0.03323153774045447,None
328,0.8440161347389221,0.6405692100524902,1.3760645389556885,0.5622768402099609,[0.1000 0.0759 0.0301 0.0142 0.0119 0.1000 0.1000],[0.0000 0.2415 0.6990 0.8578 0.8807 0.0000 0.0000],0.48458534479141235,0.5489490885870733,0.11927759274840355,0.8807224072515965,0.03172935251242766,None
328,0.8441410064697266,0.6407537460327148,1.3765640258789062,0.5630149841308594,[0.1000 0.0758 0.0297 0.0137 0.0113 0.1000 0.1000],[0.0000 0.2419 0.7029 0.8630 0.8871 0.0000 0.0000],0.4848947525024414,0.549015232588714,0.11292090639472008,0.8870790936052799,0.03006119452894433,None
328,0.8442201018333435,0.6408758759498596,1.376880407333374,0.5635035037994385,[0.1000 0.0761 0.0295 0.0133 0.0107 0.1000 0.1000],[0.0000 0.2389 0.7053 0.8672 0.8928 0.0000 0.0000],0.4850959777832031,0.5490629468723114,0.1072271540760994,0.8927728459239006,0.02855976238274045,None
328,0.8443445563316345,0.6410601735115051,1.377378225326538,0.5642406940460205,[0.1000 0.0760 0.0291 0.0128 0.0101 0.1000 0.1000],[0.0000 0.2397 0.7092 0.8723 0.8989 0.0000 0.0000],0.48540472984313965,0.5491293058756985,0.10111640207469463,0.8988835979253054,0.026952573167751327,None
328,0.8444125652313232,0.6411697864532471,1.377650260925293,0.5646791458129883,[0.1000 0.0766 0.0289 0.0123 0.0095 0.1000 0.1000],[0.0000 0.2345 0.7111 0.8767 0.9050 0.0000 0.0000],0.4855823516845703,0.5491754456797233,0.09497469291090965,0.9050253070890903,0.025326892279026913,None
328,0.8444881439208984,0.641289472579956,1.3779525756835938,0.5651578903198242,[0.1000 0.0770 0.0287 0.0119 0.0089 0.1000 0.1000],[0.0000 0.2303 0.7133 0.8811 0.9110 0.0000 0.0000],0.4857776165008545,0.5492243669618528,0.08902681060135365,0.9109731893986464,0.023752433540391277,None
328,0.8445577025413513,0.6414018869400024,1.3782308101654053,0.5656075477600098,[0.1000 0.0775 0.0285 0.0115 0.0083 0.1000 0.1000],[0.0000 0.2251 0.7153 0.8855 0.9170 0.0000 0.0000],0.48595958948135376,0.5492719050232736,0.08296363055706024,0.9170363694429398,0.022144979931386526,None
328,0.844210147857666,0.6414526104927063,1.376840591430664,0.5658104419708252,[0.1000 0.0778 0.0282 0.0110 0.0278 0.1000 0.1000],[0.0000 0.2217 0.7177 0.8898 0.7224 0.0000 0.0000],0.4856627583503723,0.549713938295932,0.11020734906196594,0.8897926509380341,0.02942267177106114,None
328,0.8442964553833008,0.6415817141532898,1.3771858215332031,0.5663268566131592,[0.1000 0.0780 0.0280 0.0106 0.0272 0.1000 0.1000],[0.0000 0.2200 0.7204 0.8938 0.7275 0.0000 0.0000],0.4858781695365906,0.549761461856039,0.10616184212267399,0.893838157877326,0.028357642630743616,None
328,0.844376802444458,0.6417033672332764,1.377507209777832,0.5668134689331055,[0.1000 0.0782 0.0277 0.0102 0.0267 0.1000 0.1000],[0.0000 0.2178 0.7228 0.8978 0.7326 0.0000 0.0000],0.4860801696777344,0.5498073354538286,0.10222392156720161,0.8977760784327984,0.027319388314572087,None
328,0.8444291353225708,0.6417936086654663,1.3777165412902832,0.5671744346618652,[0.1000 0.0789 0.0276 0.0098 0.0262 0.1000 0.1000],[0.0000 0.2108 0.7242 0.9018 0.7384 0.0000 0.0000],0.4862227439880371,0.5498494400124504,0.09820034727454185,0.9017996527254581,0.02625379444761516,None
328,0.8444876074790955,0.6418904066085815,1.3779504299163818,0.5675616264343262,[0.1000 0.0795 0.0274 0.0094 0.0256 0.1000 0.1000],[0.0000 0.2051 0.7258 0.9057 0.7438 0.0000 0.0000],0.486378014087677,0.5498920119898849,0.09430547244846821,0.9056945275515318,0.025222506418142734,None
328,0.8445470333099365,0.6419891119003296,1.378188133239746,0.5679564476013184,[0.1000 0.0801 0.0272 0.0090 0.0251 0.1000 0.1000],[0.0000 0.1994 0.7275 0.9096 0.7492 0.0000 0.0000],0.4865361452102661,0.5499356474796,0.09039833210408688,0.9096016678959131,0.024187300463289683,None
