333,0.8202994465827942,0.7323616743087769,1.2811977863311768,0.9294466972351074,[0.1000 0.1000 0.1000 0.1000 0.1000 0.1000 0.1000],[0.0000 0.0000 0.0000 0.0000 0.0000 0.0000 0.0000],0.552661120891571,0.7034569638753637,1.0,0.0,0.3887733141543399,None
333,0.8202994465827942,0.7323616743087769,1.2811977863311768,0.9294466972351074,[0.1000 0.1000 0.1000 0.1000 0.1000 0.1000 0.1000],[0.0000 0.0000 0.0000 0.0000 0.0000 0.0000 0.0000],0.552661120891571,0.7034569638753637,1.0,0.0,0.3887733141543399,None
333,0.8202994465827942,0.7323616743087769,1.2811977863311768,0.9294466972351074,[0.1000 0.1000 0.1000 0.1000 0.1000 0.1000 0.1000],[0.0000 0.0000 0.0000 0.0000 0.0000 0.0000 0.0000],0.552661120891571,0.7034569638753637,1.0,0.0,0.3887733141543399,None
333,0.8202994465827942,0.7323616743087769,1.2811977863311768,0.9294466972351074,[0.1000 0.1000 0.1000 0.1000 0.1000 0.1000 0.1000],[0.0000 0.0000 0.0000 0.0000 0.0000 0.0000 0.0000],0.552661120891571,0.7034569638753637,1.0,0.0,0.3887733141543399,None
333,0.8202994465827942,0.7323616743087769,1.2811977863311768,0.9294466972351074,[0.1000 0.1000 0.1000 0.1000 0.1000 0.1000 0.1000],[0.0000 0.0000 0.0000 0.0000 0.0000 0.0000 0.0000],0.552661120891571,0.7034569638753637,1.0,0.0,0.3887733141543399,None
333,0.8202994465827942,0.7323616743087769,1.2811977863311768,0.9294466972351074,[0.1000 0.1000 0.1000 0.1000 0.1000 0.1000 0.1000],[0.0000 0.0000 0.0000 0.0000 0.0000 0.0000 0.0000],0.552661120891571,0.7034569638753637,1.0,0.0,0.3887733141543399,None
333,0.8202994465827942,0.7323616743087769,1.2811977863311768,0.9294466972351074,[0.1000 0.1000 0.1000 0.1000 0.1000 0.1000 0.1000],[0.0000 0.0000 0.0000 0.0000 0.0000 0.0000 0.0000],0.552661120891571,0.7034569638753637,1.0,0.0,0.3887733141543399,None
333,0.8202994465827942,0.7323616743087769,1.2811977863311768,0.9294466972351074,[0.1000 0.1000 0.1000 0.1000 0.1000 0.1000 0.1000],[0.0000 0.0000 0.0000 0.0000 0.0000 0.0000 0.0000],0.552661120891571,0.7034569638753637,1.0,0.0,0.3887733141543399,None
333,0.8202994465827942,0.7323616743087769,1.2811977863311768,0.9294466972351074,[0.1000 0.1000 0.1000 0.1000 0.1000 0.1000 0.1000],[0.0000 0.0000 0.0000 0.0000 0.0000 0.0000 0.0000],0.552661120891571,0.7034569638753637,1.0,0.0,0.3887733141543399,None
333,0.8202994465827942,0.7323616743087769,1.2811977863311768,0.9294466972351074,[0.1000 0.1000 0.1000 0.1000 0.1000 0.1000 0.1000],[0.0000 0.0000 0.0000 0.0000 0.0000 0.0000 0.0000],0.552661120891571,0.7034569638753637,1.0,0.0,0.3887733141543399,None
333,0.8202994465827942,0.7323616743087769,1.2811977863311768,0.9294466972351074,[0.1000 0.1000 0.1000 0.1000 0.1000 0.1000 0.1000],[0.0000 0.0000 0.0000 0.0000 0.0000 0.0000 0.0000],0.552661120891571,0.7034569638753637,1.0,0.0,0.3887733141543399,None
333,0.8202994465827942,0.7323616743087769,1.2811977863311768,0.9294466972351074,[0.1000 0.1000 0.1000 0.1000 0.1000 0.1000 0.1000],[0.0000 0.0000 0.0000 0.0000 0.0000 0.0000 0.0000],0.552661120891571,0.7034569638753637,1.0,0.0,0.3887733141543399,None
333,0.8202994465827942,0.7323616743087769,1.2811977863311768,0.9294466972351074,[0.1000 0.1000 0.1000 0.1000 0.1000 0.1000 0.1000],[0.0000 0.0000 0.0000 0.0000 0.0000 0.0000 0.0000],0.552661120891571,0.7034569638753637,1.0,0.0,0.3887733141543399,None
333,0.8202994465827942,0.7323616743087769,1.2811977863311768,0.9294466972351074,[0.1000 0.1000 0.1000 0.1000 0.1000 0.1000 0.1000],[0.0000 0.0000 0.0000 0.0000 0.0000 0.0000 0.0000],0.552661120891571,0.7034569638753637,1.0,0.0,0.3887733141543399,None
333,0.8202994465827942,0.7323616743087769,1.2811977863311768,0.9294466972351074,[0.1000 0.1000 0.1000 0.1000 0.1000 0.1000 0.1000],[0.0000 0.0000 0.0000 0.0000 0.0000 0.0000 0.0000],0.552661120891571,0.7034569638753637,1.0,0.0,0.3887733141543399,None
333,0.8202994465827942,0.7323616743087769,1.2811977863311768,0.9294466972351074,[0.1000 0.1000 0.1000 0.1000 0.1000 0.1000 0.1000],[0.0000 0.0000 0.0000 0.0000 0.0000 0.0000 0.0000],0.552661120891571,0.7034569638753637,1.0,0.0,0.3887733141543399,None
333,0.8202994465827942,0.7323616743087769,1.2811977863311768,0.9294466972351074,[0.1000 0.1000 0.1000 0.1000 0.1000 0.1000 0.1000],[0.0000 0.0000 0.0000 0.0000 0.0000 0.0000 0.0000],0.552661120891571,0.7034569638753637,1.0,0.0,0.3887733141543399,None
333,0.8202994465827942,0.7323616743087769,1.2811977863311768,0.9294466972351074,[0.1000 0.1000 0.1000 0.1000 0.1000 0.1000 0.1000],[0.0000 0.0000 0.0000 0.0000 0.0000 0.0000 0.0000],0.552661120891571,0.7034569638753637,1.0,0.0,0.3887733141543399,None
333,0.8202994465827942,0.7323616743087769,1.2811977863311768,0.9294466972351074,[0.1000 0.1000 0.1000 0.1000 0.1000 0.1000 0.1000],[0.0000 0.0000 0.0000 0.0000 0.0000 0.0000 0.0000],0.552661120891571,0.7034569638753637,1.0,0.0,0.3887733141543399,None
333,0.8202994465827942,0.7323616743087769,1.2811977863311768,0.9294466972351074,[0.1000 0.1000 0.1000 0.1000 0.1000 0.1000 0.1000],[0.0000 0.0000 0.0000 0.0000 0.0000 0.0000 0.0000],0.552661120891571,0.7034569638753637,1.0,0.0,0.3887733141543399,None
333,0.8202994465827942,0.7323616743087769,1.2811977863311768,0.9294466972351074,[0.1000 0.1000 0.1000 0.1000 0.1000 0.1000 0.1000],[0.0000 0.0000 0.0000 0.0000 0.0000 0.0000 0.0000],0.552661120891571,0.7034569638753637,1.0,0.0,0.3887733141543399,None
333,0.8202994465827942,0.7323616743087769,1.2811977863311768,0.9294466972351074,[0.1000 0.1000 0.1000 0.1000 0.1000 0.1000 0.1000],[0.0000 0.0000 0.0000 0.0000 0.0000 0.0000 0.0000],0.552661120891571,0.7034569638753637,1.0,0.0,0.3887733141543399,None
333,0.8202994465827942,0.7323616743087769,1.2811977863311768,0.9294466972351074,[0.1000 0.1000 0.1000 0.1000 0.1000 0.1000 0.1000],[0.0000 0.0000 0.0000 0.0000 0.0000 0.0000 0.0000],0.552661120891571,0.7034569638753637,1.0,0.0,0.3887733141543399,None
333,0.8202994465827942,0.7323616743087769,1.2811977863311768,0.9294466972351074,[0.1000 0.1000 0.1000 0.1000 0.1000 0.1000 0.1000],[0.0000 0.0000 0.0000 0.0000 0.0000 0.0000 0.0000],0.552661120891571,0.7034569638753637,1.0,0.0,0.3887733141543399,None
333,0.8202994465827942,0.7323616743087769,1.2811977863311768,0.9294466972351074,[0.1000 0.1000 0.1000 0.1000 0.1000 0.1000 0.1000],[0.0000 0.0000 0.0000 0.0000 0.0000 0.0000 0.0000],0.552661120891571,0.7034569638753637,1.0,0.0,0.3887733141543399,None
333,0.8202994465827942,0.7323616743087769,1.2811977863311768,0.9294466972351074,[0.1000 0.1000 0.1000 0.1000 0.1000 0.1000 0.1000],[0.0000 0.0000 0.0000 0.0000 0.0000 0.0000 0.0000],0.552661120891571,0.7034569638753637,1.0,0.0,0.3887733141543399,None
333,0.8202994465827942,0.7323616743087769,1.2811977863311768,0.9294466972351074,[0.1000 0.1000 0.1000 0.1000 0.1000 0.1000 0.1000],[0.0000 0.0000 0.0000 0.0000 0.0000 0.0000 0.0000],0.552661120891571,0.7034569638753637,1.0,0.0,0.3887733141543399,None
333,0.8202994465827942,0.7323616743087769,1.2811977863311768,0.9294466972351074,[0.1000 0.1000 0.1000 0.1000 0.1000 0.1000 0.1000],[0.0000 0.0000 0.0000 0.0000 0.0000 0.0000 0.0000],0.552661120891571,0.7034569638753637,1.0,0.0,0.3887733141543399,None
333,0.8202994465827942,0.7323616743087769,1.2811977863311768,0.9294466972351074,[0.1000 0.1000 0.1000 0.1000 0.1000 0.1000 0.1000],[0.0000 0.0000 0.0000 0.0000 0.0000 0.0000 0.0000],0.552661120891571,0.7034569638753637,1.0,0.0,0.3887733141543399,None
333,0.8202994465827942,0.7323616743087769,1.2811977863311768,0.9294466972351074,[0.1000 0.1000 0.1000 0.1000 0.1000 0.1000 0.1000],[0.0000 0.0000 0.0000 0.0000 0.0000 0.0000 0.0000],0.552661120891571,0.7034569638753637,1.0,0.0,0.3887733141543399,None
333,0.8202994465827942,0.7323616743087769,1.2811977863311768,0.9294466972351074,[0.1000 0.1000 0.1000 0.1000 0.1000 0.1000 0.1000],[0.0000 0.0000 0.0000 0.0000 0.0000 0.0000 0.0000],0.552661120891571,0.7034569638753637,1.0,0.0,0.3887733141543399,None
333,0.8202994465827942,0.7323616743087769,1.2811977863311768,0.9294466972351074,[0.1000 0.1000 0.1000 0.1000 0.1000 0.1000 0.1000],[0.0000 0.0000 0.0000 0.0000 0.0000 0.0000 0.0000],0.552661120891571,0.7034569638753637,1.0,0.0,0.3887733141543399,None
333,0.8202994465827942,0.7323616743087769,1.2811977863311768,0.9294466972351074,[0.1000 0.1000 0.1000 0.1000 0.1000 0.1000 0.1000],[0.0000 0.0000 0.0000 0.0000 0.0000 0.0000 0.0000],0.552661120891571,0.7034569638753637,1.0,0.0,0.3887733141543399,None
333,0.8202994465827942,0.7323616743087769,1.2811977863311768,0.9294466972351074,[0.1000 0.1000 0.1000 0.1000 0.1000 0.1000 0.1000],[0.0000 0.0000 0.0000 0.0000 0.0000 0.0000 0.0000],0.552661120891571,0.7034569638753637,1.0,0.0,0.3887733141543399,None
333,0.8202994465827942,0.7323616743087769,1.2811977863311768,0.9294466972351074,[0.1000 0.1000 0.1000 0.1000 0.1000 0.1000 0.1000],[0.0000 0.0000 0.0000 0.0000 0.0000 0.0000 0.0000],0.552661120891571,0.7034569638753637,1.0,0.0,0.3887733141543399,None
333,0.8202994465827942,0.7323616743087769,1.2811977863311768,0.9294466972351074,[0.1000 0.1000 0.1000 0.1000 0.1000 0.1000 0.1000],[0.0000 0.0000 0.0000 0.0000 0.0000 0.0000 0.0000],0.552661120891571,0.7034569638753637,1.0,0.0,0.3887733141543399,None
333,0.8202994465827942,0.7323616743087769,1.2811977863311768,0.9294466972351074,[0.1000 0.1000 0.1000 0.1000 0.1000 0.1000 0.1000],[0.0000 0.0000 0.0000 0.0000 0.0000 0.0000 0.0000],0.552661120891571,0.7034569638753637,1.0,0.0,0.3887733141543399,None
333,0.8202994465827942,0.7323616743087769,1.2811977863311768,0.9294466972351074,[0.1000 0.1000 0.1000 0.1000 0.1000 0.1000 0.1000],[0.0000 0.0000 0.0000 0.0000 0.0000 0.0000 0.0000],0.552661120891571,0.7034569638753637,1.0,0.0,0.3887733141543399,None
333,0.8202994465827942,0.7323616743087769,1.2811977863311768,0.9294466972351074,[0.1000 0.1000 0.1000 0.1000 0.1000 0.1000 0.1000],[0.0000 0.0000 0.0000 0.0000 0.0000 0.0000 0.0000],0.552661120891571,0.7034569638753637,1.0,0.0,0.3887733141543399,None
333,0.8202994465827942,0.7323616743087769,1.2811977863311768,0.9294466972351074,[0.1000 0.1000 0.1000 0.1000 0.1000 0.1000 0.1000],[0.0000 0.0000 0.0000 0.0000 0.0000 0.0000 0.0000],0.552661120891571,0.7034569638753637,1.0,0.0,0.3887733141543399,None
333,0.8202994465827942,0.7323616743087769,1.2811977863311768,0.9294466972351074,[0.1000 0.1000 0.1000 0.1000 0.1000 0.1000 0.1000],[0.0000 0.0000 0.0000 0.0000 0.0000 0.0000 0.0000],0.552661120891571,0.7034569638753637,1.0,0.0,0.3887733141543399,None
333,0.8202994465827942,0.7323616743087769,1.2811977863311768,0.9294466972351074,[0.1000 0.1000 0.1000 0.1000 0.1000 0.1000 0.1000],[0.0000 0.0000 0.0000 0.0000 0.0000 0.0000 0.0000],0.552661120891571,0.7034569638753637,1.0,0.0,0.3887733141543399,None
333,0.8202994465827942,0.7323616743087769,1.2811977863311768,0.9294466972351074,[0.1000 0.1000 0.1000 0.1000 0.1000 0.1000 0.1000],[0.0000 0.0000 0.0000 0.0000 0.0000 0.0000 0.0000],0.552661120891571,0.7034569638753637,1.0,0.0,0.3887733141543399,None
333,0.8202994465827942,0.7323616743087769,1.2811977863311768,0.9294466972351074,[0.1000 0.1000 0.1000 0.1000 0.1000 0.1000 0.1000],[0.0000 0.0000 0.0000 0.0000 0.0000 0.0000 0.0000],0.552661120891571,0.7034569638753637,1.0,0.0,0.3887733141543399,None
333,0.8202994465827942,0.7323616743087769,1.2811977863311768,0.9294466972351074,[0.1000 0.1000 0.1000 0.1000 0.1000 0.1000 0.1000],[0.0000 0.0000 0.0000 0.0000 0.0000 0.0000 0.0000],0.552661120891571,0.7034569638753637,1.0,0.0,0.3887733141543399,None
333,0.8202994465827942,0.7323616743087769,1.2811977863311768,0.9294466972351074,[0.1000 0.1000 0.1000 0.1000 0.1000 0.1000 0.1000],[0.0000 0.0000 0.0000 0.0000 0.0000 0.0000 0.0000],0.552661120891571,0.7034569638753637,1.0,0.0,0.3887733141543399,None
333,0.8202994465827942,0.7323616743087769,1.2811977863311768,0.9294466972351074,[0.1000 0.1000 0.1000 0.1000 0.1000 0.1000 0.1000],[0.0000 0.0000 0.0000 0.0000 0.0000 0.0000 0.0000],0.552661120891571,0.7034569638753637,1.0,0.0,0.3887733141543399,None
333,0.8202994465827942,0.7323616743087769,1.2811977863311768,0.9294466972351074,[0.1000 0.1000 0.1000 0.1000 0.1000 0.1000 0.1000],[0.0000 0.0000 0.0000 0.0000 0.0000 0.0000 0.0000],0.552661120891571,0.7034569638753637,1.0,0.0,0.3887733141543399,None
333,0.8202994465827942,0.7323616743087769,1.2811977863311768,0.9294466972351074,[0.1000 0.1000 0.1000 0.1000 0.1000 0.1000 0.1000],[0.0000 0.0000 0.0000 0.0000 0.0000 0.0000 0.0000],0.552661120891571,0.7034569638753637,1.0,0.0,0.3887733141543399,None
333,0.8202994465827942,0.7323616743087769,1.2811977863311768,0.9294466972351074,[0.1000 0.1000 0.1000 0.1000 0.1000 0.1000 0.1000],[0.0000 0.0000 0.0000 0.0000 0.0000 0.0000 0.0000],0.552661120891571,0.7034569638753637,1.0,0.0,0.3887733141543399,None
333,0.8202994465827942,0.7323616743087769,1.2811977863311768,0.9294466972351074,[0.1000 0.1000 0.1000 0.1000 0.1000 0.1000 0.1000],[0.0000 0.0000 0.0000 0.0000 0.0000 0.0000 0.0000],0.552661120891571,0.7034569638753637,1.0,0.0,0.3887733141543399,None
333,0.8202994465827942,0.7323616743087769,1.2811977863311768,0.9294466972351074,[0.1000 0.1000 0.1000 0.1000 0.1000 0.1000 0.1000],[0.0000 0.0000 0.0000 0.0000 0.0000 0.0000 0.0000],0.552661120891571,0.7034569638753637,1.0,0.0,0.3887733141543399,None
333,0.8202994465827942,0.7323616743087769,1.2811977863311768,0.9294466972351074,[0.1000 0.1000 0.1000 0.1000 0.1000 0.1000 0.1000],[0.0000 0.0000 0.0000 0.0000 0.0000 0.0000 0.0000],0.552661120891571,0.7034569638753637,1.0,0.0,0.3887733141543399,None
333,0.8202994465827942,0.7323616743087769,1.2811977863311768,0.9294466972351074,[0.1000 0.1000 0.1000 0.1000 0.1000 0.1000 0.1000],[0.0000 0.0000 0.0000 0.0000 0.0000 0.0000 0.0000],0.552661120891571,0.7034569638753637,1.0,0.0,0.3887733141543399,None
333,0.8202994465827942,0.7323616743087769,1.2811977863311768,0.9294466972351074,[0.1000 0.1000 0.1000 0.1000 0.1000 0.1000 0.1000],[0.0000 0.0000 0.0000 0.0000 0.0000 0.0000 0.0000],0.552661120891571,0.7034569638753637,1.0,0.0,0.3887733141543399,None
333,0.8202994465827942,0.7323616743087769,1.2811977863311768,0.9294466972351074,[0.1000 0.1000 0.1000 0.1000 0.1000 0.1000 0.1000],[0.0000 0.0000 0.0000 0.0000 0.0000 0.0000 0.0000],0.552661120891571,0.7034569638753637,1.0,0.0,0.3887733141543399,None
333,0.8202994465827942,0.7323616743087769,1.2811977863311768,0.9294466972351074,[0.1000 0.1000 0.1000 0.1000 0.1000 0.1000 0.1000],[0.0000 0.0000 0.0000 0.0000 0.0000 0.0000 0.0000],0.552661120891571,0.7034569638753637,1.0,0.0,0.3887733141543399,None
333,0.8202994465827942,0.7323616743087769,1.2811977863311768,0.9294466972351074,[0.1000 0.1000 0.1000 0.1000 0.1000 0.1000 0.1000],[0.0000 0.0000 0.0000 0.0000 0.0000 0.0000 0.0000],0.552661120891571,0.7034569638753637,1.0,0.0,0.3887733141543399,None
333,0.8202994465827942,0.7323616743087769,1.2811977863311768,0.9294466972351074,[0.1000 0.1000 0.1000 0.1000 0.1000 0.1000 0.1000],[0.0000 0.0000 0.0000 0.0000 0.0000 0.0000 0.0000],0.552661120891571,0.7034569638753637,1.0,0.0,0.3887733141543399,None
333,0.8202994465827942,0.7323616743087769,1.2811977863311768,0.9294466972351074,[0.1000 0.1000 0.1000 0.1000 0.1000 0.1000 0.1000],[0.0000 0.0000 0.0000 0.0000 0.0000 0.0000 0.0000],0.552661120891571,0.7034569638753637,1.0,0.0,0.3887733141543399,None
333,0.8202994465827942,0.7323616743087769,1.2811977863311768,0.9294466972351074,[0.1000 0.1000 0.1000 0.1000 0.1000 0.1000 0.1000],[0.0000 0.0000 0.0000 0.0000 0.0000 0.0000 0.0000],0.552661120891571,0.7034569638753637,1.0,0.0,0.3887733141543399,None
333,0.8202994465827942,0.7323616743087769,1.2811977863311768,0.9294466972351074,[0.1000 0.1000 0.1000 0.1000 0.1000 0.1000 0.1000],[0.0000 0.0000 0.0000 0.0000 0.0000 0.0000 0.0000],0.552661120891571,0.7034569638753637,1.0,0.0,0.3887733141543399,None
333,0.8202994465827942,0.7323616743087769,1.2811977863311768,0.9294466972351074,[0.1000 0.1000 0.1000 0.1000 0.1000 0.1000 0.1000],[0.0000 0.0000 0.0000 0.0000 0.0000 0.0000 0.0000],0.552661120891571,0.7034569638753637,1.0,0.0,0.3887733141543399,None
333,0.8202994465827942,0.7323616743087769,1.2811977863311768,0.9294466972351074,[0.1000 0.1000 0.1000 0.1000 0.1000 0.1000 0.1000],[0.0000 0.0000 0.0000 0.0000 0.0000 0.0000 0.0000],0.552661120891571,0.7034569638753637,1.0,0.0,0.3887733141543399,None
333,0.8202994465827942,0.7323616743087769,1.2811977863311768,0.9294466972351074,[0.1000 0.1000 0.1000 0.1000 0.1000 0.1000 0.1000],[0.0000 0.0000 0.0000 0.0000 0.0000 0.0000 0.0000],0.552661120891571,0.7034569638753637,1.0,0.0,0.3887733141543399,None
333,0.8202994465827942,0.7323616743087769,1.2811977863311768,0.9294466972351074,[0.1000 0.1000 0.1000 0.1000 0.1000 0.1000 0.1000],[0.0000 0.0000 0.0000 0.0000 0.0000 0.0000 0.0000],0.552661120891571,0.7034569638753637,1.0,0.0,0.3887733141543399,None
333,0.8202994465827942,0.7323616743087769,1.2811977863311768,0.9294466972351074,[0.1000 0.1000 0.1000 0.1000 0.1000 0.1000 0.1000],[0.0000 0.0000 0.0000 0.0000 0.0000 0.0000 0.0000],0.552661120891571,0.7034569638753637,1.0,0.0,0.3887733141543399,None
333,0.8202994465827942,0.7323616743087769,1.2811977863311768,0.9294466972351074,[0.1000 0.1000 0.1000 0.1000 0.1000 0.1000 0.1000],[0.0000 0.0000 0.0000 0.0000 0.0000 0.0000 0.0000],0.552661120891571,0.7034569638753637,1.0,0.0,0.3887733141543399,None
333,0.8202994465827942,0.7323616743087769,1.2811977863311768,0.9294466972351074,[0.1000 0.1000 0.1000 0.1000 0.1000 0.1000 0.1000],[0.0000 0.0000 0.0000 0.0000 0.0000 0.0000 0.0000],0.552661120891571,0.7034569638753637,1.0,0.0,0.3887733141543399,None
333,0.8202994465827942,0.7323616743087769,1.2811977863311768,0.9294466972351074,[0.1000 0.1000 0.1000 0.1000 0.1000 0.1000 0.1000],[0.0000 0.0000 0.0000 0.0000 0.0000 0.0000 0.0000],0.552661120891571,0.7034569638753637,1.0,0.0,0.3887733141543399,None
333,0.8202994465827942,0.7323616743087769,1.2811977863311768,0.9294466972351074,[0.1000 0.1000 0.1000 0.1000 0.1000 0.1000 0.1000],[0.0000 0.0000 0.0000 0.0000 0.0000 0.0000 0.0000],0.552661120891571,0.7034569638753637,1.0,0.0,0.3887733141543399,None
333,0.8202994465827942,0.7323616743087769,1.2811977863311768,0.9294466972351074,[0.1000 0.1000 0.1000 0.1000 0.1000 0.1000 0.1000],[0.0000 0.0000 0.0000 0.0000 0.0000 0.0000 0.0000],0.552661120891571,0.7034569638753637,1.0,0.0,0.3887733141543399,None
333,0.8202994465827942,0.7323616743087769,1.2811977863311768,0.9294466972351074,[0.1000 0.1000 0.1000 0.1000 0.1000 0.1000 0.1000],[0.0000 0.0000 0.0000 0.0000 0.0000 0.0000 0.0000],0.552661120891571,0.7034569638753637,1.0,0.0,0.3887733141543399,None
333,0.8202994465827942,0.7323616743087769,1.2811977863311768,0.9294466972351074,[0.1000 0.1000 0.1000 0.1000 0.1000 0.1000 0.1000],[0.0000 0.0000 0.0000 0.0000 0.0000 0.0000 0.0000],0.552661120891571,0.7034569638753637,1.0,0.0,0.3887733141543399,None
333,0.8202994465827942,0.7323616743087769,1.2811977863311768,0.9294466972351074,[0.1000 0.1000 0.1000 0.1000 0.1000 0.1000 0.1000],[0.0000 0.0000 0.0000 0.0000 0.0000 0.0000 0.0000],0.552661120891571,0.7034569638753637,1.0,0.0,0.3887733141543399,None
333,0.8202994465827942,0.7323616743087769,1.2811977863311768,0.9294466972351074,[0.1000 0.1000 0.1000 0.1000 0.1000 0.1000 0.1000],[0.0000 0.0000 0.0000 0.0000 0.0000 0.0000 0.0000],0.552661120891571,0.7034569638753637,1.0,0.0,0.3887733141543399,None
333,0.8202994465827942,0.7323616743087769,1.2811977863311768,0.9294466972351074,[0.1000 0.1000 0.1000 0.1000 0.1000 0.1000 0.1000],[0.0000 0.0000 0.0000 0.0000 0.0000 0.0000 0.0000],0.552661120891571,0.7034569638753637,1.0,0.0,0.3887733141543399,None
333,0.8202994465827942,0.7323616743087769,1.2811977863311768,0.9294466972351074,[0.1000 0.1000 0.1000 0.1000 0.1000 0.1000 0.1000],[0.0000 0.0000 0.0000 0.0000 0.0000 0.0000 0.0000],0.552661120891571,0.7034569638753637,1.0,0.0,0.3887733141543399,None
333,0.8202994465827942,0.7323616743087769,1.2811977863311768,0.9294466972351074,[0.1000 0.1000 0.1000 0.1000 0.1000 0.1000 0.1000],[0.0000 0.0000 0.0000 0.0000 0.0000 0.0000 0.0000],0.552661120891571,0.7034569638753637,1.0,0.0,0.3887733141543399,None
333,0.8202994465827942,0.7323616743087769,1.2811977863311768,0.9294466972351074,[0.1000 0.1000 0.1000 0.1000 0.1000 0.1000 0.1000],[0.0000 0.0000 0.0000 0.0000 0.0000 0.0000 0.0000],0.552661120891571,0.7034569638753637,1.0,0.0,0.3887733141543399,None
333,0.8202994465827942,0.7323616743087769,1.2811977863311768,0.9294466972351074,[0.1000 0.1000 0.1000 0.1000 0.1000 0.1000 0.1000],[0.0000 0.0000 0.0000 0.0000 0.0000 0.0000 0.0000],0.552661120891571,0.7034569638753637,1.0,0.0,0.3887733141543399,None
333,0.8202994465827942,0.7323616743087769,1.2811977863311768,0.9294466972351074,[0.1000 0.1000 0.1000 0.1000 0.1000 0.1000 0.1000],[0.0000 0.0000 0.0000 0.0000 0.0000 0.0000 0.0000],0.552661120891571,0.7034569638753637,1.0,0.0,0.3887733141543399,None
333,0.8202994465827942,0.7323616743087769,1.2811977863311768,0.9294466972351074,[0.1000 0.1000 0.1000 0.1000 0.1000 0.1000 0.1000],[0.0000 0.0000 0.0000 0.0000 0.0000 0.0000 0.0000],0.552661120891571,0.7034569638753637,1.0,0.0,0.3887733141543399,None
333,0.8202994465827942,0.7323616743087769,1.2811977863311768,0.9294466972351074,[0.1000 0.1000 0.1000 0.1000 0.1000 0.1000 0.1000],[0.0000 0.0000 0.0000 0.0000 0.0000 0.0000 0.0000],0.552661120891571,0.7034569638753637,1.0,0.0,0.3887733141543399,None
333,0.8202994465827942,0.7323616743087769,1.2811977863311768,0.9294466972351074,[0.1000 0.1000 0.1000 0.1000 0.1000 0.1000 0.1000],[0.0000 0.0000 0.0000 0.0000 0.0000 0.0000 0.0000],0.552661120891571,0.7034569638753637,1.0,0.0,0.3887733141543399,None
333,0.8202994465827942,0.7323616743087769,1.2811977863311768,0.9294466972351074,[0.1000 0.1000 0.1000 0.1000 0.1000 0.1000 0.1000],[0.0000 0.0000 0.0000 0.0000 0.0000 0.0000 0.0000],0.552661120891571,0.7034569638753637,1.0,0.0,0.3887733141543399,None
333,0.8202994465827942,0.7323616743087769,1.2811977863311768,0.9294466972351074,[0.1000 0.1000 0.1000 0.1000 0.1000 0.1000 0.1000],[0.0000 0.0000 0.0000 0.0000 0.0000 0.0000 0.0000],0.552661120891571,0.7034569638753637,1.0,0.0,0.3887733141543399,None
333,0.8202994465827942,0.7323616743087769,1.2811977863311768,0.9294466972351074,[0.1000 0.1000 0.1000 0.1000 0.1000 0.1000 0.1000],[0.0000 0.0000 0.0000 0.0000 0.0000 0.0000 0.0000],0.552661120891571,0.7034569638753637,1.0,0.0,0.3887733141543399,None
333,0.8202994465827942,0.7323616743087769,1.2811977863311768,0.9294466972351074,[0.1000 0.1000 0.1000 0.1000 0.1000 0.1000 0.1000],[0.0000 0.0000 0.0000 0.0000 0.0000 0.0000 0.0000],0.552661120891571,0.7034569638753637,1.0,0.0,0.3887733141543399,None
333,0.8202994465827942,0.7323616743087769,1.2811977863311768,0.9294466972351074,[0.1000 0.1000 0.1000 0.1000 0.1000 0.1000 0.1000],[0.0000 0.0000 0.0000 0.0000 0.0000 0.0000 0.0000],0.552661120891571,0.7034569638753637,1.0,0.0,0.3887733141543399,None
333,0.8202994465827942,0.7323616743087769,1.2811977863311768,0.9294466972351074,[0.1000 0.1000 0.1000 0.1000 0.1000 0.1000 0.1000],[0.0000 0.0000 0.0000 0.0000 0.0000 0.0000 0.0000],0.552661120891571,0.7034569638753637,1.0,0.0,0.3887733141543399,None
333,0.8202994465827942,0.7323616743087769,1.2811977863311768,0.9294466972351074,[0.1000 0.1000 0.1000 0.1000 0.1000 0.1000 0.1000],[0.0000 0.0000 0.0000 0.0000 0.0000 0.0000 0.0000],0.552661120891571,0.7034569638753637,1.0,0.0,0.3887733141543399,None
333,0.8202994465827942,0.7323616743087769,1.2811977863311768,0.9294466972351074,[0.1000 0.1000 0.1000 0.1000 0.1000 0.1000 0.1000],[0.0000 0.0000 0.0000 0.0000 0.0000 0.0000 0.0000],0.552661120891571,0.7034569638753637,1.0,0.0,0.3887733141543399,None
333,0.8202994465827942,0.7323616743087769,1.2811977863311768,0.9294466972351074,[0.1000 0.1000 0.1000 0.1000 0.1000 0.1000 0.1000],[0.0000 0.0000 0.0000 0.0000 0.0000 0.0000 0.0000],0.552661120891571,0.7034569638753637,1.0,0.0,0.3887733141543399,None
333,0.8202994465827942,0.7323616743087769,1.2811977863311768,0.9294466972351074,[0.1000 0.1000 0.1000 0.1000 0.1000 0.1000 0.1000],[0.0000 0.0000 0.0000 0.0000 0.0000 0.0000 0.0000],0.552661120891571,0.7034569638753637,1.0,0.0,0.3887733141543399,None
333,0.8202994465827942,0.7323616743087769,1.2811977863311768,0.9294466972351074,[0.1000 0.1000 0.1000 0.1000 0.1000 0.1000 0.1000],[0.0000 0.0000 0.0000 0.0000 0.0000 0.0000 0.0000],0.552661120891571,0.7034569638753637,1.0,0.0,0.3887733141543399,None
333,0.8202994465827942,0.7323616743087769,1.2811977863311768,0.9294466972351074,[0.1000 0.1000 0.1000 0.1000 0.1000 0.1000 0.1000],[0.0000 0.0000 0.0000 0.0000 0.0000 0.0000 0.0000],0.552661120891571,0.7034569638753637,1.0,0.0,0.3887733141543399,None
333,0.8202994465827942,0.7323616743087769,1.2811977863311768,0.9294466972351074,[0.1000 0.1000 0.1000 0.1000 0.1000 0.1000 0.1000],[0.0000 0.0000 0.0000 0.0000 0.0000 0.0000 0.0000],0.552661120891571,0.7034569638753637,1.0,0.0,0.3887733141543399,None
333,0.8202994465827942,0.7323616743087769,1.2811977863311768,0.9294466972351074,[0.1000 0.1000 0.1000 0.1000 0.1000 0.1000 0.1000],[0.0000 0.0000 0.0000 0.0000 0.0000 0.0000 0.0000],0.552661120891571,0.7034569638753637,1.0,0.0,0.3887733141543399,None
333,0.8202994465827942,0.7323616743087769,1.2811977863311768,0.9294466972351074,[0.1000 0.1000 0.1000 0.1000 0.1000 0.1000 0.1000],[0.0000 0.0000 0.0000 0.0000 0.0000 0.0000 0.0000],0.552661120891571,0.7034569638753637,1.0,0.0,0.3887733141543399,None
333,0.8202994465827942,0.7323616743087769,1.2811977863311768,0.9294466972351074,[0.1000 0.1000 0.1000 0.1000 0.1000 0.1000 0.1000],[0.0000 0.0000 0.0000 0.0000 0.0000 0.0000 0.0000],0.552661120891571,0.7034569638753637,1.0,0.0,0.3887733141543399,None
333,0.8202994465827942,0.7323616743087769,1.2811977863311768,0.9294466972351074,[0.1000 0.1000 0.1000 0.1000 0.1000 0.1000 0.1000],[0.0000 0.0000 0.0000 0.0000 0.0000 0.0000 0.0000],0.552661120891571,0.7034569638753637,1.0,0.0,0.3887733141543399,None
333,0.8202994465827942,0.7323616743087769,1.2811977863311768,0.9294466972351074,[0.1000 0.1000 0.1000 0.1000 0.1000 0.1000 0.1000],[0.0000 0.0000 0.0000 0.0000 0.0000 0.0000 0.0000],0.552661120891571,0.7034569638753637,1.0,0.0,0.3887733141543399,None
333,0.8202994465827942,0.7323616743087769,1.2811977863311768,0.9294466972351074,[0.1000 0.1000 0.1000 0.1000 0.1000 0.1000 0.1000],[0.0000 0.0000 0.0000 0.0000 0.0000 0.0000 0.0000],0.552661120891571,0.7034569638753637,1.0,0.0,0.3887733141543399,None
333,0.8202994465827942,0.7323616743087769,1.2811977863311768,0.9294466972351074,[0.1000 0.1000 0.1000 0.1000 0.1000 0.1000 0.1000],[0.0000 0.0000 0.0000 0.0000 0.0000 0.0000 0.0000],0.552661120891571,0.7034569638753637,1.0,0.0,0.3887733141543399,None
333,0.8202994465827942,0.7323616743087769,1.2811977863311768,0.9294466972351074,[0.1000 0.1000 0.1000 0.1000 0.1000 0.1000 0.1000],[0.0000 0.0000 0.0000 0.0000 0.0000 0.0000 0.0000],0.552661120891571,0.7034569638753637,1.0,0.0,0.3887733141543399,None
333,0.8202994465827942,0.7323616743087769,1.2811977863311768,0.9294466972351074,[0.1000 0.1000 0.1000 0.1000 0.1000 0.1000 0.1000],[0.0000 0.0000 0.0000 0.0000 0.0000 0.0000 0.0000],0.552661120891571,0.7034569638753637,1.0,0.0,0.3887733141543399,None
333,0.8202994465827942,0.7323616743087769,1.2811977863311768,0.9294466972351074,[0.1000 0.1000 0.1000 0.1000 0.1000 0.1000 0.1000],[0.0000 0.0000 0.0000 0.0000 0.0000 0.0000 0.0000],0.552661120891571,0.7034569638753637,1.0,0.0,0.3887733141543399,None
333,0.8202994465827942,0.7323616743087769,1.2811977863311768,0.9294466972351074,[0.1000 0.1000 0.1000 0.1000 0.1000 0.1000 0.1000],[0.0000 0.0000 0.0000 0.0000 0.0000 0.0000 0.0000],0.552661120891571,0.7034569638753637,1.0,0.0,0.3887733141543399,None
333,0.8202994465827942,0.7323616743087769,1.2811977863311768,0.9294466972351074,[0.1000 0.1000 0.1000 0.1000 0.1000 0.1000 0.1000],[0.0000 0.0000 0.0000 0.0000 0.0000 0.0000 0.0000],0.552661120891571,0.7034569638753637,1.0,0.0,0.3887733141543399,None
333,0.8202994465827942,0.7323616743087769,1.2811977863311768,0.9294466972351074,[0.1000 0.1000 0.1000 0.1000 0.1000 0.1000 0.1000],[0.0000 0.0000 0.0000 0.0000 0.0000 0.0000 0.0000],0.552661120891571,0.7034569638753637,1.0,0.0,0.3887733141543399,None
333,0.8202994465827942,0.7323616743087769,1.2811977863311768,0.9294466972351074,[0.1000 0.1000 0.1000 0.1000 0.1000 0.1000 0.1000],[0.0000 0.0000 0.0000 0.0000 0.0000 0.0000 0.0000],0.552661120891571,0.7034569638753637,1.0,0.0,0.3887733141543399,None
333,0.8202994465827942,0.7323616743087769,1.2811977863311768,0.9294466972351074,[0.1000 0.1000 0.1000 0.1000 0.1000 0.1000 0.1000],[0.0000 0.0000 0.0000 0.0000 0.0000 0.0000 0.0000],0.552661120891571,0.7034569638753637,1.0,0.0,0.3887733141543399,None
333,0.8202994465827942,0.7323616743087769,1.2811977863311768,0.9294466972351074,[0.1000 0.1000 0.1000 0.1000 0.1000 0.1000 0.1000],[0.0000 0.0000 0.0000 0.0000 0.0000 0.0000 0.0000],0.552661120891571,0.7034569638753637,1.0,0.0,0.3887733141543399,None
333,0.8202994465827942,0.7323616743087769,1.2811977863311768,0.9294466972351074,[0.1000 0.1000 0.1000 0.1000 0.1000 0.1000 0.1000],[0.0000 0.0000 0.0000 0.0000 0.0000 0.0000 0.0000],0.552661120891571,0.7034569638753637,1.0,0.0,0.3887733141543399,None
333,0.8202994465827942,0.7323616743087769,1.2811977863311768,0.9294466972351074,[0.1000 0.1000 0.1000 0.1000 0.1000 0.1000 0.1000],[0.0000 0.0000 0.0000 0.0000 0.0000 0.0000 0.0000],0.552661120891571,0.7034569638753637,1.0,0.0,0.3887733141543399,None
333,0.8202994465827942,0.7323616743087769,1.2811977863311768,0.9294466972351074,[0.1000 0.1000 0.1000 0.1000 0.1000 0.1000 0.1000],[0.0000 0.0000 0.0000 0.0000 0.0000 0.0000 0.0000],0.552661120891571,0.7034569638753637,1.0,0.0,0.3887733141543399,None
333,0.8202994465827942,0.7323616743087769,1.2811977863311768,0.9294466972351074,[0.1000 0.1000 0.1000 0.1000 0.1000 0.1000 0.1000],[0.0000 0.0000 0.0000 0.0000 0.0000 0.0000 0.0000],0.552661120891571,0.7034569638753637,1.0,0.0,0.3887733141543399,None
333,0.8202994465827942,0.7323616743087769,1.2811977863311768,0.9294466972351074,[0.1000 0.1000 0.1000 0.1000 0.1000 0.1000 0.1000],[0.0000 0.0000 0.0000 0.0000 0.0000 0.0000 0.0000],0.552661120891571,0.7034569638753637,1.0,0.0,0.3887733141543399,None
333,0.8202994465827942,0.7323616743087769,1.2811977863311768,0.9294466972351074,[0.1000 0.1000 0.1000 0.1000 0.1000 0.1000 0.1000],[0.0000 0.0000 0.0000 0.0000 0.0000 0.0000 0.0000],0.552661120891571,0.7034569638753637,1.0,0.0,0.3887733141543399,None
333,0.8202994465827942,0.7323616743087769,1.2811977863311768,0.9294466972351074,[0.1000 0.1000 0.1000 0.1000 0.1000 0.1000 0.1000],[0.0000 0.0000 0.0000 0.0000 0.0000 0.0000 0.0000],0.552661120891571,0.7034569638753637,1.0,0.0,0.3887733141543399,None
333,0.8202994465827942,0.7323616743087769,1.2811977863311768,0.9294466972351074,[0.1000 0.1000 0.1000 0.1000 0.1000 0.1000 0.1000],[0.0000 0.0000 0.0000 0.0000 0.0000 0.0000 0.0000],0.552661120891571,0.7034569638753637,1.0,0.0,0.3887733141543399,None
333,0.8202994465827942,0.7323616743087769,1.2811977863311768,0.9294466972351074,[0.1000 0.1000 0.1000 0.1000 0.1000 0.1000 0.1000],[0.0000 0.0000 0.0000 0.0000 0.0000 0.0000 0.0000],0.552661120891571,0.7034569638753637,1.0,0.0,0.3887733141543399,None
333,0.8202994465827942,0.7323616743087769,1.2811977863311768,0.9294466972351074,[0.1000 0.1000 0.1000 0.1000 0.1000 0.1000 0.1000],[0.0000 0.0000 0.0000 0.0000 0.0000 0.0000 0.0000],0.552661120891571,0.7034569638753637,1.0,0.0,0.3887733141543399,None
333,0.8202994465827942,0.7323616743087769,1.2811977863311768,0.9294466972351074,[0.1000 0.1000 0.1000 0.1000 0.1000 0.1000 0.1000],[0.0000 0.0000 0.0000 0.0000 0.0000 0.0000 0.0000],0.552661120891571,0.7034569638753637,1.0,0.0,0.3887733141543399,None
333,0.8202994465827942,0.7323616743087769,1.2811977863311768,0.9294466972351074,[0.1000 0.1000 0.1000 0.1000 0.1000 0.1000 0.1000],[0.0000 0.0000 0.0000 0.0000 0.0000 0.0000 0.0000],0.552661120891571,0.7034569638753637,1.0,0.0,0.3887733141543399,None
333,0.8202994465827942,0.7323616743087769,1.2811977863311768,0.9294466972351074,[0.1000 0.1000 0.1000 0.1000 0.1000 0.1000 0.1000],[0.0000 0.0000 0.0000 0.0000 0.0000 0.0000 0.0000],0.552661120891571,0.7034569638753637,1.0,0.0,0.3887733141543399,None
333,0.8202994465827942,0.7323616743087769,1.2811977863311768,0.9294466972351074,[0.1000 0.1000 0.1000 0.1000 0.1000 0.1000 0.1000],[0.0000 0.0000 0.0000 0.0000 0.0000 0.0000 0.0000],0.552661120891571,0.7034569638753637,1.0,0.0,0.3887733141543399,None
333,0.8202994465827942,0.7323616743087769,1.2811977863311768,0.9294466972351074,[0.1000 0.1000 0.1000 0.1000 0.1000 0.1000 0.1000],[0.0000 0.0000 0.0000 0.0000 0.0000 0.0000 0.0000],0.552661120891571,0.7034569638753637,1.0,0.0,0.3887733141543399,None
333,0.8202994465827942,0.7323616743087769,1.2811977863311768,0.9294466972351074,[0.1000 0.1000 0.1000 0.1000 0.1000 0.1000 0.1000],[0.0000 0.0000 0.0000 0.0000 0.0000 0.0000 0.0000],0.552661120891571,0.7034569638753637,1.0,0.0,0.3887733141543399,None
333,0.8202994465827942,0.7323616743087769,1.2811977863311768,0.9294466972351074,[0.1000 0.1000 0.1000 0.1000 0.1000 0.1000 0.1000],[0.0000 0.0000 0.0000 0.0000 0.0000 0.0000 0.0000],0.552661120891571,0.7034569638753637,1.0,0.0,0.3887733141543399,None
333,0.8202994465827942,0.7323616743087769,1.2811977863311768,0.9294466972351074,[0.1000 0.1000 0.1000 0.1000 0.1000 0.1000 0.1000],[0.0000 0.0000 0.0000 0.0000 0.0000 0.0000 0.0000],0.552661120891571,0.7034569638753637,1.0,0.0,0.3887733141543399,None
333,0.8202994465827942,0.7323616743087769,1.2811977863311768,0.9294466972351074,[0.1000 0.1000 0.1000 0.1000 0.1000 0.1000 0.1000],[0.0000 0.0000 0.0000 0.0000 0.0000 0.0000 0.0000],0.552661120891571,0.7034569638753637,1.0,0.0,0.3887733141543399,None
333,0.8202994465827942,0.7323616743087769,1.2811977863311768,0.9294466972351074,[0.1000 0.1000 0.1000 0.1000 0.1000 0.1000 0.1000],[0.0000 0.0000 0.0000 0.0000 0.0000 0.0000 0.0000],0.552661120891571,0.7034569638753637,1.0,0.0,0.3887733141543399,None
333,0.8202994465827942,0.7323616743087769,1.2811977863311768,0.9294466972351074,[0.1000 0.1000 0.1000 0.1000 0.1000 0.1000 0.1000],[0.0000 0.0000 0.0000 0.0000 0.0000 0.0000 0.0000],0.552661120891571,0.7034569638753637,1.0,0.0,0.3887733141543399,None
333,0.8202994465827942,0.7323616743087769,1.2811977863311768,0.9294466972351074,[0.1000 0.1000 0.1000 0.1000 0.1000 0.1000 0.1000],[0.0000 0.0000 0.0000 0.0000 0.0000 0.0000 0.0000],0.552661120891571,0.7034569638753637,1.0,0.0,0.3887733141543399,None
333,0.8202994465827942,0.7323616743087769,1.2811977863311768,0.9294466972351074,[0.1000 0.1000 0.1000 0.1000 0.1000 0.1000 0.1000],[0.0000 0.0000 0.0000 0.0000 0.0000 0.0000 0.0000],0.552661120891571,0.7034569638753637,1.0,0.0,0.3887733141543399,None
333,0.8202994465827942,0.7323616743087769,1.2811977863311768,0.9294466972351074,[0.1000 0.1000 0.1000 0.1000 0.1000 0.1000 0.1000],[0.0000 0.0000 0.0000 0.0000 0.0000 0.0000 0.0000],0.552661120891571,0.7034569638753637,1.0,0.0,0.3887733141543399,None
333,0.8202994465827942,0.7323616743087769,1.2811977863311768,0.9294466972351074,[0.1000 0.1000 0.1000 0.1000 0.1000 0.1000 0.1000],[0.0000 0.0000 0.0000 0.0000 0.0000 0.0000 0.0000],0.552661120891571,0.7034569638753637,1.0,0.0,0.3887733141543399,None
333,0.8202994465827942,0.7323616743087769,1.2811977863311768,0.9294466972351074,[0.1000 0.1000 0.1000 0.1000 0.1000 0.1000 0.1000],[0.0000 0.0000 0.0000 0.0000 0.0000 0.0000 0.0000],0.552661120891571,0.7034569638753637,1.0,0.0,0.3887733141543399,None
333,0.8202994465827942,0.7323628067970276,1.2811977863311768,0.9294512271881104,[0.1078 0.1000 0.1000 0.1000 0.1000 0.1000 0.1000],[-0.0785 0.0000 0.0000 0.0000 0.0000 0.0000 0.0000],0.5526622533798218,0.7034588733653178,1.0,0.0,0.38877516611410723,None
333,0.8202994465827942,0.7323627471923828,1.2811977863311768,0.9294509887695312,[0.1073 0.1000 0.1000 0.1000 0.1000 0.1000 0.1000],[-0.0726 0.0000 0.0000 0.0000 0.0000 0.0000 0.0000],0.552662193775177,0.70345877286554,1.0,0.0,0.3887750686422633,None
333,0.8202994465827942,0.7323626279830933,1.2811977863311768,0.929450511932373,[0.1067 0.1000 0.1000 0.1000 0.1000 0.1000 0.1000],[-0.0668 0.0000 0.0000 0.0000 0.0000 0.0000 0.0000],0.5526620745658875,0.7034585718660866,1.0,0.0,0.38877487369866787,None
333,0.8202994465827942,0.7323625683784485,1.2811977863311768,0.929450273513794,[0.1061 0.1000 0.1000 0.1000 0.1000 0.1000 0.1000],[-0.0608 0.0000 0.0000 0.0000 0.0000 0.0000 0.0000],0.5526620149612427,0.7034584713664109,1.0,0.0,0.3887747762269163,None
333,0.8202994465827942,0.7323625087738037,1.2811977863311768,0.9294500350952148,[0.1055 0.1000 0.1000 0.1000 0.1000 0.1000 0.1000],[-0.0551 0.0000 0.0000 0.0000 0.0000 0.0000 0.0000],0.5526619553565979,0.7034583708667694,1.0,0.0,0.3887746787551956,None
333,0.8202994465827942,0.7323623299598694,1.2811977863311768,0.9294493198394775,[0.1050 0.1000 0.1000 0.1000 0.1000 0.1000 0.1000],[-0.0496 0.0000 0.0000 0.0000 0.0000 0.0000 0.0000],0.5526617765426636,0.703458069368049,1.0,0.0,0.3887743863402182,None
333,0.8202994465827942,0.7323622703552246,1.2811977863311768,0.9294490814208984,[0.1044 0.1000 0.1000 0.1000 0.1000 0.1000 0.1000],[-0.0435 0.0000 0.0000 0.0000 0.0000 0.0000 0.0000],0.5526617169380188,0.7034579688685437,1.0,0.0,0.38877428886862075,None
333,0.8202994465827942,0.7323621511459351,1.2811977863311768,0.9294486045837402,[0.1038 0.1000 0.1000 0.1000 0.1000 0.1000 0.1000],[-0.0376 0.0000 0.0000 0.0000 0.0000 0.0000 0.0000],0.5526615977287292,0.7034577678696352,1.0,0.0,0.38877409392551815,None
333,0.8202994465827942,0.7323620915412903,1.2811977863311768,0.9294483661651611,[0.1032 0.1000 0.1000 0.1000 0.1000 0.1000 0.1000],[-0.0318 0.0000 0.0000 0.0000 0.0000 0.0000 0.0000],0.5526615381240845,0.7034576673702321,1.0,0.0,0.38877399645401306,None
333,0.8202994465827942,0.7323620319366455,1.2811977863311768,0.929448127746582,[0.1025 0.1000 0.1000 0.1000 0.1000 0.1000 0.1000],[-0.0248 0.0000 0.0000 0.0000 0.0000 0.0000 0.0000],0.5526614785194397,0.703457566870863,1.0,0.0,0.3887738989825388,None
333,0.8202994465827942,0.732361912727356,1.2811977863311768,0.9294476509094238,[0.1020 0.1000 0.1000 0.1000 0.1000 0.1000 0.1000],[-0.0202 0.0000 0.0000 0.0000 0.0000 0.0000 0.0000],0.5526613593101501,0.703457365872227,1.0,0.0,0.3887737040396826,None
333,0.8202994465827942,0.7323618531227112,1.2811977863311768,0.9294474124908447,[0.1015 0.1000 0.1000 0.1000 0.1000 0.1000 0.1000],[-0.0146 0.0000 0.0000 0.0000 0.0000 0.0000 0.0000],0.5526612997055054,0.70345726537296,1.0,0.0,0.3887736065683007,None
333,0.8202994465827942,0.7323617935180664,1.2811977863311768,0.9294471740722656,[0.1009 0.1000 0.1000 0.1000 0.1000 0.1000 0.1000],[-0.0090 0.0000 0.0000 0.0000 0.0000 0.0000 0.0000],0.5526612401008606,0.7034571648737272,1.0,0.0,0.38877350909694963,None
333,0.8202994465827942,0.7323616743087769,1.2811977863311768,0.9294466972351074,[0.1003 0.1000 0.1000 0.1000 0.1000 0.1000 0.1000],[-0.0034 0.0000 0.0000 0.0000 0.0000 0.0000 0.0000],0.552661120891571,0.7034569638753637,1.0,0.0,0.3887733141543399,None
333,0.8202994465827942,0.7323615550994873,1.2811977863311768,0.9294462203979492,[0.0998 0.1000 0.1000 0.1000 0.1000 0.1000 0.1000],[0.0023 0.0000 0.0000 0.0000 0.0000 0.0000 0.0000],0.5526610016822815,0.7034567628771364,0.9977017343044281,0.002298265695571955,0.38787961528860826,None
333,0.8202994465827942,0.7323614954948425,1.2811977863311768,0.9294459819793701,[0.0992 0.1000 0.1000 0.1000 0.1000 0.1000 0.1000],[0.0082 0.0000 0.0000 0.0000 0.0000 0.0000 0.0000],0.5526609420776367,0.7034566623780738,0.9918227046728134,0.00817729532718664,0.3855939099266402,None
333,0.8202994465827942,0.732361376285553,1.2811977863311768,0.9294455051422119,[0.0986 0.1000 0.1000 0.1000 0.1000 0.1000 0.1000],[0.0136 0.0000 0.0000 0.0000 0.0000 0.0000 0.0000],0.5526608228683472,0.7034564613800509,0.9864231944084167,0.013576805591583307,0.3834945337096231,None
333,0.8202994465827942,0.7323613166809082,1.2811977863311768,0.9294452667236328,[0.0981 0.1000 0.1000 0.1000 0.1000 0.1000 0.1000],[0.0192 0.0000 0.0000 0.0000 0.0000 0.0000 0.0000],0.5526607632637024,0.7034563608810906,0.9808432310819626,0.01915676891803747,0.3813250999898932,None
333,0.8202994465827942,0.7323612570762634,1.2811977863311768,0.9294450283050537,[0.0975 0.1000 0.1000 0.1000 0.1000 0.1000 0.1000],[0.0248 0.0000 0.0000 0.0000 0.0000 0.0000 0.0000],0.5526607036590576,0.7034562603821642,0.9752131998538971,0.02478680014610296,0.3791362023280827,None
333,0.8202994465827942,0.7323611378669739,1.2811977863311768,0.9294445514678955,[0.0970 0.1000 0.1000 0.1000 0.1000 0.1000 0.1000],[0.0304 0.0000 0.0000 0.0000 0.0000 0.0000 0.0000],0.5526605844497681,0.7034560593844138,0.9695937484502792,0.03040625154972082,0.3769513244017122,None
333,0.8202994465827942,0.7323610782623291,1.2811977863311768,0.9294443130493164,[0.0964 0.1000 0.1000 0.1000 0.1000 0.1000 0.1000],[0.0358 0.0000 0.0000 0.0000 0.0000 0.0000 0.0000],0.5526605248451233,0.7034559588855896,0.9641855210065842,0.03581447899341589,0.37484866065893196,None
333,0.8202994465827942,0.7323610186576843,1.2811977863311768,0.9294440746307373,[0.0958 0.1000 0.1000 0.1000 0.1000 0.1000 0.1000],[0.0420 0.0000 0.0000 0.0000 0.0000 0.0000 0.0000],0.5526604652404785,0.7034558583867996,0.9580356627702713,0.041964337229728754,0.37245767250451023,None
333,0.8202994465827942,0.7323608994483948,1.2811977863311768,0.9294435977935791,[0.0952 0.1000 0.1000 0.1000 0.1000 0.1000 0.1000],[0.0481 0.0000 0.0000 0.0000 0.0000 0.0000 0.0000],0.552660346031189,0.7034556573893216,0.9518738836050034,0.0481261163949967,0.37006195824387483,None
333,0.8202994465827942,0.73236083984375,1.2811977863311768,0.929443359375,[0.0946 0.1000 0.1000 0.1000 0.1000 0.1000 0.1000],[0.0538 0.0000 0.0000 0.0000 0.0000 0.0000 0.0000],0.5526602864265442,0.7034555568906338,0.9462190419435501,0.053780958056449946,0.3678634216467369,None
333,0.8202994465827942,0.7323607802391052,1.2811977863311768,0.9294431209564209,[0.0941 0.1000 0.1000 0.1000 0.1000 0.1000 0.1000],[0.0595 0.0000 0.0000 0.0000 0.0000 0.0000 0.0000],0.5526602268218994,0.7034554563919799,0.9405183792114258,0.059481620788574274,0.365647072209483,None
333,0.8202994465827942,0.7323606014251709,1.2811977863311768,0.9294424057006836,[0.0935 0.1000 0.1000 0.1000 0.1000 0.1000 0.1000],[0.0647 0.0000 0.0000 0.0000 0.0000 0.0000 0.0000],0.5526600480079651,0.7034551548962227,0.9353151917457581,0.064684808254242,0.36362394588402663,None
333,0.8202994465827942,0.7323605418205261,1.2811977863311768,0.9294421672821045,[0.0929 0.1000 0.1000 0.1000 0.1000 0.1000 0.1000],[0.0709 0.0000 0.0000 0.0000 0.0000 0.0000 0.0000],0.5526599884033203,0.7034550543977051,0.9290523082017899,0.0709476917982102,0.36118902432518374,None
333,0.8202994465827942,0.7323604226112366,1.2811977863311768,0.9294416904449463,[0.0923 0.1000 0.1000 0.1000 0.1000 0.1000 0.1000],[0.0771 0.0000 0.0000 0.0000 0.0000 0.0000 0.0000],0.5526598691940308,0.7034548534007721,0.9228784590959549,0.07712154090404516,0.3587886280737297,None
333,0.8202994465827942,0.7323603630065918,1.2811977863311768,0.9294414520263672,[0.0917 0.1000 0.1000 0.1000 0.1000 0.1000 0.1000],[0.0834 0.0000 0.0000 0.0000 0.0000 0.0000 0.0000],0.552659809589386,0.7034547529023566,0.9165672212839127,0.0834327787160874,0.35633491081316737,None
333,0.8202994465827942,0.7323602437973022,1.2811977863311768,0.929440975189209,[0.0911 0.1000 0.1000 0.1000 0.1000 0.1000 0.1000],[0.0889 0.0000 0.0000 0.0000 0.0000 0.0000 0.0000],0.5526596903800964,0.7034545519056279,0.9110643714666367,0.0889356285333634,0.3541953838485864,None
333,0.8202994465827942,0.7323601841926575,1.2811977863311768,0.9294407367706299,[0.0906 0.1000 0.1000 0.1000 0.1000 0.1000 0.1000],[0.0945 0.0000 0.0000 0.0000 0.0000 0.0000 0.0000],0.5526596307754517,0.7034544514073147,0.9055317938327789,0.09446820616722112,0.3520443899857694,None
333,0.8202994465827942,0.7323601245880127,1.2811977863311768,0.9294404983520508,[0.0901 0.1000 0.1000 0.1000 0.1000 0.1000 0.1000],[0.0994 0.0000 0.0000 0.0000 0.0000 0.0000 0.0000],0.5526595711708069,0.7034543509090354,0.900624692440033,0.0993753075599671,0.35013656408757976,None
333,0.8202994465827942,0.7323600649833679,1.2811977863311768,0.9294402599334717,[0.0895 0.1000 0.1000 0.1000 0.1000 0.1000 0.1000],[0.1045 0.0000 0.0000 0.0000 0.0000 0.0000 0.0000],0.5526595115661621,0.7034542504107903,0.8954668790102005,0.10453312098979956,0.3481312696562585,None
333,0.8202994465827942,0.7323600053787231,1.2811977863311768,0.9294400215148926,[0.0890 0.1000 0.1000 0.1000 0.1000 0.1000 0.1000],[0.1097 0.0000 0.0000 0.0000 0.0000 0.0000 0.0000],0.5526594519615173,0.7034541499125793,0.8903281390666962,0.10967186093330389,0.34613339144087085,None
333,0.8202994465827942,0.7323598861694336,1.2811977863311768,0.9294395446777344,[0.0885 0.1000 0.1000 0.1000 0.1000 0.1000 0.1000],[0.1147 0.0000 0.0000 0.0000 0.0000 0.0000 0.0000],0.5526593327522278,0.7034539489162592,0.8852601051330566,0.11473989486694341,0.3441629163505591,None
333,0.8202994465827942,0.732359766960144,1.2811977863311768,0.9294390678405762,[0.0880 0.1000 0.1000 0.1000 0.1000 0.1000 0.1000],[0.1196 0.0000 0.0000 0.0000 0.0000 0.0000 0.0000],0.5526592135429382,0.7034537479200755,0.8803835511207581,0.119616448879242,0.34226688492266416,None
333,0.8202994465827942,0.7323597073554993,1.2811977863311768,0.9294388294219971,[0.0875 0.1000 0.1000 0.1000 0.1000 0.1000 0.1000],[0.1253 0.0000 0.0000 0.0000 0.0000 0.0000 0.0000],0.5526591539382935,0.7034536474220348,0.8746872097253799,0.1253127902746201,0.34005223191108647,None
333,0.8202994465827942,0.7323595881462097,1.2811977863311768,0.9294383525848389,[0.0870 0.1000 0.1000 0.1000 0.1000 0.1000 0.1000],[0.1303 0.0000 0.0000 0.0000 0.0000 0.0000 0.0000],0.5526590347290039,0.7034534464260553,0.8696827292442322,0.13031727075576788,0.3381064700095523,None
333,0.8202994465827942,0.7323595881462097,1.2811977863311768,0.9294383525848389,[0.0864 0.1000 0.1000 0.1000 0.1000 0.1000 0.1000],[0.1357 0.0000 0.0000 0.0000 0.0000 0.0000 0.0000],0.5526590347290039,0.7034534464260553,0.8643210679292679,0.13567893207073217,0.33602201746193794,None
333,0.8202994465827942,0.7323594689369202,1.2811977863311768,0.9294378757476807,[0.0859 0.1000 0.1000 0.1000 0.1000 0.1000 0.1000],[0.1410 0.0000 0.0000 0.0000 0.0000 0.0000 0.0000],0.5526589155197144,0.703453245430212,0.8589808642864227,0.14101913571357733,0.33394573956141155,None
333,0.8202994465827942,0.7323594093322754,1.2811977863311768,0.9294376373291016,[0.0853 0.1000 0.1000 0.1000 0.1000 0.1000 0.1000],[0.1465 0.0000 0.0000 0.0000 0.0000 0.0000 0.0000],0.5526588559150696,0.7034531449323416,0.8534783869981766,0.14652161300182348,0.33180645988558366,None
333,0.8202994465827942,0.7323593497276306,1.2811977863311768,0.9294373989105225,[0.0848 0.1000 0.1000 0.1000 0.1000 0.1000 0.1000],[0.1521 0.0000 0.0000 0.0000 0.0000 0.0000 0.0000],0.5526587963104248,0.7034530444345052,0.847889631986618,0.152110368013382,0.32963363913397864,None
333,0.8202994465827942,0.7323592305183411,1.2811977863311768,0.9294369220733643,[0.0842 0.1000 0.1000 0.1000 0.1000 0.1000 0.1000],[0.1577 0.0000 0.0000 0.0000 0.0000 0.0000 0.0000],0.5526586771011353,0.7034528434389344,0.8423033356666565,0.15769666433334356,0.3274616932366386,None
333,0.8203067183494568,0.7323614954948425,1.2812268733978271,0.9294459819793701,[0.0837 0.1079 0.1000 0.1000 0.1000 0.1000 0.1000],[0.1632 -0.0789 0.0000 0.0000 0.0000 0.0000 0.0000],0.5526682138442993,0.7034444017479786,0.8368072658777237,0.16319273412227636,0.32532669969417755,None
333,0.8203059434890747,0.7323611378669739,1.2812237739562988,0.9294445514678955,[0.0831 0.1071 0.1000 0.1000 0.1000 0.1000 0.1000],[0.1686 -0.0710 0.0000 0.0000 0.0000 0.0000 0.0000],0.5526670813560486,0.7034451052130468,0.8313969522714615,0.16860304772853857,0.3232229856157435,None
333,0.8203052282333374,0.73236083984375,1.2812209129333496,0.929443359375,[0.0826 0.1063 0.1000 0.1000 0.1000 0.1000 0.1000],[0.1741 -0.0628 0.0000 0.0000 0.0000 0.0000 0.0000],0.5526660680770874,0.7034458086797838,0.825941264629364,0.17405873537063604,0.32110170512259023,None
333,0.8203045129776001,0.7323604822158813,1.2812180519104004,0.9294419288635254,[0.0821 0.1055 0.1000 0.1000 0.1000 0.1000 0.1000],[0.1795 -0.0548 0.0000 0.0000 0.0000 0.0000 0.0000],0.5526649951934814,0.7034464116526007,0.8205092698335648,0.1794907301664353,0.31898955926516004,None
333,0.8203037977218628,0.7323602437973022,1.2812151908874512,0.929440975189209,[0.0815 0.1047 0.1000 0.1000 0.1000 0.1000 0.1000],[0.1846 -0.0473 0.0000 0.0000 0.0000 0.0000 0.0000],0.552664041519165,0.7034472156182637,0.8154436945915222,0.18455630540847784,0.3170200297988747,None
333,0.8203030824661255,0.7323598861694336,1.281212329864502,0.9294395446777344,[0.0810 0.1039 0.1000 0.1000 0.1000 0.1000 0.1000],[0.1901 -0.0392 0.0000 0.0000 0.0000 0.0000 0.0000],0.5526629686355591,0.7034478185939415,0.809885710477829,0.19011428952217108,0.31485891107329883,None
333,0.8203023076057434,0.7323595881462097,1.2812092304229736,0.9294383525848389,[0.0804 0.1031 0.1000 0.1000 0.1000 0.1000 0.1000],[0.1957 -0.0311 0.0000 0.0000 0.0000 0.0000 0.0000],0.5526618957519531,0.7034486225634187,0.8042910695075989,0.19570893049240118,0.31268363531920557,None
333,0.8203016519546509,0.7323592901229858,1.2812066078186035,0.9294371604919434,[0.0799 0.1023 0.1000 0.1000 0.1000 0.1000 0.1000],[0.2012 -0.0232 0.0000 0.0000 0.0000 0.0000 0.0000],0.5526609420776367,0.7034492255419571,0.7988183200359344,0.2011816799640656,0.3105557289198438,None
333,0.8203009366989136,0.732358992099762,1.2812037467956543,0.9294359683990479,[0.0793 0.1016 0.1000 0.1000 0.1000 0.1000 0.1000],[0.2066 -0.0158 0.0000 0.0000 0.0000 0.0000 0.0000],0.5526599287986755,0.7034499290184681,0.7934331893920898,0.2065668106079102,0.3084619004621933,None
333,0.8203002214431763,0.7323586344718933,1.281200885772705,0.9294345378875732,[0.0789 0.1008 0.1000 0.1000 0.1000 0.1000 0.1000],[0.2115 -0.0080 0.0000 0.0000 0.0000 0.0000 0.0000],0.5526588559150696,0.7034505319996629,0.7885315269231796,0.21146847307682043,0.30655595571894584,None
333,0.8202995657920837,0.7323583364486694,1.281198263168335,0.9294333457946777,[0.0784 0.1001 0.1000 0.1000 0.1000 0.1000 0.1000],[0.2164 -0.0005 0.0000 0.0000 0.0000 0.0000 0.0000],0.5526579022407532,0.7034511349820838,0.7836125046014786,0.21638749539852148,0.30464333186838005,None
333,0.8202987313270569,0.7323579788208008,1.2811949253082275,0.9294319152832031,[0.0778 0.0992 0.1000 0.1000 0.1000 0.1000 0.1000],[0.2218 0.0075 0.0000 0.0000 0.0000 0.0000 0.0000],0.5526567101478577,0.7034519389605521,0.7782483845949173,0.22175161540508276,0.3025576277528226,None
333,0.8202980160713196,0.7323576807975769,1.2811920642852783,0.9294307231903076,[0.0773 0.0984 0.1000 0.1000 0.1000 0.1000 0.1000],[0.2272 0.0156 0.0000 0.0000 0.0000 0.0000 0.0000],0.5526556968688965,0.7034526424434999,0.7728381454944611,0.227161854505539,0.3004540525719473,None
333,0.8202973008155823,0.7323574423789978,1.281189203262329,0.9294297695159912,[0.0767 0.0976 0.1000 0.1000 0.1000 0.1000 0.1000],[0.2326 0.0237 0.0000 0.0000 0.0000 0.0000 0.0000],0.5526547431945801,0.7034534464260553,0.7674401253461838,0.23255987465381628,0.2983553060215875,None
333,0.8202966451644897,0.7323570847511292,1.281186580657959,0.9294283390045166,[0.0763 0.0970 0.1000 0.1000 0.1000 0.1000 0.1000],[0.2371 0.0305 0.0000 0.0000 0.0000 0.0000 0.0000],0.5526537299156189,0.7034539489162592,0.7628727704286575,0.23712722957134252,0.2965793377637137,None
333,0.820296049118042,0.73235684633255,1.281184196472168,0.9294273853302002,[0.0758 0.0962 0.1000 0.1000 0.1000 0.1000 0.1000],[0.2420 0.0379 0.0000 0.0000 0.0000 0.0000 0.0000],0.552652895450592,0.7034545519056279,0.7579571753740311,0.242042824625969,0.2946681269889492,None
333,0.8202952742576599,0.7323565483093262,1.2811810970306396,0.9294261932373047,[0.0753 0.0955 0.1000 0.1000 0.1000 0.1000 0.1000],[0.2470 0.0454 0.0000 0.0000 0.0000 0.0000 0.0000],0.5526518225669861,0.7034553558933601,0.7529821991920471,0.24701780080795294,0.2927337907034677,None
333,0.8202946782112122,0.7323561906814575,1.2811787128448486,0.9294247627258301,[0.0748 0.0947 0.1000 0.1000 0.1000 0.1000 0.1000],[0.2520 0.0528 0.0000 0.0000 0.0000 0.0000 0.0000],0.5526508688926697,0.7034557578880436,0.7479874044656754,0.2520125955343247,0.2907916492882442,None
333,0.8202939629554749,0.7323559522628784,1.2811758518218994,0.9294238090515137,[0.0743 0.0940 0.1000 0.1000 0.1000 0.1000 0.1000],[0.2569 0.0603 0.0000 0.0000 0.0000 0.0000 0.0000],0.5526499152183533,0.7034565618790454,0.7430686801671982,0.2569313198328019,0.28887925095628514,None
333,0.8202933073043823,0.7323556542396545,1.2811732292175293,0.9294226169586182,[0.0738 0.0932 0.1000 0.1000 0.1000 0.1000 0.1000],[0.2619 0.0676 0.0000 0.0000 0.0000 0.0000 0.0000],0.5526489615440369,0.7034571648737272,0.7381406426429749,0.2618593573570252,0.2869631522027809,None
333,0.8202926516532898,0.7323553562164307,1.2811706066131592,0.9294214248657227,[0.0734 0.0926 0.1000 0.1000 0.1000 0.1000 0.1000],[0.2665 0.0742 0.0000 0.0000 0.0000 0.0000 0.0000],0.5526480078697205,0.7034577678696352,0.7335349172353745,0.2664650827646256,0.28517236029641074,None
333,0.8202919363975525,0.7323550581932068,1.28116774559021,0.9294202327728271,[0.0728 0.0918 0.1000 0.1000 0.1000 0.1000 0.1000],[0.2715 0.0817 0.0000 0.0000 0.0000 0.0000 0.0000],0.5526469945907593,0.7034584713664109,0.7284948229789734,0.27150517702102667,0.2832127143591216,None
333,0.82029128074646,0.7323548197746277,1.2811651229858398,0.9294192790985107,[0.0724 0.0911 0.1000 0.1000 0.1000 0.1000 0.1000],[0.2764 0.0890 0.0000 0.0000 0.0000 0.0000 0.0000],0.5526461005210876,0.7034591748648555,0.723559707403183,0.27644029259681707,0.28129394428430665,None
333,0.8202905654907227,0.732354462146759,1.2811622619628906,0.9294178485870361,[0.0719 0.0904 0.1000 0.1000 0.1000 0.1000 0.1000],[0.2814 0.0964 0.0000 0.0000 0.0000 0.0000 0.0000],0.5526450276374817,0.7034597778648508,0.7185700535774231,0.28142994642257696,0.2793538437883494,None
333,0.8202899098396301,0.7323542237281799,1.2811596393585205,0.9294168949127197,[0.0714 0.0896 0.1000 0.1000 0.1000 0.1000 0.1000],[0.2862 0.1037 0.0000 0.0000 0.0000 0.0000 0.0000],0.5526441335678101,0.7034604813663949,0.7137652486562729,0.28623475134372717,0.27748573936288573,None
333,0.8202893137931824,0.732353925704956,1.2811572551727295,0.9294157028198242,[0.0709 0.0889 0.1000 0.1000 0.1000 0.1000 0.1000],[0.2915 0.1107 0.0000 0.0000 0.0000 0.0000 0.0000],0.5526432394981384,0.7034609838685197,0.7085490971803665,0.29145090281963354,0.2754576421893494,None
333,0.8202884793281555,0.7323535680770874,1.281153917312622,0.9294142723083496,[0.0703 0.0881 0.1000 0.1000 0.1000 0.1000 0.1000],[0.2969 0.1188 0.0000 0.0000 0.0000 0.0000 0.0000],0.5526420474052429,0.7034617878736905,0.7030574977397919,0.2969425022602082,0.2733224345621461,None
333,0.8202877640724182,0.7323532700538635,1.2811510562896729,0.9294130802154541,[0.0697 0.0873 0.1000 0.1000 0.1000 0.1000 0.1000],[0.3028 0.1271 0.0000 0.0000 0.0000 0.0000 0.0000],0.5526410341262817,0.7034624913800032,0.6972381472587585,0.3027618527412415,0.2710598630390475,None
333,0.8202869892120361,0.7323529720306396,1.2811479568481445,0.9294118881225586,[0.0691 0.0864 0.1000 0.1000 0.1000 0.1000 0.1000],[0.3086 0.1355 0.0000 0.0000 0.0000 0.0000 0.0000],0.5526399612426758,0.7034632953892613,0.6913815438747406,0.30861845612525945,0.2687828221874754,None
333,0.820286214351654,0.7323525547981262,1.2811448574066162,0.9294102191925049,[0.0686 0.0857 0.1000 0.1000 0.1000 0.1000 0.1000],[0.3141 0.1435 0.0000 0.0000 0.0000 0.0000 0.0000],0.5526387691497803,0.7034638983976356,0.6859329342842102,0.31406706571578985,0.2666642635818162,None
333,0.8202856183052063,0.7323523163795471,1.2811424732208252,0.9294092655181885,[0.0681 0.0849 0.1000 0.1000 0.1000 0.1000 0.1000],[0.3190 0.1506 0.0000 0.0000 0.0000 0.0000 0.0000],0.5526379346847534,0.7034645014072359,0.6810154765844345,0.31898452341556555,0.26475237290782105,None
333,0.8202847838401794,0.7323520183563232,1.2811391353607178,0.929408073425293,[0.0676 0.0841 0.1000 0.1000 0.1000 0.1000 0.1000],[0.3245 0.1586 0.0000 0.0000 0.0000 0.0000 0.0000],0.5526368021965027,0.7034654059239358,0.6755185127258301,0.32448148727417,0.26261516631996307,None
333,0.8202841281890869,0.7323516607284546,1.2811365127563477,0.9294066429138184,[0.0670 0.0834 0.1000 0.1000 0.1000 0.1000 0.1000],[0.3297 0.1662 0.0000 0.0000 0.0000 0.0000 0.0000],0.5526357889175415,0.7034659084344056,0.670330747961998,0.32966925203800207,0.26059807470277985,None
333,0.8202834129333496,0.7323514223098755,1.2811336517333984,0.929405689239502,[0.0665 0.0826 0.1000 0.1000 0.1000 0.1000 0.1000],[0.3348 0.1737 0.0000 0.0000 0.0000 0.0000 0.0000],0.5526348352432251,0.7034667124529286,0.6651835888624191,0.3348164111375809,0.2585969121839618,None
333,0.8202826976776123,0.7323511242866516,1.2811307907104492,0.9294044971466064,[0.0660 0.0819 0.1000 0.1000 0.1000 0.1000 0.1000],[0.3402 0.1815 0.0000 0.0000 0.0000 0.0000 0.0000],0.5526338219642639,0.7034674159709245,0.6597595661878586,0.3402404338121415,0.2564880542105516,None
333,0.820281982421875,0.732350766658783,1.2811279296875,0.9294030666351318,[0.0654 0.0811 0.1000 0.1000 0.1000 0.1000 0.1000],[0.3456 0.1892 0.0000 0.0000 0.0000 0.0000 0.0000],0.552632749080658,0.7034680189876781,0.6544286757707596,0.3455713242292405,0.25441534201955396,None
333,0.8202813267707825,0.7323504686355591,1.2811253070831299,0.9294018745422363,[0.0649 0.0804 0.1000 0.1000 0.1000 0.1000 0.1000],[0.3506 0.1962 0.0000 0.0000 0.0000 0.0000 0.0000],0.5526317954063416,0.7034686220056579,0.6494278460741043,0.35057215392589575,0.25247100287307866,None
333,0.8202806115150452,0.7323501110076904,1.2811224460601807,0.9294004440307617,[0.0644 0.0796 0.1000 0.1000 0.1000 0.1000 0.1000],[0.3563 0.2043 0.0000 0.0000 0.0000 0.0000 0.0000],0.5526307225227356,0.703469225024864,0.6436582654714584,0.3563417345285416,0.25022775445396683,None
333,0.8202798366546631,0.7323498129844666,1.2811193466186523,0.9293992519378662,[0.0638 0.0788 0.1000 0.1000 0.1000 0.1000 0.1000],[0.3622 0.2125 0.0000 0.0000 0.0000 0.0000 0.0000],0.5526296496391296,0.7034700290523797,0.6377833336591721,0.362216666340828,0.24794362558914743,None
333,0.8202791213989258,0.7323495149612427,1.2811164855957031,0.9293980598449707,[0.0632 0.0779 0.1000 0.1000 0.1000 0.1000 0.1000],[0.3682 0.2206 0.0000 0.0000 0.0000 0.0000 0.0000],0.5526286363601685,0.7034707325782443,0.6318153440952301,0.36818465590476995,0.24562331481819075,None
333,0.8202784061431885,0.732349157333374,1.281113624572754,0.9293966293334961,[0.0626 0.0771 0.1000 0.1000 0.1000 0.1000 0.1000],[0.3742 0.2285 0.0000 0.0000 0.0000 0.0000 0.0000],0.5526275634765625,0.7034713356017425,0.625760480761528,0.37423951923847204,0.24326917406959683,None
333,0.8202773928642273,0.7323487997055054,1.2811095714569092,0.9293951988220215,[0.0618 0.0762 0.1000 0.1000 0.1000 0.1000 0.1000],[0.3815 0.2380 0.0000 0.0000 0.0000 0.0000 0.0000],0.5526261925697327,0.7034724411480074,0.6184715405106544,0.3815284594893456,0.2404353241929641,None
333,0.8202768564224243,0.7323485016822815,1.2811074256896973,0.929394006729126,[0.0614 0.0756 0.1000 0.1000 0.1000 0.1000 0.1000],[0.3855 0.2441 0.0000 0.0000 0.0000 0.0000 0.0000],0.5526253581047058,0.703472843165853,0.6144784018397331,0.38552159816026693,0.23888273820049588,None
333,0.8202762007713318,0.7323482036590576,1.2811048030853271,0.9293928146362305,[0.0610 0.0749 0.1000 0.1000 0.1000 0.1000 0.1000],[0.3904 0.2509 0.0000 0.0000 0.0000 0.0000 0.0000],0.5526244044303894,0.7034734461936433,0.6095648184418678,0.3904351815581322,0.23697234278315346,None
333,0.8202755451202393,0.7323479652404785,1.281102180480957,0.9293918609619141,[0.0604 0.0742 0.1000 0.1000 0.1000 0.1000 0.1000],[0.3958 0.2582 0.0000 0.0000 0.0000 0.0000 0.0000],0.5526235103607178,0.7034741497276152,0.6042366474866867,0.39576335251331335,0.2349008360727038,None
333,0.820274829864502,0.7323476672172546,1.2810993194580078,0.9293906688690186,[0.0599 0.0734 0.1000 0.1000 0.1000 0.1000 0.1000],[0.4012 0.2656 0.0000 0.0000 0.0000 0.0000 0.0000],0.5526224970817566,0.7034748532632564,0.5988450348377228,0.4011549651622773,0.23280461835541116,None
333,0.8202742338180542,0.732347309589386,1.2810969352722168,0.929389238357544,[0.0593 0.0727 0.1000 0.1000 0.1000 0.1000 0.1000],[0.4065 0.2730 0.0000 0.0000 0.0000 0.0000 0.0000],0.5526215434074402,0.7034752552843722,0.5934590473771095,0.40654095262289053,0.23071051695518985,None
333,0.8202735781669617,0.7323470711708069,1.2810943126678467,0.9293882846832275,[0.0589 0.0720 0.1000 0.1000 0.1000 0.1000 0.1000],[0.4114 0.2796 0.0000 0.0000 0.0000 0.0000 0.0000],0.5526206493377686,0.7034759588226365,0.5885624140501022,0.4114375859498978,0.2288067820668675,None
333,0.8202729225158691,0.7323468327522278,1.2810916900634766,0.9293873310089111,[0.0583 0.0714 0.1000 0.1000 0.1000 0.1000 0.1000],[0.4166 0.2864 0.0000 0.0000 0.0000 0.0000 0.0000],0.5526197552680969,0.7034766623625699,0.5833866819739342,0.4166133180260659,0.22679454846794347,None
333,0.8202722668647766,0.7323464751243591,1.2810890674591064,0.9293859004974365,[0.0578 0.0707 0.1000 0.1000 0.1000 0.1000 0.1000],[0.4216 0.2934 0.0000 0.0000 0.0000 0.0000 0.0000],0.5526187419891357,0.7034771648921159,0.5783579126000404,0.4216420873999596,0.22483933707232534,None
333,0.8202716112136841,0.73234623670578,1.2810864448547363,0.9293849468231201,[0.0574 0.0700 0.1000 0.1000 0.1000 0.1000 0.1000],[0.4265 0.3002 0.0000 0.0000 0.0000 0.0000 0.0000],0.5526178479194641,0.7034778684349108,0.5735410377383232,0.42645896226167684,0.22296661674907078,None
333,0.8202710151672363,0.7323459982872009,1.2810840606689453,0.9293839931488037,[0.0569 0.0693 0.1000 0.1000 0.1000 0.1000 0.1000],[0.4312 0.3067 0.0000 0.0000 0.0000 0.0000 0.0000],0.5526170134544373,0.7034784714729209,0.5688119307160378,0.4311880692839623,0.2211280111121811,None
333,0.8202704191207886,0.7323456406593323,1.2810816764831543,0.9293825626373291,[0.0564 0.0687 0.1000 0.1000 0.1000 0.1000 0.1000],[0.4359 0.3133 0.0000 0.0000 0.0000 0.0000 0.0000],0.5526160597801208,0.7034788734989422,0.5641425773501396,0.43585742264986044,0.21931252736702297,None
333,0.8202698230743408,0.7323454022407532,1.2810792922973633,0.9293816089630127,[0.0559 0.0680 0.1000 0.1000 0.1000 0.1000 0.1000],[0.4405 0.3197 0.0000 0.0000 0.0000 0.0000 0.0000],0.552615225315094,0.7034794765389962,0.5594563111662865,0.4405436888337136,0.21749058196160176,None
333,0.8202691674232483,0.7323451638221741,1.2810766696929932,0.9293806552886963,[0.0554 0.0673 0.1000 0.1000 0.1000 0.1000 0.1000],[0.4458 0.3271 0.0000 0.0000 0.0000 0.0000 0.0000],0.5526143312454224,0.7034801800872761,0.5541593581438065,0.4458406418561936,0.21543124000490418,None
333,0.820268452167511,0.7323448061943054,1.281073808670044,0.9293792247772217,[0.0549 0.0665 0.1000 0.1000 0.1000 0.1000 0.1000],[0.4512 0.3345 0.0000 0.0000 0.0000 0.0000 0.0000],0.5526132583618164,0.7034807831299874,0.5487732216715813,0.4512267783284188,0.2133371307485392,None
333,0.8202677369117737,0.7323445081710815,1.2810709476470947,0.9293780326843262,[0.0543 0.0658 0.1077 0.1000 0.1000 0.1000 0.1000],[0.4566 0.3420 -0.0774 0.0000 0.0000 0.0000 0.0000],0.5526122450828552,0.7034814866813673,0.5433506146073341,0.4566493853926659,0.2112289009643967,None
333,0.8202670812606812,0.7323442101478577,1.2810683250427246,0.9293768405914307,[0.0538 0.0651 0.1064 0.1000 0.1000 0.1000 0.1000],[0.4621 0.3494 -0.0644 0.0000 0.0000 0.0000 0.0000],0.5526112914085388,0.703482089726736,0.537896417081356,0.462103582918644,0.20910838651270724,None
333,0.8202663660049438,0.732343852519989,1.2810654640197754,0.929375410079956,[0.0532 0.0643 0.1052 0.1000 0.1000 0.1000 0.1000],[0.4676 0.3567 -0.0516 0.0000 0.0000 0.0000 0.0000],0.5526102185249329,0.703482692773331,0.53242988884449,0.46757011115551,0.2069830375072867,None
333,0.8202657103538513,0.7323436141014099,1.2810628414154053,0.9293744564056396,[0.0527 0.0636 0.1040 0.1000 0.1000 0.1000 0.1000],[0.4725 0.3635 -0.0396 0.0000 0.0000 0.0000 0.0000],0.5526093244552612,0.703483396329242,0.527452677488327,0.47254732251167303,0.20504801133014106,None
333,0.8202650547027588,0.7323433756828308,1.2810602188110352,0.9293735027313232,[0.0522 0.0629 0.1027 0.1000 0.1000 0.1000 0.1000],[0.4778 0.3706 -0.0273 0.0000 0.0000 0.0000 0.0000],0.5526084303855896,0.7034840998868224,0.5221923813223839,0.4778076186776162,0.2030029379715562,None
333,0.8202643394470215,0.7323430180549622,1.281057357788086,0.9293720722198486,[0.0517 0.0622 0.1015 0.1000 0.1000 0.1000 0.1000],[0.4832 0.3778 -0.0148 0.0000 0.0000 0.0000 0.0000],0.5526073575019836,0.7034847029375055,0.5168285965919495,0.4831714034080506,0.20091754213724966,None
333,0.820263683795929,0.7323427200317383,1.2810547351837158,0.9293708801269531,[0.0512 0.0615 0.1002 0.1000 0.1000 0.1000 0.1000],[0.4884 0.3850 -0.0020 0.0000 0.0000 0.0000 0.0000],0.5526064038276672,0.7034853059894153,0.5115551874041557,0.4884448125958443,0.19886732725286155,None
333,0.820263147354126,0.7323424816131592,1.281052589416504,0.9293699264526367,[0.0507 0.0609 0.0991 0.1000 0.1000 0.1000 0.1000],[0.4932 0.3914 0.0088 0.0000 0.0000 0.0000 0.0000],0.5526056289672852,0.7034858085336103,0.5067595466971397,0.4932404533028603,0.19700288409716513,None
333,0.8202624917030334,0.7323421835899353,1.2810499668121338,0.9293687343597412,[0.0502 0.0602 0.0981 0.1000 0.1000 0.1000 0.1000],[0.4978 0.3975 0.0192 0.0000 0.0000 0.0000 0.0000],0.5526046752929688,0.7034864115877686,0.5021565034985542,0.4978434965014458,0.19521328050062436,None
333,0.8202618360519409,0.7323419451713562,1.2810473442077637,0.9293677806854248,[0.0497 0.0596 0.0969 0.1000 0.1000 0.1000 0.1000],[0.5031 0.4044 0.0307 0.0000 0.0000 0.0000 0.0000],0.5526037812232971,0.7034871151525035,0.4968835785984993,0.5031164214015007,0.19316331224003866,None
333,0.8202612400054932,0.7323416471481323,1.2810449600219727,0.9293665885925293,[0.0492 0.0589 0.0958 0.1000 0.1000 0.1000 0.1000],[0.5084 0.4113 0.0422 0.0000 0.0000 0.0000 0.0000],0.5526028871536255,0.7034876176997649,0.4915792867541313,0.5084207132458687,0.19110109802487277,None
333,0.8202605843544006,0.7323414087295532,1.2810423374176025,0.9293656349182129,[0.0486 0.0582 0.0946 0.1000 0.1000 0.1000 0.1000],[0.5137 0.4183 0.0537 0.0000 0.0000 0.0000 0.0000],0.5526019930839539,0.7034883212673615,0.48625584691762924,0.5137441530823708,0.1890314977893792,None
333,0.8202597498893738,0.7323409914970398,1.2810389995574951,0.9293639659881592,[0.0480 0.0573 0.0933 0.1000 0.1000 0.1000 0.1000],[0.5203 0.4266 0.0672 0.0000 0.0000 0.0000 0.0000],0.5526007413864136,0.7034890248366277,0.47974899411201477,0.5202510058879852,0.18650172903065135,None
333,0.8202592730522156,0.7323408126831055,1.2810370922088623,0.9293632507324219,[0.0476 0.0568 0.0923 0.1000 0.1000 0.1000 0.1000],[0.5241 0.4321 0.0772 0.0000 0.0000 0.0000 0.0000],0.552600085735321,0.7034895273871257,0.4759010672569275,0.5240989327430725,0.18500576567553992,None
333,0.8202587366104126,0.7323405742645264,1.2810349464416504,0.9293622970581055,[0.0471 0.0562 0.0912 0.1000 0.1000 0.1000 0.1000],[0.5286 0.4381 0.0876 0.0000 0.0000 0.0000 0.0000],0.552599310874939,0.7034900299384754,0.4714469239115715,0.5285530760884285,0.18327409863294392,None
333,0.8202580809593201,0.7323402762413025,1.2810323238372803,0.92936110496521,[0.0467 0.0556 0.0902 0.1000 0.1000 0.1000 0.1000],[0.5332 0.4443 0.0984 0.0000 0.0000 0.0000 0.0000],0.5525983572006226,0.7034906330012194,0.4668457433581352,0.5331542566418648,0.18148524077862754,None
333,0.8202575445175171,0.7323400378227234,1.2810301780700684,0.9293601512908936,[0.0462 0.0549 0.0891 0.1000 0.1000 0.1000 0.1000],[0.5381 0.4509 0.1093 0.0000 0.0000 0.0000 0.0000],0.5525975823402405,0.703491135554443,0.461871474981308,0.538128525018692,0.17955138154599654,None
333,0.8202568888664246,0.7323397397994995,1.2810275554656982,0.929358959197998,[0.0457 0.0542 0.0880 0.1000 0.1000 0.1000 0.1000],[0.5431 0.4575 0.1204 0.0000 0.0000 0.0000 0.0000],0.5525966286659241,0.7034917386194357,0.4568744823336601,0.5431255176663399,0.17760865887962837,None
333,0.820256233215332,0.7323394417762756,1.2810249328613281,0.9293577671051025,[0.0452 0.0536 0.0868 0.1000 0.1000 0.1000 0.1000],[0.5481 0.4641 0.1315 0.0000 0.0000 0.0000 0.0000],0.5525956749916077,0.7034923416856549,0.4518597945570946,0.5481402054429054,0.17565906066232143,None
333,0.820255696773529,0.7323392033576965,1.2810227870941162,0.9293568134307861,[0.0447 0.0530 0.0858 0.1000 0.1000 0.1000 0.1000],[0.5527 0.4702 0.1417 0.0000 0.0000 0.0000 0.0000],0.5525949001312256,0.7034928442417746,0.44731374830007553,0.5526862516999245,0.17389168000078128,None
333,0.8202551007270813,0.7323389649391174,1.2810204029083252,0.9293558597564697,[0.0443 0.0523 0.0848 0.1000 0.1000 0.1000 0.1000],[0.5574 0.4765 0.1524 0.0000 0.0000 0.0000 0.0000],0.5525940656661987,0.7034934473102425,0.44258344918489456,0.5574165508151054,0.1720526801789911,None
333,0.8202545046806335,0.7323386669158936,1.2810180187225342,0.9293546676635742,[0.0438 0.0517 0.0837 0.1000 0.1000 0.1000 0.1000],[0.5623 0.4828 0.1628 0.0000 0.0000 0.0000 0.0000],0.5525931715965271,0.7034939498682362,0.4377290606498718,0.5622709393501282,0.17016540081915668,None
333,0.820253849029541,0.7323383688926697,1.281015396118164,0.9293534755706787,[0.0433 0.0511 0.0826 0.1000 0.1000 0.1000 0.1000],[0.5673 0.4895 0.1737 0.0000 0.0000 0.0000 0.0000],0.5525922179222107,0.703494552938953,0.4326818138360977,0.5673181861639023,0.1682031579508805,None
333,0.8202531933784485,0.7323381304740906,1.281012773513794,0.9293525218963623,[0.0428 0.0504 0.0816 0.1000 0.1000 0.1000 0.1000],[0.5725 0.4961 0.1845 0.0000 0.0000 0.0000 0.0000],0.5525913238525391,0.7034952565230062,0.4275035485625267,0.5724964514374733,0.1661900273536482,None
333,0.820252537727356,0.7323378920555115,1.2810101509094238,0.9293515682220459,[0.0422 0.0497 0.0804 0.1000 0.1000 0.1000 0.1000],[0.5777 0.5030 0.1960 0.0000 0.0000 0.0000 0.0000],0.5525904297828674,0.703495960108729,0.42227495461702347,0.5777250453829765,0.16415733421733034,None
333,0.820252001285553,0.7323375344276428,1.281008005142212,0.9293501377105713,[0.0417 0.0491 0.0793 0.1000 0.1000 0.1000 0.1000],[0.5826 0.5095 0.2066 0.0000 0.0000 0.0000 0.0000],0.5525895357131958,0.7034962616459783,0.41744500398635864,0.5825549960136414,0.16227952140273189,None
333,0.8202513456344604,0.7323372960090637,1.2810053825378418,0.9293491840362549,[0.0412 0.0484 0.0782 0.1000 0.1000 0.1000 0.1000],[0.5876 0.5163 0.2180 0.0000 0.0000 0.0000 0.0000],0.5525886416435242,0.7034969652340861,0.41237443685531616,0.5876255631446838,0.1603082663994433,None
333,0.8202506303787231,0.7323369979858398,1.2810025215148926,0.9293479919433594,[0.0407 0.0477 0.0770 0.1000 0.1000 0.1000 0.1000],[0.5928 0.5232 0.2297 0.0000 0.0000 0.0000 0.0000],0.552587628364563,0.7034976688238636,0.4071960970759392,0.5928039029240608,0.15829508369171966,None
333,0.8202499747276306,0.732336699962616,1.2809998989105225,0.9293467998504639,[0.0402 0.0470 0.0758 0.1000 0.1000 0.1000 0.1000],[0.5979 0.5302 0.2416 0.0000 0.0000 0.0000 0.0000],0.5525866746902466,0.7034982719021445,0.40206432342529297,0.597935676574707,0.15630000116063192,None
333,0.8202493190765381,0.7323364019393921,1.2809972763061523,0.9293456077575684,[0.0396 0.0463 0.0747 0.1000 0.1000 0.1000 0.1000],[0.6036 0.5374 0.2532 0.0000 0.0000 0.0000 0.0000],0.5525857210159302,0.703498874981652,0.3964463993906975,0.6035536006093025,0.15411593432564835,None
333,0.8202487230300903,0.732336163520813,1.2809948921203613,0.929344654083252,[0.0392 0.0456 0.0735 0.1000 0.1000 0.1000 0.1000],[0.6082 0.5440 0.2647 0.0000 0.0000 0.0000 0.0000],0.5525848865509033,0.7034994780623862,0.3918038308620453,0.6081961691379547,0.15231106686093565,None
333,0.8202480673789978,0.7323358058929443,1.2809922695159912,0.9293432235717773,[0.0387 0.0449 0.0724 0.1000 0.1000 0.1000 0.1000],[0.6129 0.5506 0.2761 0.0000 0.0000 0.0000 0.0000],0.5525838732719421,0.7034999806306019,0.3870832920074463,0.6129167079925537,0.1504758211471109,None
333,0.8202474117279053,0.7323355674743652,1.280989646911621,0.9293422698974609,[0.0382 0.0443 0.0713 0.1000 0.1000 0.1000 0.1000],[0.6177 0.5572 0.2874 0.0000 0.0000 0.0000 0.0000],0.5525829792022705,0.7035006842275349,0.38229305297136307,0.6177069470286369,0.1486135586590926,None
333,0.8202467560768127,0.7323353290557861,1.280987024307251,0.9293413162231445,[0.0377 0.0436 0.0701 0.1000 0.1000 0.1000 0.1000],[0.6226 0.5638 0.2986 0.0000 0.0000 0.0000 0.0000],0.5525820851325989,0.7035013878261374,0.37741769105196,0.62258230894804,0.14671820760964782,None
333,0.820246160030365,0.7323349714279175,1.28098464012146,0.9293398857116699,[0.0372 0.0429 0.0690 0.1000 0.1000 0.1000 0.1000],[0.6279 0.5709 0.3101 0.0000 0.0000 0.0000 0.0000],0.5525811314582825,0.7035017898832313,0.3721369802951813,0.6278630197048187,0.14466520516218928,None
333,0.8202455639839172,0.7323347330093384,1.280982255935669,0.9293389320373535,[0.0367 0.0423 0.0679 0.1000 0.1000 0.1000 0.1000],[0.6325 0.5771 0.3206 0.0000 0.0000 0.0000 0.0000],0.5525802969932556,0.7035023929698945,0.3674900159239769,0.6325099840760231,0.1428586425314173,None
333,0.8202448487281799,0.7323344945907593,1.2809793949127197,0.9293379783630371,[0.0362 0.0416 0.0668 0.1000 0.1000 0.1000 0.1000],[0.6376 0.5841 0.3322 0.0000 0.0000 0.0000 0.0000],0.5525793433189392,0.7035031970873536,0.3623802214860916,0.6376197785139084,0.1408721709582613,None
333,0.8202441930770874,0.7323341369628906,1.2809767723083496,0.9293365478515625,[0.0357 0.0409 0.0656 0.1000 0.1000 0.1000 0.1000],[0.6428 0.5911 0.3439 0.0000 0.0000 0.0000 0.0000],0.552578330039978,0.7035036996618731,0.35724885761737823,0.6427511423826218,0.13887724226842518,None
333,0.8202435970306396,0.7323338985443115,1.2809743881225586,0.9293355941772461,[0.0352 0.0402 0.0645 0.1000 0.1000 0.1000 0.1000],[0.6477 0.5977 0.3549 0.0000 0.0000 0.0000 0.0000],0.5525774955749512,0.7035043027524208,0.35229019820690155,0.6477098017930984,0.13694951913922332,None
333,0.8202430009841919,0.7323336601257324,1.2809720039367676,0.9293346405029297,[0.0348 0.0396 0.0635 0.1000 0.1000 0.1000 0.1000],[0.6525 0.6041 0.3652 0.0000 0.0000 0.0000 0.0000],0.5525766611099243,0.7035049058441953,0.3475096821784973,0.6524903178215027,0.13509105005504235,None
333,0.8202424645423889,0.7323333621025085,1.2809698581695557,0.9293334484100342,[0.0342 0.0390 0.0626 0.1000 0.1000 0.1000 0.1000],[0.6575 0.6100 0.3737 0.0000 0.0000 0.0000 0.0000],0.5525758266448975,0.7035053079060598,0.3424995392560959,0.6575004607439041,0.1331432801602552,None
333,0.8202418088912964,0.7323331236839294,1.2809672355651855,0.9293324947357178,[0.0337 0.0383 0.0616 0.1000 0.1000 0.1000 0.1000],[0.6628 0.6167 0.3840 0.0000 0.0000 0.0000 0.0000],0.5525749325752258,0.7035060115156346,0.33715222030878067,0.6628477796912193,0.13106448226879167,None
333,0.8202411532402039,0.7323328256607056,1.2809646129608154,0.9293313026428223,[0.0332 0.0376 0.0606 0.1000 0.1000 0.1000 0.1000],[0.6682 0.6235 0.3945 0.0000 0.0000 0.0000 0.0000],0.5525739789009094,0.703506614610885,0.3317967429757118,0.6682032570242882,0.12898248311691865,None
333,0.8202404975891113,0.7323324680328369,1.2809619903564453,0.9293298721313477,[0.0326 0.0370 0.0595 0.1000 0.1000 0.1000 0.1000],[0.6738 0.6304 0.4047 0.0000 0.0000 0.0000 0.0000],0.5525729656219482,0.7035071171911973,0.32620321959257126,0.6737967804074287,0.12680791797494928,None
333,0.820239782333374,0.7323322296142578,1.280959129333496,0.9293289184570312,[0.0320 0.0363 0.0585 0.1000 0.1000 0.1000 0.1000],[0.6796 0.6374 0.4150 0.0000 0.0000 0.0000 0.0000],0.5525720119476318,0.703507921321469,0.3203507885336876,0.6796492114663124,0.12453277711108074,None
333,0.8202391862869263,0.7323319315910339,1.280956745147705,0.9293277263641357,[0.0314 0.0356 0.0575 0.1000 0.1000 0.1000 0.1000],[0.6856 0.6444 0.4248 0.0000 0.0000 0.0000 0.0000],0.5525711178779602,0.7035084239039964,0.3144344314932823,0.6855655685067177,0.12223274919657166,None
333,0.8202385306358337,0.7323316335678101,1.280954122543335,0.9293265342712402,[0.0309 0.0349 0.0567 0.1000 0.1000 0.1000 0.1000],[0.6911 0.6507 0.4334 0.0000 0.0000 0.0000 0.0000],0.5525701642036438,0.7035090270041537,0.3088797628879547,0.6911202371120453,0.12007333171194906,None
333,0.820237934589386,0.7323313355445862,1.280951738357544,0.9293253421783447,[0.0304 0.0343 0.0557 0.1000 0.1000 0.1000 0.1000],[0.6961 0.6569 0.4428 0.0000 0.0000 0.0000 0.0000],0.5525692701339722,0.7035095295885552,0.30387356877326965,0.6961264312267303,0.11812712658803362,None
333,0.820237398147583,0.7323310971260071,1.280949592590332,0.9293243885040283,[0.0299 0.0337 0.0548 0.1000 0.1000 0.1000 0.1000],[0.7012 0.6632 0.4522 0.0000 0.0000 0.0000 0.0000],0.5525684952735901,0.7035100321738088,0.2988482639193535,0.7011517360806465,0.11617352098496016,None
333,0.8202367424964905,0.732330858707428,1.280946969985962,0.9293234348297119,[0.0294 0.0331 0.0539 0.1000 0.1000 0.1000 0.1000],[0.7061 0.6693 0.4614 0.0000 0.0000 0.0000 0.0000],0.5525676012039185,0.7035107357945949,0.2939450368285179,0.7060549631714821,0.11426738224000449,None
333,0.8202362060546875,0.7323305606842041,1.28094482421875,0.9293222427368164,[0.0289 0.0325 0.0529 0.1000 0.1000 0.1000 0.1000],[0.7110 0.6754 0.4707 0.0000 0.0000 0.0000 0.0000],0.5525667667388916,0.7035111378643653,0.2889571711421013,0.7110428288578987,0.11232830766502223,None
333,0.820235550403595,0.732330322265625,1.2809422016143799,0.9293212890625,[0.0284 0.0318 0.0520 0.1000 0.1000 0.1000 0.1000],[0.7160 0.6816 0.4800 0.0000 0.0000 0.0000 0.0000],0.55256587266922,0.7035118414877755,0.2840476483106613,0.7159523516893387,0.11041972687738166,None
333,0.820235013961792,0.7323300838470459,1.280940055847168,0.9293203353881836,[0.0279 0.0312 0.0511 0.1000 0.1000 0.1000 0.1000],[0.7209 0.6877 0.4890 0.0000 0.0000 0.0000 0.0000],0.5525650978088379,0.703512344076948,0.2790604904294014,0.7209395095705986,0.10848096128265115,None
333,0.8201838135719299,0.7321908473968506,1.2807352542877197,0.9287633895874023,[0.0274 0.0306 0.0502 0.1066 0.1000 0.1000 0.1000],[0.7257 0.6937 0.4981 -0.0659 0.0000 0.0000 0.0000],0.5523746609687805,0.7033639162625704,0.274258591234684,0.725741408765316,0.10655505888177265,None
333,0.8201984167098999,0.7322322130203247,1.2807936668395996,0.9289288520812988,[0.0269 0.0299 0.0492 0.1046 0.1000 0.1000 0.1000],[0.7312 0.7005 0.5083 -0.0462 0.0000 0.0000 0.0000],0.5524306297302246,0.7034090296560342,0.26881396770477295,0.731186032295227,0.10445699317133958,None
333,0.8202126026153564,0.7322724461555481,1.2808504104614258,0.9290897846221924,[0.0263 0.0293 0.0482 0.1027 0.1000 0.1000 0.1000],[0.7366 0.7072 0.5182 -0.0269 0.0000 0.0000 0.0000],0.5524850487709045,0.7034529439367028,0.2634360268712044,0.7365639731287956,0.10238368318969239,None
333,0.8202264308929443,0.732312023639679,1.2809057235717773,0.9292480945587158,[0.0258 0.0286 0.0472 0.1008 0.1000 0.1000 0.1000],[0.7421 0.7140 0.5282 -0.0080 0.0000 0.0000 0.0000],0.5525384545326233,0.7034963621584629,0.2578720822930336,0.7421279177069664,0.10023714578337885,None
333,0.8202400207519531,0.732351541519165,1.2809600830078125,0.9294061660766602,[0.0252 0.0279 0.0462 0.0989 0.1000 0.1000 0.1000],[0.7478 0.7209 0.5383 0.0109 0.0000 0.0000 0.0000],0.5525915622711182,0.703540088320886,0.2522110566496849,0.7477889433503151,0.09805217232495374,None
333,0.8202527761459351,0.7323884963989258,1.2810111045837402,0.9295539855957031,[0.0247 0.0272 0.0452 0.0971 0.1000 0.1000 0.1000],[0.7534 0.7276 0.5479 0.0286 0.0000 0.0000 0.0000],0.5526412725448608,0.703580905225373,0.24659991264343262,0.7534000873565674,0.09588491305471096,None
333,0.8202643394470215,0.7324225902557373,1.281057357788086,0.9296903610229492,[0.0241 0.0266 0.0443 0.0955 0.1000 0.1000 0.1000],[0.7590 0.7342 0.5570 0.0449 0.0000 0.0000 0.0000],0.5526869297027588,0.7036189122240014,0.24096552282571793,0.7590344771742821,0.09370690776577455,None
333,0.8202753067016602,0.7324551343917847,1.2811012268066406,0.9298205375671387,[0.0235 0.0259 0.0434 0.0939 0.1000 0.1000 0.1000],[0.7648 0.7408 0.5661 0.0606 0.0000 0.0000 0.0000],0.5527304410934448,0.703655315030157,0.2351650409400463,0.7648349590599537,0.09146314212924621,None
333,0.8202863335609436,0.7324877381324768,1.2811453342437744,0.9299509525299072,[0.0229 0.0253 0.0425 0.0924 0.1000 0.1000 0.1000],[0.7706 0.7474 0.5751 0.0763 0.0000 0.0000 0.0000],0.5527740716934204,0.7036917223085613,0.22942639887332916,0.7705736011266708,0.08924286304584375,None
333,0.8202970027923584,0.7325198650360107,1.2811880111694336,0.930079460144043,[0.0224 0.0246 0.0416 0.0908 0.1000 0.1000 0.1000],[0.7763 0.7540 0.5840 0.0917 0.0000 0.0000 0.0000],0.5528168678283691,0.703727932878667,0.22373327985405922,0.7762667201459408,0.08703955560027894,None
333,0.820307195186615,0.7325505614280701,1.28122878074646,0.9302022457122803,[0.0218 0.0239 0.0407 0.0893 0.1000 0.1000 0.1000],[0.7822 0.7606 0.5928 0.1066 0.0000 0.0000 0.0000],0.5528577566146851,0.7037625382255901,0.2178180031478405,0.7821819968521595,0.08474875457943701,None
333,0.8203168511390686,0.7325799465179443,1.2812674045562744,0.9303197860717773,[0.0212 0.0233 0.0399 0.0879 0.1000 0.1000 0.1000],[0.7881 0.7672 0.6014 0.1207 0.0000 0.0000 0.0000],0.5528967976570129,0.7037958396289405,0.21191131323575974,0.7880886867642403,0.08246030041111196,None
333,0.8203263282775879,0.7326090335845947,1.2813053131103516,0.9304361343383789,[0.0206 0.0226 0.0390 0.0865 0.1000 0.1000 0.1000],[0.7940 0.7738 0.6100 0.1348 0.0000 0.0000 0.0000],0.5529353618621826,0.7038289435258854,0.20601626485586166,0.7939837351441383,0.08017574361002522,None
333,0.8203376531600952,0.7326436042785645,1.2813506126403809,0.9305744171142578,[0.0199 0.0218 0.0380 0.0848 0.1000 0.1000 0.1000],[0.8011 0.7816 0.6202 0.1516 0.0000 0.0000 0.0000],0.5529812574386597,0.7038681900208443,0.19893556833267212,0.8010644316673279,0.07743087896618527,None
333,0.8203473687171936,0.7326734662055969,1.2813894748687744,0.9306938648223877,[0.0195 0.0213 0.0372 0.0834 0.1000 0.1000 0.1000],[0.8049 0.7866 0.6277 0.1661 0.0000 0.0000 0.0000],0.5530208349227905,0.7039022078576123,0.19506771117448807,0.8049322888255119,0.07593451250925642,None
333,0.8203571438789368,0.7327033877372742,1.281428575515747,0.9308135509490967,[0.0190 0.0208 0.0364 0.0819 0.1000 0.1000 0.1000],[0.8096 0.7922 0.6357 0.1806 0.0000 0.0000 0.0000],0.5530605316162109,0.703936229603042,0.19040632992982864,0.8095936700701714,0.07412886772223659,None
333,0.8203665614128113,0.7327325344085693,1.2814662456512451,0.9309301376342773,[0.0186 0.0202 0.0356 0.0805 0.1000 0.1000 0.1000],[0.8143 0.7977 0.6436 0.1948 0.0000 0.0000 0.0000],0.5530990958213806,0.7039695505454854,0.1857360079884529,0.8142639920115471,0.07231908624304717,None
333,0.8203763365745544,0.73276287317276,1.2815053462982178,0.93105149269104,[0.0181 0.0196 0.0348 0.0790 0.1000 0.1000 0.1000],[0.8191 0.8035 0.6518 0.2096 0.0000 0.0000 0.0000],0.5531392097473145,0.7040042848252792,0.18092835322022438,0.8190716467797756,0.07045573950923788,None
333,0.8203862905502319,0.7327941060066223,1.2815451622009277,0.9311764240264893,[0.0176 0.0191 0.0340 0.0775 0.1000 0.1000 0.1000],[0.8239 0.8093 0.6602 0.2248 0.0000 0.0000 0.0000],0.5531803965568542,0.7040402315455534,0.176143329590559,0.823856670409441,0.06860100211033235,None
333,0.8203955888748169,0.7328231930732727,1.2815823554992676,0.9312927722930908,[0.0171 0.0185 0.0332 0.0761 0.1000 0.1000 0.1000],[0.8288 0.8151 0.6683 0.2391 0.0000 0.0000 0.0000],0.5532187819480896,0.7040736649070513,0.17120536416769028,0.8287946358323097,0.06668564931129421,None
333,0.8204053044319153,0.7328539490699768,1.2816212177276611,0.9314157962799072,[0.0166 0.0179 0.0323 0.0746 0.1000 0.1000 0.1000],[0.8340 0.8213 0.6769 0.2542 0.0000 0.0000 0.0000],0.5532592535018921,0.7041092171730615,0.16603335738182068,0.8339666426181793,0.06467911455244657,None
333,0.8204149007797241,0.7328845858573914,1.2816596031188965,0.9315383434295654,[0.0161 0.0173 0.0314 0.0731 0.1000 0.1000 0.1000],[0.8392 0.8275 0.6855 0.2693 0.0000 0.0000 0.0000],0.5532994866371155,0.7041447737113087,0.16075052320957184,0.8392494767904282,0.06262887674037587,None
333,0.8204243779182434,0.732914924621582,1.2816975116729736,0.9316596984863281,[0.0155 0.0166 0.0306 0.0716 0.1000 0.1000 0.1000],[0.8446 0.8337 0.6941 0.2842 0.0000 0.0000 0.0000],0.5533393025398254,0.7041800322887899,0.15542475506663322,0.8445752449333668,0.06056133164798238,None
333,0.8204336762428284,0.7329448461532593,1.2817347049713135,0.9317793846130371,[0.0150 0.0160 0.0297 0.0701 0.1000 0.1000 0.1000],[0.8499 0.8400 0.7027 0.2990 0.0000 0.0000 0.0000],0.5533785223960876,0.7042148920422648,0.15007257461547852,0.8499274253845215,0.0584828915998476,None
333,0.8204429745674133,0.7329748868942261,1.2817718982696533,0.9318995475769043,[0.0145 0.0154 0.0289 0.0686 0.1000 0.1000 0.1000],[0.8553 0.8462 0.7114 0.3139 0.0000 0.0000 0.0000],0.5534178614616394,0.7042499574417829,0.14474157243967056,0.8552584275603294,0.056412232558695256,None
333,0.8204523324966431,0.7330049276351929,1.2818093299865723,0.9320197105407715,[0.0139 0.0148 0.0280 0.0671 0.1000 0.1000 0.1000],[0.8606 0.8525 0.7200 0.3289 0.0000 0.0000 0.0000],0.5534572601318359,0.7042849262187498,0.13943005353212357,0.8605699464678764,0.054348664437576015,None
333,0.8204614520072937,0.7330347895622253,1.2818458080291748,0.9321391582489014,[0.0134 0.0141 0.0271 0.0656 0.1000 0.1000 0.1000],[0.8657 0.8586 0.7285 0.3438 0.0000 0.0000 0.0000],0.553496241569519,0.7043199999237886,0.1342608965933323,0.8657391034066677,0.052340062887396774,None
333,0.8204711675643921,0.7330666184425354,1.2818846702575684,0.9322664737701416,[0.0129 0.0135 0.0263 0.0640 0.1000 0.1000 0.1000],[0.8709 0.8648 0.7375 0.3597 0.0000 0.0000 0.0000],0.5535377860069275,0.7043573963011138,0.12912089005112648,0.8708791099488735,0.05034274158077417,None
333,0.8204810619354248,0.7330989837646484,1.2819242477416992,0.9323959350585938,[0.0124 0.0129 0.0253 0.0624 0.1000 0.1000 0.1000],[0.8764 0.8715 0.7468 0.3760 0.0000 0.0000 0.0000],0.5535800457000732,0.7043954023179335,0.12359725311398506,0.8764027468860149,0.04819541882250957,None
333,0.820490837097168,0.733131468296051,1.2819633483886719,0.9325258731842041,[0.0118 0.0122 0.0244 0.0608 0.1000 0.1000 0.1000],[0.8819 0.8781 0.7561 0.3924 0.0000 0.0000 0.0000],0.553622305393219,0.7044338165467556,0.11810295283794403,0.881897047162056,0.046059002880028725,None
333,0.820499837398529,0.7331611514091492,1.2819993495941162,0.9326446056365967,[0.0113 0.0116 0.0235 0.0593 0.1000 0.1000 0.1000],[0.8868 0.8840 0.7646 0.4074 0.0000 0.0000 0.0000],0.5536609888076782,0.7044688070788806,0.1132461428642273,0.8867538571357727,0.04417017408200724,None
333,0.8205084800720215,0.7331901788711548,1.282033920288086,0.9327607154846191,[0.0108 0.0110 0.0227 0.0578 0.1000 0.1000 0.1000],[0.8918 0.8900 0.7731 0.4221 0.0000 0.0000 0.0000],0.5536986589431763,0.7045032974788608,0.10819435119628906,0.8918056488037109,0.04220472635834794,None
333,0.8205174803733826,0.7332205772399902,1.2820699214935303,0.9328823089599609,[0.0103 0.0103 0.0218 0.0562 0.1000 0.1000 0.1000],[0.8974 0.8966 0.7822 0.4376 0.0000 0.0000 0.0000],0.5537380576133728,0.7045395066453175,0.10259712114930153,0.8974028788506985,0.040026249543766705,None
333,0.8205257654190063,0.7332482933998108,1.2821030616760254,0.9329931735992432,[0.0098 0.0098 0.0210 0.0548 0.1000 0.1000 0.1000],[0.9018 0.9021 0.7902 0.4518 0.0000 0.0000 0.0000],0.5537740588188171,0.7045723912373869,0.09786007925868034,0.9021399207413197,0.03818245003393994,None
333,0.8205339312553406,0.7332758903503418,1.2821357250213623,0.9331035614013672,[0.0094 0.0092 0.0202 0.0534 0.1000 0.1000 0.1000],[0.9065 0.9078 0.7983 0.4660 0.0000 0.0000 0.0000],0.5538098216056824,0.7046052794903084,0.09218900464475155,0.9078109953552485,0.03597374670732377,None
333,0.8205420970916748,0.7333037257194519,1.2821683883666992,0.9332149028778076,[0.0089 0.0086 0.0194 0.0520 0.1000 0.1000 0.1000],[0.9111 0.9135 0.8064 0.4803 0.0000 0.0000 0.0000],0.5538458228111267,0.7046385750098316,0.08649882860481739,0.9135011713951826,0.03375713071269824,None
333,0.8205500841140747,0.7333307862281799,1.2822003364562988,0.9333231449127197,[0.0084 0.0081 0.0186 0.0506 0.1000 0.1000 0.1000],[0.9158 0.9192 0.8145 0.4943 0.0000 0.0000 0.0000],0.5538808703422546,0.7046708651590656,0.08079125545918941,0.9192087445408106,0.03153312691087096,None
333,0.8205726146697998,0.7333648800849915,1.2822904586791992,0.9334595203399658,[0.0281 0.0277 0.0178 0.0492 0.1000 0.1000 0.1000],[0.7192 0.7228 0.8224 0.5078 0.0000 0.0000 0.0000],0.5539374947547913,0.7046904427811245,0.17756043002009392,0.8224395699799061,0.06931150550296616,None
333,0.8205805420875549,0.7333926558494568,1.2823221683502197,0.9335706233978271,[0.0275 0.0270 0.0169 0.0478 0.1000 0.1000 0.1000],[0.7249 0.7296 0.8313 0.5223 0.0000 0.0000 0.0000],0.5539731979370117,0.7047240506947812,0.16867619007825851,0.8313238099217415,0.06585088706622488,None
333,0.8205872178077698,0.7334160804748535,1.282348871231079,0.9336643218994141,[0.0271 0.0265 0.0162 0.0465 0.1000 0.1000 0.1000],[0.7290 0.7348 0.8385 0.5346 0.0000 0.0000 0.0000],0.5540032982826233,0.7047524135019623,0.16150496900081635,0.8384950309991837,0.06305721866340178,None
