339,0.8110390901565552,0.6185725927352905,1.2441563606262207,0.4742903709411621,[0.1000 0.1000 0.1000 0.1000 0.1000 0.1000 0.1000],[0.0000 0.0000 0.0000 0.0000 0.0000 0.0000 0.0000],0.4296116828918457,0.5612899620235883,1.0,0.0,0.24113672517525392,None
339,0.8110390901565552,0.6185725927352905,1.2441563606262207,0.4742903709411621,[0.1000 0.1000 0.1000 0.1000 0.1000 0.1000 0.1000],[0.0000 0.0000 0.0000 0.0000 0.0000 0.0000 0.0000],0.4296116828918457,0.5612899620235883,1.0,0.0,0.24113672517525392,None
339,0.8110390901565552,0.6185725927352905,1.2441563606262207,0.4742903709411621,[0.1000 0.1000 0.1000 0.1000 0.1000 0.1000 0.1000],[0.0000 0.0000 0.0000 0.0000 0.0000 0.0000 0.0000],0.4296116828918457,0.5612899620235883,1.0,0.0,0.24113672517525392,None
339,0.8110390901565552,0.6185725927352905,1.2441563606262207,0.4742903709411621,[0.1000 0.1000 0.1000 0.1000 0.1000 0.1000 0.1000],[0.0000 0.0000 0.0000 0.0000 0.0000 0.0000 0.0000],0.4296116828918457,0.5612899620235883,1.0,0.0,0.24113672517525392,None
339,0.8110390901565552,0.6185725927352905,1.2441563606262207,0.4742903709411621,[0.1000 0.1000 0.1000 0.1000 0.1000 0.1000 0.1000],[0.0000 0.0000 0.0000 0.0000 0.0000 0.0000 0.0000],0.4296116828918457,0.5612899620235883,1.0,0.0,0.24113672517525392,None
339,0.8110390901565552,0.6185725927352905,1.2441563606262207,0.4742903709411621,[0.1000 0.1000 0.1000 0.1000 0.1000 0.1000 0.1000],[0.0000 0.0000 0.0000 0.0000 0.0000 0.0000 0.0000],0.4296116828918457,0.5612899620235883,1.0,0.0,0.24113672517525392,None
339,0.8110390901565552,0.6185725927352905,1.2441563606262207,0.4742903709411621,[0.1000 0.1000 0.1000 0.1000 0.1000 0.1000 0.1000],[0.0000 0.0000 0.0000 0.0000 0.0000 0.0000 0.0000],0.4296116828918457,0.5612899620235883,1.0,0.0,0.24113672517525392,None
339,0.8110390901565552,0.6185725927352905,1.2441563606262207,0.4742903709411621,[0.1000 0.1000 0.1000 0.1000 0.1000 0.1000 0.1000],[0.0000 0.0000 0.0000 0.0000 0.0000 0.0000 0.0000],0.4296116828918457,0.5612899620235883,1.0,0.0,0.24113672517525392,None
339,0.8110390901565552,0.6185725927352905,1.2441563606262207,0.4742903709411621,[0.1000 0.1000 0.1000 0.1000 0.1000 0.1000 0.1000],[0.0000 0.0000 0.0000 0.0000 0.0000 0.0000 0.0000],0.4296116828918457,0.5612899620235883,1.0,0.0,0.24113672517525392,None
339,0.8110390901565552,0.6185725927352905,1.2441563606262207,0.4742903709411621,[0.1000 0.1000 0.1000 0.1000 0.1000 0.1000 0.1000],[0.0000 0.0000 0.0000 0.0000 0.0000 0.0000 0.0000],0.4296116828918457,0.5612899620235883,1.0,0.0,0.24113672517525392,None
339,0.8110390901565552,0.6185725927352905,1.2441563606262207,0.4742903709411621,[0.1000 0.1000 0.1000 0.1000 0.1000 0.1000 0.1000],[0.0000 0.0000 0.0000 0.0000 0.0000 0.0000 0.0000],0.4296116828918457,0.5612899620235883,1.0,0.0,0.24113672517525392,None
339,0.8110390901565552,0.6185725927352905,1.2441563606262207,0.4742903709411621,[0.1000 0.1000 0.1000 0.1000 0.1000 0.1000 0.1000],[0.0000 0.0000 0.0000 0.0000 0.0000 0.0000 0.0000],0.4296116828918457,0.5612899620235883,1.0,0.0,0.24113672517525392,None
339,0.8110390901565552,0.6185725927352905,1.2441563606262207,0.4742903709411621,[0.1000 0.1000 0.1000 0.1000 0.1000 0.1000 0.1000],[0.0000 0.0000 0.0000 0.0000 0.0000 0.0000 0.0000],0.4296116828918457,0.5612899620235883,1.0,0.0,0.24113672517525392,None
339,0.8110390901565552,0.6185725927352905,1.2441563606262207,0.4742903709411621,[0.1000 0.1000 0.1000 0.1000 0.1000 0.1000 0.1000],[0.0000 0.0000 0.0000 0.0000 0.0000 0.0000 0.0000],0.4296116828918457,0.5612899620235883,1.0,0.0,0.24113672517525392,None
339,0.8110390901565552,0.6185725927352905,1.2441563606262207,0.4742903709411621,[0.1000 0.1000 0.1000 0.1000 0.1000 0.1000 0.1000],[0.0000 0.0000 0.0000 0.0000 0.0000 0.0000 0.0000],0.4296116828918457,0.5612899620235883,1.0,0.0,0.24113672517525392,None
339,0.8110390901565552,0.6185725927352905,1.2441563606262207,0.4742903709411621,[0.1000 0.1000 0.1000 0.1000 0.1000 0.1000 0.1000],[0.0000 0.0000 0.0000 0.0000 0.0000 0.0000 0.0000],0.4296116828918457,0.5612899620235883,1.0,0.0,0.24113672517525392,None
339,0.8110390901565552,0.6185725927352905,1.2441563606262207,0.4742903709411621,[0.1000 0.1000 0.1000 0.1000 0.1000 0.1000 0.1000],[0.0000 0.0000 0.0000 0.0000 0.0000 0.0000 0.0000],0.4296116828918457,0.5612899620235883,1.0,0.0,0.24113672517525392,None
339,0.8110390901565552,0.6185725927352905,1.2441563606262207,0.4742903709411621,[0.1000 0.1000 0.1000 0.1000 0.1000 0.1000 0.1000],[0.0000 0.0000 0.0000 0.0000 0.0000 0.0000 0.0000],0.4296116828918457,0.5612899620235883,1.0,0.0,0.24113672517525392,None
339,0.8110390901565552,0.6185725927352905,1.2441563606262207,0.4742903709411621,[0.1000 0.1000 0.1000 0.1000 0.1000 0.1000 0.1000],[0.0000 0.0000 0.0000 0.0000 0.0000 0.0000 0.0000],0.4296116828918457,0.5612899620235883,1.0,0.0,0.24113672517525392,None
339,0.8110390901565552,0.6185725927352905,1.2441563606262207,0.4742903709411621,[0.1000 0.1000 0.1000 0.1000 0.1000 0.1000 0.1000],[0.0000 0.0000 0.0000 0.0000 0.0000 0.0000 0.0000],0.4296116828918457,0.5612899620235883,1.0,0.0,0.24113672517525392,None
339,0.8110390901565552,0.6185725927352905,1.2441563606262207,0.4742903709411621,[0.1000 0.1000 0.1000 0.1000 0.1000 0.1000 0.1000],[0.0000 0.0000 0.0000 0.0000 0.0000 0.0000 0.0000],0.4296116828918457,0.5612899620235883,1.0,0.0,0.24113672517525392,None
339,0.8110390901565552,0.6185725927352905,1.2441563606262207,0.4742903709411621,[0.1000 0.1000 0.1000 0.1000 0.1000 0.1000 0.1000],[0.0000 0.0000 0.0000 0.0000 0.0000 0.0000 0.0000],0.4296116828918457,0.5612899620235883,1.0,0.0,0.24113672517525392,None
339,0.8110390901565552,0.6185725927352905,1.2441563606262207,0.4742903709411621,[0.1000 0.1000 0.1000 0.1000 0.1000 0.1000 0.1000],[0.0000 0.0000 0.0000 0.0000 0.0000 0.0000 0.0000],0.4296116828918457,0.5612899620235883,1.0,0.0,0.24113672517525392,None
339,0.8110390901565552,0.6185725927352905,1.2441563606262207,0.4742903709411621,[0.1000 0.1000 0.1000 0.1000 0.1000 0.1000 0.1000],[0.0000 0.0000 0.0000 0.0000 0.0000 0.0000 0.0000],0.4296116828918457,0.5612899620235883,1.0,0.0,0.24113672517525392,None
339,0.8110390901565552,0.6185725927352905,1.2441563606262207,0.4742903709411621,[0.1000 0.1000 0.1000 0.1000 0.1000 0.1000 0.1000],[0.0000 0.0000 0.0000 0.0000 0.0000 0.0000 0.0000],0.4296116828918457,0.5612899620235883,1.0,0.0,0.24113672517525392,None
339,0.8110390901565552,0.6185725927352905,1.2441563606262207,0.4742903709411621,[0.1000 0.1000 0.1000 0.1000 0.1000 0.1000 0.1000],[0.0000 0.0000 0.0000 0.0000 0.0000 0.0000 0.0000],0.4296116828918457,0.5612899620235883,1.0,0.0,0.24113672517525392,None
339,0.8110390901565552,0.6185725927352905,1.2441563606262207,0.4742903709411621,[0.1000 0.1000 0.1000 0.1000 0.1000 0.1000 0.1000],[0.0000 0.0000 0.0000 0.0000 0.0000 0.0000 0.0000],0.4296116828918457,0.5612899620235883,1.0,0.0,0.24113672517525392,None
339,0.8110390901565552,0.6185725927352905,1.2441563606262207,0.4742903709411621,[0.1000 0.1000 0.1000 0.1000 0.1000 0.1000 0.1000],[0.0000 0.0000 0.0000 0.0000 0.0000 0.0000 0.0000],0.4296116828918457,0.5612899620235883,1.0,0.0,0.24113672517525392,None
339,0.8110390901565552,0.6185725927352905,1.2441563606262207,0.4742903709411621,[0.1000 0.1000 0.1000 0.1000 0.1000 0.1000 0.1000],[0.0000 0.0000 0.0000 0.0000 0.0000 0.0000 0.0000],0.4296116828918457,0.5612899620235883,1.0,0.0,0.24113672517525392,None
339,0.8110390901565552,0.6185725927352905,1.2441563606262207,0.4742903709411621,[0.1000 0.1000 0.1000 0.1000 0.1000 0.1000 0.1000],[0.0000 0.0000 0.0000 0.0000 0.0000 0.0000 0.0000],0.4296116828918457,0.5612899620235883,1.0,0.0,0.24113672517525392,None
339,0.8110390901565552,0.6185725927352905,1.2441563606262207,0.4742903709411621,[0.1000 0.1000 0.1000 0.1000 0.1000 0.1000 0.1000],[0.0000 0.0000 0.0000 0.0000 0.0000 0.0000 0.0000],0.4296116828918457,0.5612899620235883,1.0,0.0,0.24113672517525392,None
339,0.8110390901565552,0.6185725927352905,1.2441563606262207,0.4742903709411621,[0.1000 0.1000 0.1000 0.1000 0.1000 0.1000 0.1000],[0.0000 0.0000 0.0000 0.0000 0.0000 0.0000 0.0000],0.4296116828918457,0.5612899620235883,1.0,0.0,0.24113672517525392,None
339,0.8110390901565552,0.6185725927352905,1.2441563606262207,0.4742903709411621,[0.1000 0.1000 0.1000 0.1000 0.1000 0.1000 0.1000],[0.0000 0.0000 0.0000 0.0000 0.0000 0.0000 0.0000],0.4296116828918457,0.5612899620235883,1.0,0.0,0.24113672517525392,None
339,0.8110390901565552,0.6185725927352905,1.2441563606262207,0.4742903709411621,[0.1000 0.1000 0.1000 0.1000 0.1000 0.1000 0.1000],[0.0000 0.0000 0.0000 0.0000 0.0000 0.0000 0.0000],0.4296116828918457,0.5612899620235883,1.0,0.0,0.24113672517525392,None
339,0.8110390901565552,0.6185725927352905,1.2441563606262207,0.4742903709411621,[0.1000 0.1000 0.1000 0.1000 0.1000 0.1000 0.1000],[0.0000 0.0000 0.0000 0.0000 0.0000 0.0000 0.0000],0.4296116828918457,0.5612899620235883,1.0,0.0,0.24113672517525392,None
339,0.8110390901565552,0.6185725927352905,1.2441563606262207,0.4742903709411621,[0.1000 0.1000 0.1000 0.1000 0.1000 0.1000 0.1000],[0.0000 0.0000 0.0000 0.0000 0.0000 0.0000 0.0000],0.4296116828918457,0.5612899620235883,1.0,0.0,0.24113672517525392,None
339,0.8110390901565552,0.6185725927352905,1.2441563606262207,0.4742903709411621,[0.1000 0.1000 0.1000 0.1000 0.1000 0.1000 0.1000],[0.0000 0.0000 0.0000 0.0000 0.0000 0.0000 0.0000],0.4296116828918457,0.5612899620235883,1.0,0.0,0.24113672517525392,None
339,0.8110390901565552,0.6185725927352905,1.2441563606262207,0.4742903709411621,[0.1000 0.1000 0.1000 0.1000 0.1000 0.1000 0.1000],[0.0000 0.0000 0.0000 0.0000 0.0000 0.0000 0.0000],0.4296116828918457,0.5612899620235883,1.0,0.0,0.24113672517525392,None
339,0.8110390901565552,0.6185725927352905,1.2441563606262207,0.4742903709411621,[0.1000 0.1000 0.1000 0.1000 0.1000 0.1000 0.1000],[0.0000 0.0000 0.0000 0.0000 0.0000 0.0000 0.0000],0.4296116828918457,0.5612899620235883,1.0,0.0,0.24113672517525392,None
339,0.8110390901565552,0.6185725927352905,1.2441563606262207,0.4742903709411621,[0.1000 0.1000 0.1000 0.1000 0.1000 0.1000 0.1000],[0.0000 0.0000 0.0000 0.0000 0.0000 0.0000 0.0000],0.4296116828918457,0.5612899620235883,1.0,0.0,0.24113672517525392,None
339,0.8110390901565552,0.6185725927352905,1.2441563606262207,0.4742903709411621,[0.1000 0.1000 0.1000 0.1000 0.1000 0.1000 0.1000],[0.0000 0.0000 0.0000 0.0000 0.0000 0.0000 0.0000],0.4296116828918457,0.5612899620235883,1.0,0.0,0.24113672517525392,None
339,0.8110390901565552,0.6185725927352905,1.2441563606262207,0.4742903709411621,[0.1000 0.1000 0.1000 0.1000 0.1000 0.1000 0.1000],[0.0000 0.0000 0.0000 0.0000 0.0000 0.0000 0.0000],0.4296116828918457,0.5612899620235883,1.0,0.0,0.24113672517525392,None
339,0.8110390901565552,0.6185725927352905,1.2441563606262207,0.4742903709411621,[0.1000 0.1000 0.1000 0.1000 0.1000 0.1000 0.1000],[0.0000 0.0000 0.0000 0.0000 0.0000 0.0000 0.0000],0.4296116828918457,0.5612899620235883,1.0,0.0,0.24113672517525392,None
339,0.8110390901565552,0.6185725927352905,1.2441563606262207,0.4742903709411621,[0.1000 0.1000 0.1000 0.1000 0.1000 0.1000 0.1000],[0.0000 0.0000 0.0000 0.0000 0.0000 0.0000 0.0000],0.4296116828918457,0.5612899620235883,1.0,0.0,0.24113672517525392,None
339,0.8110390901565552,0.6185725927352905,1.2441563606262207,0.4742903709411621,[0.1000 0.1000 0.1000 0.1000 0.1000 0.1000 0.1000],[0.0000 0.0000 0.0000 0.0000 0.0000 0.0000 0.0000],0.4296116828918457,0.5612899620235883,1.0,0.0,0.24113672517525392,None
339,0.8110390901565552,0.6185725927352905,1.2441563606262207,0.4742903709411621,[0.1000 0.1000 0.1000 0.1000 0.1000 0.1000 0.1000],[0.0000 0.0000 0.0000 0.0000 0.0000 0.0000 0.0000],0.4296116828918457,0.5612899620235883,1.0,0.0,0.24113672517525392,None
339,0.8110390901565552,0.6185725927352905,1.2441563606262207,0.4742903709411621,[0.1000 0.1000 0.1000 0.1000 0.1000 0.1000 0.1000],[0.0000 0.0000 0.0000 0.0000 0.0000 0.0000 0.0000],0.4296116828918457,0.5612899620235883,1.0,0.0,0.24113672517525392,None
339,0.8110390901565552,0.6185725927352905,1.2441563606262207,0.4742903709411621,[0.1000 0.1000 0.1000 0.1000 0.1000 0.1000 0.1000],[0.0000 0.0000 0.0000 0.0000 0.0000 0.0000 0.0000],0.4296116828918457,0.5612899620235883,1.0,0.0,0.24113672517525392,None
339,0.8110390901565552,0.6185725927352905,1.2441563606262207,0.4742903709411621,[0.1000 0.1000 0.1000 0.1000 0.1000 0.1000 0.1000],[0.0000 0.0000 0.0000 0.0000 0.0000 0.0000 0.0000],0.4296116828918457,0.5612899620235883,1.0,0.0,0.24113672517525392,None
339,0.8110390901565552,0.6185725927352905,1.2441563606262207,0.4742903709411621,[0.1000 0.1000 0.1000 0.1000 0.1000 0.1000 0.1000],[0.0000 0.0000 0.0000 0.0000 0.0000 0.0000 0.0000],0.4296116828918457,0.5612899620235883,1.0,0.0,0.24113672517525392,None
339,0.8110390901565552,0.6185725927352905,1.2441563606262207,0.4742903709411621,[0.1000 0.1000 0.1000 0.1000 0.1000 0.1000 0.1000],[0.0000 0.0000 0.0000 0.0000 0.0000 0.0000 0.0000],0.4296116828918457,0.5612899620235883,1.0,0.0,0.24113672517525392,None
339,0.8110390901565552,0.6185725927352905,1.2441563606262207,0.4742903709411621,[0.1000 0.1000 0.1000 0.1000 0.1000 0.1000 0.1000],[0.0000 0.0000 0.0000 0.0000 0.0000 0.0000 0.0000],0.4296116828918457,0.5612899620235883,1.0,0.0,0.24113672517525392,None
339,0.8110390901565552,0.6185725927352905,1.2441563606262207,0.4742903709411621,[0.1000 0.1000 0.1000 0.1000 0.1000 0.1000 0.1000],[0.0000 0.0000 0.0000 0.0000 0.0000 0.0000 0.0000],0.4296116828918457,0.5612899620235883,1.0,0.0,0.24113672517525392,None
339,0.8110390901565552,0.6185725927352905,1.2441563606262207,0.4742903709411621,[0.1000 0.1000 0.1000 0.1000 0.1000 0.1000 0.1000],[0.0000 0.0000 0.0000 0.0000 0.0000 0.0000 0.0000],0.4296116828918457,0.5612899620235883,1.0,0.0,0.24113672517525392,None
339,0.8110390901565552,0.6185725927352905,1.2441563606262207,0.4742903709411621,[0.1000 0.1000 0.1000 0.1000 0.1000 0.1000 0.1000],[0.0000 0.0000 0.0000 0.0000 0.0000 0.0000 0.0000],0.4296116828918457,0.5612899620235883,1.0,0.0,0.24113672517525392,None
339,0.8110390901565552,0.6185725927352905,1.2441563606262207,0.4742903709411621,[0.1000 0.1000 0.1000 0.1000 0.1000 0.1000 0.1000],[0.0000 0.0000 0.0000 0.0000 0.0000 0.0000 0.0000],0.4296116828918457,0.5612899620235883,1.0,0.0,0.24113672517525392,None
339,0.8110390901565552,0.6185725927352905,1.2441563606262207,0.4742903709411621,[0.1000 0.1000 0.1000 0.1000 0.1000 0.1000 0.1000],[0.0000 0.0000 0.0000 0.0000 0.0000 0.0000 0.0000],0.4296116828918457,0.5612899620235883,1.0,0.0,0.24113672517525392,None
339,0.8110390901565552,0.6185725927352905,1.2441563606262207,0.4742903709411621,[0.1000 0.1000 0.1000 0.1000 0.1000 0.1000 0.1000],[0.0000 0.0000 0.0000 0.0000 0.0000 0.0000 0.0000],0.4296116828918457,0.5612899620235883,1.0,0.0,0.24113672517525392,None
339,0.8110390901565552,0.6185725927352905,1.2441563606262207,0.4742903709411621,[0.1000 0.1000 0.1000 0.1000 0.1000 0.1000 0.1000],[0.0000 0.0000 0.0000 0.0000 0.0000 0.0000 0.0000],0.4296116828918457,0.5612899620235883,1.0,0.0,0.24113672517525392,None
339,0.8110390901565552,0.6185725927352905,1.2441563606262207,0.4742903709411621,[0.1000 0.1000 0.1000 0.1000 0.1000 0.1000 0.1000],[0.0000 0.0000 0.0000 0.0000 0.0000 0.0000 0.0000],0.4296116828918457,0.5612899620235883,1.0,0.0,0.24113672517525392,None
339,0.8110390901565552,0.6185725927352905,1.2441563606262207,0.4742903709411621,[0.1000 0.1000 0.1000 0.1000 0.1000 0.1000 0.1000],[0.0000 0.0000 0.0000 0.0000 0.0000 0.0000 0.0000],0.4296116828918457,0.5612899620235883,1.0,0.0,0.24113672517525392,None
339,0.8110390901565552,0.6185725927352905,1.2441563606262207,0.4742903709411621,[0.1000 0.1000 0.1000 0.1000 0.1000 0.1000 0.1000],[0.0000 0.0000 0.0000 0.0000 0.0000 0.0000 0.0000],0.4296116828918457,0.5612899620235883,1.0,0.0,0.24113672517525392,None
339,0.8110390901565552,0.6185725927352905,1.2441563606262207,0.4742903709411621,[0.1000 0.1000 0.1000 0.1000 0.1000 0.1000 0.1000],[0.0000 0.0000 0.0000 0.0000 0.0000 0.0000 0.0000],0.4296116828918457,0.5612899620235883,1.0,0.0,0.24113672517525392,None
339,0.8110390901565552,0.6185725927352905,1.2441563606262207,0.4742903709411621,[0.1000 0.1000 0.1000 0.1000 0.1000 0.1000 0.1000],[0.0000 0.0000 0.0000 0.0000 0.0000 0.0000 0.0000],0.4296116828918457,0.5612899620235883,1.0,0.0,0.24113672517525392,None
339,0.8110390901565552,0.6185725927352905,1.2441563606262207,0.4742903709411621,[0.1000 0.1000 0.1000 0.1000 0.1000 0.1000 0.1000],[0.0000 0.0000 0.0000 0.0000 0.0000 0.0000 0.0000],0.4296116828918457,0.5612899620235883,1.0,0.0,0.24113672517525392,None
339,0.8110390901565552,0.6185725927352905,1.2441563606262207,0.4742903709411621,[0.1000 0.1000 0.1000 0.1000 0.1000 0.1000 0.1000],[0.0000 0.0000 0.0000 0.0000 0.0000 0.0000 0.0000],0.4296116828918457,0.5612899620235883,1.0,0.0,0.24113672517525392,None
339,0.8110390901565552,0.6185725927352905,1.2441563606262207,0.4742903709411621,[0.1000 0.1000 0.1000 0.1000 0.1000 0.1000 0.1000],[0.0000 0.0000 0.0000 0.0000 0.0000 0.0000 0.0000],0.4296116828918457,0.5612899620235883,1.0,0.0,0.24113672517525392,None
339,0.8110390901565552,0.6185725927352905,1.2441563606262207,0.4742903709411621,[0.1000 0.1000 0.1000 0.1000 0.1000 0.1000 0.1000],[0.0000 0.0000 0.0000 0.0000 0.0000 0.0000 0.0000],0.4296116828918457,0.5612899620235883,1.0,0.0,0.24113672517525392,None
339,0.8110390901565552,0.6185725927352905,1.2441563606262207,0.4742903709411621,[0.1000 0.1000 0.1000 0.1000 0.1000 0.1000 0.1000],[0.0000 0.0000 0.0000 0.0000 0.0000 0.0000 0.0000],0.4296116828918457,0.5612899620235883,1.0,0.0,0.24113672517525392,None
339,0.8110390901565552,0.6185725927352905,1.2441563606262207,0.4742903709411621,[0.1000 0.1000 0.1000 0.1000 0.1000 0.1000 0.1000],[0.0000 0.0000 0.0000 0.0000 0.0000 0.0000 0.0000],0.4296116828918457,0.5612899620235883,1.0,0.0,0.24113672517525392,None
339,0.8110390901565552,0.6185725927352905,1.2441563606262207,0.4742903709411621,[0.1000 0.1000 0.1000 0.1000 0.1000 0.1000 0.1000],[0.0000 0.0000 0.0000 0.0000 0.0000 0.0000 0.0000],0.4296116828918457,0.5612899620235883,1.0,0.0,0.24113672517525392,None
339,0.8110390901565552,0.6185725927352905,1.2441563606262207,0.4742903709411621,[0.1000 0.1000 0.1000 0.1000 0.1000 0.1000 0.1000],[0.0000 0.0000 0.0000 0.0000 0.0000 0.0000 0.0000],0.4296116828918457,0.5612899620235883,1.0,0.0,0.24113672517525392,None
339,0.8110390901565552,0.6185725927352905,1.2441563606262207,0.4742903709411621,[0.1000 0.1000 0.1000 0.1000 0.1000 0.1000 0.1000],[0.0000 0.0000 0.0000 0.0000 0.0000 0.0000 0.0000],0.4296116828918457,0.5612899620235883,1.0,0.0,0.24113672517525392,None
339,0.8110390901565552,0.6185725927352905,1.2441563606262207,0.4742903709411621,[0.1000 0.1000 0.1000 0.1000 0.1000 0.1000 0.1000],[0.0000 0.0000 0.0000 0.0000 0.0000 0.0000 0.0000],0.4296116828918457,0.5612899620235883,1.0,0.0,0.24113672517525392,None
339,0.8110390901565552,0.6185725927352905,1.2441563606262207,0.4742903709411621,[0.1000 0.1000 0.1000 0.1000 0.1000 0.1000 0.1000],[0.0000 0.0000 0.0000 0.0000 0.0000 0.0000 0.0000],0.4296116828918457,0.5612899620235883,1.0,0.0,0.24113672517525392,None
339,0.8110390901565552,0.6185725927352905,1.2441563606262207,0.4742903709411621,[0.1000 0.1000 0.1000 0.1000 0.1000 0.1000 0.1000],[0.0000 0.0000 0.0000 0.0000 0.0000 0.0000 0.0000],0.4296116828918457,0.5612899620235883,1.0,0.0,0.24113672517525392,None
339,0.8110390901565552,0.6185725927352905,1.2441563606262207,0.4742903709411621,[0.1000 0.1000 0.1000 0.1000 0.1000 0.1000 0.1000],[0.0000 0.0000 0.0000 0.0000 0.0000 0.0000 0.0000],0.4296116828918457,0.5612899620235883,1.0,0.0,0.24113672517525392,None
339,0.8110390901565552,0.6185725927352905,1.2441563606262207,0.4742903709411621,[0.1000 0.1000 0.1000 0.1000 0.1000 0.1000 0.1000],[0.0000 0.0000 0.0000 0.0000 0.0000 0.0000 0.0000],0.4296116828918457,0.5612899620235883,1.0,0.0,0.24113672517525392,None
339,0.8110390901565552,0.6185725927352905,1.2441563606262207,0.4742903709411621,[0.1000 0.1000 0.1000 0.1000 0.1000 0.1000 0.1000],[0.0000 0.0000 0.0000 0.0000 0.0000 0.0000 0.0000],0.4296116828918457,0.5612899620235883,1.0,0.0,0.24113672517525392,None
339,0.8110390901565552,0.6185725927352905,1.2441563606262207,0.4742903709411621,[0.1000 0.1000 0.1000 0.1000 0.1000 0.1000 0.1000],[0.0000 0.0000 0.0000 0.0000 0.0000 0.0000 0.0000],0.4296116828918457,0.5612899620235883,1.0,0.0,0.24113672517525392,None
339,0.8110390901565552,0.6185725927352905,1.2441563606262207,0.4742903709411621,[0.1000 0.1000 0.1000 0.1000 0.1000 0.1000 0.1000],[0.0000 0.0000 0.0000 0.0000 0.0000 0.0000 0.0000],0.4296116828918457,0.5612899620235883,1.0,0.0,0.24113672517525392,None
339,0.8110390901565552,0.6185725927352905,1.2441563606262207,0.4742903709411621,[0.1000 0.1000 0.1000 0.1000 0.1000 0.1000 0.1000],[0.0000 0.0000 0.0000 0.0000 0.0000 0.0000 0.0000],0.4296116828918457,0.5612899620235883,1.0,0.0,0.24113672517525392,None
339,0.8110390901565552,0.6185725927352905,1.2441563606262207,0.4742903709411621,[0.1000 0.1000 0.1000 0.1000 0.1000 0.1000 0.1000],[0.0000 0.0000 0.0000 0.0000 0.0000 0.0000 0.0000],0.4296116828918457,0.5612899620235883,1.0,0.0,0.24113672517525392,None
339,0.8110390901565552,0.6185725927352905,1.2441563606262207,0.4742903709411621,[0.1000 0.1000 0.1000 0.1000 0.1000 0.1000 0.1000],[0.0000 0.0000 0.0000 0.0000 0.0000 0.0000 0.0000],0.4296116828918457,0.5612899620235883,1.0,0.0,0.24113672517525392,None
339,0.8110390901565552,0.6185725927352905,1.2441563606262207,0.4742903709411621,[0.1000 0.1000 0.1000 0.1000 0.1000 0.1000 0.1000],[0.0000 0.0000 0.0000 0.0000 0.0000 0.0000 0.0000],0.4296116828918457,0.5612899620235883,1.0,0.0,0.24113672517525392,None
339,0.8110390901565552,0.6185725927352905,1.2441563606262207,0.4742903709411621,[0.1000 0.1000 0.1000 0.1000 0.1000 0.1000 0.1000],[0.0000 0.0000 0.0000 0.0000 0.0000 0.0000 0.0000],0.4296116828918457,0.5612899620235883,1.0,0.0,0.24113672517525392,None
339,0.8110390901565552,0.6185725927352905,1.2441563606262207,0.4742903709411621,[0.1000 0.1000 0.1000 0.1000 0.1000 0.1000 0.1000],[0.0000 0.0000 0.0000 0.0000 0.0000 0.0000 0.0000],0.4296116828918457,0.5612899620235883,1.0,0.0,0.24113672517525392,None
339,0.8110390901565552,0.6185725927352905,1.2441563606262207,0.4742903709411621,[0.1000 0.1000 0.1000 0.1000 0.1000 0.1000 0.1000],[0.0000 0.0000 0.0000 0.0000 0.0000 0.0000 0.0000],0.4296116828918457,0.5612899620235883,1.0,0.0,0.24113672517525392,None
339,0.8110390901565552,0.6185725927352905,1.2441563606262207,0.4742903709411621,[0.1000 0.1000 0.1000 0.1000 0.1000 0.1000 0.1000],[0.0000 0.0000 0.0000 0.0000 0.0000 0.0000 0.0000],0.4296116828918457,0.5612899620235883,1.0,0.0,0.24113672517525392,None
339,0.8110390901565552,0.6185725927352905,1.2441563606262207,0.4742903709411621,[0.1000 0.1000 0.1000 0.1000 0.1000 0.1000 0.1000],[0.0000 0.0000 0.0000 0.0000 0.0000 0.0000 0.0000],0.4296116828918457,0.5612899620235883,1.0,0.0,0.24113672517525392,None
339,0.8110390901565552,0.6185725927352905,1.2441563606262207,0.4742903709411621,[0.1000 0.1000 0.1000 0.1000 0.1000 0.1000 0.1000],[0.0000 0.0000 0.0000 0.0000 0.0000 0.0000 0.0000],0.4296116828918457,0.5612899620235883,1.0,0.0,0.24113672517525392,None
339,0.8110390901565552,0.6185725927352905,1.2441563606262207,0.4742903709411621,[0.1000 0.1000 0.1000 0.1000 0.1000 0.1000 0.1000],[0.0000 0.0000 0.0000 0.0000 0.0000 0.0000 0.0000],0.4296116828918457,0.5612899620235883,1.0,0.0,0.24113672517525392,None
339,0.8110390901565552,0.6185725927352905,1.2441563606262207,0.4742903709411621,[0.1000 0.1000 0.1000 0.1000 0.1000 0.1000 0.1000],[0.0000 0.0000 0.0000 0.0000 0.0000 0.0000 0.0000],0.4296116828918457,0.5612899620235883,1.0,0.0,0.24113672517525392,None
339,0.8110390901565552,0.6185725927352905,1.2441563606262207,0.4742903709411621,[0.1000 0.1000 0.1000 0.1000 0.1000 0.1000 0.1000],[0.0000 0.0000 0.0000 0.0000 0.0000 0.0000 0.0000],0.4296116828918457,0.5612899620235883,1.0,0.0,0.24113672517525392,None
339,0.8110390901565552,0.6185725927352905,1.2441563606262207,0.4742903709411621,[0.1000 0.1000 0.1000 0.1000 0.1000 0.1000 0.1000],[0.0000 0.0000 0.0000 0.0000 0.0000 0.0000 0.0000],0.4296116828918457,0.5612899620235883,1.0,0.0,0.24113672517525392,None
339,0.8110390901565552,0.6185725927352905,1.2441563606262207,0.4742903709411621,[0.1000 0.1000 0.1000 0.1000 0.1000 0.1000 0.1000],[0.0000 0.0000 0.0000 0.0000 0.0000 0.0000 0.0000],0.4296116828918457,0.5612899620235883,1.0,0.0,0.24113672517525392,None
339,0.8110390901565552,0.6185725927352905,1.2441563606262207,0.4742903709411621,[0.1000 0.1000 0.1000 0.1000 0.1000 0.1000 0.1000],[0.0000 0.0000 0.0000 0.0000 0.0000 0.0000 0.0000],0.4296116828918457,0.5612899620235883,1.0,0.0,0.24113672517525392,None
339,0.8110390901565552,0.6185725927352905,1.2441563606262207,0.4742903709411621,[0.1000 0.1000 0.1000 0.1000 0.1000 0.1000 0.1000],[0.0000 0.0000 0.0000 0.0000 0.0000 0.0000 0.0000],0.4296116828918457,0.5612899620235883,1.0,0.0,0.24113672517525392,None
339,0.8110390901565552,0.6185725927352905,1.2441563606262207,0.4742903709411621,[0.1000 0.1000 0.1000 0.1000 0.1000 0.1000 0.1000],[0.0000 0.0000 0.0000 0.0000 0.0000 0.0000 0.0000],0.4296116828918457,0.5612899620235883,1.0,0.0,0.24113672517525392,None
339,0.8110390901565552,0.6185725927352905,1.2441563606262207,0.4742903709411621,[0.1000 0.1000 0.1000 0.1000 0.1000 0.1000 0.1000],[0.0000 0.0000 0.0000 0.0000 0.0000 0.0000 0.0000],0.4296116828918457,0.5612899620235883,1.0,0.0,0.24113672517525392,None
339,0.8110390901565552,0.6185725927352905,1.2441563606262207,0.4742903709411621,[0.1000 0.1000 0.1000 0.1000 0.1000 0.1000 0.1000],[0.0000 0.0000 0.0000 0.0000 0.0000 0.0000 0.0000],0.4296116828918457,0.5612899620235883,1.0,0.0,0.24113672517525392,None
339,0.8110390901565552,0.6185725927352905,1.2441563606262207,0.4742903709411621,[0.1000 0.1000 0.1000 0.1000 0.1000 0.1000 0.1000],[0.0000 0.0000 0.0000 0.0000 0.0000 0.0000 0.0000],0.4296116828918457,0.5612899620235883,1.0,0.0,0.24113672517525392,None
339,0.8110390901565552,0.6185725927352905,1.2441563606262207,0.4742903709411621,[0.1000 0.1000 0.1000 0.1000 0.1000 0.1000 0.1000],[0.0000 0.0000 0.0000 0.0000 0.0000 0.0000 0.0000],0.4296116828918457,0.5612899620235883,1.0,0.0,0.24113672517525392,None
339,0.8110390901565552,0.6185725927352905,1.2441563606262207,0.4742903709411621,[0.1000 0.1000 0.1000 0.1000 0.1000 0.1000 0.1000],[0.0000 0.0000 0.0000 0.0000 0.0000 0.0000 0.0000],0.4296116828918457,0.5612899620235883,1.0,0.0,0.24113672517525392,None
339,0.8110390901565552,0.6185725927352905,1.2441563606262207,0.4742903709411621,[0.1000 0.1000 0.1000 0.1000 0.1000 0.1000 0.1000],[0.0000 0.0000 0.0000 0.0000 0.0000 0.0000 0.0000],0.4296116828918457,0.5612899620235883,1.0,0.0,0.24113672517525392,None
339,0.8110390901565552,0.6185725927352905,1.2441563606262207,0.4742903709411621,[0.1000 0.1000 0.1000 0.1000 0.1000 0.1000 0.1000],[0.0000 0.0000 0.0000 0.0000 0.0000 0.0000 0.0000],0.4296116828918457,0.5612899620235883,1.0,0.0,0.24113672517525392,None
339,0.8110390901565552,0.6185725927352905,1.2441563606262207,0.4742903709411621,[0.1000 0.1000 0.1000 0.1000 0.1000 0.1000 0.1000],[0.0000 0.0000 0.0000 0.0000 0.0000 0.0000 0.0000],0.4296116828918457,0.5612899620235883,1.0,0.0,0.24113672517525392,None
339,0.8110390901565552,0.6185725927352905,1.2441563606262207,0.4742903709411621,[0.1000 0.1000 0.1000 0.1000 0.1000 0.1000 0.1000],[0.0000 0.0000 0.0000 0.0000 0.0000 0.0000 0.0000],0.4296116828918457,0.5612899620235883,1.0,0.0,0.24113672517525392,None
339,0.8110390901565552,0.6185725927352905,1.2441563606262207,0.4742903709411621,[0.1000 0.1000 0.1000 0.1000 0.1000 0.1000 0.1000],[0.0000 0.0000 0.0000 0.0000 0.0000 0.0000 0.0000],0.4296116828918457,0.5612899620235883,1.0,0.0,0.24113672517525392,None
339,0.8110390901565552,0.6185725927352905,1.2441563606262207,0.4742903709411621,[0.1000 0.1000 0.1000 0.1000 0.1000 0.1000 0.1000],[0.0000 0.0000 0.0000 0.0000 0.0000 0.0000 0.0000],0.4296116828918457,0.5612899620235883,1.0,0.0,0.24113672517525392,None
339,0.8110390901565552,0.6185725927352905,1.2441563606262207,0.4742903709411621,[0.1000 0.1000 0.1000 0.1000 0.1000 0.1000 0.1000],[0.0000 0.0000 0.0000 0.0000 0.0000 0.0000 0.0000],0.4296116828918457,0.5612899620235883,1.0,0.0,0.24113672517525392,None
339,0.8110390901565552,0.6185725927352905,1.2441563606262207,0.4742903709411621,[0.1000 0.1000 0.1000 0.1000 0.1000 0.1000 0.1000],[0.0000 0.0000 0.0000 0.0000 0.0000 0.0000 0.0000],0.4296116828918457,0.5612899620235883,1.0,0.0,0.24113672517525392,None
339,0.8110390901565552,0.6185725927352905,1.2441563606262207,0.4742903709411621,[0.1000 0.1000 0.1000 0.1000 0.1000 0.1000 0.1000],[0.0000 0.0000 0.0000 0.0000 0.0000 0.0000 0.0000],0.4296116828918457,0.5612899620235883,1.0,0.0,0.24113672517525392,None
339,0.8110390901565552,0.6185725927352905,1.2441563606262207,0.4742903709411621,[0.1000 0.1000 0.1000 0.1000 0.1000 0.1000 0.1000],[0.0000 0.0000 0.0000 0.0000 0.0000 0.0000 0.0000],0.4296116828918457,0.5612899620235883,1.0,0.0,0.24113672517525392,None
339,0.8110390901565552,0.6185725927352905,1.2441563606262207,0.4742903709411621,[0.1000 0.1000 0.1000 0.1000 0.1000 0.1000 0.1000],[0.0000 0.0000 0.0000 0.0000 0.0000 0.0000 0.0000],0.4296116828918457,0.5612899620235883,1.0,0.0,0.24113672517525392,None
339,0.8110390901565552,0.6185725927352905,1.2441563606262207,0.4742903709411621,[0.1000 0.1000 0.1000 0.1000 0.1000 0.1000 0.1000],[0.0000 0.0000 0.0000 0.0000 0.0000 0.0000 0.0000],0.4296116828918457,0.5612899620235883,1.0,0.0,0.24113672517525392,None
339,0.8110390901565552,0.6185725927352905,1.2441563606262207,0.4742903709411621,[0.1000 0.1000 0.1000 0.1000 0.1000 0.1000 0.1000],[0.0000 0.0000 0.0000 0.0000 0.0000 0.0000 0.0000],0.4296116828918457,0.5612899620235883,1.0,0.0,0.24113672517525392,None
339,0.8110390901565552,0.6185725927352905,1.2441563606262207,0.4742903709411621,[0.1000 0.1000 0.1000 0.1000 0.1000 0.1000 0.1000],[0.0000 0.0000 0.0000 0.0000 0.0000 0.0000 0.0000],0.4296116828918457,0.5612899620235883,1.0,0.0,0.24113672517525392,None
339,0.8110390901565552,0.6185725927352905,1.2441563606262207,0.4742903709411621,[0.1000 0.1000 0.1000 0.1000 0.1000 0.1000 0.1000],[0.0000 0.0000 0.0000 0.0000 0.0000 0.0000 0.0000],0.4296116828918457,0.5612899620235883,1.0,0.0,0.24113672517525392,None
339,0.8110390901565552,0.6185725927352905,1.2441563606262207,0.4742903709411621,[0.1000 0.1000 0.1000 0.1000 0.1000 0.1000 0.1000],[0.0000 0.0000 0.0000 0.0000 0.0000 0.0000 0.0000],0.4296116828918457,0.5612899620235883,1.0,0.0,0.24113672517525392,None
339,0.8110390901565552,0.6185725927352905,1.2441563606262207,0.4742903709411621,[0.1000 0.1000 0.1000 0.1000 0.1000 0.1000 0.1000],[0.0000 0.0000 0.0000 0.0000 0.0000 0.0000 0.0000],0.4296116828918457,0.5612899620235883,1.0,0.0,0.24113672517525392,None
339,0.8110390901565552,0.6185725927352905,1.2441563606262207,0.4742903709411621,[0.1000 0.1000 0.1000 0.1000 0.1000 0.1000 0.1000],[0.0000 0.0000 0.0000 0.0000 0.0000 0.0000 0.0000],0.4296116828918457,0.5612899620235883,1.0,0.0,0.24113672517525392,None
339,0.8110390901565552,0.6185725927352905,1.2441563606262207,0.4742903709411621,[0.1079 0.1000 0.1000 0.1000 0.1000 0.1000 0.1000],[-0.0786 0.0000 0.0000 0.0000 0.0000 0.0000 0.0000],0.4296116828918457,0.5612899620235883,1.0,0.0,0.24113672517525392,None
339,0.8110390901565552,0.6185725927352905,1.2441563606262207,0.4742903709411621,[0.1074 0.1000 0.1000 0.1000 0.1000 0.1000 0.1000],[-0.0736 0.0000 0.0000 0.0000 0.0000 0.0000 0.0000],0.4296116828918457,0.5612899620235883,1.0,0.0,0.24113672517525392,None
339,0.8110390901565552,0.6185725927352905,1.2441563606262207,0.4742903709411621,[0.1069 0.1000 0.1000 0.1000 0.1000 0.1000 0.1000],[-0.0686 0.0000 0.0000 0.0000 0.0000 0.0000 0.0000],0.4296116828918457,0.5612899620235883,1.0,0.0,0.24113672517525392,None
339,0.8110390901565552,0.6185725927352905,1.2441563606262207,0.4742903709411621,[0.1063 0.1000 0.1000 0.1000 0.1000 0.1000 0.1000],[-0.0634 0.0000 0.0000 0.0000 0.0000 0.0000 0.0000],0.4296116828918457,0.5612899620235883,1.0,0.0,0.24113672517525392,None
339,0.8110390901565552,0.6185725927352905,1.2441563606262207,0.4742903709411621,[0.1058 0.1000 0.1000 0.1000 0.1000 0.1000 0.1000],[-0.0583 0.0000 0.0000 0.0000 0.0000 0.0000 0.0000],0.4296116828918457,0.5612899620235883,1.0,0.0,0.24113672517525392,None
339,0.8110390901565552,0.6185725927352905,1.2441563606262207,0.4742903709411621,[0.1053 0.1000 0.1000 0.1000 0.1000 0.1000 0.1000],[-0.0534 0.0000 0.0000 0.0000 0.0000 0.0000 0.0000],0.4296116828918457,0.5612899620235883,1.0,0.0,0.24113672517525392,None
339,0.8110390901565552,0.6185725927352905,1.2441563606262207,0.4742903709411621,[0.1049 0.1000 0.1000 0.1000 0.1000 0.1000 0.1000],[-0.0490 0.0000 0.0000 0.0000 0.0000 0.0000 0.0000],0.4296116828918457,0.5612899620235883,1.0,0.0,0.24113672517525392,None
339,0.8110390901565552,0.6185725927352905,1.2441563606262207,0.4742903709411621,[0.1045 0.1000 0.1000 0.1000 0.1000 0.1000 0.1000],[-0.0446 0.0000 0.0000 0.0000 0.0000 0.0000 0.0000],0.4296116828918457,0.5612899620235883,1.0,0.0,0.24113672517525392,None
339,0.8110390901565552,0.6185725927352905,1.2441563606262207,0.4742903709411621,[0.1040 0.1000 0.1000 0.1000 0.1000 0.1000 0.1000],[-0.0399 0.0000 0.0000 0.0000 0.0000 0.0000 0.0000],0.4296116828918457,0.5612899620235883,1.0,0.0,0.24113672517525392,None
339,0.8110390901565552,0.6185725927352905,1.2441563606262207,0.4742903709411621,[0.1035 0.1000 0.1000 0.1000 0.1000 0.1000 0.1000],[-0.0353 0.0000 0.0000 0.0000 0.0000 0.0000 0.0000],0.4296116828918457,0.5612899620235883,1.0,0.0,0.24113672517525392,None
339,0.8110390901565552,0.6185725927352905,1.2441563606262207,0.4742903709411621,[0.1031 0.1000 0.1000 0.1000 0.1000 0.1000 0.1000],[-0.0307 0.0000 0.0000 0.0000 0.0000 0.0000 0.0000],0.4296116828918457,0.5612899620235883,1.0,0.0,0.24113672517525392,None
339,0.8110390901565552,0.6185725927352905,1.2441563606262207,0.4742903709411621,[0.1026 0.1000 0.1000 0.1000 0.1000 0.1000 0.1000],[-0.0264 0.0000 0.0000 0.0000 0.0000 0.0000 0.0000],0.4296116828918457,0.5612899620235883,1.0,0.0,0.24113672517525392,None
339,0.8110390901565552,0.6185725927352905,1.2441563606262207,0.4742903709411621,[0.1022 0.1000 0.1000 0.1000 0.1000 0.1000 0.1000],[-0.0221 0.0000 0.0000 0.0000 0.0000 0.0000 0.0000],0.4296116828918457,0.5612899620235883,1.0,0.0,0.24113672517525392,None
339,0.8110390901565552,0.6185725927352905,1.2441563606262207,0.4742903709411621,[0.1018 0.1000 0.1000 0.1000 0.1000 0.1000 0.1000],[-0.0184 0.0000 0.0000 0.0000 0.0000 0.0000 0.0000],0.4296116828918457,0.5612899620235883,1.0,0.0,0.24113672517525392,None
339,0.8110390901565552,0.6185725927352905,1.2441563606262207,0.4742903709411621,[0.1014 0.1000 0.1000 0.1000 0.1000 0.1000 0.1000],[-0.0143 0.0000 0.0000 0.0000 0.0000 0.0000 0.0000],0.4296116828918457,0.5612899620235883,1.0,0.0,0.24113672517525392,None
339,0.8110390901565552,0.6185725927352905,1.2441563606262207,0.4742903709411621,[0.1010 0.1000 0.1000 0.1000 0.1000 0.1000 0.1000],[-0.0103 0.0000 0.0000 0.0000 0.0000 0.0000 0.0000],0.4296116828918457,0.5612899620235883,1.0,0.0,0.24113672517525392,None
339,0.8110390901565552,0.6185725927352905,1.2441563606262207,0.4742903709411621,[0.1007 0.1000 0.1000 0.1000 0.1000 0.1000 0.1000],[-0.0066 0.0000 0.0000 0.0000 0.0000 0.0000 0.0000],0.4296116828918457,0.5612899620235883,1.0,0.0,0.24113672517525392,None
339,0.8110390901565552,0.6185725927352905,1.2441563606262207,0.4742903709411621,[0.1003 0.1000 0.1000 0.1000 0.1000 0.1000 0.1000],[-0.0027 0.0000 0.0000 0.0000 0.0000 0.0000 0.0000],0.4296116828918457,0.5612899620235883,1.0,0.0,0.24113672517525392,None
339,0.8110390901565552,0.6185725927352905,1.2441563606262207,0.4742903709411621,[0.0999 0.1000 0.1000 0.1000 0.1000 0.1000 0.1000],[0.0011 0.0000 0.0000 0.0000 0.0000 0.0000 0.0000],0.4296116828918457,0.5612899620235883,0.9988950937986374,0.0011049062013626654,0.2408702917122315,None
339,0.8110390901565552,0.6185725927352905,1.2441563606262207,0.4742903709411621,[0.0995 0.1000 0.1000 0.1000 0.1000 0.1000 0.1000],[0.0048 0.0000 0.0000 0.0000 0.0000 0.0000 0.0000],0.4296116828918457,0.5612899620235883,0.9951762109994888,0.004823789000511225,0.23997353249273423,None
339,0.8110390901565552,0.6185725927352905,1.2441563606262207,0.4742903709411621,[0.0991 0.1000 0.1000 0.1000 0.1000 0.1000 0.1000],[0.0094 0.0000 0.0000 0.0000 0.0000 0.0000 0.0000],0.4296116828918457,0.5612899620235883,0.9905961155891418,0.00940388441085821,0.23886910328449296,None
339,0.8110390901565552,0.6185725927352905,1.2441563606262207,0.4742903709411621,[0.0987 0.1000 0.1000 0.1000 0.1000 0.1000 0.1000],[0.0128 0.0000 0.0000 0.0000 0.0000 0.0000 0.0000],0.4296116828918457,0.5612899620235883,0.9872306883335114,0.012769311666488703,0.23805757517725468,None
339,0.8110390901565552,0.6185725927352905,1.2441563606262207,0.4742903709411621,[0.0984 0.1000 0.1000 0.1000 0.1000 0.1000 0.1000],[0.0164 0.0000 0.0000 0.0000 0.0000 0.0000 0.0000],0.4296116828918457,0.5612899620235883,0.9836436063051224,0.01635639369487768,0.23719259796399395,None
339,0.8110390901565552,0.6185725927352905,1.2441563606262207,0.4742903709411621,[0.0980 0.1000 0.1000 0.1000 0.1000 0.1000 0.1000],[0.0196 0.0000 0.0000 0.0000 0.0000 0.0000 0.0000],0.4296116828918457,0.5612899620235883,0.9803851693868637,0.019614830613136347,0.2364068691563349,None
339,0.8110390901565552,0.6185725927352905,1.2441563606262207,0.4742903709411621,[0.0977 0.1000 0.1000 0.1000 0.1000 0.1000 0.1000],[0.0229 0.0000 0.0000 0.0000 0.0000 0.0000 0.0000],0.4296116828918457,0.5612899620235883,0.9770817309617996,0.022918269038200434,0.23561028883269686,None
339,0.8110390901565552,0.6185725927352905,1.2441563606262207,0.4742903709411621,[0.0974 0.1000 0.1000 0.1000 0.1000 0.1000 0.1000],[0.0260 0.0000 0.0000 0.0000 0.0000 0.0000 0.0000],0.4296116828918457,0.5612899620235883,0.9739749878644943,0.026025012135505732,0.23486113897625183,None
339,0.8110390901565552,0.6185725927352905,1.2441563606262207,0.4742903709411621,[0.0971 0.1000 0.1000 0.1000 0.1000 0.1000 0.1000],[0.0292 0.0000 0.0000 0.0000 0.0000 0.0000 0.0000],0.4296116828918457,0.5612899620235883,0.9707655012607574,0.02923449873924261,0.23408721388713288,None
339,0.8062423467636108,0.6140486001968384,1.2249693870544434,0.4561944007873535,[0.0968 0.1078 0.1000 0.1000 0.1000 0.1000 0.1000],[0.0323 -0.0780 0.0000 0.0000 0.0000 0.0000 0.0000],0.4202909469604492,0.5616009277304839,0.9677400439977646,0.03225995600223547,0.2284212816671183,None
339,0.8066121935844421,0.614389181137085,1.2264487743377686,0.45755672454833984,[0.0965 0.1072 0.1000 0.1000 0.1000 0.1000 0.1000],[0.0353 -0.0721 0.0000 0.0000 0.0000 0.0000 0.0000],0.4210013747215271,0.5615675508731622,0.9646876901388168,0.03531230986118322,0.22807214951511415,None
339,0.8070143461227417,0.6147609949111938,1.2280573844909668,0.4590439796447754,[0.0961 0.1066 0.1000 0.1000 0.1000 0.1000 0.1000],[0.0385 -0.0657 0.0000 0.0000 0.0000 0.0000 0.0000],0.42177534103393555,0.5615329531064531,0.9614519029855728,0.03854809701442724,0.22771099248242965,None
339,0.8074353933334351,0.6151520609855652,1.2297415733337402,0.46060824394226074,[0.0958 0.1059 0.1000 0.1000 0.1000 0.1000 0.1000],[0.0420 -0.0590 0.0000 0.0000 0.0000 0.0000 0.0000],0.42258745431900024,0.5614987658536525,0.9580381214618683,0.04196187853813177,0.22732552158406055,None
339,0.8078203201293945,0.6155110597610474,1.2312812805175781,0.46204423904418945,[0.0954 0.1053 0.1000 0.1000 0.1000 0.1000 0.1000],[0.0459 -0.0528 0.0000 0.0000 0.0000 0.0000 0.0000],0.4233313798904419,0.5614692024859061,0.9540578722953796,0.04594212770462042,0.22676766129371942,None
339,0.8081552386283875,0.6158246397972107,1.2326209545135498,0.4632985591888428,[0.0950 0.1047 0.1000 0.1000 0.1000 0.1000 0.1000],[0.0497 -0.0474 0.0000 0.0000 0.0000 0.0000 0.0000],0.42397987842559814,0.5614448736690258,0.9502987563610077,0.049701243638992365,0.22621037917813083,None
339,0.80853670835495,0.6161832809448242,1.2341468334197998,0.4647331237792969,[0.0946 0.1041 0.1000 0.1000 0.1000 0.1000 0.1000],[0.0537 -0.0412 0.0000 0.0000 0.0000 0.0000 0.0000],0.42471998929977417,0.5614188474066336,0.9462893754243851,0.053710624575614985,0.22563873364917605,None
339,0.8088932633399963,0.6165196299552917,1.2355730533599854,0.466078519821167,[0.0942 0.1035 0.1000 0.1000 0.1000 0.1000 0.1000],[0.0576 -0.0354 0.0000 0.0000 0.0000 0.0000 0.0000],0.4254128932952881,0.5613958123949288,0.9423809498548508,0.057619050145149286,0.22506414621386578,None
339,0.809273362159729,0.6168798804283142,1.237093448638916,0.46751952171325684,[0.0938 0.1029 0.1000 0.1000 0.1000 0.1000 0.1000],[0.0617 -0.0292 0.0000 0.0000 0.0000 0.0000 0.0000],0.4261532425880432,0.5613731862603304,0.938279926776886,0.06172007322311407,0.22446564856573487,None
339,0.8096620440483093,0.6172496676445007,1.2386481761932373,0.46899867057800293,[0.0934 0.1023 0.1000 0.1000 0.1000 0.1000 0.1000],[0.0655 -0.0228 0.0000 0.0000 0.0000 0.0000 0.0000],0.42691171169281006,0.5613516483516567,0.9344873577356339,0.0655126422643662,0.22394764602577022,None
339,0.8100282549858093,0.6175995469093323,1.2401130199432373,0.4703981876373291,[0.0931 0.1017 0.1000 0.1000 0.1000 0.1000 0.1000],[0.0694 -0.0168 0.0000 0.0000 0.0000 0.0000 0.0000],0.4276278018951416,0.5613330328409979,0.9306454658508301,0.06935453414916998,0.22339363686004032,None
339,0.8104149699211121,0.6179705858230591,1.2416598796844482,0.47188234329223633,[0.0927 0.1010 0.1000 0.1000 0.1000 0.1000 0.1000],[0.0726 -0.0104 0.0000 0.0000 0.0000 0.0000 0.0000],0.42838555574417114,0.5613151654113708,0.9273526072502136,0.07264739274978643,0.2229905672151314,None
339,0.8107431530952454,0.618286669254303,1.2429726123809814,0.4731466770172119,[0.0925 0.1005 0.1000 0.1000 0.1000 0.1000 0.1000],[0.0751 -0.0049 0.0000 0.0000 0.0000 0.0000 0.0000],0.42902982234954834,0.5613013746990511,0.9248561412096024,0.0751438587903977,0.22271925853252247,None
339,0.811073362827301,0.6186058521270752,1.244293451309204,0.4744234085083008,[0.0922 0.0999 0.1000 0.1000 0.1000 0.1000 0.1000],[0.0777 0.0006 0.0000 0.0000 0.0000 0.0000 0.0000],0.4296792149543762,0.5612888071860648,0.9222764521837234,0.0777235478162766,0.22242922469571583,None
339,0.8114035725593567,0.6189261674880981,1.2456142902374268,0.4757046699523926,[0.0920 0.0994 0.1000 0.1000 0.1000 0.1000 0.1000],[0.0803 0.0061 0.0000 0.0000 0.0000 0.0000 0.0000],0.43032974004745483,0.5612775306970721,0.9197301417589188,0.0802698582410813,0.22214648071691043,None
339,0.8117342591285706,0.61924809217453,1.2469370365142822,0.4769923686981201,[0.0917 0.0988 0.1000 0.1000 0.1000 0.1000 0.1000],[0.0828 0.0117 0.0000 0.0000 0.0000 0.0000 0.0000],0.4309823513031006,0.5612675451325255,0.9172447025775909,0.08275529742240911,0.22187819726162852,None
339,0.8120673894882202,0.6195736527442932,1.2482695579528809,0.47829461097717285,[0.0915 0.0983 0.1000 0.1000 0.1000 0.1000 0.1000],[0.0852 0.0173 0.0000 0.0000 0.0000 0.0000 0.0000],0.4316410422325134,0.5612589183311791,0.9147594124078751,0.085240587592125,0.22161179646700613,None
339,0.8123951554298401,0.6198952198028564,1.2495806217193604,0.4795808792114258,[0.0912 0.0977 0.1000 0.1000 0.1000 0.1000 0.1000],[0.0877 0.0228 0.0000 0.0000 0.0000 0.0000 0.0000],0.43229037523269653,0.5612518539902606,0.9123019129037857,0.08769808709621435,0.22134613364838998,None
339,0.8127656579017639,0.6202598810195923,1.2510626316070557,0.48103952407836914,[0.0909 0.0971 0.1000 0.1000 0.1000 0.1000 0.1000],[0.0909 0.0291 0.0000 0.0000 0.0000 0.0000 0.0000],0.4330255389213562,0.5612451973115603,0.9090767055749893,0.09092329442501074,0.22093609719053944,None
339,0.8130441308021545,0.620535135269165,1.2521765232086182,0.48214054107666016,[0.0906 0.0966 0.1000 0.1000 0.1000 0.1000 0.1000],[0.0943 0.0339 0.0000 0.0000 0.0000 0.0000 0.0000],0.4335792660713196,0.5612415293889023,0.9057405591011047,0.09425944089889532,0.2204053444571365,None
339,0.8133589029312134,0.6208472847938538,1.2534356117248535,0.48338913917541504,[0.0902 0.0961 0.1000 0.1000 0.1000 0.1000 0.1000],[0.0980 0.0393 0.0000 0.0000 0.0000 0.0000 0.0000],0.43420618772506714,0.561238540733852,0.9019602835178375,0.09803971648216253,0.2198016303146314,None
339,0.8136645555496216,0.621151328086853,1.2546582221984863,0.4846053123474121,[0.0898 0.0955 0.1000 0.1000 0.1000 0.1000 0.1000],[0.1017 0.0446 0.0000 0.0000 0.0000 0.0000 0.0000],0.4348158836364746,0.5612367067965136,0.8983014523983002,0.10169854760169988,0.21921666669213302,None
339,0.8139742016792297,0.6214603781700134,1.255896806716919,0.4858415126800537,[0.0895 0.0950 0.1000 0.1000 0.1000 0.1000 0.1000],[0.1053 0.0499 0.0000 0.0000 0.0000 0.0000 0.0000],0.43543457984924316,0.5612360275624076,0.8946987241506577,0.1053012758493424,0.21864788233658855,None
339,0.8142714500427246,0.621758222579956,1.2570858001708984,0.4870328903198242,[0.0892 0.0945 0.1000 0.1000 0.1000 0.1000 0.1000],[0.1082 0.0551 0.0000 0.0000 0.0000 0.0000 0.0000],0.43602967262268066,0.5612367067965136,0.8918017894029617,0.10819821059703832,0.21823803963903177,None
339,0.8146559000015259,0.6221447587013245,1.2586236000061035,0.48857903480529785,[0.0889 0.0938 0.1000 0.1000 0.1000 0.1000 0.1000],[0.1111 0.0618 0.0000 0.0000 0.0000 0.0000 0.0000],0.43680065870285034,0.5612390841241652,0.888904333114624,0.11109566688537603,0.21791454315487083,None
339,0.8149951100349426,0.6224873065948486,1.2599804401397705,0.48994922637939453,[0.0885 0.0932 0.1000 0.1000 0.1000 0.1000 0.1000],[0.1150 0.0677 0.0000 0.0000 0.0000 0.0000 0.0000],0.43748241662979126,0.5612428878752004,0.8849523961544037,0.11504760384559637,0.21728580863235253,None
339,0.8152589797973633,0.6227546334266663,1.2610359191894531,0.49101853370666504,[0.0882 0.0928 0.1000 0.1000 0.1000 0.1000 0.1000],[0.1182 0.0723 0.0000 0.0000 0.0000 0.0000 0.0000],0.43801361322402954,0.5612468275092509,0.8818060159683228,0.1181939840316773,0.21677768040805637,None
339,0.8155063390731812,0.6230059266090393,1.2620253562927246,0.4920237064361572,[0.0879 0.0923 0.1000 0.1000 0.1000 0.1000 0.1000],[0.1210 0.0767 0.0000 0.0000 0.0000 0.0000 0.0000],0.43851226568222046,0.5612513105841319,0.8790123462677002,0.12098765373229986,0.21633863678786136,None
339,0.8158419728279114,0.62334805727005,1.2633678913116455,0.4933922290802002,[0.0877 0.0917 0.1000 0.1000 0.1000 0.1000 0.1000],[0.1234 0.0826 0.0000 0.0000 0.0000 0.0000 0.0000],0.4391900300979614,0.5612587145505208,0.8766226470470428,0.12337735295295721,0.21608680901963814,None
339,0.8161752223968506,0.6236891746520996,1.2647008895874023,0.49475669860839844,[0.0874 0.0911 0.1000 0.1000 0.1000 0.1000 0.1000],[0.1260 0.0886 0.0000 0.0000 0.0000 0.0000 0.0000],0.4398643970489502,0.5612676809890216,0.8739901334047318,0.1260098665952683,0.21577214376953704,None
339,0.81647789478302,0.6239998936653137,1.26591157913208,0.4959995746612549,[0.0872 0.0906 0.1000 0.1000 0.1000 0.1000 0.1000],[0.1285 0.0940 0.0000 0.0000 0.0000 0.0000 0.0000],0.44047778844833374,0.5612768513997622,0.8715387433767319,0.12846125662326818,0.2154705115080888,None
339,0.8167802691459656,0.624311625957489,1.2671210765838623,0.49724650382995605,[0.0869 0.0901 0.1000 0.1000 0.1000 0.1000 0.1000],[0.1308 0.0994 0.0000 0.0000 0.0000 0.0000 0.0000],0.4410918951034546,0.5612875164889007,0.869174599647522,0.13082540035247808,0.21518970357816916,None
339,0.8170870542526245,0.6246288418769836,1.268348217010498,0.49851536750793457,[0.0867 0.0895 0.1000 0.1000 0.1000 0.1000 0.1000],[0.1332 0.1049 0.0000 0.0000 0.0000 0.0000 0.0000],0.44171589612960815,0.5612994046326802,0.866817906498909,0.13318209350109106,0.21491438454050027,None
339,0.8173869252204895,0.6249399781227112,1.269547700881958,0.4997599124908447,[0.0864 0.0890 0.1000 0.1000 0.1000 0.1000 0.1000],[0.1356 0.1103 0.0000 0.0000 0.0000 0.0000 0.0000],0.4423269033432007,0.5613122441898128,0.8644168823957443,0.13558311760425573,0.2146204548820032,None
339,0.8176761865615845,0.625241219997406,1.270704746246338,0.500964879989624,[0.0862 0.0884 0.1000 0.1000 0.1000 0.1000 0.1000],[0.1378 0.1156 0.0000 0.0000 0.0000 0.0000 0.0000],0.4429174065589905,0.5613258993692716,0.8621621876955032,0.13783781230449682,0.21435163525349474,None
339,0.8179757595062256,0.6255542039871216,1.2719030380249023,0.5022168159484863,[0.0860 0.0879 0.1000 0.1000 0.1000 0.1000 0.1000],[0.1402 0.1210 0.0000 0.0000 0.0000 0.0000 0.0000],0.44352996349334717,0.5613411855221601,0.859823003411293,0.14017699658870703,0.21407153941870985,None
339,0.8182863593101501,0.6258798837661743,1.2731454372406006,0.5035195350646973,[0.0857 0.0873 0.1000 0.1000 0.1000 0.1000 0.1000],[0.1425 0.1267 0.0000 0.0000 0.0000 0.0000 0.0000],0.44416624307632446,0.5613583745881203,0.8574686199426651,0.14253138005733496,0.21379817333136258,None
339,0.8185788989067078,0.6261876821517944,1.274315595626831,0.5047507286071777,[0.0855 0.0868 0.1000 0.1000 0.1000 0.1000 0.1000],[0.1448 0.1321 0.0000 0.0000 0.0000 0.0000 0.0000],0.4447665810585022,0.5613757681626409,0.8552294224500656,0.14477057754993444,0.2135346923043459,None
339,0.8188633918762207,0.6264880299568176,1.2754535675048828,0.5059521198272705,[0.0853 0.0863 0.1000 0.1000 0.1000 0.1000 0.1000],[0.1469 0.1373 0.0000 0.0000 0.0000 0.0000 0.0000],0.44535142183303833,0.5613938419043765,0.8531086891889572,0.14689131081104284,0.21329214068673064,None
339,0.8151605725288391,0.6268361806869507,1.2606422901153564,0.5073447227478027,[0.0851 0.0858 0.1071 0.1000 0.1000 0.1000 0.1000],[0.1489 0.1422 -0.0711 0.0000 0.0000 0.0000 0.0000],0.4419967532157898,0.5660364164565321,0.8511395752429962,0.14886042475700384,0.2129434256004035,None
339,0.8160605430603027,0.6271119713783264,1.264242172241211,0.5084478855133057,[0.0849 0.0853 0.1060 0.1000 0.1000 0.1000 0.1000],[0.1508 0.1472 -0.0602 0.0000 0.0000 0.0000 0.0000],0.44317251443862915,0.5653178498236023,0.8491848409175873,0.15081515908241278,0.21274910849704823,None
339,0.8169330358505249,0.6273832321166992,1.2677321434020996,0.5095329284667969,[0.0847 0.0848 0.1050 0.1000 0.1000 0.1000 0.1000],[0.1527 0.1521 -0.0496 0.0000 0.0000 0.0000 0.0000],0.4443162679672241,0.5646268224455879,0.8472590893507004,0.15274091064929968,0.2125543300063505,None
339,0.8177546858787537,0.6276421546936035,1.2710187435150146,0.5105686187744141,[0.0845 0.0843 0.1040 0.1000 0.1000 0.1000 0.1000],[0.1546 0.1568 -0.0395 0.0000 0.0000 0.0000 0.0000],0.4453968405723572,0.5639810426309997,0.8431712538003922,0.1568287461996079,0.2118007188917839,None
339,0.8185272812843323,0.6278886795043945,1.274109125137329,0.5115547180175781,[0.0844 0.0839 0.1030 0.1000 0.1000 0.1000 0.1000],[0.1563 0.1613 -0.0300 0.0000 0.0000 0.0000 0.0000],0.4464159607887268,0.5633781936504572,0.8386871218681335,0.1613128781318665,0.2109306646027875,None
339,0.8193447589874268,0.6281558871269226,1.277379035949707,0.5126235485076904,[0.0842 0.0834 0.1020 0.1000 0.1000 0.1000 0.1000],[0.1583 0.1662 -0.0198 0.0000 0.0000 0.0000 0.0000],0.44750064611434937,0.5627485027349772,0.8338303118944168,0.16616968810558325,0.20998375308084952,None
339,0.8201408982276917,0.6284084320068359,1.2805635929107666,0.5136337280273438,[0.0840 0.0829 0.1010 0.1000 0.1000 0.1000 0.1000],[0.1598 0.1708 -0.0096 0.0000 0.0000 0.0000 0.0000],0.4485493302345276,0.5621273401765581,0.8292281627655029,0.17077183723449713,0.20908311635046453,None
339,0.8209840655326843,0.6286787986755371,1.2839362621307373,0.5147151947021484,[0.0839 0.0824 0.0999 0.1000 0.1000 0.1000 0.1000],[0.1614 0.1757 0.0014 0.0000 0.0000 0.0000 0.0000],0.44966286420822144,0.5614737557943115,0.8243013173341751,0.17569868266582495,0.20811456606122686,None
339,0.8217970728874207,0.628942608833313,1.2871882915496826,0.515770435333252,[0.0837 0.0819 0.0988 0.1000 0.1000 0.1000 0.1000],[0.1629 0.1805 0.0120 0.0000 0.0000 0.0000 0.0000],0.45073968172073364,0.5608480171351748,0.8194909989833832,0.18050900101661688,0.20716442087103853,None
339,0.8225736021995544,0.6291983723640442,1.2902944087982178,0.5167934894561768,[0.0836 0.0815 0.0978 0.1000 0.1000 0.1000 0.1000],[0.1643 0.1852 0.0223 0.0000 0.0000 0.0000 0.0000],0.45177197456359863,0.5602554948205603,0.8148269355297089,0.1851730644702912,0.20623899693606132,None
339,0.8233219385147095,0.6294475793838501,1.293287754058838,0.5177903175354004,[0.0834 0.0810 0.0968 0.1000 0.1000 0.1000 0.1000],[0.1657 0.1897 0.0324 0.0000 0.0000 0.0000 0.0000],0.45276951789855957,0.5596883386385736,0.8102807402610779,0.18971925973892217,0.20533309593847293,None
339,0.8240528702735901,0.6296930909156799,1.2962114810943604,0.5187723636627197,[0.0833 0.0806 0.0958 0.1000 0.1000 0.1000 0.1000],[0.1670 0.1942 0.0423 0.0000 0.0000 0.0000 0.0000],0.45374596118927,0.5591374597928396,0.8058019727468491,0.194198027253151,0.2044370887148911,None
339,0.8247829675674438,0.6299530267715454,1.2991318702697754,0.5198121070861816,[0.0831 0.0801 0.0948 0.1000 0.1000 0.1000 0.1000],[0.1688 0.1989 0.0521 0.0000 0.0000 0.0000 0.0000],0.45473599433898926,0.5586045528147141,0.8010681718587875,0.19893182814121252,0.20348541186169117,None
339,0.8254375457763672,0.6301755905151367,1.3017501831054688,0.5207023620605469,[0.0830 0.0797 0.0939 0.1000 0.1000 0.1000 0.1000],[0.1699 0.2030 0.0613 0.0000 0.0000 0.0000 0.0000],0.4556131362915039,0.5581154503026492,0.7970033586025238,0.20299664139747625,0.20266578442927094,None
339,0.8261000514030457,0.6304042935371399,1.3044002056121826,0.5216171741485596,[0.0829 0.0793 0.0929 0.1000 0.1000 0.1000 0.1000],[0.1710 0.2072 0.0706 0.0000 0.0000 0.0000 0.0000],0.45650434494018555,0.557624867486987,0.7928261905908585,0.2071738094091416,0.20182038805365868,None
339,0.8267313241958618,0.6306251287460327,1.3069252967834473,0.5225005149841309,[0.0828 0.0789 0.0920 0.1000 0.1000 0.1000 0.1000],[0.1721 0.2112 0.0795 0.0000 0.0000 0.0000 0.0000],0.45735645294189453,0.5571612082824844,0.7887911796569824,0.21120882034301763,0.2010007732703802,None
339,0.8273277878761292,0.6308470368385315,1.3093111515045166,0.523388147354126,[0.0826 0.0785 0.0912 0.1000 0.1000 0.1000 0.1000],[0.1735 0.2153 0.0879 0.0000 0.0000 0.0000 0.0000],0.45817482471466064,0.5567385071567826,0.7847442477941513,0.21525575220584875,0.2001753626386682,None
339,0.8279273509979248,0.6310645341873169,1.3117094039916992,0.5242581367492676,[0.0825 0.0781 0.0904 0.1000 0.1000 0.1000 0.1000],[0.1747 0.2192 0.0965 0.0000 0.0000 0.0000 0.0000],0.4589918851852417,0.5563077453790658,0.7807721197605133,0.21922788023948675,0.19936293145148898,None
339,0.8285407423973083,0.631286084651947,1.3141629695892334,0.5251443386077881,[0.0824 0.0777 0.0895 0.1000 0.1000 0.1000 0.1000],[0.1757 0.2233 0.1054 0.0000 0.0000 0.0000 0.0000],0.45982682704925537,0.5558663965141104,0.7767206430435181,0.223279356956482,0.1985315683509504,None
339,0.8290682435035706,0.6315210461616516,1.3162729740142822,0.5260841846466064,[0.0822 0.0772 0.0888 0.1000 0.1000 0.1000 0.1000],[0.1784 0.2275 0.1125 0.0000 0.0000 0.0000 0.0000],0.46058928966522217,0.5555371811479402,0.7724596560001373,0.22754034399986273,0.19765270943792168,None
339,0.829734742641449,0.6317740082740784,1.318938970565796,0.5270960330963135,[0.0820 0.0768 0.0878 0.1000 0.1000 0.1000 0.1000],[0.1797 0.2322 0.1223 0.0000 0.0000 0.0000 0.0000],0.46150875091552734,0.5550722144354541,0.7678375393152237,0.23216246068477636,0.19669746791755358,None
339,0.8303797245025635,0.6320262551307678,1.321518898010254,0.5281050205230713,[0.0819 0.0763 0.0868 0.1000 0.1000 0.1000 0.1000],[0.1813 0.2368 0.1318 0.0000 0.0000 0.0000 0.0000],0.4624059796333313,0.554631086208528,0.7632295042276382,0.2367704957723618,0.19574144930475634,None
339,0.8309664726257324,0.632261335849762,1.3238658905029297,0.5290453433990479,[0.0817 0.0759 0.0860 0.1000 0.1000 0.1000 0.1000],[0.1828 0.2411 0.1405 0.0000 0.0000 0.0000 0.0000],0.4632278084754944,0.5542364564301265,0.7589370012283325,0.24106299877166754,0.19484776980661433,None
339,0.8315423727035522,0.6324960589408875,1.326169490814209,0.5299842357635498,[0.0816 0.0755 0.0851 0.1000 0.1000 0.1000 0.1000],[0.1844 0.2454 0.1491 0.0000 0.0000 0.0000 0.0000],0.4640384316444397,0.5538539322568619,0.7546497136354446,0.24535028636455541,0.1939521531869142,None
339,0.8321499824523926,0.6327571272850037,1.3285999298095703,0.5310285091400146,[0.0813 0.0750 0.0842 0.1000 0.1000 0.1000 0.1000],[0.1865 0.2501 0.1580 0.0000 0.0000 0.0000 0.0000],0.46490710973739624,0.5534657290113234,0.7498869299888611,0.25011307001113897,0.192953520248217,None
339,0.8328609466552734,0.6330884099006653,1.3314437866210938,0.5323536396026611,[0.0810 0.0744 0.0832 0.1000 0.1000 0.1000 0.1000],[0.1900 0.2561 0.1683 0.0000 0.0000 0.0000 0.0000],0.4659493565559387,0.5530407884889179,0.7438573241233826,0.2561426758766175,0.1916838496580218,None
339,0.8334458470344543,0.6333737373352051,1.3337833881378174,0.5334949493408203,[0.0807 0.0739 0.0823 0.1000 0.1000 0.1000 0.1000],[0.1933 0.2613 0.1766 0.0000 0.0000 0.0000 0.0000],0.4668195843696594,0.5527057906710067,0.7386666536331177,0.2613333463668824,0.19058625485553374,None
339,0.834039032459259,0.6336775422096252,1.3361561298370361,0.534710168838501,[0.0803 0.0733 0.0815 0.1000 0.1000 0.1000 0.1000],[0.1971 0.2669 0.1850 0.0000 0.0000 0.0000 0.0000],0.4677165746688843,0.5523824285736385,0.7331431657075882,0.26685683429241186,0.18941370801964919,None
339,0.8346499800682068,0.6339573860168457,1.3385999202728271,0.5358295440673828,[0.0800 0.0728 0.0806 0.1000 0.1000 0.1000 0.1000],[0.1995 0.2720 0.1944 0.0000 0.0000 0.0000 0.0000],0.4686073660850525,0.5520127300342552,0.7280283421278,0.27197165787220007,0.1883243559709628,None
339,0.8352342247962952,0.6342296004295349,1.3409368991851807,0.5369184017181396,[0.0798 0.0723 0.0797 0.1000 0.1000 0.1000 0.1000],[0.2019 0.2769 0.2034 0.0000 0.0000 0.0000 0.0000],0.4694638252258301,0.5516646072784792,0.7230505347251892,0.27694946527481085,0.18726038282356428,None
339,0.8358047008514404,0.6345037817955017,1.3432188034057617,0.5380151271820068,[0.0796 0.0718 0.0788 0.1000 0.1000 0.1000 0.1000],[0.2044 0.2820 0.2123 0.0000 0.0000 0.0000 0.0000],0.47030848264694214,0.5513342903051999,0.7180369645357132,0.28196303546428686,0.18618496973672072,None
339,0.8363789319992065,0.6347697377204895,1.3455157279968262,0.539078950881958,[0.0794 0.0713 0.0778 0.1000 0.1000 0.1000 0.1000],[0.2064 0.2868 0.2215 0.0000 0.0000 0.0000 0.0000],0.47114866971969604,0.5509908750607433,0.7131627202033997,0.2868372797966004,0.18513605644024833,None
339,0.8351367712020874,0.634850025177002,1.3405470848083496,0.5394001007080078,[0.0793 0.0710 0.0770 0.1078 0.1000 0.1000 0.1000],[0.2067 0.2905 0.2300 -0.0776 0.0000 0.0000 0.0000],0.46998679637908936,0.5524659275260873,0.7095111906528473,0.29048880934715277,0.18422578071072362,None
339,0.8360075354576111,0.6350772380828857,1.3440301418304443,0.540308952331543,[0.0793 0.0706 0.0762 0.1061 0.1000 0.1000 0.1000],[0.2071 0.2942 0.2383 -0.0611 0.0000 0.0000 0.0000],0.4710847735404968,0.5517475071182254,0.7057854533195496,0.2942145466804505,0.18344764876539893,None
339,0.836868405342102,0.6353036761283875,1.3474736213684082,0.5412147045135498,[0.0793 0.0702 0.0753 0.1044 0.1000 0.1000 0.1000],[0.2075 0.2979 0.2467 -0.0444 0.0000 0.0000 0.0000],0.4721720814704895,0.551040392447478,0.7020730525255203,0.29792694747447973,0.18266950136782303,None
339,0.8376644253730774,0.6355142593383789,1.3506577014923096,0.5420570373535156,[0.0792 0.0699 0.0745 0.1029 0.1000 0.1000 0.1000],[0.2077 0.3014 0.2547 -0.0286 0.0000 0.0000 0.0000],0.4731786847114563,0.5503888724300761,0.6986238807439804,0.30137611925601965,0.18194421203623687,None
339,0.838437557220459,0.6357220411300659,1.353750228881836,0.5428881645202637,[0.0792 0.0695 0.0737 0.1013 0.1000 0.1000 0.1000],[0.2078 0.3048 0.2626 -0.0130 0.0000 0.0000 0.0000],0.4741595983505249,0.5497606013570191,0.6952206045389175,0.3047793954610825,0.1812261207464719,None
339,0.8391750454902649,0.6360172033309937,1.3567001819610596,0.5440688133239746,[0.0789 0.0690 0.0730 0.1001 0.1000 0.1000 0.1000],[0.2113 0.3098 0.2701 -0.0008 0.0000 0.0000 0.0000],0.47519224882125854,0.5492696569352455,0.6901608407497406,0.30983915925025945,0.18013797243929602,None
339,0.8398218154907227,0.6362655758857727,1.3592872619628906,0.5450623035430908,[0.0786 0.0686 0.0723 0.0990 0.1000 0.1000 0.1000],[0.2139 0.3141 0.2768 0.0105 0.0000 0.0000 0.0000],0.47608739137649536,0.5488279268339518,0.6859219074249268,0.3140780925750733,0.17922457360333494,None
339,0.8405046463012695,0.6364315152168274,1.3620185852050781,0.5457260608673096,[0.0787 0.0683 0.0716 0.0974 0.1000 0.1000 0.1000],[0.2129 0.3167 0.2843 0.0258 0.0000 0.0000 0.0000],0.4769361615180969,0.5482554581575532,0.6832589954137802,0.31674100458621984,0.17866051196774327,None
339,0.841129720211029,0.6365818977355957,1.3645188808441162,0.5463275909423828,[0.0788 0.0681 0.0709 0.0960 0.1000 0.1000 0.1000],[0.2118 0.3191 0.2912 0.0401 0.0000 0.0000 0.0000],0.47771161794662476,0.5477303652958411,0.680854320526123,0.319145679473877,0.1781504072044451,None
339,0.841746985912323,0.6367311477661133,1.366987943649292,0.5469245910644531,[0.0789 0.0678 0.0702 0.0946 0.1000 0.1000 0.1000],[0.2105 0.3215 0.2981 0.0545 0.0000 0.0000 0.0000],0.4784781336784363,0.5472132531243767,0.6784725934267044,0.32152740657329565,0.1776441915181728,None
339,0.8423647284507751,0.6368919014930725,1.3694589138031006,0.54756760597229,[0.0790 0.0676 0.0695 0.0931 0.1000 0.1000 0.1000],[0.2095 0.3241 0.3052 0.0688 0.0000 0.0000 0.0000],0.47925662994384766,0.5467088938025557,0.6758789718151093,0.3241210281848908,0.17708965965266524,None
339,0.8430074453353882,0.6371029019355774,1.3720297813415527,0.5484116077423096,[0.0790 0.0672 0.0687 0.0917 0.1000 0.1000 0.1000],[0.2100 0.3276 0.3127 0.0826 0.0000 0.0000 0.0000],0.4801103472709656,0.5462329414778869,0.6723621487617493,0.3276378512382508,0.17632837688304065,None
339,0.8436532616615295,0.6374081969261169,1.3746130466461182,0.5496327877044678,[0.0786 0.0667 0.0680 0.0906 0.1000 0.1000 0.1000],[0.2139 0.3329 0.3201 0.0940 0.0000 0.0000 0.0000],0.4810614585876465,0.5458578804653629,0.6670763343572617,0.3329236656427384,0.17516836723110912,None
339,0.8443233370780945,0.6376424431800842,1.377293348312378,0.5505697727203369,[0.0785 0.0663 0.0672 0.0891 0.1000 0.1000 0.1000],[0.2146 0.3368 0.3282 0.1087 0.0000 0.0000 0.0000],0.4819657802581787,0.5453782958348664,0.6631507724523544,0.3368492275476456,0.17431161820701974,None
339,0.8448765873908997,0.6378476023674011,1.3795063495635986,0.5513904094696045,[0.0784 0.0660 0.0665 0.0879 0.1000 0.1000 0.1000],[0.2155 0.3403 0.3349 0.1208 0.0000 0.0000 0.0000],0.4827241897583008,0.5449956208743716,0.6596913188695908,0.3403086811304093,0.1735532872505992,None
339,0.8453629016876221,0.6380525231361389,1.3814516067504883,0.5522100925445557,[0.0783 0.0656 0.0659 0.0869 0.1000 0.1000 0.1000],[0.2171 0.3438 0.3409 0.1309 0.0000 0.0000 0.0000],0.483415424823761,0.5446865051950655,0.6561905145645142,0.3438094854354859,0.17278143141083252,None
339,0.8458405137062073,0.6382481455802917,1.383362054824829,0.552992582321167,[0.0782 0.0653 0.0653 0.0859 0.1000 0.1000 0.1000],[0.2184 0.3471 0.3469 0.1411 0.0000 0.0000 0.0000],0.484088659286499,0.5443769451334628,0.6528587639331818,0.3471412360668183,0.1720457192266495,None
339,0.8463240265846252,0.6384443044662476,1.385296106338501,0.5537772178649902,[0.0780 0.0650 0.0647 0.0848 0.1000 0.1000 0.1000],[0.2195 0.3505 0.3530 0.1518 0.0000 0.0000 0.0000],0.4847683310508728,0.5440617123794299,0.6469597667455673,0.35304023325443273,0.17063168445439697,None
339,0.8467870950698853,0.6386392116546631,1.387148380279541,0.5545568466186523,[0.0779 0.0646 0.0641 0.0838 0.1000 0.1000 0.1000],[0.2207 0.3538 0.3590 0.1621 0.0000 0.0000 0.0000],0.48542630672454834,0.5437677308483955,0.6409763544797897,0.3590236455202103,0.16919158094272238,None
339,0.84723299741745,0.6388283371925354,1.3889319896697998,0.5553133487701416,[0.0778 0.0643 0.0635 0.0828 0.1000 0.1000 0.1000],[0.2219 0.3570 0.3649 0.1721 0.0000 0.0000 0.0000],0.48606133460998535,0.5434864074039913,0.6351246684789658,0.3648753315210343,0.16777944100239017,None
339,0.847680926322937,0.6390190720558167,1.390723705291748,0.5560762882232666,[0.0777 0.0640 0.0629 0.0818 0.1000 0.1000 0.1000],[0.2229 0.3603 0.3708 0.1824 0.0000 0.0000 0.0000],0.48669999837875366,0.5432048005209333,0.6291532516479492,0.37084674835205084,0.16633413713995646,None
339,0.8481855988502502,0.6392692923545837,1.392742395401001,0.557077169418335,[0.0775 0.0635 0.0622 0.0807 0.1000 0.1000 0.1000],[0.2254 0.3646 0.3776 0.1931 0.0000 0.0000 0.0000],0.487454891204834,0.5429263664400816,0.6224087253212929,0.3775912746787072,0.16472178423451767,None
339,0.848697304725647,0.6394822597503662,1.394789218902588,0.5579290390014648,[0.0774 0.0632 0.0615 0.0795 0.1000 0.1000 0.1000],[0.2262 0.3682 0.3847 0.2055 0.0000 0.0000 0.0000],0.4881795644760132,0.5425996884836208,0.6153165549039841,0.384683445096016,0.16298878994688124,None
339,0.8491913080215454,0.639682948589325,1.3967652320861816,0.5587317943572998,[0.0774 0.0628 0.0608 0.0782 0.1000 0.1000 0.1000],[0.2265 0.3716 0.3917 0.2179 0.0000 0.0000 0.0000],0.48887425661087036,0.5422791686713173,0.6083178147673607,0.39168218523263937,0.16126890058468046,None
339,0.8496345281600952,0.6398346424102783,1.3985381126403809,0.5593385696411133,[0.0775 0.0626 0.0602 0.0770 0.1000 0.1000 0.1000],[0.2255 0.3741 0.3982 0.2302 0.0000 0.0000 0.0000],0.48946917057037354,0.541960825092638,0.6018271669745445,0.39817283302545553,0.15964856759978602,None
339,0.8500487208366394,0.6399739384651184,1.4001948833465576,0.5598957538604736,[0.0776 0.0624 0.0596 0.0758 0.1000 0.1000 0.1000],[0.2242 0.3764 0.4044 0.2419 0.0000 0.0000 0.0000],0.4900226593017578,0.541660843510484,0.5956412479281425,0.4043587520718575,0.15809872567944994,None
339,0.8504760265350342,0.6401389837265015,1.4019041061401367,0.5605559349060059,[0.0776 0.0621 0.0589 0.0746 0.1000 0.1000 0.1000],[0.2237 0.3792 0.4108 0.2536 0.0000 0.0000 0.0000],0.49061501026153564,0.5413748340872115,0.5892172083258629,0.41078279167413717,0.15649999102025003,None
339,0.8508126735687256,0.6402564644813538,1.4032506942749023,0.561025857925415,[0.0777 0.0619 0.0584 0.0737 0.1000 0.1000 0.1000],[0.2227 0.3811 0.4160 0.2633 0.0000 0.0000 0.0000],0.49106913805007935,0.5411359579490109,0.584026388823986,0.415973611176014,0.15519635080633487,None
339,0.8511505722999573,0.6403883099555969,1.404602289199829,0.5615532398223877,[0.0778 0.0617 0.0579 0.0727 0.1000 0.1000 0.1000],[0.2221 0.3833 0.4212 0.2728 0.0000 0.0000 0.0000],0.4915388822555542,0.5409114874619925,0.5787881463766098,0.42121185362339025,0.15388762974542894,None
339,0.8514986634254456,0.6405075192451477,1.4059946537017822,0.5620300769805908,[0.0779 0.0615 0.0573 0.0717 0.1000 0.1000 0.1000],[0.2207 0.3853 0.4268 0.2833 0.0000 0.0000 0.0000],0.49200618267059326,0.5406622765542788,0.5732456222176552,0.4267543777823449,0.15248859951063481,None
339,0.8518441915512085,0.6406161189079285,1.407376766204834,0.5624644756317139,[0.0781 0.0613 0.0568 0.0706 0.1000 0.1000 0.1000],[0.2187 0.3870 0.4324 0.2941 0.0000 0.0000 0.0000],0.49246031045913696,0.5404044466672029,0.5676187202334404,0.43238127976655966,0.15105908809381763,None
339,0.8511061668395996,0.6407741904258728,1.4044246673583984,0.5630967617034912,[0.0783 0.0611 0.0562 0.0695 0.1071 0.1000 0.1000],[0.2168 0.3889 0.4381 0.3051 -0.0714 0.0000 0.0000],0.4918803572654724,0.5413803575796967,0.5618703365325928,0.4381296634674073,0.14962290375043075,None
339,0.8517836332321167,0.6408765912055969,1.4071345329284668,0.5635063648223877,[0.0785 0.0609 0.0556 0.0684 0.1050 0.1000 0.1000],[0.2149 0.3907 0.4439 0.3159 -0.0502 0.0000 0.0000],0.4926602244377136,0.5407538328668167,0.5561314150691032,0.4438685849308968,0.1481578050073415,None
339,0.8524465560913086,0.6409750580787659,1.4097862243652344,0.5639002323150635,[0.0787 0.0607 0.0550 0.0673 0.1029 0.1000 0.1000],[0.2128 0.3926 0.4496 0.3268 -0.0290 0.0000 0.0000],0.49342161417007446,0.54013969728564,0.5503725633025169,0.4496274366974831,0.14668342502676912,None
339,0.8531396985054016,0.6411355137825012,1.4125587940216064,0.5645420551300049,[0.0788 0.0605 0.0544 0.0662 0.1008 0.1000 0.1000],[0.2123 0.3955 0.4561 0.3380 -0.0081 0.0000 0.0000],0.49427521228790283,0.5395608783748926,0.5438883230090141,0.4561116769909859,0.14505042951754044,None
339,0.853701114654541,0.6413769721984863,1.414804458618164,0.5655078887939453,[0.0784 0.0600 0.0538 0.0654 0.0995 0.1000 0.1000],[0.2155 0.3999 0.4620 0.3464 0.0055 0.0000 0.0000],0.49507808685302734,0.5392135609026079,0.5379591882228851,0.4620408117771149,0.14360972133872285,None
339,0.8542372584342957,0.6414531469345093,1.4169490337371826,0.5658125877380371,[0.0787 0.0599 0.0533 0.0644 0.0976 0.1000 0.1000],[0.2132 0.4013 0.4670 0.3559 0.0240 0.0000 0.0000],0.49569040536880493,0.5387147178808038,0.532950721681118,0.46704927831888204,0.14231687802821674,None
339,0.8547397255897522,0.6415489912033081,1.4189589023590088,0.5661959648132324,[0.0788 0.0597 0.0528 0.0635 0.0959 0.1000 0.1000],[0.2117 0.4030 0.4720 0.3649 0.0408 0.0000 0.0000],0.4962887167930603,0.538274178341254,0.5280249938368797,0.4719750061631203,0.1410562806995799,None
339,0.8552129864692688,0.6416406631469727,1.4208519458770752,0.5665626525878906,[0.0790 0.0595 0.0523 0.0626 0.0943 0.1000 0.1000],[0.2101 0.4047 0.4767 0.3735 0.0570 0.0000 0.0000],0.49685364961624146,0.5378611428127946,0.5232753977179527,0.4767246022820473,0.13983921295809712,None
339,0.8556907176971436,0.6417170166969299,1.4227628707885742,0.5668680667877197,[0.0792 0.0594 0.0518 0.0617 0.0926 0.1000 0.1000],[0.2079 0.4061 0.4816 0.3826 0.0741 0.0000 0.0000],0.4974077343940735,0.5374270857473239,0.5184490233659744,0.48155097663402563,0.13859199466693534,None
339,0.856188952922821,0.64178466796875,1.4247558116912842,0.567138671875,[0.0795 0.0593 0.0513 0.0608 0.0907 0.1000 0.1000],[0.2049 0.4073 0.4867 0.3923 0.0927 0.0000 0.0000],0.49797362089157104,0.5369618968658507,0.513344332575798,0.486655667424202,0.13726460928462278,None
339,0.8566686511039734,0.6418496370315552,1.4266746044158936,0.5673985481262207,[0.0798 0.0592 0.0508 0.0598 0.0889 0.1000 0.1000],[0.2018 0.4084 0.4917 0.4020 0.1109 0.0000 0.0000],0.49851828813552856,0.5365142784589603,0.5082999914884567,0.49170000851154333,0.135951023643457,None
339,0.8571891188621521,0.6420570015907288,1.4287564754486084,0.568228006362915,[0.0797 0.0588 0.0502 0.0589 0.0873 0.1000 0.1000],[0.2032 0.4122 0.4979 0.4114 0.1267 0.0000 0.0000],0.49924612045288086,0.5361766313870944,0.5021069943904877,0.4978930056095124,0.13440606045239978,None
339,0.8578161597251892,0.6424007415771484,1.4312646389007568,0.5696029663085938,[0.0792 0.0582 0.0494 0.0578 0.0857 0.1000 0.1000],[0.2079 0.4185 0.5059 0.4223 0.1434 0.0000 0.0000],0.5002169013023376,0.5358713344900567,0.49407582730054855,0.5059241726994514,0.13243796347893544,None
339,0.8584204316139221,0.642722487449646,1.4336817264556885,0.570889949798584,[0.0788 0.0576 0.0486 0.0567 0.0840 0.1000 0.1000],[0.2119 0.4243 0.5138 0.4332 0.1604 0.0000 0.0000],0.5011429190635681,0.5355670724805615,0.4861901327967644,0.5138098672032356,0.13049131479864198,None
339,0.8589964509010315,0.6430263519287109,1.435985803604126,0.5721054077148438,[0.0785 0.0570 0.0479 0.0556 0.0823 0.1000 0.1000],[0.2154 0.4298 0.5215 0.4440 0.1774 0.0000 0.0000],0.5020228028297424,0.5352741679524147,0.47850199043750763,0.5214980095624924,0.12858297739028618,None
339,0.8595457673072815,0.6432996392250061,1.438183069229126,0.5731985569000244,[0.0782 0.0565 0.0471 0.0545 0.0805 0.1000 0.1000],[0.2179 0.4348 0.5289 0.4548 0.1947 0.0000 0.0000],0.5028454065322876,0.5349772821869072,0.4710567370057106,0.5289432629942894,0.1267193821451569,None
339,0.8600978851318359,0.6435942053794861,1.4403915405273438,0.5743768215179443,[0.0779 0.0560 0.0463 0.0534 0.0788 0.1000 0.1000],[0.2209 0.4402 0.5367 0.4658 0.2122 0.0000 0.0000],0.503692090511322,0.5347004408423002,0.46330835670232773,0.5366916432976723,0.1247802372358706,None
339,0.8607051372528076,0.6438948512077332,1.4428205490112305,0.5755794048309326,[0.0777 0.0554 0.0455 0.0521 0.0767 0.1000 0.1000],[0.2230 0.4456 0.5454 0.4787 0.2329 0.0000 0.0000],0.5045999884605408,0.5343710854714083,0.4546412080526352,0.5453587919473648,0.12259111185297794,None
339,0.8610799312591553,0.6440600156784058,1.444319725036621,0.576240062713623,[0.0777 0.0551 0.0449 0.0513 0.0753 0.1000 0.1000],[0.2233 0.4486 0.5508 0.4871 0.2468 0.0000 0.0000],0.505139946937561,0.5341460362079662,0.44923193752765656,0.5507680624723434,0.12121108770965904,None
339,0.8614743947982788,0.6441679000854492,1.4458975791931152,0.5766716003417969,[0.0779 0.0549 0.0444 0.0503 0.0736 0.1000 0.1000],[0.2210 0.4505 0.5563 0.4968 0.2638 0.0000 0.0000],0.505642294883728,0.5338385529531324,0.4436558112502098,0.5563441887497902,0.1197566125153737,None
339,0.8618435859680176,0.6442528963088989,1.4473743438720703,0.5770115852355957,[0.0782 0.0548 0.0438 0.0494 0.0720 0.1000 0.1000],[0.2179 0.4520 0.5616 0.5062 0.2805 0.0000 0.0000],0.5060964822769165,0.5335338279584267,0.43836142867803574,0.5616385713219643,0.11836617478013226,None
339,0.8622032403945923,0.6443378925323486,1.4488129615783691,0.5773515701293945,[0.0785 0.0546 0.0433 0.0484 0.0703 0.1000 0.1000],[0.2148 0.4535 0.5669 0.5157 0.2970 0.0000 0.0000],0.5065411329269409,0.5332395176728821,0.4330669716000557,0.5669330283999443,0.11697474503985332,None
339,0.8625473976135254,0.6444180607795715,1.4501895904541016,0.5776722431182861,[0.0788 0.0545 0.0428 0.0475 0.0687 0.1000 0.1000],[0.2116 0.4549 0.5721 0.5249 0.3132 0.0000 0.0000],0.5069654583930969,0.5329568148083585,0.42787522077560425,0.5721247792243958,0.11560790366958676,None
339,0.8628653883934021,0.6444952487945557,1.4514615535736084,0.5779809951782227,[0.0791 0.0544 0.0423 0.0466 0.0672 0.1000 0.1000],[0.2085 0.4562 0.5770 0.5336 0.3282 0.0000 0.0000],0.5073606371879578,0.5326990909501177,0.4229530319571495,0.5770469680428505,0.114311748661695,None
339,0.8632479906082153,0.6446512937545776,1.4529919624328613,0.5786051750183105,[0.0793 0.0541 0.0417 0.0456 0.0655 0.1000 0.1000],[0.2070 0.4590 0.5833 0.5437 0.3448 0.0000 0.0000],0.507899284362793,0.5324567433342262,0.41668955236673355,0.5833104476332664,0.11268718861953952,None
339,0.8635673522949219,0.6446929574012756,1.4542694091796875,0.5787718296051025,[0.0798 0.0540 0.0412 0.0447 0.0638 0.1000 0.1000],[0.2020 0.4597 0.5884 0.5533 0.3616 0.0000 0.0000],0.5082603096961975,0.5321598618185415,0.4115886986255646,0.5884113013744354,0.11132475626237984,None
339,0.863882839679718,0.6447321176528931,1.455531358718872,0.5789284706115723,[0.0803 0.0540 0.0406 0.0437 0.0621 0.1000 0.1000],[0.1967 0.4603 0.5936 0.5630 0.3786 0.0000 0.0000],0.5086149573326111,0.5318646327964262,0.4064157232642174,0.5935842767357826,0.10994126794262879,None
339,0.8641878962516785,0.6447668075561523,1.4567515850067139,0.5790672302246094,[0.0809 0.0539 0.0401 0.0427 0.0605 0.1000 0.1000],[0.1911 0.4608 0.5987 0.5726 0.3952 0.0000 0.0000],0.5089547038078308,0.5315759520524954,0.4012864828109741,0.5987135171890259,0.10856728794733955,None
339,0.8644632697105408,0.6447997093200684,1.457853078842163,0.5791988372802734,[0.0814 0.0539 0.0397 0.0419 0.0590 0.1000 0.1000],[0.1859 0.4613 0.6035 0.5815 0.4105 0.0000 0.0000],0.5092629790306091,0.5313172070680721,0.3965286538004875,0.6034713461995125,0.10729279598039686,None
339,0.8647128343582153,0.6448363661766052,1.4588513374328613,0.5793454647064209,[0.0819 0.0538 0.0392 0.0410 0.0576 0.1000 0.1000],[0.1812 0.4619 0.6079 0.5896 0.4243 0.0000 0.0000],0.5095492005348206,0.5310901278693205,0.3920949622988701,0.6079050377011299,0.10610738599626389,None
339,0.865013599395752,0.6449337601661682,1.4600543975830078,0.5797350406646729,[0.0822 0.0536 0.0387 0.0401 0.0560 0.1000 0.1000],[0.1775 0.4636 0.6135 0.5990 0.4396 0.0000 0.0000],0.5099473595619202,0.5308733228331779,0.3865017369389534,0.6134982630610466,0.10463276435119104,None
339,0.8652430176734924,0.6449460387229919,1.4609720706939697,0.5797841548919678,[0.0828 0.0536 0.0382 0.0393 0.0547 0.1000 0.1000],[0.1719 0.4637 0.6177 0.6070 0.4533 0.0000 0.0000],0.5101890563964844,0.5306419501590491,0.38227103650569916,0.6177289634943008,0.1034913645434617,None
339,0.865461528301239,0.6449618339538574,1.461846113204956,0.5798473358154297,[0.0834 0.0536 0.0378 0.0385 0.0534 0.1000 0.1000],[0.1664 0.4639 0.6219 0.6147 0.4663 0.0000 0.0000],0.5104233622550964,0.5304260501823151,0.3781377151608467,0.6218622848391533,0.10237770378668067,None
339,0.8656688928604126,0.6449560523033142,1.4626755714416504,0.5798242092132568,[0.0840 0.0536 0.0374 0.0378 0.0521 0.1000 0.1000],[0.1601 0.4637 0.6258 0.6223 0.4793 0.0000 0.0000],0.5106249451637268,0.5301991479817236,0.3741680830717087,0.6258319169282913,0.10129961428241499,None
339,0.8658695816993713,0.6449436545372009,1.4634783267974854,0.5797746181488037,[0.0847 0.0537 0.0370 0.0370 0.0508 0.1000 0.1000],[0.1535 0.4634 0.6297 0.6299 0.4923 0.0000 0.0000],0.5108132362365723,0.5299724187218686,0.37005264312028885,0.6299473568797112,0.10017951412339002,None
339,0.8660640716552734,0.644936203956604,1.4642562866210938,0.579744815826416,[0.0853 0.0537 0.0366 0.0363 0.0495 0.1000 0.1000],[0.1470 0.4631 0.6336 0.6374 0.5048 0.0000 0.0000],0.5110002756118774,0.5297576500370587,0.3626120835542679,0.6373879164457321,0.09816137735130549,None
339,0.8663274645805359,0.6451007127761841,1.4653098583221436,0.5804028511047363,[0.0854 0.0534 0.0361 0.0354 0.0483 0.1000 0.1000],[0.1460 0.4661 0.6393 0.6457 0.5172 0.0000 0.0000],0.51142817735672,0.5296525201466986,0.35431403666734695,0.645685963332653,0.0959763109543488,None
339,0.8666689395904541,0.6454081535339355,1.4666757583618164,0.5816326141357422,[0.0851 0.0528 0.0353 0.0344 0.0469 0.1000 0.1000],[0.1486 0.4716 0.6470 0.6557 0.5311 0.0000 0.0000],0.5120770931243896,0.5296163416353428,0.3443177789449692,0.6556822210550308,0.0933804955104082,None
339,0.866944432258606,0.6456187963485718,1.4677777290344238,0.5824751853942871,[0.0851 0.0525 0.0347 0.0336 0.0456 0.1000 0.1000],[0.1487 0.4754 0.6532 0.6644 0.5438 0.0000 0.0000],0.5125632286071777,0.5295474137492342,0.33557433634996414,0.6644256636500359,0.0910837783745077,None
339,0.867177426815033,0.6457646489143372,1.4687097072601318,0.5830585956573486,[0.0853 0.0522 0.0341 0.0328 0.0444 0.1000 0.1000],[0.1470 0.4780 0.6586 0.6724 0.5556 0.0000 0.0000],0.5129420757293701,0.5294548078019543,0.3276278078556061,0.6723721921443939,0.08897704477136886,None
339,0.8673836588859558,0.6458802223205566,1.4695346355438232,0.5835208892822266,[0.0855 0.0520 0.0337 0.0320 0.0433 0.1000 0.1000],[0.1447 0.4801 0.6635 0.6797 0.5666 0.0000 0.0000],0.5132638812065125,0.5293584840184632,0.3202904388308525,0.6797095611691475,0.0870231012199299,None
339,0.8675683736801147,0.6459850668907166,1.470273494720459,0.5839402675628662,[0.0857 0.0518 0.0332 0.0314 0.0423 0.1000 0.1000],[0.1425 0.4819 0.6679 0.6864 0.5766 0.0000 0.0000],0.5135534405708313,0.5292736391602886,0.31360600143671036,0.6863939985632896,0.08524134082872757,None
339,0.8677543997764587,0.6460744738578796,1.471017599105835,0.5842978954315186,[0.0861 0.0516 0.0328 0.0307 0.0413 0.1000 0.1000],[0.1394 0.4835 0.6724 0.6934 0.5873 0.0000 0.0000],0.5138288736343384,0.5291710226434878,0.30656471848487854,0.6934352815151215,0.08335597410874108,None
339,0.8679359555244446,0.6461809277534485,1.4717438220977783,0.584723711013794,[0.0863 0.0515 0.0323 0.0300 0.0403 0.1000 0.1000],[0.1370 0.4854 0.6769 0.7002 0.5973 0.0000 0.0000],0.5141168832778931,0.5290912744798668,0.29979389160871506,0.7002061083912849,0.08154836257756312,None
339,0.8681125640869141,0.6462501883506775,1.4724502563476562,0.58500075340271,[0.0867 0.0513 0.0319 0.0293 0.0392 0.1000 0.1000],[0.1328 0.4866 0.6813 0.7073 0.6081 0.0000 0.0000],0.5143627524375916,0.5289773086822286,0.2926875650882721,0.7073124349117279,0.07963625453442551,None
339,0.8682859539985657,0.646306574344635,1.4731438159942627,0.58522629737854,[0.0872 0.0512 0.0314 0.0285 0.0381 0.1000 0.1000],[0.1279 0.4875 0.6857 0.7145 0.6192 0.0000 0.0000],0.5145925283432007,0.5288531230561635,0.2854560688138008,0.7145439311861992,0.07768511805898579,None
339,0.8684512972831726,0.6463441252708435,1.4738051891326904,0.585376501083374,[0.0878 0.0512 0.0310 0.0278 0.0370 0.1000 0.1000],[0.1222 0.4881 0.6900 0.7217 0.6303 0.0000 0.0000],0.5147954225540161,0.5287175241828643,0.27826089411973953,0.7217391058802605,0.07573742895067273,None
339,0.8686159253120422,0.6463913321495056,1.474463701248169,0.5855653285980225,[0.0883 0.0511 0.0306 0.0271 0.0359 0.1000 0.1000],[0.1167 0.4888 0.6944 0.7289 0.6412 0.0000 0.0000],0.5150072574615479,0.5285929644537148,0.2710879221558571,0.7289120778441429,0.07379805168515528,None
339,0.8687969446182251,0.6464982032775879,1.4751877784729004,0.5859928131103516,[0.0887 0.0509 0.0301 0.0264 0.0348 0.1000 0.1000],[0.1133 0.4907 0.6993 0.7363 0.6519 0.0000 0.0000],0.515295147895813,0.5285143254131286,0.26371046900749207,0.7362895309925079,0.07181913789274526,None
339,0.8689843416213989,0.6467049717903137,1.4759373664855957,0.5868198871612549,[0.0886 0.0506 0.0295 0.0257 0.0339 0.1000 0.1000],[0.1145 0.4945 0.7045 0.7430 0.6609 0.0000 0.0000],0.5156893134117126,0.5285348689127847,0.25704801082611084,0.7429519891738892,0.07006095022197065,None
339,0.8691348433494568,0.6468340754508972,1.4765393733978271,0.5873363018035889,[0.0887 0.0503 0.0291 0.0251 0.0331 0.1000 0.1000],[0.1133 0.4968 0.7088 0.7489 0.6691 0.0000 0.0000],0.515968918800354,0.5285121762987304,0.25114934891462326,0.7488506510853767,0.06848738673073958,None
339,0.86924147605896,0.6468213796615601,1.4769659042358398,0.5872855186462402,[0.0893 0.0504 0.0288 0.0246 0.0322 0.1000 0.1000],[0.1069 0.4965 0.7118 0.7543 0.6776 0.0000 0.0000],0.51606285572052,0.5283856486519946,0.245685912668705,0.754314087331295,0.06699368546577174,None
339,0.8693411350250244,0.646759569644928,1.4773645401000977,0.5870382785797119,[0.0902 0.0505 0.0285 0.0240 0.0313 0.1000 0.1000],[0.0981 0.4952 0.7147 0.7601 0.6868 0.0000 0.0000],0.5161007046699524,0.5282144921894099,0.23993711918592453,0.7600628808140755,0.06540970713618542,None
339,0.8694417476654053,0.6467074751853943,1.477766990661621,0.5868299007415771,[0.0910 0.0506 0.0282 0.0234 0.0304 0.1000 0.1000],[0.0895 0.4941 0.7177 0.7658 0.6959 0.0000 0.0000],0.5161492228507996,0.5280526803974717,0.2342049404978752,0.7657950595021248,0.06383348881156056,None
339,0.8695411682128906,0.6466515064239502,1.4781646728515625,0.5866060256958008,[0.0919 0.0507 0.0279 0.0228 0.0295 0.1000 0.1000],[0.0806 0.4930 0.7206 0.7716 0.7050 0.0000 0.0000],0.5161926746368408,0.5278880834071857,0.2284335345029831,0.7715664654970169,0.06224630193086964,None
339,0.86963951587677,0.6465904116630554,1.47855806350708,0.5863616466522217,[0.0929 0.0508 0.0276 0.0223 0.0286 0.1000 0.1000],[0.0712 0.4917 0.7236 0.7774 0.7141 0.0000 0.0000],0.5162299275398254,0.5277192527598498,0.22260762751102448,0.7773923724889755,0.06064376530184527,None
339,0.8697815537452698,0.6466293334960938,1.479126214981079,0.586517333984375,[0.0936 0.0508 0.0272 0.0216 0.0276 0.1000 0.1000],[0.0644 0.4923 0.7280 0.7844 0.7244 0.0000 0.0000],0.5164108872413635,0.5276100972192822,0.21560244262218475,0.7843975573778152,0.05874381734552355,None
339,0.8699471354484558,0.6467934250831604,1.4797885417938232,0.5871737003326416,[0.0937 0.0505 0.0267 0.0209 0.0266 0.1000 0.1000],[0.0628 0.4953 0.7332 0.7913 0.7336 0.0000 0.0000],0.5167405605316162,0.5276085200119551,0.20870186388492584,0.7912981361150742,0.056899792122562326,None
339,0.8700650930404663,0.6468335390090942,1.4802603721618652,0.587334156036377,[0.0943 0.0504 0.0263 0.0203 0.0258 0.1000 0.1000],[0.0572 0.4959 0.7369 0.7972 0.7422 0.0000 0.0000],0.5168986320495605,0.5275261340228732,0.2027895674109459,0.7972104325890541,0.05529615978040605,None
339,0.8701556921005249,0.646824836730957,1.4806227684020996,0.5872993469238281,[0.0950 0.0504 0.0260 0.0198 0.0250 0.1000 0.1000],[0.0504 0.4957 0.7399 0.8023 0.7497 0.0000 0.0000],0.5169805288314819,0.5274210591133288,0.19772574305534363,0.8022742569446564,0.05391317011661249,None
339,0.8702444434165955,0.6468045711517334,1.4809777736663818,0.5872182846069336,[0.0957 0.0505 0.0257 0.0193 0.0243 0.1000 0.1000],[0.0429 0.4952 0.7429 0.8074 0.7574 0.0000 0.0000],0.5170490145683289,0.5273057306621307,0.19257646054029465,0.8074235394597054,0.05250460629398923,None
339,0.8703966736793518,0.6468993425369263,1.4815866947174072,0.5875973701477051,[0.0963 0.0503 0.0252 0.0185 0.0232 0.1000 0.1000],[0.0372 0.4968 0.7479 0.8148 0.7676 0.0000 0.0000],0.5172960162162781,0.527244956512968,0.18518218770623207,0.8148178122937679,0.05050690756879665,None
339,0.8705446124076843,0.6470177173614502,1.4821784496307373,0.5880708694458008,[0.0967 0.0501 0.0247 0.0178 0.0223 0.1000 0.1000],[0.0330 0.4989 0.7529 0.8218 0.7771 0.0000 0.0000],0.5175623297691345,0.5272136898701125,0.1781756803393364,0.8218243196606636,0.04861807550145267,None
339,0.8706686496734619,0.6470649242401123,1.4826745986938477,0.5882596969604492,[0.0974 0.0500 0.0243 0.0172 0.0214 0.1000 0.1000],[0.0260 0.4997 0.7573 0.8284 0.7864 0.0000 0.0000],0.5177335739135742,0.5271324440888869,0.1715763844549656,0.8284236155450344,0.046825625560660264,None
339,0.8707801103591919,0.6471274495124817,1.4831204414367676,0.5885097980499268,[0.0979 0.0499 0.0239 0.0166 0.0206 0.1000 0.1000],[0.0207 0.5007 0.7612 0.8342 0.7944 0.0000 0.0000],0.5179075598716736,0.5270807036642402,0.16580406576395035,0.8341959342360497,0.04526104151326082,None
339,0.870876669883728,0.6471584439277649,1.483506679534912,0.5886337757110596,[0.0985 0.0499 0.0235 0.0160 0.0198 0.1000 0.1000],[0.0145 0.5012 0.7647 0.8395 0.8019 0.0000 0.0000],0.5180351138114929,0.5270113891900111,0.16046717762947083,0.8395328223705292,0.04380920915045903,None
339,0.8709707260131836,0.6471832394599915,1.4838829040527344,0.5887329578399658,[0.0992 0.0498 0.0232 0.0155 0.0191 0.1000 0.1000],[0.0079 0.5016 0.7681 0.8449 0.8093 0.0000 0.0000],0.518153965473175,0.5269381789309222,0.15514145605266094,0.8448585439473391,0.04235906404917213,None
339,0.8710600733757019,0.6471986174583435,1.4842402935028076,0.588794469833374,[0.0999 0.0498 0.0229 0.0150 0.0183 0.1000 0.1000],[0.0009 0.5018 0.7714 0.8501 0.8167 0.0000 0.0000],0.5182586908340454,0.526860003891704,0.14992745593190193,0.8500725440680981,0.040937658238925326,None
339,0.8711497783660889,0.6472185254096985,1.4845991134643555,0.588874101638794,[0.1006 0.0498 0.0225 0.0145 0.0176 0.1000 0.1000],[-0.0061 0.5020 0.7748 0.8553 0.8240 0.0000 0.0000],0.5183683037757874,0.5267862502458425,0.14469201676547527,0.8553079832345247,0.039510947009168865,None
339,0.8712794780731201,0.6473240852355957,1.4851179122924805,0.5892963409423828,[0.1012 0.0496 0.0220 0.0138 0.0167 0.1000 0.1000],[-0.0115 0.5039 0.7797 0.8621 0.8329 0.0000 0.0000],0.5186035633087158,0.5267607446148149,0.13794263824820518,0.8620573617517948,0.03768316980193097,None
339,0.8713582158088684,0.647242546081543,1.4854328632354736,0.5889701843261719,[0.1025 0.0498 0.0217 0.0132 0.0158 0.1000 0.1000],[-0.0247 0.5022 0.7829 0.8680 0.8416 0.0000 0.0000],0.5186007618904114,0.5265914346705106,0.13204279355704784,0.8679572064429522,0.036059661460984486,None
339,0.8714436292648315,0.6472001075744629,1.4857745170593262,0.5888004302978516,[0.1036 0.0499 0.0214 0.0126 0.0150 0.1000 0.1000],[-0.0362 0.5013 0.7864 0.8739 0.8500 0.0000 0.0000],0.5186437368392944,0.5264564204950418,0.12614399194717407,0.8738560080528259,0.03444277501634169,None
339,0.8714979887008667,0.6470677256584167,1.4859919548034668,0.588270902633667,[0.1051 0.0501 0.0211 0.0121 0.0142 0.1000 0.1000],[-0.0509 0.4987 0.7888 0.8789 0.8576 0.0000 0.0000],0.5185657143592834,0.5262592871174676,0.12110363692045212,0.8788963630795479,0.033049185320627346,None
339,0.8715674877166748,0.6470108032226562,1.4862699508666992,0.588043212890625,[0.1062 0.0502 0.0208 0.0116 0.0135 0.1000 0.1000],[-0.0624 0.4975 0.7917 0.8840 0.8649 0.0000 0.0000],0.518578290939331,0.5261258769525197,0.11596796102821827,0.8840320389717817,0.031640403706702645,None
339,0.8716297149658203,0.6469377875328064,1.4865188598632812,0.5877511501312256,[0.1075 0.0504 0.0206 0.0111 0.0128 0.1000 0.1000],[-0.0745 0.4961 0.7944 0.8889 0.8719 0.0000 0.0000],0.5185675024986267,0.5259831992080725,0.11107365600764751,0.8889263439923525,0.030296205380780566,None
339,0.8716680407524109,0.6467540264129639,1.4866721630096436,0.5870161056518555,[0.1000 0.0507 0.0204 0.0106 0.0121 0.1000 0.1000],[0.0000 0.4925 0.7964 0.8936 0.8791 0.0000 0.0000],0.5184220671653748,0.5257489964802953,0.1063962560147047,0.8936037439852953,0.028999350938373726,None
339,0.8716999292373657,0.6465370059013367,1.486799716949463,0.5861480236053467,[0.1000 0.0512 0.0202 0.0102 0.0114 0.1000 0.1000],[0.0000 0.4884 0.7981 0.8983 0.8863 0.0000 0.0000],0.5182369351387024,0.5254866457769296,0.10173195041716099,0.898268049582839,0.027704315025388705,None
339,0.8717286586761475,0.6463121175765991,1.4869146347045898,0.5852484703063965,[0.1000 0.0516 0.0200 0.0097 0.0107 0.1000 0.1000],[0.0000 0.4840 0.7998 0.9028 0.8934 0.0000 0.0000],0.5180407762527466,0.5252194811288606,0.0971813965588808,0.9028186034411192,0.02644161074984557,None
339,0.871752917766571,0.6460731029510498,1.4870116710662842,0.5842924118041992,[0.1000 0.0521 0.0199 0.0093 0.0100 0.1000 0.1000],[0.0000 0.4795 0.8014 0.9072 0.9003 0.0000 0.0000],0.5178260207176208,0.5249423036982548,0.09275016374886036,0.9072498362511396,0.02521216424902398,None
339,0.8717706799507141,0.6458058953285217,1.4870827198028564,0.5832235813140869,[0.1000 0.0526 0.0197 0.0088 0.0093 0.1000 0.1000],[0.0000 0.4744 0.8028 0.9116 0.9071 0.0000 0.0000],0.5175765752792358,0.5246424665347225,0.08842163719236851,0.9115783628076315,0.024010245775615766,None
339,0.8717936873435974,0.645582914352417,1.4871747493743896,0.582331657409668,[0.1000 0.0530 0.0196 0.0084 0.0087 0.1000 0.1000],[0.0000 0.4702 0.8043 0.9157 0.9134 0.0000 0.0000],0.5173766016960144,0.5243837965426531,0.08427532389760017,0.9157246761023998,0.02286422460674433,None
339,0.869934618473053,0.6451671719551086,1.479738473892212,0.5806686878204346,[0.1000 0.0533 0.0193 0.0282 0.0282 0.1000 0.1000],[0.0000 0.4671 0.8070 0.7183 0.7176 0.0000 0.0000],0.5151017904281616,0.5259035472417619,0.19295495003461838,0.8070450499653816,0.05227031098495331,None
339,0.869940459728241,0.6448635458946228,1.4797618389129639,0.5794541835784912,[0.1000 0.0539 0.0192 0.0278 0.0276 0.1000 0.1000],[0.0000 0.4614 0.8080 0.7219 0.7241 0.0000 0.0000],0.5148040056228638,0.5255772836028842,0.19196663051843643,0.8080333694815636,0.05194027508876142,None
339,0.8699515461921692,0.6445779204368591,1.4798061847686768,0.5783116817474365,[0.1000 0.0544 0.0191 0.0274 0.0269 0.1000 0.1000],[0.0000 0.4560 0.8092 0.7255 0.7306 0.0000 0.0000],0.5145294666290283,0.5252646782097312,0.19079135730862617,0.8092086426913738,0.05156406491057705,None
339,0.8699537515640259,0.6442576050758362,1.4798150062561035,0.5770304203033447,[0.1000 0.0550 0.0190 0.0271 0.0263 0.1000 0.1000],[0.0000 0.4500 0.8102 0.7291 0.7370 0.0000 0.0000],0.5142113566398621,0.5249251148627306,0.18981797620654106,0.8101820237934589,0.051236134225820656,None
