342,0.8807970285415649,0.7310585975646973,1.5231881141662598,0.9242343902587891,[0.1000 0.1000 0.1000 0.1000 0.1000 0.1000 0.1000],[0.0000 0.0000 0.0000 0.0000 0.0000 0.0000 0.0000],0.6118556261062622,0.6130394968774362,1.0,0.0,0.3750916651898117,None
342,0.8807970285415649,0.7310585975646973,1.5231881141662598,0.9242343902587891,[0.1000 0.1000 0.1000 0.1000 0.1000 0.1000 0.1000],[0.0000 0.0000 0.0000 0.0000 0.0000 0.0000 0.0000],0.6118556261062622,0.6130394968774362,1.0,0.0,0.3750916651898117,None
342,0.8807970285415649,0.7310585975646973,1.5231881141662598,0.9242343902587891,[0.1000 0.1000 0.1000 0.1000 0.1000 0.1000 0.1000],[0.0000 0.0000 0.0000 0.0000 0.0000 0.0000 0.0000],0.6118556261062622,0.6130394968774362,1.0,0.0,0.3750916651898117,None
342,0.8807970285415649,0.7310585975646973,1.5231881141662598,0.9242343902587891,[0.1000 0.1000 0.1000 0.1000 0.1000 0.1000 0.1000],[0.0000 0.0000 0.0000 0.0000 0.0000 0.0000 0.0000],0.6118556261062622,0.6130394968774362,1.0,0.0,0.3750916651898117,None
342,0.8807970285415649,0.7310585975646973,1.5231881141662598,0.9242343902587891,[0.1000 0.1000 0.1000 0.1000 0.1000 0.1000 0.1000],[0.0000 0.0000 0.0000 0.0000 0.0000 0.0000 0.0000],0.6118556261062622,0.6130394968774362,1.0,0.0,0.3750916651898117,None
342,0.8807970285415649,0.7310585975646973,1.5231881141662598,0.9242343902587891,[0.1000 0.1000 0.1000 0.1000 0.1000 0.1000 0.1000],[0.0000 0.0000 0.0000 0.0000 0.0000 0.0000 0.0000],0.6118556261062622,0.6130394968774362,1.0,0.0,0.3750916651898117,None
342,0.8807970285415649,0.7310585975646973,1.5231881141662598,0.9242343902587891,[0.1000 0.1000 0.1000 0.1000 0.1000 0.1000 0.1000],[0.0000 0.0000 0.0000 0.0000 0.0000 0.0000 0.0000],0.6118556261062622,0.6130394968774362,1.0,0.0,0.3750916651898117,None
342,0.8807970285415649,0.7310585975646973,1.5231881141662598,0.9242343902587891,[0.1000 0.1000 0.1000 0.1000 0.1000 0.1000 0.1000],[0.0000 0.0000 0.0000 0.0000 0.0000 0.0000 0.0000],0.6118556261062622,0.6130394968774362,1.0,0.0,0.3750916651898117,None
342,0.8807970285415649,0.7310585975646973,1.5231881141662598,0.9242343902587891,[0.1000 0.1000 0.1000 0.1000 0.1000 0.1000 0.1000],[0.0000 0.0000 0.0000 0.0000 0.0000 0.0000 0.0000],0.6118556261062622,0.6130394968774362,1.0,0.0,0.3750916651898117,None
342,0.8807970285415649,0.7310585975646973,1.5231881141662598,0.9242343902587891,[0.1000 0.1000 0.1000 0.1000 0.1000 0.1000 0.1000],[0.0000 0.0000 0.0000 0.0000 0.0000 0.0000 0.0000],0.6118556261062622,0.6130394968774362,1.0,0.0,0.3750916651898117,None
342,0.8807970285415649,0.7310585975646973,1.5231881141662598,0.9242343902587891,[0.1000 0.1000 0.1000 0.1000 0.1000 0.1000 0.1000],[0.0000 0.0000 0.0000 0.0000 0.0000 0.0000 0.0000],0.6118556261062622,0.6130394968774362,1.0,0.0,0.3750916651898117,None
342,0.8807970285415649,0.7310585975646973,1.5231881141662598,0.9242343902587891,[0.1000 0.1000 0.1000 0.1000 0.1000 0.1000 0.1000],[0.0000 0.0000 0.0000 0.0000 0.0000 0.0000 0.0000],0.6118556261062622,0.6130394968774362,1.0,0.0,0.3750916651898117,None
342,0.8807970285415649,0.7310585975646973,1.5231881141662598,0.9242343902587891,[0.1000 0.1000 0.1000 0.1000 0.1000 0.1000 0.1000],[0.0000 0.0000 0.0000 0.0000 0.0000 0.0000 0.0000],0.6118556261062622,0.6130394968774362,1.0,0.0,0.3750916651898117,None
342,0.8807970285415649,0.7310585975646973,1.5231881141662598,0.9242343902587891,[0.1000 0.1000 0.1000 0.1000 0.1000 0.1000 0.1000],[0.0000 0.0000 0.0000 0.0000 0.0000 0.0000 0.0000],0.6118556261062622,0.6130394968774362,1.0,0.0,0.3750916651898117,None
342,0.8807970285415649,0.7310585975646973,1.5231881141662598,0.9242343902587891,[0.1000 0.1000 0.1000 0.1000 0.1000 0.1000 0.1000],[0.0000 0.0000 0.0000 0.0000 0.0000 0.0000 0.0000],0.6118556261062622,0.6130394968774362,1.0,0.0,0.3750916651898117,None
342,0.8807970285415649,0.7310585975646973,1.5231881141662598,0.9242343902587891,[0.1000 0.1000 0.1000 0.1000 0.1000 0.1000 0.1000],[0.0000 0.0000 0.0000 0.0000 0.0000 0.0000 0.0000],0.6118556261062622,0.6130394968774362,1.0,0.0,0.3750916651898117,None
342,0.8807970285415649,0.7310585975646973,1.5231881141662598,0.9242343902587891,[0.1000 0.1000 0.1000 0.1000 0.1000 0.1000 0.1000],[0.0000 0.0000 0.0000 0.0000 0.0000 0.0000 0.0000],0.6118556261062622,0.6130394968774362,1.0,0.0,0.3750916651898117,None
342,0.8807970285415649,0.7310585975646973,1.5231881141662598,0.9242343902587891,[0.1000 0.1000 0.1000 0.1000 0.1000 0.1000 0.1000],[0.0000 0.0000 0.0000 0.0000 0.0000 0.0000 0.0000],0.6118556261062622,0.6130394968774362,1.0,0.0,0.3750916651898117,None
342,0.8807970285415649,0.7310585975646973,1.5231881141662598,0.9242343902587891,[0.1000 0.1000 0.1000 0.1000 0.1000 0.1000 0.1000],[0.0000 0.0000 0.0000 0.0000 0.0000 0.0000 0.0000],0.6118556261062622,0.6130394968774362,1.0,0.0,0.3750916651898117,None
342,0.8807970285415649,0.7310585975646973,1.5231881141662598,0.9242343902587891,[0.1000 0.1000 0.1000 0.1000 0.1000 0.1000 0.1000],[0.0000 0.0000 0.0000 0.0000 0.0000 0.0000 0.0000],0.6118556261062622,0.6130394968774362,1.0,0.0,0.3750916651898117,None
342,0.8807970285415649,0.7310585975646973,1.5231881141662598,0.9242343902587891,[0.1000 0.1000 0.1000 0.1000 0.1000 0.1000 0.1000],[0.0000 0.0000 0.0000 0.0000 0.0000 0.0000 0.0000],0.6118556261062622,0.6130394968774362,1.0,0.0,0.3750916651898117,None
342,0.8807970285415649,0.7310585975646973,1.5231881141662598,0.9242343902587891,[0.1000 0.1000 0.1000 0.1000 0.1000 0.1000 0.1000],[0.0000 0.0000 0.0000 0.0000 0.0000 0.0000 0.0000],0.6118556261062622,0.6130394968774362,1.0,0.0,0.3750916651898117,None
342,0.8807970285415649,0.7310585975646973,1.5231881141662598,0.9242343902587891,[0.1000 0.1000 0.1000 0.1000 0.1000 0.1000 0.1000],[0.0000 0.0000 0.0000 0.0000 0.0000 0.0000 0.0000],0.6118556261062622,0.6130394968774362,1.0,0.0,0.3750916651898117,None
342,0.8807970285415649,0.7310585975646973,1.5231881141662598,0.9242343902587891,[0.1000 0.1000 0.1000 0.1000 0.1000 0.1000 0.1000],[0.0000 0.0000 0.0000 0.0000 0.0000 0.0000 0.0000],0.6118556261062622,0.6130394968774362,1.0,0.0,0.3750916651898117,None
342,0.8807970285415649,0.7310585975646973,1.5231881141662598,0.9242343902587891,[0.1000 0.1000 0.1000 0.1000 0.1000 0.1000 0.1000],[0.0000 0.0000 0.0000 0.0000 0.0000 0.0000 0.0000],0.6118556261062622,0.6130394968774362,1.0,0.0,0.3750916651898117,None
342,0.8807970285415649,0.7310585975646973,1.5231881141662598,0.9242343902587891,[0.1000 0.1000 0.1000 0.1000 0.1000 0.1000 0.1000],[0.0000 0.0000 0.0000 0.0000 0.0000 0.0000 0.0000],0.6118556261062622,0.6130394968774362,1.0,0.0,0.3750916651898117,None
342,0.8807970285415649,0.7310585975646973,1.5231881141662598,0.9242343902587891,[0.1000 0.1000 0.1000 0.1000 0.1000 0.1000 0.1000],[0.0000 0.0000 0.0000 0.0000 0.0000 0.0000 0.0000],0.6118556261062622,0.6130394968774362,1.0,0.0,0.3750916651898117,None
342,0.8807970285415649,0.7310585975646973,1.5231881141662598,0.9242343902587891,[0.1000 0.1000 0.1000 0.1000 0.1000 0.1000 0.1000],[0.0000 0.0000 0.0000 0.0000 0.0000 0.0000 0.0000],0.6118556261062622,0.6130394968774362,1.0,0.0,0.3750916651898117,None
342,0.8807970285415649,0.7310585975646973,1.5231881141662598,0.9242343902587891,[0.1000 0.1000 0.1000 0.1000 0.1000 0.1000 0.1000],[0.0000 0.0000 0.0000 0.0000 0.0000 0.0000 0.0000],0.6118556261062622,0.6130394968774362,1.0,0.0,0.3750916651898117,None
342,0.8807970285415649,0.7310585975646973,1.5231881141662598,0.9242343902587891,[0.1000 0.1000 0.1000 0.1000 0.1000 0.1000 0.1000],[0.0000 0.0000 0.0000 0.0000 0.0000 0.0000 0.0000],0.6118556261062622,0.6130394968774362,1.0,0.0,0.3750916651898117,None
342,0.8807970285415649,0.7310585975646973,1.5231881141662598,0.9242343902587891,[0.1000 0.1000 0.1000 0.1000 0.1000 0.1000 0.1000],[0.0000 0.0000 0.0000 0.0000 0.0000 0.0000 0.0000],0.6118556261062622,0.6130394968774362,1.0,0.0,0.3750916651898117,None
342,0.8807970285415649,0.7310585975646973,1.5231881141662598,0.9242343902587891,[0.1000 0.1000 0.1000 0.1000 0.1000 0.1000 0.1000],[0.0000 0.0000 0.0000 0.0000 0.0000 0.0000 0.0000],0.6118556261062622,0.6130394968774362,1.0,0.0,0.3750916651898117,None
342,0.8807970285415649,0.7310585975646973,1.5231881141662598,0.9242343902587891,[0.1000 0.1000 0.1000 0.1000 0.1000 0.1000 0.1000],[0.0000 0.0000 0.0000 0.0000 0.0000 0.0000 0.0000],0.6118556261062622,0.6130394968774362,1.0,0.0,0.3750916651898117,None
342,0.8807970285415649,0.7310585975646973,1.5231881141662598,0.9242343902587891,[0.1000 0.1000 0.1000 0.1000 0.1000 0.1000 0.1000],[0.0000 0.0000 0.0000 0.0000 0.0000 0.0000 0.0000],0.6118556261062622,0.6130394968774362,1.0,0.0,0.3750916651898117,None
342,0.8807970285415649,0.7310585975646973,1.5231881141662598,0.9242343902587891,[0.1000 0.1000 0.1000 0.1000 0.1000 0.1000 0.1000],[0.0000 0.0000 0.0000 0.0000 0.0000 0.0000 0.0000],0.6118556261062622,0.6130394968774362,1.0,0.0,0.3750916651898117,None
342,0.8807970285415649,0.7310585975646973,1.5231881141662598,0.9242343902587891,[0.1000 0.1000 0.1000 0.1000 0.1000 0.1000 0.1000],[0.0000 0.0000 0.0000 0.0000 0.0000 0.0000 0.0000],0.6118556261062622,0.6130394968774362,1.0,0.0,0.3750916651898117,None
342,0.8807970285415649,0.7310585975646973,1.5231881141662598,0.9242343902587891,[0.1000 0.1000 0.1000 0.1000 0.1000 0.1000 0.1000],[0.0000 0.0000 0.0000 0.0000 0.0000 0.0000 0.0000],0.6118556261062622,0.6130394968774362,1.0,0.0,0.3750916651898117,None
342,0.8807970285415649,0.7310585975646973,1.5231881141662598,0.9242343902587891,[0.1000 0.1000 0.1000 0.1000 0.1000 0.1000 0.1000],[0.0000 0.0000 0.0000 0.0000 0.0000 0.0000 0.0000],0.6118556261062622,0.6130394968774362,1.0,0.0,0.3750916651898117,None
342,0.8807970285415649,0.7310585975646973,1.5231881141662598,0.9242343902587891,[0.1000 0.1000 0.1000 0.1000 0.1000 0.1000 0.1000],[0.0000 0.0000 0.0000 0.0000 0.0000 0.0000 0.0000],0.6118556261062622,0.6130394968774362,1.0,0.0,0.3750916651898117,None
342,0.8807970285415649,0.7310585975646973,1.5231881141662598,0.9242343902587891,[0.1000 0.1000 0.1000 0.1000 0.1000 0.1000 0.1000],[0.0000 0.0000 0.0000 0.0000 0.0000 0.0000 0.0000],0.6118556261062622,0.6130394968774362,1.0,0.0,0.3750916651898117,None
342,0.8807970285415649,0.7310585975646973,1.5231881141662598,0.9242343902587891,[0.1000 0.1000 0.1000 0.1000 0.1000 0.1000 0.1000],[0.0000 0.0000 0.0000 0.0000 0.0000 0.0000 0.0000],0.6118556261062622,0.6130394968774362,1.0,0.0,0.3750916651898117,None
342,0.8807970285415649,0.7310585975646973,1.5231881141662598,0.9242343902587891,[0.1000 0.1000 0.1000 0.1000 0.1000 0.1000 0.1000],[0.0000 0.0000 0.0000 0.0000 0.0000 0.0000 0.0000],0.6118556261062622,0.6130394968774362,1.0,0.0,0.3750916651898117,None
342,0.8807970285415649,0.7310585975646973,1.5231881141662598,0.9242343902587891,[0.1000 0.1000 0.1000 0.1000 0.1000 0.1000 0.1000],[0.0000 0.0000 0.0000 0.0000 0.0000 0.0000 0.0000],0.6118556261062622,0.6130394968774362,1.0,0.0,0.3750916651898117,None
342,0.8807970285415649,0.7310585975646973,1.5231881141662598,0.9242343902587891,[0.1000 0.1000 0.1000 0.1000 0.1000 0.1000 0.1000],[0.0000 0.0000 0.0000 0.0000 0.0000 0.0000 0.0000],0.6118556261062622,0.6130394968774362,1.0,0.0,0.3750916651898117,None
342,0.8807970285415649,0.7310585975646973,1.5231881141662598,0.9242343902587891,[0.1000 0.1000 0.1000 0.1000 0.1000 0.1000 0.1000],[0.0000 0.0000 0.0000 0.0000 0.0000 0.0000 0.0000],0.6118556261062622,0.6130394968774362,1.0,0.0,0.3750916651898117,None
342,0.8807970285415649,0.7310585975646973,1.5231881141662598,0.9242343902587891,[0.1000 0.1000 0.1000 0.1000 0.1000 0.1000 0.1000],[0.0000 0.0000 0.0000 0.0000 0.0000 0.0000 0.0000],0.6118556261062622,0.6130394968774362,1.0,0.0,0.3750916651898117,None
342,0.8807970285415649,0.7310585975646973,1.5231881141662598,0.9242343902587891,[0.1000 0.1000 0.1000 0.1000 0.1000 0.1000 0.1000],[0.0000 0.0000 0.0000 0.0000 0.0000 0.0000 0.0000],0.6118556261062622,0.6130394968774362,1.0,0.0,0.3750916651898117,None
342,0.8807970285415649,0.7310585975646973,1.5231881141662598,0.9242343902587891,[0.1000 0.1000 0.1000 0.1000 0.1000 0.1000 0.1000],[0.0000 0.0000 0.0000 0.0000 0.0000 0.0000 0.0000],0.6118556261062622,0.6130394968774362,1.0,0.0,0.3750916651898117,None
342,0.8807970285415649,0.7310585975646973,1.5231881141662598,0.9242343902587891,[0.1000 0.1000 0.1000 0.1000 0.1000 0.1000 0.1000],[0.0000 0.0000 0.0000 0.0000 0.0000 0.0000 0.0000],0.6118556261062622,0.6130394968774362,1.0,0.0,0.3750916651898117,None
342,0.8807970285415649,0.7310585975646973,1.5231881141662598,0.9242343902587891,[0.1000 0.1000 0.1000 0.1000 0.1000 0.1000 0.1000],[0.0000 0.0000 0.0000 0.0000 0.0000 0.0000 0.0000],0.6118556261062622,0.6130394968774362,1.0,0.0,0.3750916651898117,None
342,0.8807970285415649,0.7310585975646973,1.5231881141662598,0.9242343902587891,[0.1000 0.1000 0.1000 0.1000 0.1000 0.1000 0.1000],[0.0000 0.0000 0.0000 0.0000 0.0000 0.0000 0.0000],0.6118556261062622,0.6130394968774362,1.0,0.0,0.3750916651898117,None
342,0.8807970285415649,0.7310585975646973,1.5231881141662598,0.9242343902587891,[0.1000 0.1000 0.1000 0.1000 0.1000 0.1000 0.1000],[0.0000 0.0000 0.0000 0.0000 0.0000 0.0000 0.0000],0.6118556261062622,0.6130394968774362,1.0,0.0,0.3750916651898117,None
342,0.8807970285415649,0.7310585975646973,1.5231881141662598,0.9242343902587891,[0.1000 0.1000 0.1000 0.1000 0.1000 0.1000 0.1000],[0.0000 0.0000 0.0000 0.0000 0.0000 0.0000 0.0000],0.6118556261062622,0.6130394968774362,1.0,0.0,0.3750916651898117,None
342,0.8807970285415649,0.7310585975646973,1.5231881141662598,0.9242343902587891,[0.1000 0.1000 0.1000 0.1000 0.1000 0.1000 0.1000],[0.0000 0.0000 0.0000 0.0000 0.0000 0.0000 0.0000],0.6118556261062622,0.6130394968774362,1.0,0.0,0.3750916651898117,None
342,0.8807970285415649,0.7310585975646973,1.5231881141662598,0.9242343902587891,[0.1000 0.1000 0.1000 0.1000 0.1000 0.1000 0.1000],[0.0000 0.0000 0.0000 0.0000 0.0000 0.0000 0.0000],0.6118556261062622,0.6130394968774362,1.0,0.0,0.3750916651898117,None
342,0.8807970285415649,0.7310585975646973,1.5231881141662598,0.9242343902587891,[0.1000 0.1000 0.1000 0.1000 0.1000 0.1000 0.1000],[0.0000 0.0000 0.0000 0.0000 0.0000 0.0000 0.0000],0.6118556261062622,0.6130394968774362,1.0,0.0,0.3750916651898117,None
342,0.8807970285415649,0.7310585975646973,1.5231881141662598,0.9242343902587891,[0.1000 0.1000 0.1000 0.1000 0.1000 0.1000 0.1000],[0.0000 0.0000 0.0000 0.0000 0.0000 0.0000 0.0000],0.6118556261062622,0.6130394968774362,1.0,0.0,0.3750916651898117,None
342,0.8807970285415649,0.7310585975646973,1.5231881141662598,0.9242343902587891,[0.1000 0.1000 0.1000 0.1000 0.1000 0.1000 0.1000],[0.0000 0.0000 0.0000 0.0000 0.0000 0.0000 0.0000],0.6118556261062622,0.6130394968774362,1.0,0.0,0.3750916651898117,None
342,0.8807970285415649,0.7310585975646973,1.5231881141662598,0.9242343902587891,[0.1000 0.1000 0.1000 0.1000 0.1000 0.1000 0.1000],[0.0000 0.0000 0.0000 0.0000 0.0000 0.0000 0.0000],0.6118556261062622,0.6130394968774362,1.0,0.0,0.3750916651898117,None
342,0.8807970285415649,0.7310585975646973,1.5231881141662598,0.9242343902587891,[0.1000 0.1000 0.1000 0.1000 0.1000 0.1000 0.1000],[0.0000 0.0000 0.0000 0.0000 0.0000 0.0000 0.0000],0.6118556261062622,0.6130394968774362,1.0,0.0,0.3750916651898117,None
342,0.8807970285415649,0.7310585975646973,1.5231881141662598,0.9242343902587891,[0.1000 0.1000 0.1000 0.1000 0.1000 0.1000 0.1000],[0.0000 0.0000 0.0000 0.0000 0.0000 0.0000 0.0000],0.6118556261062622,0.6130394968774362,1.0,0.0,0.3750916651898117,None
342,0.8807970285415649,0.7310585975646973,1.5231881141662598,0.9242343902587891,[0.1000 0.1000 0.1000 0.1000 0.1000 0.1000 0.1000],[0.0000 0.0000 0.0000 0.0000 0.0000 0.0000 0.0000],0.6118556261062622,0.6130394968774362,1.0,0.0,0.3750916651898117,None
342,0.8807970285415649,0.7310585975646973,1.5231881141662598,0.9242343902587891,[0.1000 0.1000 0.1000 0.1000 0.1000 0.1000 0.1000],[0.0000 0.0000 0.0000 0.0000 0.0000 0.0000 0.0000],0.6118556261062622,0.6130394968774362,1.0,0.0,0.3750916651898117,None
342,0.8807970285415649,0.7310585975646973,1.5231881141662598,0.9242343902587891,[0.1000 0.1000 0.1000 0.1000 0.1000 0.1000 0.1000],[0.0000 0.0000 0.0000 0.0000 0.0000 0.0000 0.0000],0.6118556261062622,0.6130394968774362,1.0,0.0,0.3750916651898117,None
342,0.8807970285415649,0.7310585975646973,1.5231881141662598,0.9242343902587891,[0.1000 0.1000 0.1000 0.1000 0.1000 0.1000 0.1000],[0.0000 0.0000 0.0000 0.0000 0.0000 0.0000 0.0000],0.6118556261062622,0.6130394968774362,1.0,0.0,0.3750916651898117,None
342,0.8807970285415649,0.7310585975646973,1.5231881141662598,0.9242343902587891,[0.1000 0.1000 0.1000 0.1000 0.1000 0.1000 0.1000],[0.0000 0.0000 0.0000 0.0000 0.0000 0.0000 0.0000],0.6118556261062622,0.6130394968774362,1.0,0.0,0.3750916651898117,None
342,0.8807970285415649,0.7310585975646973,1.5231881141662598,0.9242343902587891,[0.1000 0.1000 0.1000 0.1000 0.1000 0.1000 0.1000],[0.0000 0.0000 0.0000 0.0000 0.0000 0.0000 0.0000],0.6118556261062622,0.6130394968774362,1.0,0.0,0.3750916651898117,None
342,0.8807970285415649,0.7310585975646973,1.5231881141662598,0.9242343902587891,[0.1000 0.1000 0.1000 0.1000 0.1000 0.1000 0.1000],[0.0000 0.0000 0.0000 0.0000 0.0000 0.0000 0.0000],0.6118556261062622,0.6130394968774362,1.0,0.0,0.3750916651898117,None
342,0.8807970285415649,0.7310585975646973,1.5231881141662598,0.9242343902587891,[0.1000 0.1000 0.1000 0.1000 0.1000 0.1000 0.1000],[0.0000 0.0000 0.0000 0.0000 0.0000 0.0000 0.0000],0.6118556261062622,0.6130394968774362,1.0,0.0,0.3750916651898117,None
342,0.8807970285415649,0.7310585975646973,1.5231881141662598,0.9242343902587891,[0.1000 0.1000 0.1000 0.1000 0.1000 0.1000 0.1000],[0.0000 0.0000 0.0000 0.0000 0.0000 0.0000 0.0000],0.6118556261062622,0.6130394968774362,1.0,0.0,0.3750916651898117,None
342,0.8807970285415649,0.7310585975646973,1.5231881141662598,0.9242343902587891,[0.1000 0.1000 0.1000 0.1000 0.1000 0.1000 0.1000],[0.0000 0.0000 0.0000 0.0000 0.0000 0.0000 0.0000],0.6118556261062622,0.6130394968774362,1.0,0.0,0.3750916651898117,None
342,0.8807970285415649,0.7310585975646973,1.5231881141662598,0.9242343902587891,[0.1000 0.1000 0.1000 0.1000 0.1000 0.1000 0.1000],[0.0000 0.0000 0.0000 0.0000 0.0000 0.0000 0.0000],0.6118556261062622,0.6130394968774362,1.0,0.0,0.3750916651898117,None
342,0.8807970285415649,0.7310585975646973,1.5231881141662598,0.9242343902587891,[0.1000 0.1000 0.1000 0.1000 0.1000 0.1000 0.1000],[0.0000 0.0000 0.0000 0.0000 0.0000 0.0000 0.0000],0.6118556261062622,0.6130394968774362,1.0,0.0,0.3750916651898117,None
342,0.8807970285415649,0.7310585975646973,1.5231881141662598,0.9242343902587891,[0.1000 0.1000 0.1000 0.1000 0.1000 0.1000 0.1000],[0.0000 0.0000 0.0000 0.0000 0.0000 0.0000 0.0000],0.6118556261062622,0.6130394968774362,1.0,0.0,0.3750916651898117,None
342,0.8807970285415649,0.7310585975646973,1.5231881141662598,0.9242343902587891,[0.1000 0.1000 0.1000 0.1000 0.1000 0.1000 0.1000],[0.0000 0.0000 0.0000 0.0000 0.0000 0.0000 0.0000],0.6118556261062622,0.6130394968774362,1.0,0.0,0.3750916651898117,None
342,0.8807970285415649,0.7310585975646973,1.5231881141662598,0.9242343902587891,[0.1000 0.1000 0.1000 0.1000 0.1000 0.1000 0.1000],[0.0000 0.0000 0.0000 0.0000 0.0000 0.0000 0.0000],0.6118556261062622,0.6130394968774362,1.0,0.0,0.3750916651898117,None
342,0.8807970285415649,0.7310585975646973,1.5231881141662598,0.9242343902587891,[0.1000 0.1000 0.1000 0.1000 0.1000 0.1000 0.1000],[0.0000 0.0000 0.0000 0.0000 0.0000 0.0000 0.0000],0.6118556261062622,0.6130394968774362,1.0,0.0,0.3750916651898117,None
342,0.8807970285415649,0.7310585975646973,1.5231881141662598,0.9242343902587891,[0.1000 0.1000 0.1000 0.1000 0.1000 0.1000 0.1000],[0.0000 0.0000 0.0000 0.0000 0.0000 0.0000 0.0000],0.6118556261062622,0.6130394968774362,1.0,0.0,0.3750916651898117,None
342,0.8807970285415649,0.7310585975646973,1.5231881141662598,0.9242343902587891,[0.1000 0.1000 0.1000 0.1000 0.1000 0.1000 0.1000],[0.0000 0.0000 0.0000 0.0000 0.0000 0.0000 0.0000],0.6118556261062622,0.6130394968774362,1.0,0.0,0.3750916651898117,None
342,0.8807970285415649,0.7310585975646973,1.5231881141662598,0.9242343902587891,[0.1000 0.1000 0.1000 0.1000 0.1000 0.1000 0.1000],[0.0000 0.0000 0.0000 0.0000 0.0000 0.0000 0.0000],0.6118556261062622,0.6130394968774362,1.0,0.0,0.3750916651898117,None
342,0.8807970285415649,0.7310585975646973,1.5231881141662598,0.9242343902587891,[0.1000 0.1000 0.1000 0.1000 0.1000 0.1000 0.1000],[0.0000 0.0000 0.0000 0.0000 0.0000 0.0000 0.0000],0.6118556261062622,0.6130394968774362,1.0,0.0,0.3750916651898117,None
342,0.8807970285415649,0.7310585975646973,1.5231881141662598,0.9242343902587891,[0.1000 0.1000 0.1000 0.1000 0.1000 0.1000 0.1000],[0.0000 0.0000 0.0000 0.0000 0.0000 0.0000 0.0000],0.6118556261062622,0.6130394968774362,1.0,0.0,0.3750916651898117,None
342,0.8807970285415649,0.7310585975646973,1.5231881141662598,0.9242343902587891,[0.1000 0.1000 0.1000 0.1000 0.1000 0.1000 0.1000],[0.0000 0.0000 0.0000 0.0000 0.0000 0.0000 0.0000],0.6118556261062622,0.6130394968774362,1.0,0.0,0.3750916651898117,None
342,0.8807970285415649,0.7310585975646973,1.5231881141662598,0.9242343902587891,[0.1000 0.1000 0.1000 0.1000 0.1000 0.1000 0.1000],[0.0000 0.0000 0.0000 0.0000 0.0000 0.0000 0.0000],0.6118556261062622,0.6130394968774362,1.0,0.0,0.3750916651898117,None
342,0.8807970285415649,0.7310585975646973,1.5231881141662598,0.9242343902587891,[0.1000 0.1000 0.1000 0.1000 0.1000 0.1000 0.1000],[0.0000 0.0000 0.0000 0.0000 0.0000 0.0000 0.0000],0.6118556261062622,0.6130394968774362,1.0,0.0,0.3750916651898117,None
342,0.8807970285415649,0.7310585975646973,1.5231881141662598,0.9242343902587891,[0.1000 0.1000 0.1000 0.1000 0.1000 0.1000 0.1000],[0.0000 0.0000 0.0000 0.0000 0.0000 0.0000 0.0000],0.6118556261062622,0.6130394968774362,1.0,0.0,0.3750916651898117,None
342,0.8807970285415649,0.7310585975646973,1.5231881141662598,0.9242343902587891,[0.1000 0.1000 0.1000 0.1000 0.1000 0.1000 0.1000],[0.0000 0.0000 0.0000 0.0000 0.0000 0.0000 0.0000],0.6118556261062622,0.6130394968774362,1.0,0.0,0.3750916651898117,None
342,0.8807970285415649,0.7310585975646973,1.5231881141662598,0.9242343902587891,[0.1000 0.1000 0.1000 0.1000 0.1000 0.1000 0.1000],[0.0000 0.0000 0.0000 0.0000 0.0000 0.0000 0.0000],0.6118556261062622,0.6130394968774362,1.0,0.0,0.3750916651898117,None
342,0.8807970285415649,0.7310585975646973,1.5231881141662598,0.9242343902587891,[0.1000 0.1000 0.1000 0.1000 0.1000 0.1000 0.1000],[0.0000 0.0000 0.0000 0.0000 0.0000 0.0000 0.0000],0.6118556261062622,0.6130394968774362,1.0,0.0,0.3750916651898117,None
342,0.8807970285415649,0.7310585975646973,1.5231881141662598,0.9242343902587891,[0.1000 0.1000 0.1000 0.1000 0.1000 0.1000 0.1000],[0.0000 0.0000 0.0000 0.0000 0.0000 0.0000 0.0000],0.6118556261062622,0.6130394968774362,1.0,0.0,0.3750916651898117,None
342,0.8807970285415649,0.7310585975646973,1.5231881141662598,0.9242343902587891,[0.1000 0.1000 0.1000 0.1000 0.1000 0.1000 0.1000],[0.0000 0.0000 0.0000 0.0000 0.0000 0.0000 0.0000],0.6118556261062622,0.6130394968774362,1.0,0.0,0.3750916651898117,None
342,0.8807970285415649,0.7310585975646973,1.5231881141662598,0.9242343902587891,[0.1000 0.1000 0.1000 0.1000 0.1000 0.1000 0.1000],[0.0000 0.0000 0.0000 0.0000 0.0000 0.0000 0.0000],0.6118556261062622,0.6130394968774362,1.0,0.0,0.3750916651898117,None
342,0.8807970285415649,0.7310585975646973,1.5231881141662598,0.9242343902587891,[0.1000 0.1000 0.1000 0.1000 0.1000 0.1000 0.1000],[0.0000 0.0000 0.0000 0.0000 0.0000 0.0000 0.0000],0.6118556261062622,0.6130394968774362,1.0,0.0,0.3750916651898117,None
342,0.8807970285415649,0.7310585975646973,1.5231881141662598,0.9242343902587891,[0.1000 0.1000 0.1000 0.1000 0.1000 0.1000 0.1000],[0.0000 0.0000 0.0000 0.0000 0.0000 0.0000 0.0000],0.6118556261062622,0.6130394968774362,1.0,0.0,0.3750916651898117,None
342,0.8786939382553101,0.7310585975646973,1.5147757530212402,0.9242343902587891,[0.1080 0.1000 0.1000 0.1000 0.1000 0.1000 0.1000],[-0.0796 0.0000 0.0000 0.0000 0.0000 0.0000 0.0000],0.6097525358200073,0.6157665544351809,1.0,0.0,0.37546521804000016,None
342,0.8789219856262207,0.7310585975646973,1.5156879425048828,0.9242343902587891,[0.1071 0.1000 0.1000 0.1000 0.1000 0.1000 0.1000],[-0.0710 0.0000 0.0000 0.0000 0.0000 0.0000 0.0000],0.609980583190918,0.6154699126706423,1.0,0.0,0.37542469626730174,None
342,0.8791405558586121,0.7310585975646973,1.5165622234344482,0.9242343902587891,[0.1063 0.1000 0.1000 0.1000 0.1000 0.1000 0.1000],[-0.0628 0.0000 0.0000 0.0000 0.0000 0.0000 0.0000],0.6101991534233093,0.6151858132891735,1.0,0.0,0.3753858624670837,None
342,0.8793603777885437,0.7310585975646973,1.5174415111541748,0.9242343902587891,[0.1054 0.1000 0.1000 0.1000 0.1000 0.1000 0.1000],[-0.0545 0.0000 0.0000 0.0000 0.0000 0.0000 0.0000],0.610418975353241,0.6149002983332155,1.0,0.0,0.37534681005296355,None
342,0.8795564770698547,0.7310585975646973,1.518225908279419,0.9242343902587891,[0.1047 0.1000 0.1000 0.1000 0.1000 0.1000 0.1000],[-0.0471 0.0000 0.0000 0.0000 0.0000 0.0000 0.0000],0.610615074634552,0.6146457739881948,1.0,0.0,0.3753119751576135,None
342,0.8797670006752014,0.7310585975646973,1.5190680027008057,0.9242343902587891,[0.1039 0.1000 0.1000 0.1000 0.1000 0.1000 0.1000],[-0.0391 0.0000 0.0000 0.0000 0.0000 0.0000 0.0000],0.6108255982398987,0.6143727147743508,1.0,0.0,0.3752745810443135,None
342,0.8799745440483093,0.7310585975646973,1.5198981761932373,0.9242343902587891,[0.1031 0.1000 0.1000 0.1000 0.1000 0.1000 0.1000],[-0.0312 0.0000 0.0000 0.0000 0.0000 0.0000 0.0000],0.6110331416130066,0.6141037101971412,1.0,0.0,0.3752377193179625,None
342,0.8801863193511963,0.7310585975646973,1.5207452774047852,0.9242343902587891,[0.1023 0.1000 0.1000 0.1000 0.1000 0.1000 0.1000],[-0.0232 0.0000 0.0000 0.0000 0.0000 0.0000 0.0000],0.6112449169158936,0.6138294136181537,1.0,0.0,0.37520010892756,None
342,0.8803924322128296,0.7310585975646973,1.5215697288513184,0.9242343902587891,[0.1015 0.1000 0.1000 0.1000 0.1000 0.1000 0.1000],[-0.0154 0.0000 0.0000 0.0000 0.0000 0.0000 0.0000],0.6114510297775269,0.6135626381311814,1.0,0.0,0.37516350691832695,None
342,0.8806037306785583,0.7310585975646973,1.5224149227142334,0.9242343902587891,[0.1007 0.1000 0.1000 0.1000 0.1000 0.1000 0.1000],[-0.0074 0.0000 0.0000 0.0000 0.0000 0.0000 0.0000],0.6116623282432556,0.6132893418667374,1.0,0.0,0.3751259867329826,None
342,0.8807789087295532,0.7310585975646973,1.523115634918213,0.9242343902587891,[0.1001 0.1000 0.1000 0.1000 0.1000 0.1000 0.1000],[-0.0007 0.0000 0.0000 0.0000 0.0000 0.0000 0.0000],0.6118375062942505,0.6130629105851237,1.0,0.0,0.37509488241389716,None
342,0.880977988243103,0.7310585975646973,1.523911952972412,0.9242343902587891,[0.0993 0.1000 0.1000 0.1000 0.1000 0.1000 0.1000],[0.0069 0.0000 0.0000 0.0000 0.0000 0.0000 0.0000],0.6120365858078003,0.6128057455508853,0.9931037575006485,0.006896242499351557,0.37247303475655263,None
342,0.8811612725257874,0.7310585975646973,1.5246450901031494,0.9242343902587891,[0.0986 0.1000 0.1000 0.1000 0.1000 0.1000 0.1000],[0.0139 0.0000 0.0000 0.0000 0.0000 0.0000 0.0000],0.6122198700904846,0.6125691352497971,0.9861055761575699,0.01389442384243017,0.3698162123636796,None
342,0.8813250660896301,0.7310585975646973,1.5253002643585205,0.9242343902587891,[0.0980 0.1000 0.1000 0.1000 0.1000 0.1000 0.1000],[0.0202 0.0000 0.0000 0.0000 0.0000 0.0000 0.0000],0.6123836636543274,0.6123578086367109,0.9798447042703629,0.0201552957296372,0.36743972437854083,None
342,0.8814857602119446,0.7310585975646973,1.5259430408477783,0.9242343902587891,[0.0974 0.1000 0.1000 0.1000 0.1000 0.1000 0.1000],[0.0263 0.0000 0.0000 0.0000 0.0000 0.0000 0.0000],0.6125443577766418,0.6121505928233906,0.9736955165863037,0.026304483413696345,0.3651060155978312,None
342,0.8816617727279663,0.7310585975646973,1.5266470909118652,0.9242343902587891,[0.0967 0.1000 0.1000 0.1000 0.1000 0.1000 0.1000],[0.0330 0.0000 0.0000 0.0000 0.0000 0.0000 0.0000],0.6127203702926636,0.6119237508384866,0.9669511765241623,0.03304882347583776,0.3625468825633095,None
342,0.8818209767341614,0.7310585975646973,1.5272839069366455,0.9242343902587891,[0.0961 0.1000 0.1000 0.1000 0.1000 0.1000 0.1000],[0.0392 0.0000 0.0000 0.0000 0.0000 0.0000 0.0000],0.6128795742988586,0.6117186855262488,0.9608412533998489,0.03915874660015112,0.3602288862905056,None
342,0.8820103406906128,0.7310585975646973,1.5280413627624512,0.9242343902587891,[0.0954 0.1000 0.1000 0.1000 0.1000 0.1000 0.1000],[0.0464 0.0000 0.0000 0.0000 0.0000 0.0000 0.0000],0.6130689382553101,0.6114749131318346,0.9535634517669678,0.04643654823303228,0.3574683155025809,None
342,0.8822004199028015,0.7310585975646973,1.528801679611206,0.9242343902587891,[0.0946 0.1000 0.1000 0.1000 0.1000 0.1000 0.1000],[0.0538 0.0000 0.0000 0.0000 0.0000 0.0000 0.0000],0.6132590174674988,0.6112303736940035,0.9462492167949677,0.053750783205032404,0.3546944583993534,None
342,0.8823879361152649,0.7310585975646973,1.5295517444610596,0.9242343902587891,[0.0939 0.1000 0.1000 0.1000 0.1000 0.1000 0.1000],[0.0610 0.0000 0.0000 0.0000 0.0000 0.0000 0.0000],0.6134465336799622,0.6109892822163281,0.9390195459127426,0.06098045408725744,0.35195321858548867,None
342,0.8825636506080627,0.7310585975646973,1.530254602432251,0.9242343902587891,[0.0932 0.1000 0.1000 0.1000 0.1000 0.1000 0.1000],[0.0678 0.0000 0.0000 0.0000 0.0000 0.0000 0.0000],0.61362224817276,0.6107634998572649,0.9322366118431091,0.06776338815689092,0.3493818399264926,None
342,0.8827263712882996,0.7310585975646973,1.5309054851531982,0.9242343902587891,[0.0926 0.1000 0.1000 0.1000 0.1000 0.1000 0.1000],[0.0741 0.0000 0.0000 0.0000 0.0000 0.0000 0.0000],0.6137849688529968,0.6105545304877686,0.9259447455406189,0.07405525445938116,0.34699704659699365,None
342,0.882896900177002,0.7310585975646973,1.5315876007080078,0.9242343902587891,[0.0919 0.1000 0.1000 0.1000 0.1000 0.1000 0.1000],[0.0807 0.0000 0.0000 0.0000 0.0000 0.0000 0.0000],0.6139554977416992,0.6103356539118511,0.919342041015625,0.08065795898437506,0.34449486608526764,None
342,0.8830466866493225,0.7310585975646973,1.53218674659729,0.9242343902587891,[0.0914 0.1000 0.1000 0.1000 0.1000 0.1000 0.1000],[0.0865 0.0000 0.0000 0.0000 0.0000 0.0000 0.0000],0.6141052842140198,0.6101435019335637,0.9135336428880692,0.0864663571119309,0.34229406623936454,None
342,0.8832125663757324,0.7310585975646973,1.5328502655029297,0.9242343902587891,[0.0907 0.1000 0.1000 0.1000 0.1000 0.1000 0.1000],[0.0929 0.0000 0.0000 0.0000 0.0000 0.0000 0.0000],0.6142711639404297,0.6099308153531797,0.9070933610200882,0.09290663897991186,0.339854239977852,None
342,0.8833808898925781,0.7310585975646973,1.5335235595703125,0.9242343902587891,[0.0901 0.1000 0.1000 0.1000 0.1000 0.1000 0.1000],[0.0995 0.0000 0.0000 0.0000 0.0000 0.0000 0.0000],0.6144394874572754,0.6097151138874568,0.9005431830883026,0.09945681691169744,0.3373732321975398,None
342,0.8777976036071777,0.727463960647583,1.511190414428711,0.909855842590332,[0.0895 0.1073 0.1000 0.1000 0.1000 0.1000 0.1000],[0.1055 -0.0729 0.0000 0.0000 0.0000 0.0000 0.0000],0.6052615642547607,0.6122711734219459,0.8945369720458984,0.10546302795410162,0.3315012754675182,None
342,0.878753662109375,0.7279565334320068,1.5150146484375,0.9118261337280273,[0.0889 0.1063 0.1000 0.1000 0.1000 0.1000 0.1000],[0.1114 -0.0629 0.0000 0.0000 0.0000 0.0000 0.0000],0.6067101955413818,0.6116739402546255,0.888601616024971,0.11139838397502905,0.329767893529366,None
342,0.8797608613967896,0.7284750938415527,1.5190434455871582,0.9139003753662109,[0.0882 0.1052 0.1000 0.1000 0.1000 0.1000 0.1000],[0.1179 -0.0524 0.0000 0.0000 0.0000 0.0000 0.0000],0.6082359552383423,0.6110452885550339,0.8820879459381104,0.1179120540618897,0.32783655439661075,None
342,0.880651593208313,0.7289409041404724,1.522606372833252,0.9157636165618896,[0.0877 0.1043 0.1000 0.1000 0.1000 0.1000 0.1000],[0.1234 -0.0430 0.0000 0.0000 0.0000 0.0000 0.0000],0.6095924973487854,0.6104994363703172,0.8765606582164764,0.12343934178352362,0.3262171996668944,None
342,0.8816884756088257,0.7294859290122986,1.5267539024353027,0.9179437160491943,[0.0870 0.1032 0.1000 0.1000 0.1000 0.1000 0.1000],[0.1300 -0.0319 0.0000 0.0000 0.0000 0.0000 0.0000],0.6111744046211243,0.6098685521564211,0.8700388669967651,0.12996113300323492,0.3242948499881934,None
342,0.8827055096626282,0.730023980140686,1.5308220386505127,0.9200959205627441,[0.0864 0.1021 0.1000 0.1000 0.1000 0.1000 0.1000],[0.1364 -0.0210 0.0000 0.0000 0.0000 0.0000 0.0000],0.6127294898033142,0.6092551605946124,0.8635875582695007,0.13641244173049932,0.3223846655599286,None
342,0.883709192276001,0.7305583357810974,1.534836769104004,0.9222333431243896,[0.0857 0.1010 0.1000 0.1000 0.1000 0.1000 0.1000],[0.1429 -0.0102 0.0000 0.0000 0.0000 0.0000 0.0000],0.6142675280570984,0.6086550671148232,0.8571499586105347,0.1428500413894654,0.32046869237521114,None
342,0.8846982717514038,0.7310882210731506,1.5387930870056152,0.9243528842926025,[0.0851 0.0999 0.1000 0.1000 0.1000 0.1000 0.1000],[0.1492 0.0006 0.0000 0.0000 0.0000 0.0000 0.0000],0.6157864928245544,0.608068818951269,0.8507567644119263,0.14924323558807379,0.3185578438995651,None
342,0.8856773376464844,0.7316113114356995,1.5427093505859375,0.9264452457427979,[0.0844 0.0989 0.1000 0.1000 0.1000 0.1000 0.1000],[0.1559 0.0113 0.0000 0.0000 0.0000 0.0000 0.0000],0.6172886490821838,0.6074875464258682,0.8440589904785156,0.15594100952148443,0.31651804198048317,None
342,0.8865116238594055,0.7320654988288879,1.546046495437622,0.9282619953155518,[0.0839 0.0979 0.1000 0.1000 0.1000 0.1000 0.1000],[0.1613 0.0205 0.0000 0.0000 0.0000 0.0000 0.0000],0.6185771226882935,0.6070036577390094,0.8386549353599548,0.16134506464004522,0.31489696093923136,None
342,0.8874672055244446,0.7325868606567383,1.5498688220977783,0.9303474426269531,[0.0832 0.0969 0.1000 0.1000 0.1000 0.1000 0.1000],[0.1677 0.0312 0.0000 0.0000 0.0000 0.0000 0.0000],0.6200540661811829,0.6064515978082159,0.8322889357805252,0.16771106421947485,0.3129679215882161,None
342,0.8884127140045166,0.7331084609031677,1.5536508560180664,0.9324338436126709,[0.0826 0.0958 0.1000 0.1000 0.1000 0.1000 0.1000],[0.1739 0.0418 0.0000 0.0000 0.0000 0.0000 0.0000],0.6215211749076843,0.6059133939076984,0.8260703831911087,0.17392961680889135,0.3110881971608595,None
342,0.889350950717926,0.7336285710334778,1.557403802871704,0.9345142841339111,[0.0820 0.0948 0.1000 0.1000 0.1000 0.1000 0.1000],[0.1802 0.0525 0.0000 0.0000 0.0000 0.0000 0.0000],0.6229795217514038,0.6053832496149609,0.8197898417711258,0.18021015822887426,0.30917666184178855,None
342,0.8902714848518372,0.734142005443573,1.5610859394073486,0.936568021774292,[0.0814 0.0937 0.1000 0.1000 0.1000 0.1000 0.1000],[0.1865 0.0630 0.0000 0.0000 0.0000 0.0000 0.0000],0.6244134902954102,0.6048677697171944,0.8135475963354111,0.18645240366458898,0.30726683528647564,None
342,0.8911545276641846,0.7346382141113281,1.5646181106567383,0.9385528564453125,[0.0808 0.0927 0.1000 0.1000 0.1000 0.1000 0.1000],[0.1925 0.0732 0.0000 0.0000 0.0000 0.0000 0.0000],0.6257927417755127,0.6043785729351145,0.8075301349163055,0.1924698650836945,0.3054205948128504,None
342,0.8920676112174988,0.7351493239402771,1.5682704448699951,0.9405972957611084,[0.0801 0.0916 0.1000 0.1000 0.1000 0.1000 0.1000],[0.1991 0.0837 0.0000 0.0000 0.0000 0.0000 0.0000],0.6272169351577759,0.6038708704510338,0.8009213954210281,0.19907860457897192,0.3033554151968812,None
342,0.892846941947937,0.7355954051017761,1.571387767791748,0.9423816204071045,[0.0796 0.0907 0.1000 0.1000 0.1000 0.1000 0.1000],[0.2043 0.0929 0.0000 0.0000 0.0000 0.0000 0.0000],0.6284423470497131,0.6034504610440696,0.7956641912460327,0.20433580875396734,0.3017427739192241,None
342,0.8937159180641174,0.7360939383506775,1.5748636722564697,0.94437575340271,[0.0790 0.0897 0.1000 0.1000 0.1000 0.1000 0.1000],[0.2104 0.1031 0.0000 0.0000 0.0000 0.0000 0.0000],0.6298098564147949,0.6029836530904049,0.7896327972412109,0.21036720275878912,0.2998749371256283,None
342,0.8945397138595581,0.7365690469741821,1.5781588554382324,0.9462761878967285,[0.0784 0.0887 0.1000 0.1000 0.1000 0.1000 0.1000],[0.2162 0.1130 0.0000 0.0000 0.0000 0.0000 0.0000],0.6311087608337402,0.6025447611549497,0.7838195562362671,0.21618044376373297,0.2980640640259777,None
342,0.8953379392623901,0.7370326519012451,1.5813517570495605,0.9481306076049805,[0.0778 0.0877 0.1000 0.1000 0.1000 0.1000 0.1000],[0.2218 0.1226 0.0000 0.0000 0.0000 0.0000 0.0000],0.6323705911636353,0.6021240301788193,0.7781593501567841,0.221840649843216,0.29629625654494324,None
342,0.8960609436035156,0.7374549508094788,1.5842437744140625,0.949819803237915,[0.0773 0.0869 0.1000 0.1000 0.1000 0.1000 0.1000],[0.2270 0.1313 0.0000 0.0000 0.0000 0.0000 0.0000],0.6335158944129944,0.6017463210539834,0.7729734480381012,0.22702655196189886,0.2946697368174461,None
342,0.8967766165733337,0.7378753423690796,1.587106466293335,0.9515013694763184,[0.0768 0.0860 0.1000 0.1000 0.1000 0.1000 0.1000],[0.2322 0.1400 0.0000 0.0000 0.0000 0.0000 0.0000],0.6346519589424133,0.6013757731845013,0.7678002119064331,0.23219978809356695,0.2930419400238768,None
342,0.8974794745445251,0.7382899522781372,1.5899178981781006,0.9531598091125488,[0.0763 0.0851 0.1000 0.1000 0.1000 0.1000 0.1000],[0.2374 0.1487 0.0000 0.0000 0.0000 0.0000 0.0000],0.6357694268226624,0.6010143833840774,0.7626341283321381,0.237365871667862,0.2914075109695944,None
342,0.8982096314430237,0.7387170195579529,1.5928385257720947,0.9548680782318115,[0.0757 0.0842 0.1000 0.1000 0.1000 0.1000 0.1000],[0.2432 0.1576 0.0000 0.0000 0.0000 0.0000 0.0000],0.6369266510009766,0.6006347387602787,0.7568228244781494,0.24317717552185064,0.28953034606756395,None
342,0.8989459872245789,0.7391548752784729,1.5957839488983154,0.9566195011138916,[0.0751 0.0833 0.1000 0.1000 0.1000 0.1000 0.1000],[0.2488 0.1667 0.0000 0.0000 0.0000 0.0000 0.0000],0.6381008625030518,0.6002611953461285,0.7512014359235764,0.2487985640764237,0.2877305724796485,None
342,0.8997048735618591,0.7396059632301331,1.5988194942474365,0.9584238529205322,[0.0745 0.0824 0.1000 0.1000 0.1000 0.1000 0.1000],[0.2548 0.1761 0.0000 0.0000 0.0000 0.0000 0.0000],0.6393108367919922,0.599876381187356,0.7451663166284561,0.25483368337154394,0.2857768497349398,None
342,0.9004529714584351,0.7400525808334351,1.6018118858337402,0.9602103233337402,[0.0739 0.0815 0.1000 0.1000 0.1000 0.1000 0.1000],[0.2609 0.1855 0.0000 0.0000 0.0000 0.0000 0.0000],0.6405055522918701,0.5994998244382408,0.7390958815813065,0.2609041184186936,0.2838002288793526,None
342,0.9011906385421753,0.7404955625534058,1.6047625541687012,0.961982250213623,[0.0733 0.0805 0.1000 0.1000 0.1000 0.1000 0.1000],[0.2670 0.1948 0.0000 0.0000 0.0000 0.0000 0.0000],0.641686201095581,0.5991320965844615,0.7330317795276642,0.26696822047233587,0.28181758546750707,None
342,0.9019165635108948,0.7409336566925049,1.607666254043579,0.9637346267700195,[0.0727 0.0796 0.1000 0.1000 0.1000 0.1000 0.1000],[0.2730 0.2040 0.0000 0.0000 0.0000 0.0000 0.0000],0.6428502202033997,0.5987732476287382,0.7269667834043503,0.2730332165956498,0.279825154961168,None
342,0.9026278257369995,0.7413685321807861,1.610511302947998,0.9654741287231445,[0.0721 0.0787 0.1000 0.1000 0.1000 0.1000 0.1000],[0.2788 0.2132 0.0000 0.0000 0.0000 0.0000 0.0000],0.6439963579177856,0.5984289682307582,0.7211557775735855,0.27884422242641455,0.27792339531326476,None
342,0.9033255577087402,0.7417952418327332,1.613302230834961,0.9671809673309326,[0.0715 0.0778 0.1000 0.1000 0.1000 0.1000 0.1000],[0.2848 0.2222 0.0000 0.0000 0.0000 0.0000 0.0000],0.6451207995414734,0.5980916573694854,0.7152325659990311,0.284767434000969,0.27596631184718373,None
342,0.8978089690208435,0.735428512096405,1.591235876083374,0.9417140483856201,[0.0710 0.0769 0.1071 0.1000 0.1000 0.1000 0.1000],[0.2902 0.2310 -0.0707 0.0000 0.0000 0.0000 0.0000],0.6332374811172485,0.597035414801203,0.7097659260034561,0.29023407399654394,0.26833779833378424,None
342,0.9000375270843506,0.7374946475028992,1.6001501083374023,0.9499785900115967,[0.0704 0.0760 0.1054 0.1000 0.1000 0.1000 0.1000],[0.2958 0.2400 -0.0537 0.0000 0.0000 0.0000 0.0000],0.6375321745872498,0.5968339305181407,0.7041711360216141,0.295828863978386,0.2679377042467243,None
342,0.9021489024162292,0.7394876480102539,1.608595609664917,0.9579505920410156,[0.0699 0.0751 0.1037 0.1000 0.1000 0.1000 0.1000],[0.3012 0.2487 -0.0373 0.0000 0.0000 0.0000 0.0000],0.6416365504264832,0.5966871507055902,0.6988459080457687,0.3011540919542313,0.2675575481855618,None
342,0.9041352272033691,0.7413869500160217,1.6165409088134766,0.9655478000640869,[0.0694 0.0743 0.1022 0.1000 0.1000 0.1000 0.1000],[0.3064 0.2571 -0.0216 0.0000 0.0000 0.0000 0.0000],0.6455221772193909,0.5965792801710014,0.6935660541057587,0.3064339458942414,0.26709586333783425,None
342,0.906049370765686,0.7432477474212646,1.6241974830627441,0.9729909896850586,[0.0688 0.0735 0.1006 0.1000 0.1000 0.1000 0.1000],[0.3116 0.2654 -0.0061 0.0000 0.0000 0.0000 0.0000],0.6492971181869507,0.5965131683134859,0.6884276121854782,0.31157238781452185,0.2666378457350295,None
342,0.9078428745269775,0.7450149059295654,1.6313714981079102,0.9800596237182617,[0.0683 0.0727 0.0991 0.1000 0.1000 0.1000 0.1000],[0.3166 0.2734 0.0086 0.0000 0.0000 0.0000 0.0000],0.652857780456543,0.5964805226542191,0.683421790599823,0.31657820940017706,0.26613602933108577,None
342,0.9096033573150635,0.7467731237411499,1.638413429260254,0.9870924949645996,[0.0678 0.0719 0.0977 0.1000 0.1000 0.1000 0.1000],[0.3217 0.2815 0.0234 0.0000 0.0000 0.0000 0.0000],0.6563764810562134,0.5964777161371214,0.678335577249527,0.3216644227504731,0.26557783743954305,None
342,0.9113450050354004,0.7485142946243286,1.6453800201416016,0.9940571784973145,[0.0672 0.0710 0.0962 0.1000 0.1000 0.1000 0.1000],[0.3276 0.2900 0.0379 0.0000 0.0000 0.0000 0.0000],0.659859299659729,0.5964771252939038,0.6724304705858231,0.327569529414177,0.26466256666211607,None
342,0.913139283657074,0.7503562569618225,1.652557134628296,1.00142502784729,[0.0667 0.0701 0.0947 0.1000 0.1000 0.1000 0.1000],[0.3332 0.2987 0.0535 0.0000 0.0000 0.0000 0.0000],0.6634955406188965,0.5965362138986308,0.66683329641819,0.33316670358181005,0.26393203040158986,None
342,0.9148761034011841,0.7521592974662781,1.6595044136047363,1.0086371898651123,[0.0661 0.0693 0.0931 0.1000 0.1000 0.1000 0.1000],[0.3390 0.3074 0.0688 0.0000 0.0000 0.0000 0.0000],0.6670354008674622,0.5966182875551918,0.6610145419836044,0.3389854580163956,0.2630609950054468,None
342,0.916570782661438,0.7539465427398682,1.666283130645752,1.0157861709594727,[0.0655 0.0684 0.0916 0.1000 0.1000 0.1000 0.1000],[0.3448 0.3162 0.0841 0.0000 0.0000 0.0000 0.0000],0.6705173254013062,0.596733041371389,0.6552001088857651,0.344799891114235,0.2621585646216307,None
342,0.918219804763794,0.7557116746902466,1.6728792190551758,1.0228466987609863,[0.0649 0.0675 0.0901 0.1000 0.1000 0.1000 0.1000],[0.3507 0.3250 0.0993 0.0000 0.0000 0.0000 0.0000],0.6739314794540405,0.5968770285960532,0.6493443995714188,0.3506556004285813,0.2612015242686837,None
342,0.9198107719421387,0.7574445009231567,1.6792430877685547,1.029778003692627,[0.0644 0.0666 0.0886 0.1000 0.1000 0.1000 0.1000],[0.3563 0.3336 0.1144 0.0000 0.0000 0.0000 0.0000],0.6772552728652954,0.5970530171114543,0.6436512619256973,0.35634873807430273,0.26026508900061585,None
342,0.9213394522666931,0.7591166496276855,1.6853578090667725,1.0364665985107422,[0.0637 0.0658 0.0871 0.1000 0.1000 0.1000 0.1000],[0.3626 0.3424 0.1288 0.0000 0.0000 0.0000 0.0000],0.6804561018943787,0.5972310803463013,0.6374064832925797,0.3625935167074204,0.2590353229888722,None
342,0.9226823449134827,0.7606166005134583,1.6907293796539307,1.042466402053833,[0.0632 0.0650 0.0858 0.1000 0.1000 0.1000 0.1000],[0.3679 0.3502 0.1420 0.0000 0.0000 0.0000 0.0000],0.6832989454269409,0.597426100696997,0.6321142613887787,0.36788573861122137,0.2580420785880219,None
342,0.9240341186523438,0.762147068977356,1.696136474609375,1.0485882759094238,[0.0627 0.0642 0.0844 0.1000 0.1000 0.1000 0.1000],[0.3734 0.3582 0.1555 0.0000 0.0000 0.0000 0.0000],0.6861811876296997,0.5976481021854281,0.6266357749700546,0.37336422502994543,0.25698012578637736,None
342,0.9253613352775574,0.7636697888374329,1.7014453411102295,1.0546791553497314,[0.0621 0.0634 0.0831 0.1000 0.1000 0.1000 0.1000],[0.3789 0.3663 0.1691 0.0000 0.0000 0.0000 0.0000],0.6890311241149902,0.5978911261360619,0.6210735812783241,0.37892641872167593,0.25586094728856945,None
342,0.9267212152481079,0.7652562856674194,1.7068848609924316,1.0610251426696777,[0.0615 0.0625 0.0817 0.1000 0.1000 0.1000 0.1000],[0.3846 0.3748 0.1833 0.0000 0.0000 0.0000 0.0000],0.6919775009155273,0.5981730103879426,0.6153619661927223,0.38463803380727773,0.25471201874495863,None
342,0.9280372858047485,0.7668102383613586,1.7121491432189941,1.0672409534454346,[0.0610 0.0617 0.0803 0.1000 0.1000 0.1000 0.1000],[0.3905 0.3832 0.1974 0.0000 0.0000 0.0000 0.0000],0.6948475241661072,0.5984691201870149,0.6095327436923981,0.390467256307602,0.25347101363615465,None
342,0.9293196797370911,0.7683449983596802,1.7172787189483643,1.0733799934387207,[0.0604 0.0608 0.0789 0.1000 0.1000 0.1000 0.1000],[0.3964 0.3917 0.2113 0.0000 0.0000 0.0000 0.0000],0.6976646780967712,0.5987834981242535,0.6036462634801865,0.3963537365198136,0.2521732848017071,None
342,0.9305201768875122,0.7698001861572266,1.7220807075500488,1.0792007446289062,[0.0598 0.0600 0.0775 0.1000 0.1000 0.1000 0.1000],[0.4021 0.3999 0.2247 0.0000 0.0000 0.0000 0.0000],0.7003203630447388,0.5991010217894218,0.5978987738490105,0.4021012261509896,0.25085599104620454,None
342,0.9316781163215637,0.7712230086326599,1.7267124652862549,1.0848920345306396,[0.0592 0.0592 0.0762 0.1000 0.1000 0.1000 0.1000],[0.4078 0.4080 0.2378 0.0000 0.0000 0.0000 0.0000],0.7029011249542236,0.5994315193516797,0.5919856205582619,0.4080143794417382,0.24942786620726132,None
342,0.9328528046607971,0.7726696729660034,1.7314112186431885,1.0906786918640137,[0.0586 0.0583 0.0749 0.1000 0.1000 0.1000 0.1000],[0.4144 0.4167 0.2511 0.0000 0.0000 0.0000 0.0000],0.7055224776268005,0.5997711508464267,0.5832811444997787,0.4167188555002213,0.24681659939586892,None
342,0.934013843536377,0.7741326093673706,1.7360553741455078,1.0965304374694824,[0.0579 0.0575 0.0735 0.1000 0.1000 0.1000 0.1000],[0.4206 0.4254 0.2648 0.0000 0.0000 0.0000 0.0000],0.7081464529037476,0.6001484848484298,0.5746468529105186,0.4253531470894814,0.24422090188922843,None
342,0.9351276159286499,0.7755516767501831,1.7405104637145996,1.1022067070007324,[0.0573 0.0566 0.0722 0.1000 0.1000 0.1000 0.1000],[0.4269 0.4339 0.2781 0.0000 0.0000 0.0000 0.0000],0.710679292678833,0.6005304277188728,0.5660691484808922,0.4339308515191079,0.24158956091808673,None
342,0.9362083077430725,0.7769502401351929,1.74483323097229,1.1078009605407715,[0.0567 0.0558 0.0709 0.1000 0.1000 0.1000 0.1000],[0.4331 0.4424 0.2914 0.0000 0.0000 0.0000 0.0000],0.7131585478782654,0.60092849311448,0.5575642734766006,0.4424357265233994,0.23894823489401879,None
342,0.9372627139091492,0.7783311009407043,1.7490508556365967,1.1133244037628174,[0.0561 0.0549 0.0695 0.1000 0.1000 0.1000 0.1000],[0.4394 0.4510 0.3046 0.0000 0.0000 0.0000 0.0000],0.7155938148498535,0.6013377206601498,0.5489957705140114,0.4510042294859887,0.23624032088848596,None
342,0.9382832646369934,0.7796789407730103,1.7531330585479736,1.118715763092041,[0.0554 0.0540 0.0682 0.1000 0.1000 0.1000 0.1000],[0.4460 0.4596 0.3175 0.0000 0.0000 0.0000 0.0000],0.7179622054100037,0.6017484163697737,0.5403580144047737,0.45964198559522634,0.2334522887654974,None
342,0.9392827153205872,0.7810238599777222,1.7571308612823486,1.1240954399108887,[0.0548 0.0532 0.0669 0.1000 0.1000 0.1000 0.1000],[0.4524 0.4682 0.3306 0.0000 0.0000 0.0000 0.0000],0.7203065752983093,0.6021823843230858,0.5317876860499382,0.46821231395006185,0.2306660628339174,None
342,0.9363853335380554,0.7761160135269165,1.7455413341522217,1.104464054107666,[0.0541 0.0523 0.0656 0.1079 0.1000 0.1000 0.1000],[0.4590 0.4769 0.3438 -0.0790 0.0000 0.0000 0.0000],0.7125013470649719,0.5996634915335114,0.523076243698597,0.4769237563014031,0.22349010276060735,None
342,0.9386312961578369,0.779424250125885,1.7545251846313477,1.11769700050354,[0.0535 0.0514 0.0643 0.1055 0.1000 0.1000 0.1000],[0.4654 0.4857 0.3571 -0.0550 0.0000 0.0000 0.0000],0.7180555462837219,0.6009924235907895,0.5143376812338829,0.48566231876611715,0.2219603396859261,None
342,0.9407249689102173,0.7825937271118164,1.7628998756408691,1.1303749084472656,[0.0528 0.0506 0.0630 0.1032 0.1000 0.1000 0.1000],[0.4718 0.4943 0.3702 -0.0316 0.0000 0.0000 0.0000],0.7233186960220337,0.6023428086927123,0.5057107284665108,0.4942892715334893,0.2203309908567744,None
342,0.9427052736282349,0.7856751680374146,1.7708210945129395,1.1427006721496582,[0.0522 0.0497 0.0617 0.1008 0.1000 0.1000 0.1000],[0.4781 0.5029 0.3833 -0.0083 0.0000 0.0000 0.0000],0.7283804416656494,0.6037297568693553,0.49712833017110825,0.5028716698288918,0.2186096711810192,None
342,0.9445856213569641,0.7886569499969482,1.7783424854278564,1.154627799987793,[0.0515 0.0488 0.0603 0.0986 0.1000 0.1000 0.1000],[0.4854 0.5120 0.3965 0.0142 0.0000 0.0000 0.0000],0.7332425713539124,0.6051219538135655,0.48796992748975754,0.5120300725102425,0.21651283136151567,None
342,0.9462378025054932,0.791366457939148,1.7849512100219727,1.1654658317565918,[0.0509 0.0480 0.0591 0.0964 0.1000 0.1000 0.1000],[0.4912 0.5199 0.4086 0.0355 0.0000 0.0000 0.0000],0.7376042604446411,0.6064630327830114,0.4800533130764961,0.5199466869235039,0.21474211257921494,None
342,0.9478693008422852,0.7941010594367981,1.7914772033691406,1.1764042377471924,[0.0503 0.0472 0.0579 0.0943 0.1000 0.1000 0.1000],[0.4974 0.5283 0.4212 0.0574 0.0000 0.0000 0.0000],0.7419703602790833,0.6078670615652301,0.4716571047902107,0.5283428952097893,0.21272647736874883,None
342,0.9494683742523193,0.7968484163284302,1.7978734970092773,1.1873936653137207,[0.0496 0.0463 0.0566 0.0920 0.1000 0.1000 0.1000],[0.5039 0.5370 0.4341 0.0799 0.0000 0.0000 0.0000],0.7463167905807495,0.6093339560137212,0.462990365922451,0.537009634077549,0.21054772205545194,None
342,0.9510349035263062,0.7996092438697815,1.8041396141052246,1.198436975479126,[0.0489 0.0454 0.0553 0.0897 0.1000 0.1000 0.1000],[0.5105 0.5459 0.4475 0.1030 0.0000 0.0000 0.0000],0.7506441473960876,0.6108654992723921,0.4540630802512169,0.5459369197487831,0.20820727077440535,None
342,0.9525936245918274,0.8024023175239563,1.8103744983673096,1.2096092700958252,[0.0481 0.0444 0.0538 0.0874 0.1000 0.1000 0.1000],[0.5186 0.5560 0.4617 0.1264 0.0000 0.0000 0.0000],0.7549959421157837,0.6124547677136627,0.4439570754766464,0.5560429245233536,0.20528613543615576,None
342,0.9538144469261169,0.8046506643295288,1.8152577877044678,1.2186026573181152,[0.0475 0.0436 0.0527 0.0854 0.1000 0.1000 0.1000],[0.5249 0.5641 0.4734 0.1459 0.0000 0.0000 0.0000],0.7584651112556458,0.6137827261804722,0.4358626902103424,0.5641373097896576,0.20290837148427127,None
342,0.9551038146018982,0.8070851564407349,1.8204152584075928,1.2283406257629395,[0.0468 0.0427 0.0514 0.0832 0.1000 0.1000 0.1000],[0.5315 0.5729 0.4863 0.1677 0.0000 0.0000 0.0000],0.7621889710426331,0.6152680697405486,0.42708229273557663,0.5729177072644234,0.20028047051766867,None
342,0.9562956094741821,0.8093811273574829,1.8251824378967285,1.2375245094299316,[0.0462 0.0418 0.0501 0.0811 0.1000 0.1000 0.1000],[0.5382 0.5816 0.4988 0.1886 0.0000 0.0000 0.0000],0.765676736831665,0.6167057499561215,0.4183826968073845,0.5816173031926155,0.19755915729508322,None
342,0.9574469327926636,0.8116467595100403,1.8297877311706543,1.2465870380401611,[0.0455 0.0410 0.0488 0.0790 0.1000 0.1000 0.1000],[0.5451 0.5905 0.5116 0.2098 0.0000 0.0000 0.0000],0.7690936923027039,0.6181621112531873,0.4095086082816124,0.5904913917183876,0.1946904583383754,None
342,0.9584565162658691,0.8136643171310425,1.8338260650634766,1.25465726852417,[0.0448 0.0401 0.0477 0.0771 0.1000 0.1000 0.1000],[0.5519 0.5990 0.5235 0.2288 0.0000 0.0000 0.0000],0.7721208333969116,0.6194842984385183,0.40098272264003754,0.5990172773599625,0.19179674579707814,None
342,0.9594138264656067,0.8156125545501709,1.8376553058624268,1.2624502182006836,[0.0441 0.0392 0.0465 0.0753 0.1000 0.1000 0.1000],[0.5589 0.6076 0.5352 0.2475 0.0000 0.0000 0.0000],0.7750263810157776,0.6207886184257706,0.3924191743135452,0.6075808256864548,0.18880367838835507,None
342,0.9603534936904907,0.8175377249717712,1.841413974761963,1.270150899887085,[0.0433 0.0383 0.0453 0.0734 0.1000 0.1000 0.1000],[0.5675 0.6172 0.5475 0.2657 0.0000 0.0000 0.0000],0.777891218662262,0.6220902637947529,0.3827512636780739,0.6172487363219261,0.18522043783924064,None
342,0.9611907005310059,0.8192628622055054,1.8447628021240234,1.2770514488220215,[0.0423 0.0373 0.0441 0.0718 0.1000 0.1000 0.1000],[0.5769 0.6271 0.5591 0.2817 0.0000 0.0000 0.0000],0.7804535627365112,0.6232668871395819,0.3728979453444481,0.6271020546555519,0.18138906921707776,None
342,0.9620763063430786,0.821157693862915,1.8483052253723145,1.2846307754516602,[0.0415 0.0363 0.0428 0.0699 0.1000 0.1000 0.1000],[0.5852 0.6367 0.5717 0.3008 0.0000 0.0000 0.0000],0.7832340002059937,0.6246087208256383,0.3632550314068794,0.6367449685931206,0.17770973280760893,None
342,0.962916374206543,0.8229870796203613,1.8516654968261719,1.2919483184814453,[0.0406 0.0354 0.0416 0.0680 0.1000 0.1000 0.1000],[0.5936 0.6465 0.5842 0.3197 0.0000 0.0000 0.0000],0.7859034538269043,0.6259287573386834,0.35352911800146103,0.646470881998539,0.17390789250238917,None
342,0.9636644124984741,0.8246254324913025,1.8546576499938965,1.29850172996521,[0.0397 0.0344 0.0404 0.0664 0.1000 0.1000 0.1000],[0.6029 0.6564 0.5961 0.3363 0.0000 0.0000 0.0000],0.7882898449897766,0.627120689757166,0.3436291590332985,0.6563708409667015,0.16987406143689257,None
342,0.9644080400466919,0.8262984752655029,1.8576321601867676,1.3051939010620117,[0.0389 0.0334 0.0392 0.0646 0.1000 0.1000 0.1000],[0.6115 0.6661 0.6083 0.3543 0.0000 0.0000 0.0000],0.7907065153121948,0.6283690476007293,0.3339484706521034,0.6660515293478966,0.16592413434619904,None
342,0.965129017829895,0.8279401063919067,1.86051607131958,1.311760425567627,[0.0379 0.0324 0.0379 0.0628 0.1000 0.1000 0.1000],[0.6210 0.6763 0.6208 0.3720 0.0000 0.0000 0.0000],0.7930691242218018,0.6296097849051783,0.3236830607056618,0.6763169392943382,0.16162274673026916,None
342,0.9657894968986511,0.8294907212257385,1.8631579875946045,1.317962884902954,[0.0372 0.0315 0.0367 0.0610 0.1000 0.1000 0.1000],[0.6285 0.6853 0.6326 0.3899 0.0000 0.0000 0.0000],0.7952802181243896,0.630813359297885,0.3147491440176964,0.6852508559823036,0.15790126881309813,None
342,0.9664318561553955,0.8310215473175049,1.865727424621582,1.3240861892700195,[0.0364 0.0306 0.0355 0.0592 0.1000 0.1000 0.1000],[0.6363 0.6944 0.6446 0.4081 0.0000 0.0000 0.0000],0.7974534034729004,0.6320186025926167,0.30555956065654755,0.6944404393434525,0.1540036642217023,None
342,0.9670529365539551,0.8325254321098328,1.8682117462158203,1.330101728439331,[0.0356 0.0296 0.0343 0.0574 0.1000 0.1000 0.1000],[0.6443 0.7038 0.6568 0.4263 0.0000 0.0000 0.0000],0.7995783686637878,0.6332200871856226,0.2962247282266617,0.7037752717733383,0.14998127090049965,None
342,0.967653751373291,0.8340041637420654,1.870615005493164,1.3360166549682617,[0.0348 0.0287 0.0331 0.0555 0.1000 0.1000 0.1000],[0.6523 0.7132 0.6691 0.4448 0.0000 0.0000 0.0000],0.8016579151153564,0.6344188357816755,0.2868075668811798,0.7131924331188202,0.14586656594541958,None
342,0.9682291746139526,0.8354333639144897,1.8729166984558105,1.341733455657959,[0.0339 0.0277 0.0318 0.0537 0.1000 0.1000 0.1000],[0.6611 0.7232 0.6816 0.4627 0.0000 0.0000 0.0000],0.8036625385284424,0.6355884048229765,0.27684807777404785,0.7231519222259521,0.14141360801462002,None
342,0.9684535264968872,0.8359028697013855,1.8738141059875488,1.343611478805542,[0.0331 0.0267 0.0306 0.0519 0.1058 0.1000 0.1000],[0.6695 0.7327 0.6938 0.4807 -0.0577 0.0000 0.0000],0.8043563961982727,0.6359249297253358,0.2672623470425606,0.7327376529574394,0.13670743923241574,None
342,0.9691351652145386,0.8376947045326233,1.8765406608581543,1.3507788181304932,[0.0322 0.0258 0.0294 0.0502 0.1026 0.1000 0.1000],[0.6777 0.7421 0.7056 0.4977 -0.0261 0.0000 0.0000],0.8068298697471619,0.6374528159233404,0.2579381689429283,0.7420618310570717,0.1326617201896338,None
342,0.9697747826576233,0.8394052386283875,1.8790991306304932,1.3576209545135498,[0.0314 0.0249 0.0283 0.0485 0.0995 0.1000 0.1000],[0.6859 0.7514 0.7173 0.5148 0.0054 0.0000 0.0000],0.8091800212860107,0.6389327707625132,0.2485896274447441,0.7514103725552559,0.12852372924348904,None
342,0.9703923463821411,0.8410837054252625,1.8815693855285645,1.3643348217010498,[0.0306 0.0239 0.0271 0.0468 0.0963 0.1000 0.1000],[0.6945 0.7611 0.7295 0.5323 0.0375 0.0000 0.0000],0.8114760518074036,0.6404048930298429,0.23892313241958618,0.7610768675804138,0.12416195693869066,None
342,0.9709601402282715,0.8426507711410522,1.883840560913086,1.370603084564209,[0.0297 0.0229 0.0259 0.0451 0.0931 0.1000 0.1000],[0.7029 0.7706 0.7414 0.5494 0.0687 0.0000 0.0000],0.8136109113693237,0.6417970280871204,0.2293875813484192,0.7706124186515808,0.11978001641097968,None
342,0.9714967012405396,0.8441436886787415,1.8859868049621582,1.3765747547149658,[0.0288 0.0219 0.0246 0.0434 0.0902 0.1000 0.1000],[0.7125 0.7809 0.7538 0.5664 0.0982 0.0000 0.0000],0.815640389919281,0.6431344615099434,0.21906055510044098,0.780939444899559,0.11491181618111404,None
342,0.9719787240028381,0.8455110788345337,1.8879148960113525,1.3820443153381348,[0.0279 0.0210 0.0235 0.0417 0.0873 0.1000 0.1000],[0.7209 0.7903 0.7654 0.5827 0.1273 0.0000 0.0000],0.8174898028373718,0.6443771025815345,0.20965436473488808,0.7903456352651119,0.11043998833405531,None
342,0.9724356532096863,0.8468243479728699,1.8897426128387451,1.3872973918914795,[0.0271 0.0200 0.0223 0.0401 0.0844 0.1000 0.1000],[0.7295 0.7999 0.7770 0.5992 0.1564 0.0000 0.0000],0.8192600011825562,0.6455831476399345,0.20014099776744843,0.7998590022325516,0.10585466384248084,None
342,0.9728800058364868,0.8481154441833496,1.8915200233459473,1.3924617767333984,[0.0261 0.0190 0.0211 0.0384 0.0814 0.1000 0.1000],[0.7387 0.8099 0.7892 0.6160 0.1856 0.0000 0.0000],0.8209954500198364,0.64677972644094,0.1900830864906311,0.8099169135093689,0.1009347295823329,None
342,0.9732977747917175,0.8493413925170898,1.8931910991668701,1.3973655700683594,[0.0252 0.0180 0.0199 0.0367 0.0786 0.1000 0.1000],[0.7484 0.8203 0.8015 0.6327 0.2139 0.0000 0.0000],0.8226391673088074,0.6479256012223727,0.17969919368624687,0.8203008063137531,0.09578128340658455,None
342,0.9737085103988647,0.8505580425262451,1.894834041595459,1.4022321701049805,[0.0241 0.0168 0.0186 0.0350 0.0758 0.1000 0.1000],[0.7592 0.8316 0.8145 0.6499 0.2424 0.0000 0.0000],0.8242665529251099,0.6490719904700971,0.16844168305397034,0.8315583169460297,0.09011770392114356,None
342,0.9740495085716248,0.8515869975090027,1.896198034286499,1.4063479900360107,[0.0232 0.0159 0.0174 0.0335 0.0731 0.1000 0.1000],[0.7677 0.8409 0.8257 0.6653 0.2686 0.0000 0.0000],0.8256365060806274,0.6500535597228884,0.15912067145109177,0.8408793285489082,0.08540132934768258,None
342,0.9743819236755371,0.8525994420051575,1.8975276947021484,1.4103977680206299,[0.0223 0.0149 0.0163 0.0319 0.0705 0.1000 0.1000],[0.7768 0.8506 0.8372 0.6810 0.2950 0.0000 0.0000],0.8269813656806946,0.6510265315666826,0.14937032014131546,0.8506296798586845,0.08041901019486207,None
342,0.9746989607810974,0.8535752296447754,1.8987958431243896,1.4143009185791016,[0.0214 0.0140 0.0151 0.0303 0.0678 0.1000 0.1000],[0.7859 0.8604 0.8489 0.6967 0.3215 0.0000 0.0000],0.8282741904258728,0.6519716518208294,0.13955019414424896,0.860449805855751,0.07535868065159741,None
342,0.9750084280967712,0.8545371890068054,1.900033712387085,1.4181487560272217,[0.0205 0.0129 0.0139 0.0287 0.0651 0.1000 0.1000],[0.7955 0.8707 0.8609 0.7130 0.3485 0.0000 0.0000],0.8295456171035767,0.6529103299002319,0.1293458230793476,0.8706541769206524,0.07005614274312594,None
342,0.9753184914588928,0.8555068969726562,1.9012739658355713,1.422027587890625,[0.0194 0.0118 0.0126 0.0270 0.0624 0.1000 0.1000],[0.8064 0.8820 0.8739 0.7299 0.3758 0.0000 0.0000],0.8308253884315491,0.6538618852448685,0.11801126413047314,0.8819887358695269,0.06410903564829606,None
342,0.9755662083625793,0.8562894463539124,1.9022648334503174,1.4251577854156494,[0.0184 0.0108 0.0115 0.0256 0.0601 0.1000 0.1000],[0.8156 0.8915 0.8848 0.7441 0.3986 0.0000 0.0000],0.8318556547164917,0.6546353202646991,0.10846447199583054,0.8915355280041695,0.05906563987960898,None
342,0.9758211970329285,0.8570989370346069,1.9032847881317139,1.4283957481384277,[0.0174 0.0098 0.0103 0.0241 0.0578 0.1000 0.1000],[0.8263 0.9023 0.8967 0.7593 0.4222 0.0000 0.0000],0.8329201340675354,0.655439032973377,0.09767585434019566,0.9023241456598043,0.053324019676495985,None
342,0.9760638475418091,0.8578764796257019,1.9042553901672363,1.4315059185028076,[0.0163 0.0087 0.0091 0.0226 0.0554 0.1000 0.1000],[0.8370 0.9131 0.9087 0.7745 0.4457 0.0000 0.0000],0.833940327167511,0.6562161028842288,0.08687940426170826,0.9131205957382917,0.04754432579984417,None
342,0.9741787314414978,0.8526566028594971,1.8967149257659912,1.4106264114379883,[0.0152 0.0278 0.0283 0.0210 0.0530 0.1000 0.1000],[0.8478 0.7218 0.7169 0.7901 0.4701 0.0000 0.0000],0.8268353343009949,0.6513997582014597,0.1521608978509903,0.8478391021490097,0.08195391083582543,None
342,0.9744938611984253,0.8535882830619812,1.8979754447937012,1.4143531322479248,[0.0141 0.0267 0.0271 0.0195 0.0508 0.1000 0.1000],[0.8592 0.7329 0.7290 0.8050 0.4923 0.0000 0.0000],0.8280821442604065,0.6522852057555731,0.14081360772252083,0.8591863922774792,0.07605986919791914,None
