356,0.9023179411888123,0.7720229625701904,1.609271764755249,1.0880918502807617,[0.1000 0.1000 0.1000 0.1000 0.1000 0.1000 0.1000],[0.0000 0.0000 0.0000 0.0000 0.0000 0.0000 0.0000],0.6743409037590027,0.6390360424936836,1.0,0.0,0.43092814242976707,None
356,0.9023179411888123,0.7720229625701904,1.609271764755249,1.0880918502807617,[0.1000 0.1000 0.1000 0.1000 0.1000 0.1000 0.1000],[0.0000 0.0000 0.0000 0.0000 0.0000 0.0000 0.0000],0.6743409037590027,0.6390360424936836,1.0,0.0,0.43092814242976707,None
356,0.9023179411888123,0.7720229625701904,1.609271764755249,1.0880918502807617,[0.1000 0.1000 0.1000 0.1000 0.1000 0.1000 0.1000],[0.0000 0.0000 0.0000 0.0000 0.0000 0.0000 0.0000],0.6743409037590027,0.6390360424936836,1.0,0.0,0.43092814242976707,None
356,0.9023179411888123,0.7720229625701904,1.609271764755249,1.0880918502807617,[0.1000 0.1000 0.1000 0.1000 0.1000 0.1000 0.1000],[0.0000 0.0000 0.0000 0.0000 0.0000 0.0000 0.0000],0.6743409037590027,0.6390360424936836,1.0,0.0,0.43092814242976707,None
356,0.9023179411888123,0.7720229625701904,1.609271764755249,1.0880918502807617,[0.1000 0.1000 0.1000 0.1000 0.1000 0.1000 0.1000],[0.0000 0.0000 0.0000 0.0000 0.0000 0.0000 0.0000],0.6743409037590027,0.6390360424936836,1.0,0.0,0.43092814242976707,None
356,0.9023179411888123,0.7720229625701904,1.609271764755249,1.0880918502807617,[0.1000 0.1000 0.1000 0.1000 0.1000 0.1000 0.1000],[0.0000 0.0000 0.0000 0.0000 0.0000 0.0000 0.0000],0.6743409037590027,0.6390360424936836,1.0,0.0,0.43092814242976707,None
356,0.9023179411888123,0.7720229625701904,1.609271764755249,1.0880918502807617,[0.1000 0.1000 0.1000 0.1000 0.1000 0.1000 0.1000],[0.0000 0.0000 0.0000 0.0000 0.0000 0.0000 0.0000],0.6743409037590027,0.6390360424936836,1.0,0.0,0.43092814242976707,None
356,0.9023179411888123,0.7720229625701904,1.609271764755249,1.0880918502807617,[0.1000 0.1000 0.1000 0.1000 0.1000 0.1000 0.1000],[0.0000 0.0000 0.0000 0.0000 0.0000 0.0000 0.0000],0.6743409037590027,0.6390360424936836,1.0,0.0,0.43092814242976707,None
356,0.9023179411888123,0.7720229625701904,1.609271764755249,1.0880918502807617,[0.1000 0.1000 0.1000 0.1000 0.1000 0.1000 0.1000],[0.0000 0.0000 0.0000 0.0000 0.0000 0.0000 0.0000],0.6743409037590027,0.6390360424936836,1.0,0.0,0.43092814242976707,None
356,0.9023179411888123,0.7720229625701904,1.609271764755249,1.0880918502807617,[0.1000 0.1000 0.1000 0.1000 0.1000 0.1000 0.1000],[0.0000 0.0000 0.0000 0.0000 0.0000 0.0000 0.0000],0.6743409037590027,0.6390360424936836,1.0,0.0,0.43092814242976707,None
356,0.9023179411888123,0.7720229625701904,1.609271764755249,1.0880918502807617,[0.1000 0.1000 0.1000 0.1000 0.1000 0.1000 0.1000],[0.0000 0.0000 0.0000 0.0000 0.0000 0.0000 0.0000],0.6743409037590027,0.6390360424936836,1.0,0.0,0.43092814242976707,None
356,0.9023179411888123,0.7720229625701904,1.609271764755249,1.0880918502807617,[0.1000 0.1000 0.1000 0.1000 0.1000 0.1000 0.1000],[0.0000 0.0000 0.0000 0.0000 0.0000 0.0000 0.0000],0.6743409037590027,0.6390360424936836,1.0,0.0,0.43092814242976707,None
356,0.9023179411888123,0.7720229625701904,1.609271764755249,1.0880918502807617,[0.1000 0.1000 0.1000 0.1000 0.1000 0.1000 0.1000],[0.0000 0.0000 0.0000 0.0000 0.0000 0.0000 0.0000],0.6743409037590027,0.6390360424936836,1.0,0.0,0.43092814242976707,None
356,0.9023179411888123,0.7720229625701904,1.609271764755249,1.0880918502807617,[0.1000 0.1000 0.1000 0.1000 0.1000 0.1000 0.1000],[0.0000 0.0000 0.0000 0.0000 0.0000 0.0000 0.0000],0.6743409037590027,0.6390360424936836,1.0,0.0,0.43092814242976707,None
356,0.9023179411888123,0.7720229625701904,1.609271764755249,1.0880918502807617,[0.1000 0.1000 0.1000 0.1000 0.1000 0.1000 0.1000],[0.0000 0.0000 0.0000 0.0000 0.0000 0.0000 0.0000],0.6743409037590027,0.6390360424936836,1.0,0.0,0.43092814242976707,None
356,0.9023179411888123,0.7720229625701904,1.609271764755249,1.0880918502807617,[0.1000 0.1000 0.1000 0.1000 0.1000 0.1000 0.1000],[0.0000 0.0000 0.0000 0.0000 0.0000 0.0000 0.0000],0.6743409037590027,0.6390360424936836,1.0,0.0,0.43092814242976707,None
356,0.9023179411888123,0.7720229625701904,1.609271764755249,1.0880918502807617,[0.1000 0.1000 0.1000 0.1000 0.1000 0.1000 0.1000],[0.0000 0.0000 0.0000 0.0000 0.0000 0.0000 0.0000],0.6743409037590027,0.6390360424936836,1.0,0.0,0.43092814242976707,None
356,0.9023179411888123,0.7720229625701904,1.609271764755249,1.0880918502807617,[0.1000 0.1000 0.1000 0.1000 0.1000 0.1000 0.1000],[0.0000 0.0000 0.0000 0.0000 0.0000 0.0000 0.0000],0.6743409037590027,0.6390360424936836,1.0,0.0,0.43092814242976707,None
356,0.9023179411888123,0.7720229625701904,1.609271764755249,1.0880918502807617,[0.1000 0.1000 0.1000 0.1000 0.1000 0.1000 0.1000],[0.0000 0.0000 0.0000 0.0000 0.0000 0.0000 0.0000],0.6743409037590027,0.6390360424936836,1.0,0.0,0.43092814242976707,None
356,0.9023179411888123,0.7720229625701904,1.609271764755249,1.0880918502807617,[0.1000 0.1000 0.1000 0.1000 0.1000 0.1000 0.1000],[0.0000 0.0000 0.0000 0.0000 0.0000 0.0000 0.0000],0.6743409037590027,0.6390360424936836,1.0,0.0,0.43092814242976707,None
356,0.9023179411888123,0.7720229625701904,1.609271764755249,1.0880918502807617,[0.1000 0.1000 0.1000 0.1000 0.1000 0.1000 0.1000],[0.0000 0.0000 0.0000 0.0000 0.0000 0.0000 0.0000],0.6743409037590027,0.6390360424936836,1.0,0.0,0.43092814242976707,None
356,0.9023179411888123,0.7720229625701904,1.609271764755249,1.0880918502807617,[0.1000 0.1000 0.1000 0.1000 0.1000 0.1000 0.1000],[0.0000 0.0000 0.0000 0.0000 0.0000 0.0000 0.0000],0.6743409037590027,0.6390360424936836,1.0,0.0,0.43092814242976707,None
356,0.9023179411888123,0.7720229625701904,1.609271764755249,1.0880918502807617,[0.1000 0.1000 0.1000 0.1000 0.1000 0.1000 0.1000],[0.0000 0.0000 0.0000 0.0000 0.0000 0.0000 0.0000],0.6743409037590027,0.6390360424936836,1.0,0.0,0.43092814242976707,None
356,0.9023179411888123,0.7720229625701904,1.609271764755249,1.0880918502807617,[0.1000 0.1000 0.1000 0.1000 0.1000 0.1000 0.1000],[0.0000 0.0000 0.0000 0.0000 0.0000 0.0000 0.0000],0.6743409037590027,0.6390360424936836,1.0,0.0,0.43092814242976707,None
356,0.9023179411888123,0.7720229625701904,1.609271764755249,1.0880918502807617,[0.1000 0.1000 0.1000 0.1000 0.1000 0.1000 0.1000],[0.0000 0.0000 0.0000 0.0000 0.0000 0.0000 0.0000],0.6743409037590027,0.6390360424936836,1.0,0.0,0.43092814242976707,None
356,0.9023179411888123,0.7720229625701904,1.609271764755249,1.0880918502807617,[0.1000 0.1000 0.1000 0.1000 0.1000 0.1000 0.1000],[0.0000 0.0000 0.0000 0.0000 0.0000 0.0000 0.0000],0.6743409037590027,0.6390360424936836,1.0,0.0,0.43092814242976707,None
356,0.9023179411888123,0.7720229625701904,1.609271764755249,1.0880918502807617,[0.1000 0.1000 0.1000 0.1000 0.1000 0.1000 0.1000],[0.0000 0.0000 0.0000 0.0000 0.0000 0.0000 0.0000],0.6743409037590027,0.6390360424936836,1.0,0.0,0.43092814242976707,None
356,0.9023179411888123,0.7720229625701904,1.609271764755249,1.0880918502807617,[0.1000 0.1000 0.1000 0.1000 0.1000 0.1000 0.1000],[0.0000 0.0000 0.0000 0.0000 0.0000 0.0000 0.0000],0.6743409037590027,0.6390360424936836,1.0,0.0,0.43092814242976707,None
356,0.9023179411888123,0.7720229625701904,1.609271764755249,1.0880918502807617,[0.1000 0.1000 0.1000 0.1000 0.1000 0.1000 0.1000],[0.0000 0.0000 0.0000 0.0000 0.0000 0.0000 0.0000],0.6743409037590027,0.6390360424936836,1.0,0.0,0.43092814242976707,None
356,0.9023179411888123,0.7720229625701904,1.609271764755249,1.0880918502807617,[0.1000 0.1000 0.1000 0.1000 0.1000 0.1000 0.1000],[0.0000 0.0000 0.0000 0.0000 0.0000 0.0000 0.0000],0.6743409037590027,0.6390360424936836,1.0,0.0,0.43092814242976707,None
356,0.9023179411888123,0.7720229625701904,1.609271764755249,1.0880918502807617,[0.1000 0.1000 0.1000 0.1000 0.1000 0.1000 0.1000],[0.0000 0.0000 0.0000 0.0000 0.0000 0.0000 0.0000],0.6743409037590027,0.6390360424936836,1.0,0.0,0.43092814242976707,None
356,0.9023179411888123,0.7720229625701904,1.609271764755249,1.0880918502807617,[0.1000 0.1000 0.1000 0.1000 0.1000 0.1000 0.1000],[0.0000 0.0000 0.0000 0.0000 0.0000 0.0000 0.0000],0.6743409037590027,0.6390360424936836,1.0,0.0,0.43092814242976707,None
356,0.9023179411888123,0.7720229625701904,1.609271764755249,1.0880918502807617,[0.1000 0.1000 0.1000 0.1000 0.1000 0.1000 0.1000],[0.0000 0.0000 0.0000 0.0000 0.0000 0.0000 0.0000],0.6743409037590027,0.6390360424936836,1.0,0.0,0.43092814242976707,None
356,0.9023179411888123,0.7720229625701904,1.609271764755249,1.0880918502807617,[0.1000 0.1000 0.1000 0.1000 0.1000 0.1000 0.1000],[0.0000 0.0000 0.0000 0.0000 0.0000 0.0000 0.0000],0.6743409037590027,0.6390360424936836,1.0,0.0,0.43092814242976707,None
356,0.9023179411888123,0.7720229625701904,1.609271764755249,1.0880918502807617,[0.1000 0.1000 0.1000 0.1000 0.1000 0.1000 0.1000],[0.0000 0.0000 0.0000 0.0000 0.0000 0.0000 0.0000],0.6743409037590027,0.6390360424936836,1.0,0.0,0.43092814242976707,None
356,0.9023179411888123,0.7720229625701904,1.609271764755249,1.0880918502807617,[0.1000 0.1000 0.1000 0.1000 0.1000 0.1000 0.1000],[0.0000 0.0000 0.0000 0.0000 0.0000 0.0000 0.0000],0.6743409037590027,0.6390360424936836,1.0,0.0,0.43092814242976707,None
356,0.9023179411888123,0.7720229625701904,1.609271764755249,1.0880918502807617,[0.1000 0.1000 0.1000 0.1000 0.1000 0.1000 0.1000],[0.0000 0.0000 0.0000 0.0000 0.0000 0.0000 0.0000],0.6743409037590027,0.6390360424936836,1.0,0.0,0.43092814242976707,None
356,0.9023179411888123,0.7720229625701904,1.609271764755249,1.0880918502807617,[0.1000 0.1000 0.1000 0.1000 0.1000 0.1000 0.1000],[0.0000 0.0000 0.0000 0.0000 0.0000 0.0000 0.0000],0.6743409037590027,0.6390360424936836,1.0,0.0,0.43092814242976707,None
356,0.9023179411888123,0.7720229625701904,1.609271764755249,1.0880918502807617,[0.1000 0.1000 0.1000 0.1000 0.1000 0.1000 0.1000],[0.0000 0.0000 0.0000 0.0000 0.0000 0.0000 0.0000],0.6743409037590027,0.6390360424936836,1.0,0.0,0.43092814242976707,None
356,0.9023179411888123,0.7720229625701904,1.609271764755249,1.0880918502807617,[0.1000 0.1000 0.1000 0.1000 0.1000 0.1000 0.1000],[0.0000 0.0000 0.0000 0.0000 0.0000 0.0000 0.0000],0.6743409037590027,0.6390360424936836,1.0,0.0,0.43092814242976707,None
356,0.9023179411888123,0.7720229625701904,1.609271764755249,1.0880918502807617,[0.1000 0.1000 0.1000 0.1000 0.1000 0.1000 0.1000],[0.0000 0.0000 0.0000 0.0000 0.0000 0.0000 0.0000],0.6743409037590027,0.6390360424936836,1.0,0.0,0.43092814242976707,None
356,0.9023179411888123,0.7720229625701904,1.609271764755249,1.0880918502807617,[0.1000 0.1000 0.1000 0.1000 0.1000 0.1000 0.1000],[0.0000 0.0000 0.0000 0.0000 0.0000 0.0000 0.0000],0.6743409037590027,0.6390360424936836,1.0,0.0,0.43092814242976707,None
356,0.9023179411888123,0.7720229625701904,1.609271764755249,1.0880918502807617,[0.1000 0.1000 0.1000 0.1000 0.1000 0.1000 0.1000],[0.0000 0.0000 0.0000 0.0000 0.0000 0.0000 0.0000],0.6743409037590027,0.6390360424936836,1.0,0.0,0.43092814242976707,None
356,0.9023179411888123,0.7720229625701904,1.609271764755249,1.0880918502807617,[0.1000 0.1000 0.1000 0.1000 0.1000 0.1000 0.1000],[0.0000 0.0000 0.0000 0.0000 0.0000 0.0000 0.0000],0.6743409037590027,0.6390360424936836,1.0,0.0,0.43092814242976707,None
356,0.9023179411888123,0.7720229625701904,1.609271764755249,1.0880918502807617,[0.1000 0.1000 0.1000 0.1000 0.1000 0.1000 0.1000],[0.0000 0.0000 0.0000 0.0000 0.0000 0.0000 0.0000],0.6743409037590027,0.6390360424936836,1.0,0.0,0.43092814242976707,None
356,0.9023179411888123,0.7720229625701904,1.609271764755249,1.0880918502807617,[0.1000 0.1000 0.1000 0.1000 0.1000 0.1000 0.1000],[0.0000 0.0000 0.0000 0.0000 0.0000 0.0000 0.0000],0.6743409037590027,0.6390360424936836,1.0,0.0,0.43092814242976707,None
356,0.9023179411888123,0.7720229625701904,1.609271764755249,1.0880918502807617,[0.1000 0.1000 0.1000 0.1000 0.1000 0.1000 0.1000],[0.0000 0.0000 0.0000 0.0000 0.0000 0.0000 0.0000],0.6743409037590027,0.6390360424936836,1.0,0.0,0.43092814242976707,None
356,0.9023179411888123,0.7720229625701904,1.609271764755249,1.0880918502807617,[0.1000 0.1000 0.1000 0.1000 0.1000 0.1000 0.1000],[0.0000 0.0000 0.0000 0.0000 0.0000 0.0000 0.0000],0.6743409037590027,0.6390360424936836,1.0,0.0,0.43092814242976707,None
356,0.9023179411888123,0.7720229625701904,1.609271764755249,1.0880918502807617,[0.1000 0.1000 0.1000 0.1000 0.1000 0.1000 0.1000],[0.0000 0.0000 0.0000 0.0000 0.0000 0.0000 0.0000],0.6743409037590027,0.6390360424936836,1.0,0.0,0.43092814242976707,None
356,0.9023179411888123,0.7720229625701904,1.609271764755249,1.0880918502807617,[0.1000 0.1000 0.1000 0.1000 0.1000 0.1000 0.1000],[0.0000 0.0000 0.0000 0.0000 0.0000 0.0000 0.0000],0.6743409037590027,0.6390360424936836,1.0,0.0,0.43092814242976707,None
356,0.9023179411888123,0.7720229625701904,1.609271764755249,1.0880918502807617,[0.1000 0.1000 0.1000 0.1000 0.1000 0.1000 0.1000],[0.0000 0.0000 0.0000 0.0000 0.0000 0.0000 0.0000],0.6743409037590027,0.6390360424936836,1.0,0.0,0.43092814242976707,None
356,0.9023179411888123,0.7720229625701904,1.609271764755249,1.0880918502807617,[0.1000 0.1000 0.1000 0.1000 0.1000 0.1000 0.1000],[0.0000 0.0000 0.0000 0.0000 0.0000 0.0000 0.0000],0.6743409037590027,0.6390360424936836,1.0,0.0,0.43092814242976707,None
356,0.9023179411888123,0.7720229625701904,1.609271764755249,1.0880918502807617,[0.1000 0.1000 0.1000 0.1000 0.1000 0.1000 0.1000],[0.0000 0.0000 0.0000 0.0000 0.0000 0.0000 0.0000],0.6743409037590027,0.6390360424936836,1.0,0.0,0.43092814242976707,None
356,0.9023179411888123,0.7720229625701904,1.609271764755249,1.0880918502807617,[0.1000 0.1000 0.1000 0.1000 0.1000 0.1000 0.1000],[0.0000 0.0000 0.0000 0.0000 0.0000 0.0000 0.0000],0.6743409037590027,0.6390360424936836,1.0,0.0,0.43092814242976707,None
356,0.9023179411888123,0.7720229625701904,1.609271764755249,1.0880918502807617,[0.1000 0.1000 0.1000 0.1000 0.1000 0.1000 0.1000],[0.0000 0.0000 0.0000 0.0000 0.0000 0.0000 0.0000],0.6743409037590027,0.6390360424936836,1.0,0.0,0.43092814242976707,None
356,0.9023179411888123,0.7720229625701904,1.609271764755249,1.0880918502807617,[0.1000 0.1000 0.1000 0.1000 0.1000 0.1000 0.1000],[0.0000 0.0000 0.0000 0.0000 0.0000 0.0000 0.0000],0.6743409037590027,0.6390360424936836,1.0,0.0,0.43092814242976707,None
356,0.9023179411888123,0.7720229625701904,1.609271764755249,1.0880918502807617,[0.1000 0.1000 0.1000 0.1000 0.1000 0.1000 0.1000],[0.0000 0.0000 0.0000 0.0000 0.0000 0.0000 0.0000],0.6743409037590027,0.6390360424936836,1.0,0.0,0.43092814242976707,None
356,0.9023179411888123,0.7720229625701904,1.609271764755249,1.0880918502807617,[0.1000 0.1000 0.1000 0.1000 0.1000 0.1000 0.1000],[0.0000 0.0000 0.0000 0.0000 0.0000 0.0000 0.0000],0.6743409037590027,0.6390360424936836,1.0,0.0,0.43092814242976707,None
356,0.9023179411888123,0.7720229625701904,1.609271764755249,1.0880918502807617,[0.1000 0.1000 0.1000 0.1000 0.1000 0.1000 0.1000],[0.0000 0.0000 0.0000 0.0000 0.0000 0.0000 0.0000],0.6743409037590027,0.6390360424936836,1.0,0.0,0.43092814242976707,None
356,0.9023179411888123,0.7720229625701904,1.609271764755249,1.0880918502807617,[0.1000 0.1000 0.1000 0.1000 0.1000 0.1000 0.1000],[0.0000 0.0000 0.0000 0.0000 0.0000 0.0000 0.0000],0.6743409037590027,0.6390360424936836,1.0,0.0,0.43092814242976707,None
356,0.9023179411888123,0.7720229625701904,1.609271764755249,1.0880918502807617,[0.1000 0.1000 0.1000 0.1000 0.1000 0.1000 0.1000],[0.0000 0.0000 0.0000 0.0000 0.0000 0.0000 0.0000],0.6743409037590027,0.6390360424936836,1.0,0.0,0.43092814242976707,None
356,0.9023179411888123,0.7720229625701904,1.609271764755249,1.0880918502807617,[0.1000 0.1000 0.1000 0.1000 0.1000 0.1000 0.1000],[0.0000 0.0000 0.0000 0.0000 0.0000 0.0000 0.0000],0.6743409037590027,0.6390360424936836,1.0,0.0,0.43092814242976707,None
356,0.9023179411888123,0.7720229625701904,1.609271764755249,1.0880918502807617,[0.1000 0.1000 0.1000 0.1000 0.1000 0.1000 0.1000],[0.0000 0.0000 0.0000 0.0000 0.0000 0.0000 0.0000],0.6743409037590027,0.6390360424936836,1.0,0.0,0.43092814242976707,None
356,0.9023179411888123,0.7720229625701904,1.609271764755249,1.0880918502807617,[0.1000 0.1000 0.1000 0.1000 0.1000 0.1000 0.1000],[0.0000 0.0000 0.0000 0.0000 0.0000 0.0000 0.0000],0.6743409037590027,0.6390360424936836,1.0,0.0,0.43092814242976707,None
356,0.9023179411888123,0.7720229625701904,1.609271764755249,1.0880918502807617,[0.1000 0.1000 0.1000 0.1000 0.1000 0.1000 0.1000],[0.0000 0.0000 0.0000 0.0000 0.0000 0.0000 0.0000],0.6743409037590027,0.6390360424936836,1.0,0.0,0.43092814242976707,None
356,0.9023179411888123,0.7720229625701904,1.609271764755249,1.0880918502807617,[0.1000 0.1000 0.1000 0.1000 0.1000 0.1000 0.1000],[0.0000 0.0000 0.0000 0.0000 0.0000 0.0000 0.0000],0.6743409037590027,0.6390360424936836,1.0,0.0,0.43092814242976707,None
356,0.9023179411888123,0.7720229625701904,1.609271764755249,1.0880918502807617,[0.1000 0.1000 0.1000 0.1000 0.1000 0.1000 0.1000],[0.0000 0.0000 0.0000 0.0000 0.0000 0.0000 0.0000],0.6743409037590027,0.6390360424936836,1.0,0.0,0.43092814242976707,None
356,0.9023179411888123,0.7720229625701904,1.609271764755249,1.0880918502807617,[0.1000 0.1000 0.1000 0.1000 0.1000 0.1000 0.1000],[0.0000 0.0000 0.0000 0.0000 0.0000 0.0000 0.0000],0.6743409037590027,0.6390360424936836,1.0,0.0,0.43092814242976707,None
356,0.9023179411888123,0.7720229625701904,1.609271764755249,1.0880918502807617,[0.1000 0.1000 0.1000 0.1000 0.1000 0.1000 0.1000],[0.0000 0.0000 0.0000 0.0000 0.0000 0.0000 0.0000],0.6743409037590027,0.6390360424936836,1.0,0.0,0.43092814242976707,None
356,0.9023179411888123,0.7720229625701904,1.609271764755249,1.0880918502807617,[0.1000 0.1000 0.1000 0.1000 0.1000 0.1000 0.1000],[0.0000 0.0000 0.0000 0.0000 0.0000 0.0000 0.0000],0.6743409037590027,0.6390360424936836,1.0,0.0,0.43092814242976707,None
356,0.9023179411888123,0.7720229625701904,1.609271764755249,1.0880918502807617,[0.1000 0.1000 0.1000 0.1000 0.1000 0.1000 0.1000],[0.0000 0.0000 0.0000 0.0000 0.0000 0.0000 0.0000],0.6743409037590027,0.6390360424936836,1.0,0.0,0.43092814242976707,None
356,0.9023179411888123,0.7720229625701904,1.609271764755249,1.0880918502807617,[0.1000 0.1000 0.1000 0.1000 0.1000 0.1000 0.1000],[0.0000 0.0000 0.0000 0.0000 0.0000 0.0000 0.0000],0.6743409037590027,0.6390360424936836,1.0,0.0,0.43092814242976707,None
356,0.9023179411888123,0.7720229625701904,1.609271764755249,1.0880918502807617,[0.1000 0.1000 0.1000 0.1000 0.1000 0.1000 0.1000],[0.0000 0.0000 0.0000 0.0000 0.0000 0.0000 0.0000],0.6743409037590027,0.6390360424936836,1.0,0.0,0.43092814242976707,None
356,0.9023179411888123,0.7720229625701904,1.609271764755249,1.0880918502807617,[0.1000 0.1000 0.1000 0.1000 0.1000 0.1000 0.1000],[0.0000 0.0000 0.0000 0.0000 0.0000 0.0000 0.0000],0.6743409037590027,0.6390360424936836,1.0,0.0,0.43092814242976707,None
356,0.9023179411888123,0.7720229625701904,1.609271764755249,1.0880918502807617,[0.1000 0.1000 0.1000 0.1000 0.1000 0.1000 0.1000],[0.0000 0.0000 0.0000 0.0000 0.0000 0.0000 0.0000],0.6743409037590027,0.6390360424936836,1.0,0.0,0.43092814242976707,None
356,0.9023179411888123,0.7720229625701904,1.609271764755249,1.0880918502807617,[0.1000 0.1000 0.1000 0.1000 0.1000 0.1000 0.1000],[0.0000 0.0000 0.0000 0.0000 0.0000 0.0000 0.0000],0.6743409037590027,0.6390360424936836,1.0,0.0,0.43092814242976707,None
356,0.9023179411888123,0.7720229625701904,1.609271764755249,1.0880918502807617,[0.1000 0.1000 0.1000 0.1000 0.1000 0.1000 0.1000],[0.0000 0.0000 0.0000 0.0000 0.0000 0.0000 0.0000],0.6743409037590027,0.6390360424936836,1.0,0.0,0.43092814242976707,None
356,0.9023179411888123,0.7720229625701904,1.609271764755249,1.0880918502807617,[0.1000 0.1000 0.1000 0.1000 0.1000 0.1000 0.1000],[0.0000 0.0000 0.0000 0.0000 0.0000 0.0000 0.0000],0.6743409037590027,0.6390360424936836,1.0,0.0,0.43092814242976707,None
356,0.9023179411888123,0.7720229625701904,1.609271764755249,1.0880918502807617,[0.1000 0.1000 0.1000 0.1000 0.1000 0.1000 0.1000],[0.0000 0.0000 0.0000 0.0000 0.0000 0.0000 0.0000],0.6743409037590027,0.6390360424936836,1.0,0.0,0.43092814242976707,None
356,0.9023179411888123,0.7720229625701904,1.609271764755249,1.0880918502807617,[0.1000 0.1000 0.1000 0.1000 0.1000 0.1000 0.1000],[0.0000 0.0000 0.0000 0.0000 0.0000 0.0000 0.0000],0.6743409037590027,0.6390360424936836,1.0,0.0,0.43092814242976707,None
356,0.9023179411888123,0.7720229625701904,1.609271764755249,1.0880918502807617,[0.1000 0.1000 0.1000 0.1000 0.1000 0.1000 0.1000],[0.0000 0.0000 0.0000 0.0000 0.0000 0.0000 0.0000],0.6743409037590027,0.6390360424936836,1.0,0.0,0.43092814242976707,None
356,0.9023179411888123,0.7720229625701904,1.609271764755249,1.0880918502807617,[0.1000 0.1000 0.1000 0.1000 0.1000 0.1000 0.1000],[0.0000 0.0000 0.0000 0.0000 0.0000 0.0000 0.0000],0.6743409037590027,0.6390360424936836,1.0,0.0,0.43092814242976707,None
356,0.9023179411888123,0.7720229625701904,1.609271764755249,1.0880918502807617,[0.1000 0.1000 0.1000 0.1000 0.1000 0.1000 0.1000],[0.0000 0.0000 0.0000 0.0000 0.0000 0.0000 0.0000],0.6743409037590027,0.6390360424936836,1.0,0.0,0.43092814242976707,None
356,0.9023179411888123,0.7720229625701904,1.609271764755249,1.0880918502807617,[0.1000 0.1000 0.1000 0.1000 0.1000 0.1000 0.1000],[0.0000 0.0000 0.0000 0.0000 0.0000 0.0000 0.0000],0.6743409037590027,0.6390360424936836,1.0,0.0,0.43092814242976707,None
356,0.9023179411888123,0.7720229625701904,1.609271764755249,1.0880918502807617,[0.1000 0.1000 0.1000 0.1000 0.1000 0.1000 0.1000],[0.0000 0.0000 0.0000 0.0000 0.0000 0.0000 0.0000],0.6743409037590027,0.6390360424936836,1.0,0.0,0.43092814242976707,None
356,0.9023179411888123,0.7720229625701904,1.609271764755249,1.0880918502807617,[0.1000 0.1000 0.1000 0.1000 0.1000 0.1000 0.1000],[0.0000 0.0000 0.0000 0.0000 0.0000 0.0000 0.0000],0.6743409037590027,0.6390360424936836,1.0,0.0,0.43092814242976707,None
356,0.9023179411888123,0.7720229625701904,1.609271764755249,1.0880918502807617,[0.1000 0.1000 0.1000 0.1000 0.1000 0.1000 0.1000],[0.0000 0.0000 0.0000 0.0000 0.0000 0.0000 0.0000],0.6743409037590027,0.6390360424936836,1.0,0.0,0.43092814242976707,None
356,0.9023179411888123,0.7720229625701904,1.609271764755249,1.0880918502807617,[0.1000 0.1000 0.1000 0.1000 0.1000 0.1000 0.1000],[0.0000 0.0000 0.0000 0.0000 0.0000 0.0000 0.0000],0.6743409037590027,0.6390360424936836,1.0,0.0,0.43092814242976707,None
356,0.9023179411888123,0.7720229625701904,1.609271764755249,1.0880918502807617,[0.1000 0.1000 0.1000 0.1000 0.1000 0.1000 0.1000],[0.0000 0.0000 0.0000 0.0000 0.0000 0.0000 0.0000],0.6743409037590027,0.6390360424936836,1.0,0.0,0.43092814242976707,None
356,0.9023179411888123,0.7720229625701904,1.609271764755249,1.0880918502807617,[0.1000 0.1000 0.1000 0.1000 0.1000 0.1000 0.1000],[0.0000 0.0000 0.0000 0.0000 0.0000 0.0000 0.0000],0.6743409037590027,0.6390360424936836,1.0,0.0,0.43092814242976707,None
356,0.9023179411888123,0.7720229625701904,1.609271764755249,1.0880918502807617,[0.1000 0.1000 0.1000 0.1000 0.1000 0.1000 0.1000],[0.0000 0.0000 0.0000 0.0000 0.0000 0.0000 0.0000],0.6743409037590027,0.6390360424936836,1.0,0.0,0.43092814242976707,None
356,0.9023179411888123,0.7720229625701904,1.609271764755249,1.0880918502807617,[0.1000 0.1000 0.1000 0.1000 0.1000 0.1000 0.1000],[0.0000 0.0000 0.0000 0.0000 0.0000 0.0000 0.0000],0.6743409037590027,0.6390360424936836,1.0,0.0,0.43092814242976707,None
356,0.9023179411888123,0.7720229625701904,1.609271764755249,1.0880918502807617,[0.1000 0.1000 0.1000 0.1000 0.1000 0.1000 0.1000],[0.0000 0.0000 0.0000 0.0000 0.0000 0.0000 0.0000],0.6743409037590027,0.6390360424936836,1.0,0.0,0.43092814242976707,None
356,0.9023179411888123,0.7720229625701904,1.609271764755249,1.0880918502807617,[0.1000 0.1000 0.1000 0.1000 0.1000 0.1000 0.1000],[0.0000 0.0000 0.0000 0.0000 0.0000 0.0000 0.0000],0.6743409037590027,0.6390360424936836,1.0,0.0,0.43092814242976707,None
356,0.9023179411888123,0.7720229625701904,1.609271764755249,1.0880918502807617,[0.1000 0.1000 0.1000 0.1000 0.1000 0.1000 0.1000],[0.0000 0.0000 0.0000 0.0000 0.0000 0.0000 0.0000],0.6743409037590027,0.6390360424936836,1.0,0.0,0.43092814242976707,None
356,0.9023179411888123,0.7720229625701904,1.609271764755249,1.0880918502807617,[0.1000 0.1000 0.1000 0.1000 0.1000 0.1000 0.1000],[0.0000 0.0000 0.0000 0.0000 0.0000 0.0000 0.0000],0.6743409037590027,0.6390360424936836,1.0,0.0,0.43092814242976707,None
356,0.9023179411888123,0.7720229625701904,1.609271764755249,1.0880918502807617,[0.1000 0.1000 0.1000 0.1000 0.1000 0.1000 0.1000],[0.0000 0.0000 0.0000 0.0000 0.0000 0.0000 0.0000],0.6743409037590027,0.6390360424936836,1.0,0.0,0.43092814242976707,None
356,0.9023179411888123,0.7720229625701904,1.609271764755249,1.0880918502807617,[0.1000 0.1000 0.1000 0.1000 0.1000 0.1000 0.1000],[0.0000 0.0000 0.0000 0.0000 0.0000 0.0000 0.0000],0.6743409037590027,0.6390360424936836,1.0,0.0,0.43092814242976707,None
356,0.9023179411888123,0.7720229625701904,1.609271764755249,1.0880918502807617,[0.1000 0.1000 0.1000 0.1000 0.1000 0.1000 0.1000],[0.0000 0.0000 0.0000 0.0000 0.0000 0.0000 0.0000],0.6743409037590027,0.6390360424936836,1.0,0.0,0.43092814242976707,None
356,0.9023179411888123,0.7720229625701904,1.609271764755249,1.0880918502807617,[0.1000 0.1000 0.1000 0.1000 0.1000 0.1000 0.1000],[0.0000 0.0000 0.0000 0.0000 0.0000 0.0000 0.0000],0.6743409037590027,0.6390360424936836,1.0,0.0,0.43092814242976707,None
356,0.9023179411888123,0.7720229625701904,1.609271764755249,1.0880918502807617,[0.1000 0.1000 0.1000 0.1000 0.1000 0.1000 0.1000],[0.0000 0.0000 0.0000 0.0000 0.0000 0.0000 0.0000],0.6743409037590027,0.6390360424936836,1.0,0.0,0.43092814242976707,None
356,0.8993844985961914,0.7695167660713196,1.5975379943847656,1.0780670642852783,[0.1073 0.1000 0.1000 0.1000 0.1000 0.1000 0.1000],[-0.0730 0.0000 0.0000 0.0000 0.0000 0.0000 0.0000],0.668901264667511,0.6396283411186836,1.0,0.0,0.4278482062914696,None
356,0.8997429013252258,0.7698230743408203,1.5989716053009033,1.0792922973632812,[0.1064 0.1000 0.1000 0.1000 0.1000 0.1000 0.1000],[-0.0643 0.0000 0.0000 0.0000 0.0000 0.0000 0.0000],0.6695659756660461,0.6395560695691971,1.0,0.0,0.4282249837142411,None
356,0.9000371098518372,0.7700746655464172,1.6001484394073486,1.080298662185669,[0.1057 0.1000 0.1000 0.1000 0.1000 0.1000 0.1000],[-0.0570 0.0000 0.0000 0.0000 0.0000 0.0000 0.0000],0.6701117753982544,0.6394969565934014,1.0,0.0,0.42853444094458465,None
356,0.9003825187683105,0.7703697085380554,1.6015300750732422,1.0814788341522217,[0.1049 0.1000 0.1000 0.1000 0.1000 0.1000 0.1000],[-0.0485 0.0000 0.0000 0.0000 0.0000 0.0000 0.0000],0.670752227306366,0.6394271082981208,1.0,0.0,0.4288971570910334,None
356,0.9007226228713989,0.7706603407859802,1.6028904914855957,1.082641363143921,[0.1040 0.1000 0.1000 0.1000 0.1000 0.1000 0.1000],[-0.0401 0.0000 0.0000 0.0000 0.0000 0.0000 0.0000],0.6713829636573792,0.6393585130833965,1.0,0.0,0.429254413353506,None
356,0.9010531902313232,0.7709428071975708,1.604212760925293,1.0837712287902832,[0.1032 0.1000 0.1000 0.1000 0.1000 0.1000 0.1000],[-0.0318 0.0000 0.0000 0.0000 0.0000 0.0000 0.0000],0.671995997428894,0.6392918312073423,1.0,0.0,0.42960155176032216,None
356,0.9013848900794983,0.7712261080741882,1.6055395603179932,1.084904432296753,[0.1024 0.1000 0.1000 0.1000 0.1000 0.1000 0.1000],[-0.0235 0.0000 0.0000 0.0000 0.0000 0.0000 0.0000],0.6726109981536865,0.6392247486241468,1.0,0.0,0.42994959621662676,None
356,0.9016985297203064,0.7714940905570984,1.6067941188812256,1.0859763622283936,[0.1016 0.1000 0.1000 0.1000 0.1000 0.1000 0.1000],[-0.0157 0.0000 0.0000 0.0000 0.0000 0.0000 0.0000],0.6731926202774048,0.6391614777172371,1.0,0.0,0.4302787899648449,None
356,0.9020088911056519,0.7717591524124146,1.6080355644226074,1.0870366096496582,[0.1008 0.1000 0.1000 0.1000 0.1000 0.1000 0.1000],[-0.0078 0.0000 0.0000 0.0000 0.0000 0.0000 0.0000],0.6737680435180664,0.6390987133671628,1.0,0.0,0.43060428972030684,None
356,0.9023084044456482,0.7720147967338562,1.6092336177825928,1.0880591869354248,[0.1000 0.1000 0.1000 0.1000 0.1000 0.1000 0.1000],[-0.0002 0.0000 0.0000 0.0000 0.0000 0.0000 0.0000],0.6743232011795044,0.6390379414511935,1.0,0.0,0.43091811035452954,None
356,0.9026079177856445,0.7722705602645874,1.6104316711425781,1.0890822410583496,[0.0993 0.1000 0.1000 0.1000 0.1000 0.1000 0.1000],[0.0074 0.0000 0.0000 0.0000 0.0000 0.0000 0.0000],0.6748784780502319,0.6389773448645402,0.9926182776689529,0.007381722331047114,0.42804882269827765,None
356,0.9029206037521362,0.7725375294685364,1.611682415008545,1.0901501178741455,[0.0985 0.1000 0.1000 0.1000 0.1000 0.1000 0.1000],[0.0154 0.0000 0.0000 0.0000 0.0000 0.0000 0.0000],0.6754581332206726,0.6389140347734353,0.9846232831478119,0.015376716852188166,0.42492371019366504,None
356,0.9032384753227234,0.772808849811554,1.6129539012908936,1.0912353992462158,[0.0976 0.1000 0.1000 0.1000 0.1000 0.1000 0.1000],[0.0235 0.0000 0.0000 0.0000 0.0000 0.0000 0.0000],0.6760473251342773,0.6388495804914947,0.9764591604471207,0.02354083955287939,0.4217254368295149,None
356,0.9035394191741943,0.7730656266212463,1.6141576766967773,1.0922625064849854,[0.0969 0.1000 0.1000 0.1000 0.1000 0.1000 0.1000],[0.0313 0.0000 0.0000 0.0000 0.0000 0.0000 0.0000],0.6766050457954407,0.638788437957825,0.9686948359012604,0.03130516409873968,0.4186771542219928,None
356,0.9038463830947876,0.773327648639679,1.6153855323791504,1.0933105945587158,[0.0961 0.1000 0.1000 0.1000 0.1000 0.1000 0.1000],[0.0393 0.0000 0.0000 0.0000 0.0000 0.0000 0.0000],0.6771740317344666,0.638726233369888,0.9607374668121338,0.039262533187866266,0.4155466415296584,None
356,0.9041521549224854,0.7735884785652161,1.6166086196899414,1.0943539142608643,[0.0953 0.1000 0.1000 0.1000 0.1000 0.1000 0.1000],[0.0472 0.0000 0.0000 0.0000 0.0000 0.0000 0.0000],0.6777406334877014,0.6386640394905743,0.9527765959501266,0.04722340404987341,0.4124079877631003,None
356,0.9044525027275085,0.7738447785377502,1.6178100109100342,1.095379114151001,[0.0945 0.1000 0.1000 0.1000 0.1000 0.1000 0.1000],[0.0551 0.0000 0.0000 0.0000 0.0000 0.0000 0.0000],0.6782972812652588,0.6386030932758855,0.944918617606163,0.05508138239383703,0.40930353934704056,None
356,0.904732346534729,0.7740834951400757,1.618929386138916,1.0963339805603027,[0.0938 0.1000 0.1000 0.1000 0.1000 0.1000 0.1000],[0.0624 0.0000 0.0000 0.0000 0.0000 0.0000 0.0000],0.6788158416748047,0.638546197426762,0.9375657886266708,0.06243421137332922,0.4063928362283172,None
356,0.9050297737121582,0.7743370532989502,1.6201190948486328,1.0973482131958008,[0.0930 0.1000 0.1000 0.1000 0.1000 0.1000 0.1000],[0.0703 0.0000 0.0000 0.0000 0.0000 0.0000 0.0000],0.6793668270111084,0.6384855183907455,0.9297177940607071,0.07028220593929296,0.4032798577633448,None
356,0.9053041338920593,0.7745710611343384,1.6212165355682373,1.0982842445373535,[0.0922 0.1000 0.1000 0.1000 0.1000 0.1000 0.1000],[0.0776 0.0000 0.0000 0.0000 0.0000 0.0000 0.0000],0.6798751950263977,0.638429712562383,0.9224433451890945,0.07755665481090551,0.4003888634614788,None
356,0.90558922290802,0.7748141884803772,1.62235689163208,1.0992567539215088,[0.0915 0.1000 0.1000 0.1000 0.1000 0.1000 0.1000],[0.0851 0.0000 0.0000 0.0000 0.0000 0.0000 0.0000],0.6804034113883972,0.6383716902292593,0.9148534387350082,0.08514656126499182,0.3973668433998094,None
356,0.9058681130409241,0.775052011013031,1.6234724521636963,1.100208044052124,[0.0907 0.1000 0.1000 0.1000 0.1000 0.1000 0.1000],[0.0926 0.0000 0.0000 0.0000 0.0000 0.0000 0.0000],0.6809201240539551,0.6383149131801353,0.9073937684297562,0.09260623157024389,0.3943909612594702,None
356,0.9061471223831177,0.7752898335456848,1.6245884895324707,1.1011593341827393,[0.0900 0.1000 0.1000 0.1000 0.1000 0.1000 0.1000],[0.1001 0.0000 0.0000 0.0000 0.0000 0.0000 0.0000],0.6814369559288025,0.6382579802712535,0.8999000489711761,0.10009995102882391,0.3913958456976202,None
356,0.9064285159111023,0.7755296230316162,1.6257140636444092,1.1021184921264648,[0.0892 0.1000 0.1000 0.1000 0.1000 0.1000 0.1000],[0.1077 0.0000 0.0000 0.0000 0.0000 0.0000 0.0000],0.6819581389427185,0.6382004797135766,0.8923059701919556,0.10769402980804449,0.38835476837095384,None
356,0.9066964983940125,0.7757580280303955,1.6267859935760498,1.103032112121582,[0.0885 0.1000 0.1000 0.1000 0.1000 0.1000 0.1000],[0.1150 0.0000 0.0000 0.0000 0.0000 0.0000 0.0000],0.682454526424408,0.6381457885230338,0.8850431442260742,0.11495685577392584,0.38544114102511995,None
356,0.9069660902023315,0.7759876251220703,1.6278643608093262,1.1039505004882812,[0.0878 0.1000 0.1000 0.1000 0.1000 0.1000 0.1000],[0.1223 0.0000 0.0000 0.0000 0.0000 0.0000 0.0000],0.6829537153244019,0.6380905291647354,0.8777052909135818,0.12229470908641821,0.38249193911675144,None
356,0.9072333574295044,0.7762154340744019,1.6289334297180176,1.1048617362976074,[0.0870 0.1000 0.1000 0.1000 0.1000 0.1000 0.1000],[0.1296 0.0000 0.0000 0.0000 0.0000 0.0000 0.0000],0.6834487915039062,0.6380360192572989,0.8703947812318802,0.12960521876811987,0.3795486535353857,None
356,0.9060238003730774,0.7734361290931702,1.6240952014923096,1.0937445163726807,[0.0863 0.1071 0.1000 0.1000 0.1000 0.1000 0.1000],[0.1369 -0.0705 0.0000 0.0000 0.0000 0.0000 0.0000],0.6794599294662476,0.6358740996854149,0.8631321787834167,0.1368678212165833,0.3729170958771079,None
356,0.906504213809967,0.7741010785102844,1.6260168552398682,1.0964043140411377,[0.0856 0.1060 0.1000 0.1000 0.1000 0.1000 0.1000],[0.1440 -0.0602 0.0000 0.0000 0.0000 0.0000 0.0000],0.6806052923202515,0.6361275837608975,0.8559945970773697,0.14400540292263037,0.37060440167928954,None
356,0.9069580435752869,0.7747370004653931,1.6278321743011475,1.0989480018615723,[0.0849 0.1050 0.1000 0.1000 0.1000 0.1000 0.1000],[0.1506 -0.0501 0.0000 0.0000 0.0000 0.0000 0.0000],0.6816950440406799,0.6363778841848398,0.8493555337190628,0.15064446628093725,0.36846372275958433,None
356,0.9074400067329407,0.7754175066947937,1.6297600269317627,1.1016700267791748,[0.0842 0.1039 0.1000 0.1000 0.1000 0.1000 0.1000],[0.1577 -0.0392 0.0000 0.0000 0.0000 0.0000 0.0000],0.6828575134277344,0.6366509941693153,0.8423280715942383,0.15767192840576177,0.3661953187344631,None
356,0.9079322218894958,0.7761132717132568,1.6317288875579834,1.1044530868530273,[0.0835 0.1028 0.1000 0.1000 0.1000 0.1000 0.1000],[0.1649 -0.0280 0.0000 0.0000 0.0000 0.0000 0.0000],0.6840454936027527,0.6369312046233675,0.8350794762372971,0.164920523762703,0.3638357104105757,None
356,0.9084266424179077,0.7768158912658691,1.6337065696716309,1.1072635650634766,[0.0828 0.1017 0.1000 0.1000 0.1000 0.1000 0.1000],[0.1722 -0.0167 0.0000 0.0000 0.0000 0.0000 0.0000],0.6852425336837769,0.6372180391033223,0.8277793228626251,0.17222067713737493,0.3614489337707219,None
356,0.9089112281799316,0.7775034308433533,1.6356449127197266,1.110013723373413,[0.0820 0.1006 0.1000 0.1000 0.1000 0.1000 0.1000],[0.1795 -0.0057 0.0000 0.0000 0.0000 0.0000 0.0000],0.6864146590232849,0.6374978657489333,0.8204974234104156,0.1795025765895844,0.3590397281755221,None
356,0.9093909859657288,0.7781869769096375,1.637563943862915,1.1127479076385498,[0.0813 0.0995 0.1000 0.1000 0.1000 0.1000 0.1000],[0.1867 0.0054 0.0000 0.0000 0.0000 0.0000 0.0000],0.6875779628753662,0.6377790604395002,0.813252255320549,0.18674774467945104,0.35662967818241414,None
356,0.9098663330078125,0.7788601517677307,1.63946533203125,1.1154406070709229,[0.0806 0.0984 0.1000 0.1000 0.1000 0.1000 0.1000],[0.1941 0.0161 0.0000 0.0000 0.0000 0.0000 0.0000],0.6887264847755432,0.6380522396255479,0.8058738708496094,0.19412612915039068,0.3541360151046905,None
356,0.9103079438209534,0.7794972658157349,1.6412317752838135,1.1179890632629395,[0.0799 0.0973 0.1000 0.1000 0.1000 0.1000 0.1000],[0.2008 0.0265 0.0000 0.0000 0.0000 0.0000 0.0000],0.6898052096366882,0.6383224115248243,0.7991848140954971,0.20081518590450292,0.3518955587892285,None
356,0.9107750654220581,0.7801723480224609,1.6431002616882324,1.1206893920898438,[0.0792 0.0962 0.1000 0.1000 0.1000 0.1000 0.1000],[0.2080 0.0376 0.0000 0.0000 0.0000 0.0000 0.0000],0.690947413444519,0.6386100203386967,0.7920394092798233,0.20796059072017675,0.3494841750529866,None
356,0.9112381935119629,0.7808420658111572,1.6449527740478516,1.123368263244629,[0.0785 0.0951 0.1000 0.1000 0.1000 0.1000 0.1000],[0.2151 0.0486 0.0000 0.0000 0.0000 0.0000 0.0000],0.6920802593231201,0.6388959600048683,0.7848581671714783,0.21514183282852178,0.3470386022830799,None
356,0.9116901755332947,0.7814977765083313,1.6467607021331787,1.1259911060333252,[0.0778 0.0941 0.1000 0.1000 0.1000 0.1000 0.1000],[0.2222 0.0593 0.0000 0.0000 0.0000 0.0000 0.0000],0.693187952041626,0.6391781616573584,0.7777834683656693,0.2222165316343308,0.34461298867474854,None
356,0.9121342897415161,0.7821439504623413,1.6485371589660645,1.1285758018493652,[0.0771 0.0930 0.1000 0.1000 0.1000 0.1000 0.1000],[0.2292 0.0700 0.0000 0.0000 0.0000 0.0000 0.0000],0.6942782402038574,0.6394582697118476,0.7707670331001282,0.22923296689987188,0.3421912443982852,None
356,0.9125699996948242,0.7827730178833008,1.6502799987792969,1.1310920715332031,[0.0764 0.0920 0.1000 0.1000 0.1000 0.1000 0.1000],[0.2363 0.0802 0.0000 0.0000 0.0000 0.0000 0.0000],0.695343017578125,0.6397265180289793,0.7636646926403046,0.2363353073596955,0.3397004821871355,None
356,0.9129918217658997,0.783390462398529,1.6519672870635986,1.1335618495941162,[0.0757 0.0910 0.1000 0.1000 0.1000 0.1000 0.1000],[0.2431 0.0904 0.0000 0.0000 0.0000 0.0000 0.0000],0.6963822841644287,0.6399981119947138,0.7568816095590591,0.2431183904409409,0.3373295291005109,None
356,0.9134179949760437,0.7840166687965393,1.6536719799041748,1.1360666751861572,[0.0750 0.0899 0.1000 0.1000 0.1000 0.1000 0.1000],[0.2500 0.1008 0.0000 0.0000 0.0000 0.0000 0.0000],0.697434663772583,0.6402760416937671,0.7499691098928452,0.2500308901071549,0.3348992353960955,None
356,0.9138515591621399,0.7846555113792419,1.6554062366485596,1.1386220455169678,[0.0743 0.0889 0.1000 0.1000 0.1000 0.1000 0.1000],[0.2571 0.1114 0.0000 0.0000 0.0000 0.0000 0.0000],0.6985070705413818,0.6405614826108672,0.7428716123104095,0.2571283876895905,0.332388041099755,None
356,0.9142849445343018,0.7852967381477356,1.657139778137207,1.1411869525909424,[0.0736 0.0878 0.1000 0.1000 0.1000 0.1000 0.1000],[0.2643 0.1221 0.0000 0.0000 0.0000 0.0000 0.0000],0.6995816826820374,0.6408507185214396,0.7357200980186462,0.2642799019813538,0.329843496337983,None
356,0.9147374629974365,0.7859629988670349,1.658949851989746,1.1438519954681396,[0.0728 0.0867 0.1000 0.1000 0.1000 0.1000 0.1000],[0.2720 0.1331 0.0000 0.0000 0.0000 0.0000 0.0000],0.7007004618644714,0.6411484093244094,0.7280390709638596,0.2719609290361405,0.3270737269463442,None
356,0.9151004552841187,0.7865044474601746,1.6604018211364746,1.1460177898406982,[0.0722 0.0858 0.1000 0.1000 0.1000 0.1000 0.1000],[0.2781 0.1422 0.0000 0.0000 0.0000 0.0000 0.0000],0.7016049027442932,0.6413971447074855,0.7219447195529938,0.2780552804470063,0.3248804527132029,None
356,0.9155157208442688,0.7871254086494446,1.6620628833770752,1.1485016345977783,[0.0715 0.0847 0.1000 0.1000 0.1000 0.1000 0.1000],[0.2851 0.1526 0.0000 0.0000 0.0000 0.0000 0.0000],0.7026411294937134,0.6416840609255232,0.714895948767662,0.285104051232338,0.32232771958788065,None
356,0.9159281849861145,0.7877439260482788,1.663712739944458,1.1509757041931152,[0.0708 0.0837 0.1000 0.1000 0.1000 0.1000 0.1000],[0.2922 0.1631 0.0000 0.0000 0.0000 0.0000 0.0000],0.7036721110343933,0.641971706512131,0.7078149914741516,0.29218500852584844,0.31974663554474003,None
356,0.9163383841514587,0.7883614301681519,1.665353536605835,1.1534457206726074,[0.0701 0.0826 0.1000 0.1000 0.1000 0.1000 0.1000],[0.2993 0.1735 0.0000 0.0000 0.0000 0.0000 0.0000],0.7046998143196106,0.6422613328373534,0.7007037848234177,0.2992962151765824,0.31713954342253714,None
356,0.9167409539222717,0.7889724969863892,1.666963815689087,1.1558899879455566,[0.0694 0.0816 0.1000 0.1000 0.1000 0.1000 0.1000],[0.3063 0.1839 0.0000 0.0000 0.0000 0.0000 0.0000],0.7057134509086609,0.6425528613404738,0.6937208026647568,0.3062791973352433,0.3145733845141737,None
356,0.9171247482299805,0.7895509004592896,1.6684989929199219,1.1582036018371582,[0.0687 0.0806 0.1000 0.1000 0.1000 0.1000 0.1000],[0.3132 0.1937 0.0000 0.0000 0.0000 0.0000 0.0000],0.70667564868927,0.642825185979343,0.6868471950292587,0.3131528049707413,0.3120133233913998,None
356,0.9175121188163757,0.7901381850242615,1.670048475265503,1.160552740097046,[0.0680 0.0796 0.1000 0.1000 0.1000 0.1000 0.1000],[0.3201 0.2036 0.0000 0.0000 0.0000 0.0000 0.0000],0.7076503038406372,0.6431051502303315,0.6798722594976425,0.32012774050235754,0.30940548349481095,None
356,0.9179022908210754,0.790734052658081,1.6716091632843018,1.1629362106323242,[0.0673 0.0786 0.1000 0.1000 0.1000 0.1000 0.1000],[0.3272 0.2138 0.0000 0.0000 0.0000 0.0000 0.0000],0.7086363434791565,0.6433934406618488,0.6728272140026093,0.3271727859973908,0.3067634406546362,None
356,0.9182888269424438,0.7913264036178589,1.6731553077697754,1.1653056144714355,[0.0666 0.0776 0.1000 0.1000 0.1000 0.1000 0.1000],[0.3342 0.2240 0.0000 0.0000 0.0000 0.0000 0.0000],0.7096152305603027,0.6436821316232022,0.6657680869102478,0.33423191308975225,0.304100654899643,None
356,0.9186694025993347,0.7919131517410278,1.6746776103973389,1.1676526069641113,[0.0659 0.0766 0.1000 0.1000 0.1000 0.1000 0.1000],[0.3412 0.2341 0.0000 0.0000 0.0000 0.0000 0.0000],0.7105825543403625,0.6439715589193654,0.6587748229503632,0.3412251770496369,0.3014520356340354,None
356,0.9190608859062195,0.7925134897232056,1.676243543624878,1.1700539588928223,[0.0651 0.0756 0.1000 0.1000 0.1000 0.1000 0.1000],[0.3486 0.2443 0.0000 0.0000 0.0000 0.0000 0.0000],0.711574375629425,0.6442649916257694,0.6513714790344238,0.3486285209655762,0.2986163426726245,None
356,0.9194172024726868,0.7930681109428406,1.677668809890747,1.1722724437713623,[0.0645 0.0746 0.1000 0.1000 0.1000 0.1000 0.1000],[0.3553 0.2540 0.0000 0.0000 0.0000 0.0000 0.0000],0.7124853134155273,0.6445438261475176,0.6447004526853561,0.3552995473146439,0.2960645059216789,None
356,0.9197877645492554,0.7936482429504395,1.6791510581970215,1.1745929718017578,[0.0638 0.0736 0.1000 0.1000 0.1000 0.1000 0.1000],[0.3623 0.2641 0.0000 0.0000 0.0000 0.0000 0.0000],0.7134360074996948,0.6448387386005958,0.6377209722995758,0.36227902770042425,0.2933842827231672,None
356,0.9201558232307434,0.7942261695861816,1.6806232929229736,1.1769046783447266,[0.0631 0.0726 0.1000 0.1000 0.1000 0.1000 0.1000],[0.3693 0.2742 0.0000 0.0000 0.0000 0.0000 0.0000],0.714381992816925,0.645134316051042,0.6306883692741394,0.36931163072586065,0.2906668235081409,None
356,0.9205191135406494,0.7947986721992493,1.6820764541625977,1.179194688796997,[0.0624 0.0716 0.1000 0.1000 0.1000 0.1000 0.1000],[0.3763 0.2842 0.0000 0.0000 0.0000 0.0000 0.0000],0.7153177857398987,0.6454292153301402,0.6236730515956879,0.3763269484043122,0.2879417384019471,None
356,0.9197729229927063,0.7954267859458923,1.6790916919708252,1.1817071437835693,[0.0616 0.0706 0.1067 0.1000 0.1000 0.1000 0.1000],[0.3837 0.2941 -0.0672 0.0000 0.0000 0.0000 0.0000],0.7151997089385986,0.6473725236927588,0.6163475289940834,0.38365247100591665,0.28536930070712263,None
356,0.9203967452049255,0.79594486951828,1.6815869808197021,1.1837794780731201,[0.0610 0.0696 0.1050 0.1000 0.1000 0.1000 0.1000],[0.3903 0.3035 -0.0504 0.0000 0.0000 0.0000 0.0000],0.7163416147232056,0.6472226258861752,0.6097458302974701,0.39025416970252996,0.28269798422190434,None
356,0.9210101366043091,0.796465277671814,1.6840405464172363,1.1858611106872559,[0.0603 0.0687 0.1034 0.1000 0.1000 0.1000 0.1000],[0.3970 0.3130 -0.0339 0.0000 0.0000 0.0000 0.0000],0.717475414276123,0.6470908630645912,0.6030230969190598,0.3969769030809403,0.2799666096339327,None
356,0.9216285943984985,0.796998143196106,1.6865143775939941,1.1879925727844238,[0.0596 0.0677 0.1017 0.1000 0.1000 0.1000 0.1000],[0.4039 0.3226 -0.0169 0.0000 0.0000 0.0000 0.0000],0.7186267375946045,0.6469696171681641,0.5960998311638832,0.40390016883611685,0.2771444949934108,None
356,0.9222353100776672,0.7975314259529114,1.688941240310669,1.1901257038116455,[0.0589 0.0668 0.1000 0.1000 0.1000 0.1000 0.1000],[0.4109 0.3323 -0.0002 0.0000 0.0000 0.0000 0.0000],0.7197667360305786,0.6468656287972582,0.5890987813472748,0.4109012186527253,0.2742798932295026,None
356,0.922795832157135,0.7980431914329529,1.69118332862854,1.1921727657318115,[0.0582 0.0658 0.0985 0.1000 0.1000 0.1000 0.1000],[0.4179 0.3415 0.0148 0.0000 0.0000 0.0000 0.0000],0.7208390235900879,0.6467966014826838,0.5821183696389198,0.4178816303610802,0.27140467446664024,None
356,0.9233677983283997,0.7985633015632629,1.6934711933135986,1.1942532062530518,[0.0575 0.0649 0.0969 0.1000 0.1000 0.1000 0.1000],[0.4248 0.3510 0.0309 0.0000 0.0000 0.0000 0.0000],0.7219310998916626,0.6467232009243506,0.5751865729689598,0.42481342703104025,0.26854862424435727,None
356,0.9239392280578613,0.7990893721580505,1.6957569122314453,1.1963574886322021,[0.0568 0.0639 0.0953 0.1000 0.1000 0.1000 0.1000],[0.4318 0.3606 0.0474 0.0000 0.0000 0.0000 0.0000],0.7230286002159119,0.6466590090297889,0.5681747943162918,0.43182520568370825,0.2656518058094281,None
356,0.9245052933692932,0.7996176481246948,1.6980211734771729,1.1984705924987793,[0.0561 0.0630 0.0936 0.1000 0.1000 0.1000 0.1000],[0.4389 0.3704 0.0641 0.0000 0.0000 0.0000 0.0000],0.724122941493988,0.6466055387465752,0.561135783791542,0.438864216208458,0.2627360654841531,None
356,0.9250541925430298,0.8001441955566406,1.7002167701721191,1.2005767822265625,[0.0554 0.0620 0.0920 0.1000 0.1000 0.1000 0.1000],[0.4460 0.3801 0.0802 0.0000 0.0000 0.0000 0.0000],0.7251983880996704,0.6465739158092754,0.553966611623764,0.446033388376236,0.25975182066746916,None
356,0.9255833029747009,0.8006637096405029,1.7023332118988037,1.2026548385620117,[0.0547 0.0610 0.0904 0.1000 0.1000 0.1000 0.1000],[0.4532 0.3896 0.0957 0.0000 0.0000 0.0000 0.0000],0.7262470126152039,0.6465603398963298,0.5467871204018593,0.45321287959814077,0.25675073560330924,None
356,0.926103949546814,0.8011921048164368,1.7044157981872559,1.204768419265747,[0.0539 0.0601 0.0889 0.1000 0.1000 0.1000 0.1000],[0.4607 0.3992 0.1107 0.0000 0.0000 0.0000 0.0000],0.7272960543632507,0.6465713017730773,0.5392589047551155,0.46074109524488455,0.253585829470336,None
356,0.9265984892845154,0.8016937971115112,1.7063939571380615,1.206775188446045,[0.0532 0.0592 0.0874 0.1000 0.1000 0.1000 0.1000],[0.4677 0.4084 0.1258 0.0000 0.0000 0.0000 0.0000],0.7282922863960266,0.6465814207303129,0.5322542414069176,0.4677457585930825,0.250638661327208,None
356,0.9270830154418945,0.80219566822052,1.7083320617675781,1.20878267288208,[0.0525 0.0582 0.0859 0.1000 0.1000 0.1000 0.1000],[0.4748 0.4177 0.1406 0.0000 0.0000 0.0000 0.0000],0.7292786836624146,0.6466059604048555,0.5251678451895714,0.4748321548104287,0.24764601881422615,None
356,0.9275617599487305,0.8027006387710571,1.7102470397949219,1.2108025550842285,[0.0518 0.0573 0.0845 0.1000 0.1000 0.1000 0.1000],[0.4820 0.4271 0.1555 0.0000 0.0000 0.0000 0.0000],0.7302623987197876,0.6466430683039126,0.5179785192012787,0.48202148079872137,0.24459935957089196,None
356,0.9280316233634949,0.8032025694847107,1.7121264934539795,1.2128102779388428,[0.0511 0.0564 0.0830 0.1000 0.1000 0.1000 0.1000],[0.4892 0.4364 0.1705 0.0000 0.0000 0.0000 0.0000],0.7312341928482056,0.6466884464402782,0.5108484998345375,0.48915150016546255,0.24157039831931182,None
356,0.928493082523346,0.8037046194076538,1.7139723300933838,1.2148184776306152,[0.0504 0.0554 0.0815 0.1000 0.1000 0.1000 0.1000],[0.4963 0.4458 0.1854 0.0000 0.0000 0.0000 0.0000],0.7321977019309998,0.6467458944107058,0.5036607012152672,0.4963392987847329,0.23850643870689123,None
356,0.9289402365684509,0.804198145866394,1.7157609462738037,1.2167925834655762,[0.0497 0.0545 0.0800 0.1000 0.1000 0.1000 0.1000],[0.5034 0.4551 0.2002 0.0000 0.0000 0.0000 0.0000],0.733138382434845,0.6468115365671511,0.49659229815006256,0.5034077018499374,0.23548524155763326,None
356,0.9293799996376038,0.8046934604644775,1.717519998550415,1.2187738418579102,[0.0489 0.0536 0.0785 0.1000 0.1000 0.1000 0.1000],[0.5106 0.4644 0.2150 0.0000 0.0000 0.0000 0.0000],0.7340734601020813,0.646890188223088,0.48943568021059036,0.5105643197894096,0.23241583452879316,None
356,0.9298095703125,0.8051883578300476,1.71923828125,1.2207534313201904,[0.0482 0.0526 0.0771 0.1000 0.1000 0.1000 0.1000],[0.5178 0.4737 0.2295 0.0000 0.0000 0.0000 0.0000],0.7349979281425476,0.6469827022900261,0.4821747913956642,0.5178252086043358,0.22928903455821287,None
356,0.9302259087562561,0.8056773543357849,1.7209036350250244,1.2227094173431396,[0.0475 0.0517 0.0756 0.1000 0.1000 0.1000 0.1000],[0.5251 0.4829 0.2437 0.0000 0.0000 0.0000 0.0000],0.735903263092041,0.6470856273535022,0.47494303435087204,0.525056965649128,0.22616427510738518,None
356,0.930648922920227,0.8061860799789429,1.7225956916809082,1.2247443199157715,[0.0467 0.0508 0.0742 0.1000 0.1000 0.1000 0.1000],[0.5327 0.4925 0.2582 0.0000 0.0000 0.0000 0.0000],0.7368350028991699,0.6472070820703961,0.4672980308532715,0.5327019691467285,0.2228473430279105,None
356,0.9310450553894043,0.8066588044166565,1.7241802215576172,1.226635217666626,[0.0460 0.0498 0.0727 0.1000 0.1000 0.1000 0.1000],[0.5395 0.5016 0.2729 0.0000 0.0000 0.0000 0.0000],0.7377038598060608,0.6473156496628355,0.4604698345065117,0.5395301654934883,0.21988689528519073,None
356,0.9314422607421875,0.8071413636207581,1.72576904296875,1.2285654544830322,[0.0453 0.0489 0.0712 0.1000 0.1000 0.1000 0.1000],[0.5465 0.5110 0.2880 0.0000 0.0000 0.0000 0.0000],0.7385836243629456,0.6474366764375095,0.4534713551402092,0.5465286448597908,0.2168437110329598,None
356,0.9318054914474487,0.8075960278511047,1.727221965789795,1.230384111404419,[0.0447 0.0480 0.0698 0.1000 0.1000 0.1000 0.1000],[0.5533 0.5198 0.3016 0.0000 0.0000 0.0000 0.0000],0.7394015192985535,0.6475663699413122,0.4466952010989189,0.5533047989010811,0.21388282509158452,None
356,0.9321584105491638,0.8080441951751709,1.7286336421966553,1.2321767807006836,[0.0440 0.0472 0.0685 0.1000 0.1000 0.1000 0.1000],[0.5600 0.5285 0.3151 0.0000 0.0000 0.0000 0.0000],0.7402026057243347,0.6477015251608476,0.44000640511512756,0.5599935948848724,0.21095242773513148,None
356,0.9325146675109863,0.8085043430328369,1.7300586700439453,1.2340173721313477,[0.0433 0.0463 0.0671 0.1000 0.1000 0.1000 0.1000],[0.5669 0.5374 0.3291 0.0000 0.0000 0.0000 0.0000],0.7410190105438232,0.6478490032980888,0.4331105574965477,0.5668894425034523,0.20792270423019613,None
356,0.9328879714012146,0.8089999556541443,1.7315518856048584,1.2359998226165771,[0.0426 0.0453 0.0656 0.1000 0.1000 0.1000 0.1000],[0.5745 0.5470 0.3436 0.0000 0.0000 0.0000 0.0000],0.7418879270553589,0.6480227056370393,0.4255100339651108,0.5744899660348892,0.2045682982943708,None
356,0.9332133531570435,0.8094334602355957,1.7328534126281738,1.2377338409423828,[0.0419 0.0444 0.0643 0.1000 0.1000 0.1000 0.1000],[0.5810 0.5556 0.3570 0.0000 0.0000 0.0000 0.0000],0.7426468133926392,0.6481763326303249,0.41901111602783203,0.580988883972168,0.20169774172755056,None
356,0.9335355162620544,0.8098723888397217,1.7341420650482178,1.2394895553588867,[0.0412 0.0436 0.0630 0.1000 0.1000 0.1000 0.1000],[0.5877 0.5642 0.3703 0.0000 0.0000 0.0000 0.0000],0.7434079051017761,0.6483423149960565,0.4123250022530556,0.5876749977469444,0.1987335599948249,None
356,0.9338564276695251,0.8103173971176147,1.7354257106781006,1.241269588470459,[0.0406 0.0427 0.0616 0.1000 0.1000 0.1000 0.1000],[0.5945 0.5730 0.3838 0.0000 0.0000 0.0000 0.0000],0.7441738247871399,0.6485188048388499,0.4055103659629822,0.5944896340370178,0.19570364945911545,None
356,0.9341638088226318,0.8107519745826721,1.7366552352905273,1.2430078983306885,[0.0399 0.0418 0.0603 0.1000 0.1000 0.1000 0.1000],[0.6012 0.5816 0.3969 0.0000 0.0000 0.0000 0.0000],0.744915783405304,0.6486997947054973,0.3987962007522583,0.6012037992477417,0.19270897835023207,None
356,0.9344875812530518,0.8112141489982605,1.737950325012207,1.244856595993042,[0.0392 0.0409 0.0589 0.1000 0.1000 0.1000 0.1000],[0.6083 0.5909 0.4112 0.0000 0.0000 0.0000 0.0000],0.7457017302513123,0.6488968353107718,0.3917302191257477,0.6082697808742523,0.18955178668383438,None
356,0.9348066449165344,0.811680793762207,1.7392265796661377,1.2467231750488281,[0.0384 0.0400 0.0575 0.1000 0.1000 0.1000 0.1000],[0.6155 0.6002 0.4254 0.0000 0.0000 0.0000 0.0000],0.7464874386787415,0.6491070659669429,0.3844761475920677,0.6155238524079323,0.18629802154796438,None
356,0.9346115589141846,0.8108755350112915,1.7384462356567383,1.243502140045166,[0.0377 0.0390 0.0561 0.1060 0.1000 0.1000 0.1000],[0.6231 0.6096 0.4391 -0.0595 0.0000 0.0000 0.0000],0.7454870939254761,0.6482386833335805,0.37689879536628723,0.6231012046337128,0.18213768922181156,None
356,0.9351183176040649,0.8118560314178467,1.7404732704162598,1.2474241256713867,[0.0369 0.0381 0.0548 0.1036 0.1000 0.1000 0.1000],[0.6306 0.6187 0.4523 -0.0358 0.0000 0.0000 0.0000],0.7469743490219116,0.6489127085948307,0.36943230777978897,0.630567692220211,0.17907165236289382,None
356,0.9356216788291931,0.8128399848937988,1.7424867153167725,1.2513599395751953,[0.0362 0.0372 0.0534 0.1011 0.1000 0.1000 0.1000],[0.6380 0.6279 0.4658 -0.0112 0.0000 0.0000 0.0000],0.7484616637229919,0.6495978111720844,0.3620174899697304,0.6379825100302696,0.17601256278405947,None
356,0.9361075758934021,0.8137989044189453,1.7444303035736084,1.2551956176757812,[0.0355 0.0363 0.0521 0.0987 0.1000 0.1000 0.1000],[0.6452 0.6371 0.4793 0.0135 0.0000 0.0000 0.0000],0.7499064803123474,0.6502734332732831,0.35475585609674454,0.6452441439032555,0.17299465748981693,None
356,0.9365887641906738,0.8147576451301575,1.7463550567626953,1.2590305805206299,[0.0347 0.0354 0.0507 0.0961 0.1000 0.1000 0.1000],[0.6526 0.6463 0.4930 0.0388 0.0000 0.0000 0.0000],0.7513464093208313,0.6509568521507458,0.3474462777376175,0.6525537222623825,0.1699339222452533,None
356,0.9370520710945129,0.8156880736351013,1.7482082843780518,1.2627522945404053,[0.0340 0.0344 0.0493 0.0937 0.1000 0.1000 0.1000],[0.6600 0.6556 0.5067 0.0634 0.0000 0.0000 0.0000],0.7527401447296143,0.6516266407151494,0.34003760665655136,0.6599623933434486,0.16679032709921443,None
356,0.937491774559021,0.8165788054466248,1.749967098236084,1.266315221786499,[0.0333 0.0335 0.0480 0.0913 0.1000 0.1000 0.1000],[0.6673 0.6647 0.5200 0.0873 0.0000 0.0000 0.0000],0.7540705800056458,0.6522745779894771,0.3326992690563202,0.6673007309436798,0.1636418182491609,None
356,0.9379223585128784,0.817456841468811,1.7516894340515137,1.2698273658752441,[0.0325 0.0326 0.0467 0.0890 0.1000 0.1000 0.1000],[0.6752 0.6742 0.5332 0.1102 0.0000 0.0000 0.0000],0.7553791999816895,0.6529185728909319,0.3247777745127678,0.6752222254872322,0.1601807586473449,None
356,0.938306987285614,0.8182493448257446,1.753227949142456,1.2729973793029785,[0.0318 0.0317 0.0454 0.0868 0.1000 0.1000 0.1000],[0.6822 0.6828 0.5455 0.1317 0.0000 0.0000 0.0000],0.7565563321113586,0.6535066487508463,0.31720247119665146,0.6827975288033485,0.15682953075534142,None
356,0.9386855959892273,0.8190357685089111,1.7547423839569092,1.2761430740356445,[0.0310 0.0308 0.0442 0.0847 0.1000 0.1000 0.1000],[0.6895 0.6916 0.5579 0.1529 0.0000 0.0000 0.0000],0.7577213644981384,0.654095638246182,0.30838705599308014,0.6916129440069199,0.1528434833315584,None
356,0.9390503168106079,0.8198001384735107,1.7562012672424316,1.279200553894043,[0.0303 0.0300 0.0430 0.0826 0.1000 0.1000 0.1000],[0.6968 0.7004 0.5701 0.1738 0.0000 0.0000 0.0000],0.7588504552841187,0.6546738087878401,0.2996441349387169,0.7003558650612831,0.14886306176750302,None
356,0.9394121170043945,0.8205658197402954,1.7576484680175781,1.2822632789611816,[0.0296 0.0291 0.0417 0.0805 0.1000 0.1000 0.1000],[0.7041 0.7092 0.5826 0.1954 0.0000 0.0000 0.0000],0.7599779367446899,0.6552590867563017,0.29079027473926544,0.7092097252607346,0.1448084530978899,None
356,0.9397663474082947,0.821322500705719,1.7590653896331787,1.285290002822876,[0.0289 0.0282 0.0405 0.0783 0.1000 0.1000 0.1000],[0.7115 0.7182 0.5952 0.2169 0.0000 0.0000 0.0000],0.7610888481140137,0.6558432817703892,0.28184089809656143,0.7181591019034386,0.14068229570633273,None
356,0.9401012659072876,0.8220441341400146,1.7604050636291504,1.2881765365600586,[0.0281 0.0273 0.0393 0.0763 0.1000 0.1000 0.1000],[0.7189 0.7270 0.6073 0.2374 0.0000 0.0000 0.0000],0.7621454000473022,0.6564055708145533,0.273025780916214,0.726974219083786,0.1365883783629325,None
356,0.9404235482215881,0.8227454423904419,1.7616941928863525,1.2909817695617676,[0.0274 0.0264 0.0381 0.0742 0.1000 0.1000 0.1000],[0.7262 0.7357 0.6194 0.2576 0.0000 0.0000 0.0000],0.76316899061203,0.6569575742985334,0.26431575417518616,0.7356842458248138,0.13251989685695437,None
356,0.9407309293746948,0.8234202861785889,1.7629237174987793,1.2936811447143555,[0.0266 0.0256 0.0369 0.0723 0.1000 0.1000 0.1000],[0.7335 0.7443 0.6311 0.2769 0.0000 0.0000 0.0000],0.7641512155532837,0.6574935866350734,0.25568824261426926,0.7443117573857307,0.12846404344613752,None
356,0.9410533308982849,0.8241350054740906,1.7642133235931396,1.2965400218963623,[0.0258 0.0246 0.0356 0.0703 0.1000 0.1000 0.1000],[0.7416 0.7537 0.6437 0.2974 0.0000 0.0000 0.0000],0.7651883363723755,0.6580667822158919,0.24629082530736923,0.7537091746926308,0.12401852010825196,None
356,0.9413547515869141,0.8248103857040405,1.7654190063476562,1.299241542816162,[0.0251 0.0237 0.0344 0.0682 0.1000 0.1000 0.1000],[0.7489 0.7625 0.6560 0.3179 0.0000 0.0000 0.0000],0.7661651372909546,0.6586140514273127,0.23747269064188004,0.76252730935812,0.11983041172253008,None
356,0.9416578412055969,0.8254963159561157,1.7666313648223877,1.301985263824463,[0.0243 0.0228 0.0331 0.0661 0.1000 0.1000 0.1000],[0.7567 0.7718 0.6686 0.3387 0.0000 0.0000 0.0000],0.7671541571617126,0.6591752279403957,0.2282453514635563,0.7717546485364437,0.1154211672823298,None
356,0.941950798034668,0.8261666893959045,1.7678031921386719,1.3046667575836182,[0.0235 0.0219 0.0319 0.0641 0.1000 0.1000 0.1000],[0.7647 0.7811 0.6811 0.3588 0.0000 0.0000 0.0000],0.7681174874305725,0.6597293597167639,0.21892771124839783,0.7810722887516022,0.1109415428390269,None
356,0.9422327876091003,0.8268183469772339,1.7689311504364014,1.3072733879089355,[0.0227 0.0210 0.0307 0.0622 0.1000 0.1000 0.1000],[0.7728 0.7904 0.6933 0.3783 0.0000 0.0000 0.0000],0.7690511345863342,0.6602729910179845,0.20962849259376526,0.7903715074062347,0.10644593010193983,None
356,0.9425132274627686,0.8274741172790527,1.7700529098510742,1.309896469116211,[0.0219 0.0200 0.0294 0.0602 0.1000 0.1000 0.1000],[0.7814 0.8000 0.7058 0.3975 0.0000 0.0000 0.0000],0.7699873447418213,0.660825840925763,0.19996177405118942,0.8000382259488106,0.1017460565029512,None
356,0.9427690505981445,0.8280786275863647,1.7710762023925781,1.312314510345459,[0.0211 0.0191 0.0282 0.0584 0.1000 0.1000 0.1000],[0.7891 0.8089 0.7176 0.4164 0.0000 0.0000 0.0000],0.7708476781845093,0.661340254810555,0.1910889334976673,0.8089110665023327,0.09741572422193256,None
356,0.9430230855941772,0.828685462474823,1.772092342376709,1.314741849899292,[0.0203 0.0182 0.0270 0.0564 0.1000 0.1000 0.1000],[0.7969 0.8180 0.7297 0.4355 0.0000 0.0000 0.0000],0.7717085480690002,0.6618615326240531,0.1819874718785286,0.8180125281214714,0.09295268591428324,None
356,0.9432691931724548,0.8292800188064575,1.7730767726898193,1.31712007522583,[0.0195 0.0173 0.0258 0.0546 0.1000 0.1000 0.1000],[0.8050 0.8272 0.7416 0.4541 0.0000 0.0000 0.0000],0.7725492119789124,0.6623771714383085,0.17283208668231964,0.8271679133176804,0.08844145596755472,None
356,0.9435006976127625,0.8298452496528625,1.7740027904510498,1.3193809986114502,[0.0187 0.0164 0.0247 0.0528 0.1000 0.1000 0.1000],[0.8128 0.8360 0.7531 0.4720 0.0000 0.0000 0.0000],0.773345947265625,0.6628717633304799,0.1639709621667862,0.8360290378332138,0.08405630180249508,None
356,0.9437459707260132,0.8304517865180969,1.7749838829040527,1.3218071460723877,[0.0178 0.0154 0.0234 0.0509 0.1000 0.1000 0.1000],[0.8216 0.8458 0.7656 0.4908 0.0000 0.0000 0.0000],0.7741977572441101,0.6634079855256274,0.15416542999446392,0.8458345700055361,0.07918074840770657,None
356,0.9439483880996704,0.8309587240219116,1.7757935523986816,1.3238348960876465,[0.0171 0.0146 0.0224 0.0494 0.1000 0.1000 0.1000],[0.8294 0.8543 0.7760 0.5060 0.0000 0.0000 0.0000],0.774907112121582,0.6638606478292689,0.14569878578186035,0.8543012142181396,0.07495187553735354,None
356,0.9441673755645752,0.8315122127532959,1.7766695022583008,1.3260488510131836,[0.0162 0.0136 0.0212 0.0477 0.1000 0.1000 0.1000],[0.8378 0.8636 0.7876 0.5235 0.0000 0.0000 0.0000],0.7756795883178711,0.6643585800124197,0.1364375464618206,0.8635624535381794,0.07031027756936559,None
356,0.9443860054016113,0.8320712447166443,1.7775440216064453,1.3282849788665771,[0.0154 0.0127 0.0200 0.0458 0.1000 0.1000 0.1000],[0.8462 0.8730 0.7997 0.5417 0.0000 0.0000 0.0000],0.7764572501182556,0.6648660556061696,0.12700123712420464,0.8729987628757954,0.06556312744566814,None
356,0.944598913192749,0.8326226472854614,1.778395652770996,1.3304905891418457,[0.0145 0.0117 0.0188 0.0440 0.1000 0.1000 0.1000],[0.8549 0.8825 0.8116 0.5596 0.0000 0.0000 0.0000],0.7772215604782104,0.6653714508484256,0.11746006086468697,0.882539939135313,0.06074341771994687,None
356,0.9447886943817139,0.8311430811882019,1.7791547775268555,1.3245723247528076,[0.0137 0.0108 0.0176 0.0422 0.1067 0.1000 0.1000],[0.8632 0.8919 0.8237 0.5778 -0.0673 0.0000 0.0000],0.7759317755699158,0.6628863497371962,0.10806102305650711,0.8919389769434929,0.05558168238282901,None
356,0.9449994564056396,0.8328630328178406,1.7799978256225586,1.3314521312713623,[0.0129 0.0099 0.0164 0.0404 0.1028 0.1000 0.1000],[0.8714 0.9013 0.8358 0.5963 -0.0282 0.0000 0.0000],0.7778624892234802,0.6651322296968563,0.09868728928267956,0.9013127107173204,0.0510589690611919,None
356,0.9452077150344849,0.8344812989234924,1.7808308601379395,1.3379251956939697,[0.0120 0.0089 0.0152 0.0386 0.0991 0.1000 0.1000],[0.8803 0.9111 0.8480 0.6145 0.0086 0.0000 0.0000],0.7796890139579773,0.667244209500432,0.08894084021449089,0.9110591597855091,0.04627084773683992,None
356,0.9447261691093445,0.8302159309387207,1.778904676437378,1.3208637237548828,[0.0111 0.0280 0.0140 0.0368 0.0957 0.1000 0.1000],[0.8887 0.7203 0.8597 0.6318 0.0435 0.0000 0.0000],0.7749421000480652,0.6616063857419532,0.11134328320622444,0.8886567167937756,0.057086440838809566,None
356,0.9449359178543091,0.8318347930908203,1.7797436714172363,1.3273391723632812,[0.0103 0.0270 0.0128 0.0351 0.0921 0.1000 0.1000],[0.8972 0.7298 0.8716 0.6494 0.0787 0.0000 0.0000],0.7767707109451294,0.6636948933431299,0.10282380506396294,0.8971761949360371,0.053009656359925286,None
356,0.9451390504837036,0.8334020376205444,1.7805562019348145,1.3336081504821777,[0.0094 0.0261 0.0117 0.0333 0.0886 0.1000 0.1000],[0.9057 0.7392 0.8834 0.6669 0.1137 0.0000 0.0000],0.778541088104248,0.6657291324940817,0.09434880688786507,0.9056511931121349,0.04890074915239753,None
356,0.9453334212303162,0.8348932266235352,1.7813336849212646,1.3395729064941406,[0.0086 0.0251 0.0105 0.0316 0.0852 0.1000 0.1000],[0.9140 0.7485 0.8950 0.6840 0.1477 0.0000 0.0000],0.7802266478538513,0.6676745652123794,0.08597457781434059,0.9140254221856594,0.04478738058753854,None
