383,0.8194416761398315,0.7247389554977417,1.2777667045593262,0.8989558219909668,[0.1000 0.1000 0.1000 0.1000 0.1000 0.1000 0.1000],[0.0000 0.0000 0.0000 0.0000 0.0000 0.0000 0.0000],0.5441806316375732,0.692261928513728,1.0,0.0,0.37671553351724507,None
383,0.8194416761398315,0.7247389554977417,1.2777667045593262,0.8989558219909668,[0.1000 0.1000 0.1000 0.1000 0.1000 0.1000 0.1000],[0.0000 0.0000 0.0000 0.0000 0.0000 0.0000 0.0000],0.5441806316375732,0.692261928513728,1.0,0.0,0.37671553351724507,None
383,0.8194416761398315,0.7247389554977417,1.2777667045593262,0.8989558219909668,[0.1000 0.1000 0.1000 0.1000 0.1000 0.1000 0.1000],[0.0000 0.0000 0.0000 0.0000 0.0000 0.0000 0.0000],0.5441806316375732,0.692261928513728,1.0,0.0,0.37671553351724507,None
383,0.8194416761398315,0.7247389554977417,1.2777667045593262,0.8989558219909668,[0.1000 0.1000 0.1000 0.1000 0.1000 0.1000 0.1000],[0.0000 0.0000 0.0000 0.0000 0.0000 0.0000 0.0000],0.5441806316375732,0.692261928513728,1.0,0.0,0.37671553351724507,None
383,0.8194416761398315,0.7247389554977417,1.2777667045593262,0.8989558219909668,[0.1000 0.1000 0.1000 0.1000 0.1000 0.1000 0.1000],[0.0000 0.0000 0.0000 0.0000 0.0000 0.0000 0.0000],0.5441806316375732,0.692261928513728,1.0,0.0,0.37671553351724507,None
383,0.8194416761398315,0.7247389554977417,1.2777667045593262,0.8989558219909668,[0.1000 0.1000 0.1000 0.1000 0.1000 0.1000 0.1000],[0.0000 0.0000 0.0000 0.0000 0.0000 0.0000 0.0000],0.5441806316375732,0.692261928513728,1.0,0.0,0.37671553351724507,None
383,0.8194416761398315,0.7247389554977417,1.2777667045593262,0.8989558219909668,[0.1000 0.1000 0.1000 0.1000 0.1000 0.1000 0.1000],[0.0000 0.0000 0.0000 0.0000 0.0000 0.0000 0.0000],0.5441806316375732,0.692261928513728,1.0,0.0,0.37671553351724507,None
383,0.8194416761398315,0.7247389554977417,1.2777667045593262,0.8989558219909668,[0.1000 0.1000 0.1000 0.1000 0.1000 0.1000 0.1000],[0.0000 0.0000 0.0000 0.0000 0.0000 0.0000 0.0000],0.5441806316375732,0.692261928513728,1.0,0.0,0.37671553351724507,None
383,0.8194416761398315,0.7247389554977417,1.2777667045593262,0.8989558219909668,[0.1000 0.1000 0.1000 0.1000 0.1000 0.1000 0.1000],[0.0000 0.0000 0.0000 0.0000 0.0000 0.0000 0.0000],0.5441806316375732,0.692261928513728,1.0,0.0,0.37671553351724507,None
383,0.8194416761398315,0.7247389554977417,1.2777667045593262,0.8989558219909668,[0.1000 0.1000 0.1000 0.1000 0.1000 0.1000 0.1000],[0.0000 0.0000 0.0000 0.0000 0.0000 0.0000 0.0000],0.5441806316375732,0.692261928513728,1.0,0.0,0.37671553351724507,None
383,0.8194416761398315,0.7247389554977417,1.2777667045593262,0.8989558219909668,[0.1000 0.1000 0.1000 0.1000 0.1000 0.1000 0.1000],[0.0000 0.0000 0.0000 0.0000 0.0000 0.0000 0.0000],0.5441806316375732,0.692261928513728,1.0,0.0,0.37671553351724507,None
383,0.8194416761398315,0.7247389554977417,1.2777667045593262,0.8989558219909668,[0.1000 0.1000 0.1000 0.1000 0.1000 0.1000 0.1000],[0.0000 0.0000 0.0000 0.0000 0.0000 0.0000 0.0000],0.5441806316375732,0.692261928513728,1.0,0.0,0.37671553351724507,None
383,0.8194416761398315,0.7247389554977417,1.2777667045593262,0.8989558219909668,[0.1000 0.1000 0.1000 0.1000 0.1000 0.1000 0.1000],[0.0000 0.0000 0.0000 0.0000 0.0000 0.0000 0.0000],0.5441806316375732,0.692261928513728,1.0,0.0,0.37671553351724507,None
383,0.8194416761398315,0.7247389554977417,1.2777667045593262,0.8989558219909668,[0.1000 0.1000 0.1000 0.1000 0.1000 0.1000 0.1000],[0.0000 0.0000 0.0000 0.0000 0.0000 0.0000 0.0000],0.5441806316375732,0.692261928513728,1.0,0.0,0.37671553351724507,None
383,0.8194416761398315,0.7247389554977417,1.2777667045593262,0.8989558219909668,[0.1000 0.1000 0.1000 0.1000 0.1000 0.1000 0.1000],[0.0000 0.0000 0.0000 0.0000 0.0000 0.0000 0.0000],0.5441806316375732,0.692261928513728,1.0,0.0,0.37671553351724507,None
383,0.8194416761398315,0.7247389554977417,1.2777667045593262,0.8989558219909668,[0.1000 0.1000 0.1000 0.1000 0.1000 0.1000 0.1000],[0.0000 0.0000 0.0000 0.0000 0.0000 0.0000 0.0000],0.5441806316375732,0.692261928513728,1.0,0.0,0.37671553351724507,None
383,0.8194416761398315,0.7247389554977417,1.2777667045593262,0.8989558219909668,[0.1000 0.1000 0.1000 0.1000 0.1000 0.1000 0.1000],[0.0000 0.0000 0.0000 0.0000 0.0000 0.0000 0.0000],0.5441806316375732,0.692261928513728,1.0,0.0,0.37671553351724507,None
383,0.8194416761398315,0.7247389554977417,1.2777667045593262,0.8989558219909668,[0.1000 0.1000 0.1000 0.1000 0.1000 0.1000 0.1000],[0.0000 0.0000 0.0000 0.0000 0.0000 0.0000 0.0000],0.5441806316375732,0.692261928513728,1.0,0.0,0.37671553351724507,None
383,0.8194416761398315,0.7247389554977417,1.2777667045593262,0.8989558219909668,[0.1000 0.1000 0.1000 0.1000 0.1000 0.1000 0.1000],[0.0000 0.0000 0.0000 0.0000 0.0000 0.0000 0.0000],0.5441806316375732,0.692261928513728,1.0,0.0,0.37671553351724507,None
383,0.8194416761398315,0.7247389554977417,1.2777667045593262,0.8989558219909668,[0.1000 0.1000 0.1000 0.1000 0.1000 0.1000 0.1000],[0.0000 0.0000 0.0000 0.0000 0.0000 0.0000 0.0000],0.5441806316375732,0.692261928513728,1.0,0.0,0.37671553351724507,None
383,0.8194416761398315,0.7247389554977417,1.2777667045593262,0.8989558219909668,[0.1000 0.1000 0.1000 0.1000 0.1000 0.1000 0.1000],[0.0000 0.0000 0.0000 0.0000 0.0000 0.0000 0.0000],0.5441806316375732,0.692261928513728,1.0,0.0,0.37671553351724507,None
383,0.8194416761398315,0.7247389554977417,1.2777667045593262,0.8989558219909668,[0.1000 0.1000 0.1000 0.1000 0.1000 0.1000 0.1000],[0.0000 0.0000 0.0000 0.0000 0.0000 0.0000 0.0000],0.5441806316375732,0.692261928513728,1.0,0.0,0.37671553351724507,None
383,0.8194416761398315,0.7247389554977417,1.2777667045593262,0.8989558219909668,[0.1000 0.1000 0.1000 0.1000 0.1000 0.1000 0.1000],[0.0000 0.0000 0.0000 0.0000 0.0000 0.0000 0.0000],0.5441806316375732,0.692261928513728,1.0,0.0,0.37671553351724507,None
383,0.8194416761398315,0.7247389554977417,1.2777667045593262,0.8989558219909668,[0.1000 0.1000 0.1000 0.1000 0.1000 0.1000 0.1000],[0.0000 0.0000 0.0000 0.0000 0.0000 0.0000 0.0000],0.5441806316375732,0.692261928513728,1.0,0.0,0.37671553351724507,None
383,0.8194416761398315,0.7247389554977417,1.2777667045593262,0.8989558219909668,[0.1000 0.1000 0.1000 0.1000 0.1000 0.1000 0.1000],[0.0000 0.0000 0.0000 0.0000 0.0000 0.0000 0.0000],0.5441806316375732,0.692261928513728,1.0,0.0,0.37671553351724507,None
383,0.8194416761398315,0.7247389554977417,1.2777667045593262,0.8989558219909668,[0.1000 0.1000 0.1000 0.1000 0.1000 0.1000 0.1000],[0.0000 0.0000 0.0000 0.0000 0.0000 0.0000 0.0000],0.5441806316375732,0.692261928513728,1.0,0.0,0.37671553351724507,None
383,0.8194416761398315,0.7247389554977417,1.2777667045593262,0.8989558219909668,[0.1000 0.1000 0.1000 0.1000 0.1000 0.1000 0.1000],[0.0000 0.0000 0.0000 0.0000 0.0000 0.0000 0.0000],0.5441806316375732,0.692261928513728,1.0,0.0,0.37671553351724507,None
383,0.8194416761398315,0.7247389554977417,1.2777667045593262,0.8989558219909668,[0.1000 0.1000 0.1000 0.1000 0.1000 0.1000 0.1000],[0.0000 0.0000 0.0000 0.0000 0.0000 0.0000 0.0000],0.5441806316375732,0.692261928513728,1.0,0.0,0.37671553351724507,None
383,0.8194416761398315,0.7247389554977417,1.2777667045593262,0.8989558219909668,[0.1000 0.1000 0.1000 0.1000 0.1000 0.1000 0.1000],[0.0000 0.0000 0.0000 0.0000 0.0000 0.0000 0.0000],0.5441806316375732,0.692261928513728,1.0,0.0,0.37671553351724507,None
383,0.8194416761398315,0.7247389554977417,1.2777667045593262,0.8989558219909668,[0.1000 0.1000 0.1000 0.1000 0.1000 0.1000 0.1000],[0.0000 0.0000 0.0000 0.0000 0.0000 0.0000 0.0000],0.5441806316375732,0.692261928513728,1.0,0.0,0.37671553351724507,None
383,0.8194416761398315,0.7247389554977417,1.2777667045593262,0.8989558219909668,[0.1000 0.1000 0.1000 0.1000 0.1000 0.1000 0.1000],[0.0000 0.0000 0.0000 0.0000 0.0000 0.0000 0.0000],0.5441806316375732,0.692261928513728,1.0,0.0,0.37671553351724507,None
383,0.8194416761398315,0.7247389554977417,1.2777667045593262,0.8989558219909668,[0.1000 0.1000 0.1000 0.1000 0.1000 0.1000 0.1000],[0.0000 0.0000 0.0000 0.0000 0.0000 0.0000 0.0000],0.5441806316375732,0.692261928513728,1.0,0.0,0.37671553351724507,None
383,0.8194416761398315,0.7247389554977417,1.2777667045593262,0.8989558219909668,[0.1000 0.1000 0.1000 0.1000 0.1000 0.1000 0.1000],[0.0000 0.0000 0.0000 0.0000 0.0000 0.0000 0.0000],0.5441806316375732,0.692261928513728,1.0,0.0,0.37671553351724507,None
383,0.8194416761398315,0.7247389554977417,1.2777667045593262,0.8989558219909668,[0.1000 0.1000 0.1000 0.1000 0.1000 0.1000 0.1000],[0.0000 0.0000 0.0000 0.0000 0.0000 0.0000 0.0000],0.5441806316375732,0.692261928513728,1.0,0.0,0.37671553351724507,None
383,0.8194416761398315,0.7247389554977417,1.2777667045593262,0.8989558219909668,[0.1000 0.1000 0.1000 0.1000 0.1000 0.1000 0.1000],[0.0000 0.0000 0.0000 0.0000 0.0000 0.0000 0.0000],0.5441806316375732,0.692261928513728,1.0,0.0,0.37671553351724507,None
383,0.8194416761398315,0.7247389554977417,1.2777667045593262,0.8989558219909668,[0.1000 0.1000 0.1000 0.1000 0.1000 0.1000 0.1000],[0.0000 0.0000 0.0000 0.0000 0.0000 0.0000 0.0000],0.5441806316375732,0.692261928513728,1.0,0.0,0.37671553351724507,None
383,0.8194416761398315,0.7247389554977417,1.2777667045593262,0.8989558219909668,[0.1000 0.1000 0.1000 0.1000 0.1000 0.1000 0.1000],[0.0000 0.0000 0.0000 0.0000 0.0000 0.0000 0.0000],0.5441806316375732,0.692261928513728,1.0,0.0,0.37671553351724507,None
383,0.8194416761398315,0.7247389554977417,1.2777667045593262,0.8989558219909668,[0.1000 0.1000 0.1000 0.1000 0.1000 0.1000 0.1000],[0.0000 0.0000 0.0000 0.0000 0.0000 0.0000 0.0000],0.5441806316375732,0.692261928513728,1.0,0.0,0.37671553351724507,None
383,0.8194416761398315,0.7247389554977417,1.2777667045593262,0.8989558219909668,[0.1000 0.1000 0.1000 0.1000 0.1000 0.1000 0.1000],[0.0000 0.0000 0.0000 0.0000 0.0000 0.0000 0.0000],0.5441806316375732,0.692261928513728,1.0,0.0,0.37671553351724507,None
383,0.8194416761398315,0.7247389554977417,1.2777667045593262,0.8989558219909668,[0.1000 0.1000 0.1000 0.1000 0.1000 0.1000 0.1000],[0.0000 0.0000 0.0000 0.0000 0.0000 0.0000 0.0000],0.5441806316375732,0.692261928513728,1.0,0.0,0.37671553351724507,None
383,0.8194416761398315,0.7247389554977417,1.2777667045593262,0.8989558219909668,[0.1000 0.1000 0.1000 0.1000 0.1000 0.1000 0.1000],[0.0000 0.0000 0.0000 0.0000 0.0000 0.0000 0.0000],0.5441806316375732,0.692261928513728,1.0,0.0,0.37671553351724507,None
383,0.8194416761398315,0.7247389554977417,1.2777667045593262,0.8989558219909668,[0.1000 0.1000 0.1000 0.1000 0.1000 0.1000 0.1000],[0.0000 0.0000 0.0000 0.0000 0.0000 0.0000 0.0000],0.5441806316375732,0.692261928513728,1.0,0.0,0.37671553351724507,None
383,0.8194416761398315,0.7247389554977417,1.2777667045593262,0.8989558219909668,[0.1000 0.1000 0.1000 0.1000 0.1000 0.1000 0.1000],[0.0000 0.0000 0.0000 0.0000 0.0000 0.0000 0.0000],0.5441806316375732,0.692261928513728,1.0,0.0,0.37671553351724507,None
383,0.8194416761398315,0.7247389554977417,1.2777667045593262,0.8989558219909668,[0.1000 0.1000 0.1000 0.1000 0.1000 0.1000 0.1000],[0.0000 0.0000 0.0000 0.0000 0.0000 0.0000 0.0000],0.5441806316375732,0.692261928513728,1.0,0.0,0.37671553351724507,None
383,0.8194416761398315,0.7247389554977417,1.2777667045593262,0.8989558219909668,[0.1000 0.1000 0.1000 0.1000 0.1000 0.1000 0.1000],[0.0000 0.0000 0.0000 0.0000 0.0000 0.0000 0.0000],0.5441806316375732,0.692261928513728,1.0,0.0,0.37671553351724507,None
383,0.8194416761398315,0.7247389554977417,1.2777667045593262,0.8989558219909668,[0.1000 0.1000 0.1000 0.1000 0.1000 0.1000 0.1000],[0.0000 0.0000 0.0000 0.0000 0.0000 0.0000 0.0000],0.5441806316375732,0.692261928513728,1.0,0.0,0.37671553351724507,None
383,0.8194416761398315,0.7247389554977417,1.2777667045593262,0.8989558219909668,[0.1000 0.1000 0.1000 0.1000 0.1000 0.1000 0.1000],[0.0000 0.0000 0.0000 0.0000 0.0000 0.0000 0.0000],0.5441806316375732,0.692261928513728,1.0,0.0,0.37671553351724507,None
383,0.8194416761398315,0.7247389554977417,1.2777667045593262,0.8989558219909668,[0.1000 0.1000 0.1000 0.1000 0.1000 0.1000 0.1000],[0.0000 0.0000 0.0000 0.0000 0.0000 0.0000 0.0000],0.5441806316375732,0.692261928513728,1.0,0.0,0.37671553351724507,None
383,0.8194416761398315,0.7247389554977417,1.2777667045593262,0.8989558219909668,[0.1000 0.1000 0.1000 0.1000 0.1000 0.1000 0.1000],[0.0000 0.0000 0.0000 0.0000 0.0000 0.0000 0.0000],0.5441806316375732,0.692261928513728,1.0,0.0,0.37671553351724507,None
383,0.8194416761398315,0.7247389554977417,1.2777667045593262,0.8989558219909668,[0.1000 0.1000 0.1000 0.1000 0.1000 0.1000 0.1000],[0.0000 0.0000 0.0000 0.0000 0.0000 0.0000 0.0000],0.5441806316375732,0.692261928513728,1.0,0.0,0.37671553351724507,None
383,0.8194416761398315,0.7247389554977417,1.2777667045593262,0.8989558219909668,[0.1000 0.1000 0.1000 0.1000 0.1000 0.1000 0.1000],[0.0000 0.0000 0.0000 0.0000 0.0000 0.0000 0.0000],0.5441806316375732,0.692261928513728,1.0,0.0,0.37671553351724507,None
383,0.8194416761398315,0.7247389554977417,1.2777667045593262,0.8989558219909668,[0.1000 0.1000 0.1000 0.1000 0.1000 0.1000 0.1000],[0.0000 0.0000 0.0000 0.0000 0.0000 0.0000 0.0000],0.5441806316375732,0.692261928513728,1.0,0.0,0.37671553351724507,None
383,0.8194416761398315,0.7247389554977417,1.2777667045593262,0.8989558219909668,[0.1000 0.1000 0.1000 0.1000 0.1000 0.1000 0.1000],[0.0000 0.0000 0.0000 0.0000 0.0000 0.0000 0.0000],0.5441806316375732,0.692261928513728,1.0,0.0,0.37671553351724507,None
383,0.8194416761398315,0.7247389554977417,1.2777667045593262,0.8989558219909668,[0.1000 0.1000 0.1000 0.1000 0.1000 0.1000 0.1000],[0.0000 0.0000 0.0000 0.0000 0.0000 0.0000 0.0000],0.5441806316375732,0.692261928513728,1.0,0.0,0.37671553351724507,None
383,0.8194416761398315,0.7247389554977417,1.2777667045593262,0.8989558219909668,[0.1000 0.1000 0.1000 0.1000 0.1000 0.1000 0.1000],[0.0000 0.0000 0.0000 0.0000 0.0000 0.0000 0.0000],0.5441806316375732,0.692261928513728,1.0,0.0,0.37671553351724507,None
383,0.8194416761398315,0.7247389554977417,1.2777667045593262,0.8989558219909668,[0.1000 0.1000 0.1000 0.1000 0.1000 0.1000 0.1000],[0.0000 0.0000 0.0000 0.0000 0.0000 0.0000 0.0000],0.5441806316375732,0.692261928513728,1.0,0.0,0.37671553351724507,None
383,0.8194416761398315,0.7247389554977417,1.2777667045593262,0.8989558219909668,[0.1000 0.1000 0.1000 0.1000 0.1000 0.1000 0.1000],[0.0000 0.0000 0.0000 0.0000 0.0000 0.0000 0.0000],0.5441806316375732,0.692261928513728,1.0,0.0,0.37671553351724507,None
383,0.8194416761398315,0.7247389554977417,1.2777667045593262,0.8989558219909668,[0.1000 0.1000 0.1000 0.1000 0.1000 0.1000 0.1000],[0.0000 0.0000 0.0000 0.0000 0.0000 0.0000 0.0000],0.5441806316375732,0.692261928513728,1.0,0.0,0.37671553351724507,None
383,0.8194416761398315,0.7247389554977417,1.2777667045593262,0.8989558219909668,[0.1000 0.1000 0.1000 0.1000 0.1000 0.1000 0.1000],[0.0000 0.0000 0.0000 0.0000 0.0000 0.0000 0.0000],0.5441806316375732,0.692261928513728,1.0,0.0,0.37671553351724507,None
383,0.8194416761398315,0.7247389554977417,1.2777667045593262,0.8989558219909668,[0.1000 0.1000 0.1000 0.1000 0.1000 0.1000 0.1000],[0.0000 0.0000 0.0000 0.0000 0.0000 0.0000 0.0000],0.5441806316375732,0.692261928513728,1.0,0.0,0.37671553351724507,None
383,0.8194416761398315,0.7247389554977417,1.2777667045593262,0.8989558219909668,[0.1000 0.1000 0.1000 0.1000 0.1000 0.1000 0.1000],[0.0000 0.0000 0.0000 0.0000 0.0000 0.0000 0.0000],0.5441806316375732,0.692261928513728,1.0,0.0,0.37671553351724507,None
383,0.8194416761398315,0.7247389554977417,1.2777667045593262,0.8989558219909668,[0.1000 0.1000 0.1000 0.1000 0.1000 0.1000 0.1000],[0.0000 0.0000 0.0000 0.0000 0.0000 0.0000 0.0000],0.5441806316375732,0.692261928513728,1.0,0.0,0.37671553351724507,None
383,0.8194416761398315,0.7247389554977417,1.2777667045593262,0.8989558219909668,[0.1000 0.1000 0.1000 0.1000 0.1000 0.1000 0.1000],[0.0000 0.0000 0.0000 0.0000 0.0000 0.0000 0.0000],0.5441806316375732,0.692261928513728,1.0,0.0,0.37671553351724507,None
383,0.8194416761398315,0.7247389554977417,1.2777667045593262,0.8989558219909668,[0.1000 0.1000 0.1000 0.1000 0.1000 0.1000 0.1000],[0.0000 0.0000 0.0000 0.0000 0.0000 0.0000 0.0000],0.5441806316375732,0.692261928513728,1.0,0.0,0.37671553351724507,None
383,0.8194416761398315,0.7247389554977417,1.2777667045593262,0.8989558219909668,[0.1000 0.1000 0.1000 0.1000 0.1000 0.1000 0.1000],[0.0000 0.0000 0.0000 0.0000 0.0000 0.0000 0.0000],0.5441806316375732,0.692261928513728,1.0,0.0,0.37671553351724507,None
383,0.8194416761398315,0.7247389554977417,1.2777667045593262,0.8989558219909668,[0.1000 0.1000 0.1000 0.1000 0.1000 0.1000 0.1000],[0.0000 0.0000 0.0000 0.0000 0.0000 0.0000 0.0000],0.5441806316375732,0.692261928513728,1.0,0.0,0.37671553351724507,None
383,0.8194416761398315,0.7247389554977417,1.2777667045593262,0.8989558219909668,[0.1000 0.1000 0.1000 0.1000 0.1000 0.1000 0.1000],[0.0000 0.0000 0.0000 0.0000 0.0000 0.0000 0.0000],0.5441806316375732,0.692261928513728,1.0,0.0,0.37671553351724507,None
383,0.8194416761398315,0.7247389554977417,1.2777667045593262,0.8989558219909668,[0.1000 0.1000 0.1000 0.1000 0.1000 0.1000 0.1000],[0.0000 0.0000 0.0000 0.0000 0.0000 0.0000 0.0000],0.5441806316375732,0.692261928513728,1.0,0.0,0.37671553351724507,None
383,0.8194416761398315,0.7247389554977417,1.2777667045593262,0.8989558219909668,[0.1000 0.1000 0.1000 0.1000 0.1000 0.1000 0.1000],[0.0000 0.0000 0.0000 0.0000 0.0000 0.0000 0.0000],0.5441806316375732,0.692261928513728,1.0,0.0,0.37671553351724507,None
383,0.8194416761398315,0.7247389554977417,1.2777667045593262,0.8989558219909668,[0.1000 0.1000 0.1000 0.1000 0.1000 0.1000 0.1000],[0.0000 0.0000 0.0000 0.0000 0.0000 0.0000 0.0000],0.5441806316375732,0.692261928513728,1.0,0.0,0.37671553351724507,None
383,0.8194416761398315,0.7247389554977417,1.2777667045593262,0.8989558219909668,[0.1000 0.1000 0.1000 0.1000 0.1000 0.1000 0.1000],[0.0000 0.0000 0.0000 0.0000 0.0000 0.0000 0.0000],0.5441806316375732,0.692261928513728,1.0,0.0,0.37671553351724507,None
383,0.8194416761398315,0.7247389554977417,1.2777667045593262,0.8989558219909668,[0.1000 0.1000 0.1000 0.1000 0.1000 0.1000 0.1000],[0.0000 0.0000 0.0000 0.0000 0.0000 0.0000 0.0000],0.5441806316375732,0.692261928513728,1.0,0.0,0.37671553351724507,None
383,0.8194416761398315,0.7247389554977417,1.2777667045593262,0.8989558219909668,[0.1000 0.1000 0.1000 0.1000 0.1000 0.1000 0.1000],[0.0000 0.0000 0.0000 0.0000 0.0000 0.0000 0.0000],0.5441806316375732,0.692261928513728,1.0,0.0,0.37671553351724507,None
383,0.8194416761398315,0.7247389554977417,1.2777667045593262,0.8989558219909668,[0.1000 0.1000 0.1000 0.1000 0.1000 0.1000 0.1000],[0.0000 0.0000 0.0000 0.0000 0.0000 0.0000 0.0000],0.5441806316375732,0.692261928513728,1.0,0.0,0.37671553351724507,None
383,0.8194416761398315,0.7247389554977417,1.2777667045593262,0.8989558219909668,[0.1000 0.1000 0.1000 0.1000 0.1000 0.1000 0.1000],[0.0000 0.0000 0.0000 0.0000 0.0000 0.0000 0.0000],0.5441806316375732,0.692261928513728,1.0,0.0,0.37671553351724507,None
383,0.8194416761398315,0.7247389554977417,1.2777667045593262,0.8989558219909668,[0.1000 0.1000 0.1000 0.1000 0.1000 0.1000 0.1000],[0.0000 0.0000 0.0000 0.0000 0.0000 0.0000 0.0000],0.5441806316375732,0.692261928513728,1.0,0.0,0.37671553351724507,None
383,0.8194416761398315,0.7247389554977417,1.2777667045593262,0.8989558219909668,[0.1000 0.1000 0.1000 0.1000 0.1000 0.1000 0.1000],[0.0000 0.0000 0.0000 0.0000 0.0000 0.0000 0.0000],0.5441806316375732,0.692261928513728,1.0,0.0,0.37671553351724507,None
383,0.8194416761398315,0.7247389554977417,1.2777667045593262,0.8989558219909668,[0.1000 0.1000 0.1000 0.1000 0.1000 0.1000 0.1000],[0.0000 0.0000 0.0000 0.0000 0.0000 0.0000 0.0000],0.5441806316375732,0.692261928513728,1.0,0.0,0.37671553351724507,None
383,0.8194416761398315,0.7247389554977417,1.2777667045593262,0.8989558219909668,[0.1000 0.1000 0.1000 0.1000 0.1000 0.1000 0.1000],[0.0000 0.0000 0.0000 0.0000 0.0000 0.0000 0.0000],0.5441806316375732,0.692261928513728,1.0,0.0,0.37671553351724507,None
383,0.8194416761398315,0.7247389554977417,1.2777667045593262,0.8989558219909668,[0.1000 0.1000 0.1000 0.1000 0.1000 0.1000 0.1000],[0.0000 0.0000 0.0000 0.0000 0.0000 0.0000 0.0000],0.5441806316375732,0.692261928513728,1.0,0.0,0.37671553351724507,None
383,0.8194416761398315,0.7247389554977417,1.2777667045593262,0.8989558219909668,[0.1000 0.1000 0.1000 0.1000 0.1000 0.1000 0.1000],[0.0000 0.0000 0.0000 0.0000 0.0000 0.0000 0.0000],0.5441806316375732,0.692261928513728,1.0,0.0,0.37671553351724507,None
383,0.8194416761398315,0.7247389554977417,1.2777667045593262,0.8989558219909668,[0.1000 0.1000 0.1000 0.1000 0.1000 0.1000 0.1000],[0.0000 0.0000 0.0000 0.0000 0.0000 0.0000 0.0000],0.5441806316375732,0.692261928513728,1.0,0.0,0.37671553351724507,None
383,0.8194416761398315,0.7247389554977417,1.2777667045593262,0.8989558219909668,[0.1000 0.1000 0.1000 0.1000 0.1000 0.1000 0.1000],[0.0000 0.0000 0.0000 0.0000 0.0000 0.0000 0.0000],0.5441806316375732,0.692261928513728,1.0,0.0,0.37671553351724507,None
383,0.8194416761398315,0.7247389554977417,1.2777667045593262,0.8989558219909668,[0.1000 0.1000 0.1000 0.1000 0.1000 0.1000 0.1000],[0.0000 0.0000 0.0000 0.0000 0.0000 0.0000 0.0000],0.5441806316375732,0.692261928513728,1.0,0.0,0.37671553351724507,None
383,0.8194416761398315,0.7247389554977417,1.2777667045593262,0.8989558219909668,[0.1000 0.1000 0.1000 0.1000 0.1000 0.1000 0.1000],[0.0000 0.0000 0.0000 0.0000 0.0000 0.0000 0.0000],0.5441806316375732,0.692261928513728,1.0,0.0,0.37671553351724507,None
383,0.8194416761398315,0.7247389554977417,1.2777667045593262,0.8989558219909668,[0.1000 0.1000 0.1000 0.1000 0.1000 0.1000 0.1000],[0.0000 0.0000 0.0000 0.0000 0.0000 0.0000 0.0000],0.5441806316375732,0.692261928513728,1.0,0.0,0.37671553351724507,None
383,0.8194416761398315,0.7247389554977417,1.2777667045593262,0.8989558219909668,[0.1000 0.1000 0.1000 0.1000 0.1000 0.1000 0.1000],[0.0000 0.0000 0.0000 0.0000 0.0000 0.0000 0.0000],0.5441806316375732,0.692261928513728,1.0,0.0,0.37671553351724507,None
383,0.8194416761398315,0.7247389554977417,1.2777667045593262,0.8989558219909668,[0.1000 0.1000 0.1000 0.1000 0.1000 0.1000 0.1000],[0.0000 0.0000 0.0000 0.0000 0.0000 0.0000 0.0000],0.5441806316375732,0.692261928513728,1.0,0.0,0.37671553351724507,None
383,0.8194416761398315,0.7247389554977417,1.2777667045593262,0.8989558219909668,[0.1000 0.1000 0.1000 0.1000 0.1000 0.1000 0.1000],[0.0000 0.0000 0.0000 0.0000 0.0000 0.0000 0.0000],0.5441806316375732,0.692261928513728,1.0,0.0,0.37671553351724507,None
383,0.8194416761398315,0.7247389554977417,1.2777667045593262,0.8989558219909668,[0.1000 0.1000 0.1000 0.1000 0.1000 0.1000 0.1000],[0.0000 0.0000 0.0000 0.0000 0.0000 0.0000 0.0000],0.5441806316375732,0.692261928513728,1.0,0.0,0.37671553351724507,None
383,0.8194416761398315,0.7247389554977417,1.2777667045593262,0.8989558219909668,[0.1000 0.1000 0.1000 0.1000 0.1000 0.1000 0.1000],[0.0000 0.0000 0.0000 0.0000 0.0000 0.0000 0.0000],0.5441806316375732,0.692261928513728,1.0,0.0,0.37671553351724507,None
383,0.8194416761398315,0.7247389554977417,1.2777667045593262,0.8989558219909668,[0.1000 0.1000 0.1000 0.1000 0.1000 0.1000 0.1000],[0.0000 0.0000 0.0000 0.0000 0.0000 0.0000 0.0000],0.5441806316375732,0.692261928513728,1.0,0.0,0.37671553351724507,None
383,0.8194416761398315,0.7247389554977417,1.2777667045593262,0.8989558219909668,[0.1000 0.1000 0.1000 0.1000 0.1000 0.1000 0.1000],[0.0000 0.0000 0.0000 0.0000 0.0000 0.0000 0.0000],0.5441806316375732,0.692261928513728,1.0,0.0,0.37671553351724507,None
383,0.8194416761398315,0.7247389554977417,1.2777667045593262,0.8989558219909668,[0.1000 0.1000 0.1000 0.1000 0.1000 0.1000 0.1000],[0.0000 0.0000 0.0000 0.0000 0.0000 0.0000 0.0000],0.5441806316375732,0.692261928513728,1.0,0.0,0.37671553351724507,None
383,0.8194416761398315,0.7247389554977417,1.2777667045593262,0.8989558219909668,[0.1000 0.1000 0.1000 0.1000 0.1000 0.1000 0.1000],[0.0000 0.0000 0.0000 0.0000 0.0000 0.0000 0.0000],0.5441806316375732,0.692261928513728,1.0,0.0,0.37671553351724507,None
383,0.8194416761398315,0.7247389554977417,1.2777667045593262,0.8989558219909668,[0.1000 0.1000 0.1000 0.1000 0.1000 0.1000 0.1000],[0.0000 0.0000 0.0000 0.0000 0.0000 0.0000 0.0000],0.5441806316375732,0.692261928513728,1.0,0.0,0.37671553351724507,None
383,0.8194416761398315,0.7247389554977417,1.2777667045593262,0.8989558219909668,[0.1000 0.1000 0.1000 0.1000 0.1000 0.1000 0.1000],[0.0000 0.0000 0.0000 0.0000 0.0000 0.0000 0.0000],0.5441806316375732,0.692261928513728,1.0,0.0,0.37671553351724507,None
383,0.8194416761398315,0.7247389554977417,1.2777667045593262,0.8989558219909668,[0.1000 0.1000 0.1000 0.1000 0.1000 0.1000 0.1000],[0.0000 0.0000 0.0000 0.0000 0.0000 0.0000 0.0000],0.5441806316375732,0.692261928513728,1.0,0.0,0.37671553351724507,None
383,0.8194416761398315,0.7247389554977417,1.2777667045593262,0.8989558219909668,[0.1000 0.1000 0.1000 0.1000 0.1000 0.1000 0.1000],[0.0000 0.0000 0.0000 0.0000 0.0000 0.0000 0.0000],0.5441806316375732,0.692261928513728,1.0,0.0,0.37671553351724507,None
383,0.8194416761398315,0.7247389554977417,1.2777667045593262,0.8989558219909668,[0.1000 0.1000 0.1000 0.1000 0.1000 0.1000 0.1000],[0.0000 0.0000 0.0000 0.0000 0.0000 0.0000 0.0000],0.5441806316375732,0.692261928513728,1.0,0.0,0.37671553351724507,None
383,0.8194416761398315,0.7247389554977417,1.2777667045593262,0.8989558219909668,[0.1000 0.1000 0.1000 0.1000 0.1000 0.1000 0.1000],[0.0000 0.0000 0.0000 0.0000 0.0000 0.0000 0.0000],0.5441806316375732,0.692261928513728,1.0,0.0,0.37671553351724507,None
383,0.8194416761398315,0.7247389554977417,1.2777667045593262,0.8989558219909668,[0.1000 0.1000 0.1000 0.1000 0.1000 0.1000 0.1000],[0.0000 0.0000 0.0000 0.0000 0.0000 0.0000 0.0000],0.5441806316375732,0.692261928513728,1.0,0.0,0.37671553351724507,None
383,0.8194416761398315,0.7247389554977417,1.2777667045593262,0.8989558219909668,[0.1000 0.1000 0.1000 0.1000 0.1000 0.1000 0.1000],[0.0000 0.0000 0.0000 0.0000 0.0000 0.0000 0.0000],0.5441806316375732,0.692261928513728,1.0,0.0,0.37671553351724507,None
383,0.8194416761398315,0.7247389554977417,1.2777667045593262,0.8989558219909668,[0.1000 0.1000 0.1000 0.1000 0.1000 0.1000 0.1000],[0.0000 0.0000 0.0000 0.0000 0.0000 0.0000 0.0000],0.5441806316375732,0.692261928513728,1.0,0.0,0.37671553351724507,None
383,0.8194416761398315,0.7247389554977417,1.2777667045593262,0.8989558219909668,[0.1000 0.1000 0.1000 0.1000 0.1000 0.1000 0.1000],[0.0000 0.0000 0.0000 0.0000 0.0000 0.0000 0.0000],0.5441806316375732,0.692261928513728,1.0,0.0,0.37671553351724507,None
383,0.8194416761398315,0.7247389554977417,1.2777667045593262,0.8989558219909668,[0.1000 0.1000 0.1000 0.1000 0.1000 0.1000 0.1000],[0.0000 0.0000 0.0000 0.0000 0.0000 0.0000 0.0000],0.5441806316375732,0.692261928513728,1.0,0.0,0.37671553351724507,None
383,0.8194416761398315,0.7247389554977417,1.2777667045593262,0.8989558219909668,[0.1000 0.1000 0.1000 0.1000 0.1000 0.1000 0.1000],[0.0000 0.0000 0.0000 0.0000 0.0000 0.0000 0.0000],0.5441806316375732,0.692261928513728,1.0,0.0,0.37671553351724507,None
383,0.8194416761398315,0.7247389554977417,1.2777667045593262,0.8989558219909668,[0.1000 0.1000 0.1000 0.1000 0.1000 0.1000 0.1000],[0.0000 0.0000 0.0000 0.0000 0.0000 0.0000 0.0000],0.5441806316375732,0.692261928513728,1.0,0.0,0.37671553351724507,None
383,0.8194416761398315,0.7247389554977417,1.2777667045593262,0.8989558219909668,[0.1000 0.1000 0.1000 0.1000 0.1000 0.1000 0.1000],[0.0000 0.0000 0.0000 0.0000 0.0000 0.0000 0.0000],0.5441806316375732,0.692261928513728,1.0,0.0,0.37671553351724507,None
383,0.8194416761398315,0.7247389554977417,1.2777667045593262,0.8989558219909668,[0.1000 0.1000 0.1000 0.1000 0.1000 0.1000 0.1000],[0.0000 0.0000 0.0000 0.0000 0.0000 0.0000 0.0000],0.5441806316375732,0.692261928513728,1.0,0.0,0.37671553351724507,None
383,0.8194416761398315,0.7247389554977417,1.2777667045593262,0.8989558219909668,[0.1000 0.1000 0.1000 0.1000 0.1000 0.1000 0.1000],[0.0000 0.0000 0.0000 0.0000 0.0000 0.0000 0.0000],0.5441806316375732,0.692261928513728,1.0,0.0,0.37671553351724507,None
383,0.8194416761398315,0.7247389554977417,1.2777667045593262,0.8989558219909668,[0.1000 0.1000 0.1000 0.1000 0.1000 0.1000 0.1000],[0.0000 0.0000 0.0000 0.0000 0.0000 0.0000 0.0000],0.5441806316375732,0.692261928513728,1.0,0.0,0.37671553351724507,None
383,0.8194416761398315,0.7247389554977417,1.2777667045593262,0.8989558219909668,[0.1000 0.1000 0.1000 0.1000 0.1000 0.1000 0.1000],[0.0000 0.0000 0.0000 0.0000 0.0000 0.0000 0.0000],0.5441806316375732,0.692261928513728,1.0,0.0,0.37671553351724507,None
383,0.8194416761398315,0.7247389554977417,1.2777667045593262,0.8989558219909668,[0.1000 0.1000 0.1000 0.1000 0.1000 0.1000 0.1000],[0.0000 0.0000 0.0000 0.0000 0.0000 0.0000 0.0000],0.5441806316375732,0.692261928513728,1.0,0.0,0.37671553351724507,None
383,0.8194416761398315,0.7247389554977417,1.2777667045593262,0.8989558219909668,[0.1000 0.1000 0.1000 0.1000 0.1000 0.1000 0.1000],[0.0000 0.0000 0.0000 0.0000 0.0000 0.0000 0.0000],0.5441806316375732,0.692261928513728,1.0,0.0,0.37671553351724507,None
383,0.8194416761398315,0.7247389554977417,1.2777667045593262,0.8989558219909668,[0.1000 0.1000 0.1000 0.1000 0.1000 0.1000 0.1000],[0.0000 0.0000 0.0000 0.0000 0.0000 0.0000 0.0000],0.5441806316375732,0.692261928513728,1.0,0.0,0.37671553351724507,None
383,0.8194416761398315,0.7247389554977417,1.2777667045593262,0.8989558219909668,[0.1000 0.1000 0.1000 0.1000 0.1000 0.1000 0.1000],[0.0000 0.0000 0.0000 0.0000 0.0000 0.0000 0.0000],0.5441806316375732,0.692261928513728,1.0,0.0,0.37671553351724507,None
383,0.8194416761398315,0.7247389554977417,1.2777667045593262,0.8989558219909668,[0.1000 0.1000 0.1000 0.1000 0.1000 0.1000 0.1000],[0.0000 0.0000 0.0000 0.0000 0.0000 0.0000 0.0000],0.5441806316375732,0.692261928513728,1.0,0.0,0.37671553351724507,None
383,0.8194416761398315,0.7247389554977417,1.2777667045593262,0.8989558219909668,[0.1000 0.1000 0.1000 0.1000 0.1000 0.1000 0.1000],[0.0000 0.0000 0.0000 0.0000 0.0000 0.0000 0.0000],0.5441806316375732,0.692261928513728,1.0,0.0,0.37671553351724507,None
383,0.8194416761398315,0.7247389554977417,1.2777667045593262,0.8989558219909668,[0.1000 0.1000 0.1000 0.1000 0.1000 0.1000 0.1000],[0.0000 0.0000 0.0000 0.0000 0.0000 0.0000 0.0000],0.5441806316375732,0.692261928513728,1.0,0.0,0.37671553351724507,None
383,0.8194416761398315,0.7247389554977417,1.2777667045593262,0.8989558219909668,[0.1000 0.1000 0.1000 0.1000 0.1000 0.1000 0.1000],[0.0000 0.0000 0.0000 0.0000 0.0000 0.0000 0.0000],0.5441806316375732,0.692261928513728,1.0,0.0,0.37671553351724507,None
383,0.8194416761398315,0.7247389554977417,1.2777667045593262,0.8989558219909668,[0.1000 0.1000 0.1000 0.1000 0.1000 0.1000 0.1000],[0.0000 0.0000 0.0000 0.0000 0.0000 0.0000 0.0000],0.5441806316375732,0.692261928513728,1.0,0.0,0.37671553351724507,None
383,0.8194416761398315,0.7247389554977417,1.2777667045593262,0.8989558219909668,[0.1000 0.1000 0.1000 0.1000 0.1000 0.1000 0.1000],[0.0000 0.0000 0.0000 0.0000 0.0000 0.0000 0.0000],0.5441806316375732,0.692261928513728,1.0,0.0,0.37671553351724507,None
383,0.8194416761398315,0.7247389554977417,1.2777667045593262,0.8989558219909668,[0.1000 0.1000 0.1000 0.1000 0.1000 0.1000 0.1000],[0.0000 0.0000 0.0000 0.0000 0.0000 0.0000 0.0000],0.5441806316375732,0.692261928513728,1.0,0.0,0.37671553351724507,None
383,0.8194416761398315,0.7247389554977417,1.2777667045593262,0.8989558219909668,[0.1000 0.1000 0.1000 0.1000 0.1000 0.1000 0.1000],[0.0000 0.0000 0.0000 0.0000 0.0000 0.0000 0.0000],0.5441806316375732,0.692261928513728,1.0,0.0,0.37671553351724507,None
383,0.8194416761398315,0.7247389554977417,1.2777667045593262,0.8989558219909668,[0.1000 0.1000 0.1000 0.1000 0.1000 0.1000 0.1000],[0.0000 0.0000 0.0000 0.0000 0.0000 0.0000 0.0000],0.5441806316375732,0.692261928513728,1.0,0.0,0.37671553351724507,None
383,0.8194416761398315,0.7247389554977417,1.2777667045593262,0.8989558219909668,[0.1000 0.1000 0.1000 0.1000 0.1000 0.1000 0.1000],[0.0000 0.0000 0.0000 0.0000 0.0000 0.0000 0.0000],0.5441806316375732,0.692261928513728,1.0,0.0,0.37671553351724507,None
383,0.8194416761398315,0.7247389554977417,1.2777667045593262,0.8989558219909668,[0.1000 0.1000 0.1000 0.1000 0.1000 0.1000 0.1000],[0.0000 0.0000 0.0000 0.0000 0.0000 0.0000 0.0000],0.5441806316375732,0.692261928513728,1.0,0.0,0.37671553351724507,None
383,0.8194416761398315,0.7247389554977417,1.2777667045593262,0.8989558219909668,[0.1000 0.1000 0.1000 0.1000 0.1000 0.1000 0.1000],[0.0000 0.0000 0.0000 0.0000 0.0000 0.0000 0.0000],0.5441806316375732,0.692261928513728,1.0,0.0,0.37671553351724507,None
383,0.8194416761398315,0.7247389554977417,1.2777667045593262,0.8989558219909668,[0.1000 0.1000 0.1000 0.1000 0.1000 0.1000 0.1000],[0.0000 0.0000 0.0000 0.0000 0.0000 0.0000 0.0000],0.5441806316375732,0.692261928513728,1.0,0.0,0.37671553351724507,None
383,0.8194416761398315,0.7247389554977417,1.2777667045593262,0.8989558219909668,[0.1000 0.1000 0.1000 0.1000 0.1000 0.1000 0.1000],[0.0000 0.0000 0.0000 0.0000 0.0000 0.0000 0.0000],0.5441806316375732,0.692261928513728,1.0,0.0,0.37671553351724507,None
383,0.8194416761398315,0.7247389554977417,1.2777667045593262,0.8989558219909668,[0.1000 0.1000 0.1000 0.1000 0.1000 0.1000 0.1000],[0.0000 0.0000 0.0000 0.0000 0.0000 0.0000 0.0000],0.5441806316375732,0.692261928513728,1.0,0.0,0.37671553351724507,None
383,0.8194416761398315,0.7247389554977417,1.2777667045593262,0.8989558219909668,[0.1000 0.1000 0.1000 0.1000 0.1000 0.1000 0.1000],[0.0000 0.0000 0.0000 0.0000 0.0000 0.0000 0.0000],0.5441806316375732,0.692261928513728,1.0,0.0,0.37671553351724507,None
383,0.8194416761398315,0.7247389554977417,1.2777667045593262,0.8989558219909668,[0.1000 0.1000 0.1000 0.1000 0.1000 0.1000 0.1000],[0.0000 0.0000 0.0000 0.0000 0.0000 0.0000 0.0000],0.5441806316375732,0.692261928513728,1.0,0.0,0.37671553351724507,None
383,0.8194416761398315,0.7247389554977417,1.2777667045593262,0.8989558219909668,[0.1000 0.1000 0.1000 0.1000 0.1000 0.1000 0.1000],[0.0000 0.0000 0.0000 0.0000 0.0000 0.0000 0.0000],0.5441806316375732,0.692261928513728,1.0,0.0,0.37671553351724507,None
383,0.8194416761398315,0.7247389554977417,1.2777667045593262,0.8989558219909668,[0.1000 0.1000 0.1000 0.1000 0.1000 0.1000 0.1000],[0.0000 0.0000 0.0000 0.0000 0.0000 0.0000 0.0000],0.5441806316375732,0.692261928513728,1.0,0.0,0.37671553351724507,None
383,0.8194416761398315,0.7247389554977417,1.2777667045593262,0.8989558219909668,[0.1000 0.1000 0.1000 0.1000 0.1000 0.1000 0.1000],[0.0000 0.0000 0.0000 0.0000 0.0000 0.0000 0.0000],0.5441806316375732,0.692261928513728,1.0,0.0,0.37671553351724507,None
383,0.8194416761398315,0.7247389554977417,1.2777667045593262,0.8989558219909668,[0.1000 0.1000 0.1000 0.1000 0.1000 0.1000 0.1000],[0.0000 0.0000 0.0000 0.0000 0.0000 0.0000 0.0000],0.5441806316375732,0.692261928513728,1.0,0.0,0.37671553351724507,None
383,0.8193674087524414,0.7245949506759644,1.2774696350097656,0.8983798027038574,[0.1080 0.1000 0.1000 0.1000 0.1000 0.1000 0.1000],[-0.0799 0.0000 0.0000 0.0000 0.0000 0.0000 0.0000],0.5439623594284058,0.6921486428867383,1.0,0.0,0.37650280885983917,None
383,0.8193728923797607,0.7246056199073792,1.277491569519043,0.8984224796295166,[0.1074 0.1000 0.1000 0.1000 0.1000 0.1000 0.1000],[-0.0739 0.0000 0.0000 0.0000 0.0000 0.0000 0.0000],0.5439785122871399,0.6921570652550532,1.0,0.0,0.37651857062647665,None
383,0.8193782567977905,0.7246161103248596,1.277513027191162,0.8984644412994385,[0.1068 0.1000 0.1000 0.1000 0.1000 0.1000 0.1000],[-0.0681 0.0000 0.0000 0.0000 0.0000 0.0000 0.0000],0.5439943671226501,0.6921653910410155,1.0,0.0,0.37653407384355886,None
383,0.8193835616111755,0.7246262431144714,1.2775342464447021,0.8985049724578857,[0.1063 0.1000 0.1000 0.1000 0.1000 0.1000 0.1000],[-0.0625 0.0000 0.0000 0.0000 0.0000 0.0000 0.0000],0.544009804725647,0.692173232975584,1.0,0.0,0.37654902530736717,None
383,0.8193889260292053,0.7246366143226624,1.2775557041168213,0.8985464572906494,[0.1057 0.1000 0.1000 0.1000 0.1000 0.1000 0.1000],[-0.0567 0.0000 0.0000 0.0000 0.0000 0.0000 0.0000],0.5440255403518677,0.6921813655631892,1.0,0.0,0.3765643414220077,None
383,0.8193938136100769,0.724646270275116,1.2775752544403076,0.8985850811004639,[0.1051 0.1000 0.1000 0.1000 0.1000 0.1000 0.1000],[-0.0514 0.0000 0.0000 0.0000 0.0000 0.0000 0.0000],0.5440400838851929,0.6921891110844827,1.0,0.0,0.37657862205881903,None
383,0.8193975687026978,0.724653422832489,1.277590274810791,0.898613691329956,[0.1047 0.1000 0.1000 0.1000 0.1000 0.1000 0.1000],[-0.0474 0.0000 0.0000 0.0000 0.0000 0.0000 0.0000],0.5440509915351868,0.6921946298873122,1.0,0.0,0.37658917472552383,None
383,0.8194026350975037,0.724663257598877,1.2776105403900146,0.8986530303955078,[0.1042 0.1000 0.1000 0.1000 0.1000 0.1000 0.1000],[-0.0420 0.0000 0.0000 0.0000 0.0000 0.0000 0.0000],0.5440658926963806,0.6922023757423935,1.0,0.0,0.3766037034848408,None
383,0.81940758228302,0.7246728539466858,1.27763032913208,0.8986914157867432,[0.1037 0.1000 0.1000 0.1000 0.1000 0.1000 0.1000],[-0.0366 0.0000 0.0000 0.0000 0.0000 0.0000 0.0000],0.5440804362297058,0.6922099281387812,1.0,0.0,0.3766178796642814,None
383,0.8194131851196289,0.7246837019920349,1.2776527404785156,0.8987348079681396,[0.1031 0.1000 0.1000 0.1000 0.1000 0.1000 0.1000],[-0.0306 0.0000 0.0000 0.0000 0.0000 0.0000 0.0000],0.5440968871116638,0.6922184490135999,1.0,0.0,0.37663390330956364,None
383,0.8194183111190796,0.7246935963630676,1.2776732444763184,0.8987743854522705,[0.1025 0.1000 0.1000 0.1000 0.1000 0.1000 0.1000],[-0.0252 0.0000 0.0000 0.0000 0.0000 0.0000 0.0000],0.5441119074821472,0.6922261954681459,1.0,0.0,0.37664851562528257,None
383,0.819423496723175,0.7247037887573242,1.2776939868927002,0.8988151550292969,[0.1020 0.1000 0.1000 0.1000 0.1000 0.1000 0.1000],[-0.0195 0.0000 0.0000 0.0000 0.0000 0.0000 0.0000],0.5441272854804993,0.6922343294552642,1.0,0.0,0.3766635866029065,None
383,0.8194288611412048,0.7247141003608704,1.2777154445648193,0.8988564014434814,[0.1014 0.1000 0.1000 0.1000 0.1000 0.1000 0.1000],[-0.0138 0.0000 0.0000 0.0000 0.0000 0.0000 0.0000],0.5441429615020752,0.692242366820359,1.0,0.0,0.37667881155883604,None
383,0.8194340467453003,0.7247243523597717,1.2777361869812012,0.8988974094390869,[0.1008 0.1000 0.1000 0.1000 0.1000 0.1000 0.1000],[-0.0081 0.0000 0.0000 0.0000 0.0000 0.0000 0.0000],0.544158399105072,0.6922505980744584,1.0,0.0,0.37669397722772596,None
383,0.8194394111633301,0.7247346639633179,1.2777576446533203,0.8989386558532715,[0.1002 0.1000 0.1000 0.1000 0.1000 0.1000 0.1000],[-0.0024 0.0000 0.0000 0.0000 0.0000 0.0000 0.0000],0.544174075126648,0.6922586358644451,1.0,0.0,0.3767092029199694,None
383,0.8194447755813599,0.7247450947761536,1.2777791023254395,0.8989803791046143,[0.0997 0.1000 0.1000 0.1000 0.1000 0.1000 0.1000],[0.0034 0.0000 0.0000 0.0000 0.0000 0.0000 0.0000],0.5441898703575134,0.6922668675537094,0.996592566370964,0.0034074336290360052,0.3754409527783209,None
383,0.8194493651390076,0.7247537970542908,1.2777974605560303,0.8990151882171631,[0.0992 0.1000 0.1000 0.1000 0.1000 0.1000 0.1000],[0.0082 0.0000 0.0000 0.0000 0.0000 0.0000 0.0000],0.5442031621932983,0.6922735499104492,0.9917724877595901,0.008227512240409907,0.37363784294190905,None
383,0.8194544911384583,0.7247637510299683,1.277817964553833,0.899055004119873,[0.0986 0.1000 0.1000 0.1000 0.1000 0.1000 0.1000],[0.0137 0.0000 0.0000 0.0000 0.0000 0.0000 0.0000],0.5442182421684265,0.6922813946013502,0.9862539917230606,0.013746008276939448,0.37157332529588544,None
383,0.8194594979286194,0.7247735857963562,1.2778379917144775,0.8990943431854248,[0.0981 0.1000 0.1000 0.1000 0.1000 0.1000 0.1000],[0.0192 0.0000 0.0000 0.0000 0.0000 0.0000 0.0000],0.5442330837249756,0.6922892394922413,0.9807875752449036,0.01921242475509649,0.3695281056177509,None
383,0.8194645047187805,0.7247832417488098,1.277858018875122,0.8991329669952393,[0.0975 0.1000 0.1000 0.1000 0.1000 0.1000 0.1000],[0.0246 0.0000 0.0000 0.0000 0.0000 0.0000 0.0000],0.5442477464675903,0.6922967940206493,0.9754474461078644,0.024552553892135676,0.3675300349602224,None
383,0.8194699287414551,0.7247937917709351,1.2778797149658203,0.8991751670837402,[0.0970 0.1000 0.1000 0.1000 0.1000 0.1000 0.1000],[0.0304 0.0000 0.0000 0.0000 0.0000 0.0000 0.0000],0.5442637205123901,0.6923051235874734,0.9696295857429504,0.030370414257049616,0.3653530946060223,None
383,0.8194765448570251,0.7248067259788513,1.2779061794281006,0.8992269039154053,[0.0962 0.1000 0.1000 0.1000 0.1000 0.1000 0.1000],[0.0376 0.0000 0.0000 0.0000 0.0000 0.0000 0.0000],0.5442832708358765,0.6923153905731165,0.9624215960502625,0.037578403949737604,0.36265555319693976,None
383,0.8194811940193176,0.7248157858848572,1.2779247760772705,0.8992631435394287,[0.0957 0.1000 0.1000 0.1000 0.1000 0.1000 0.1000],[0.0426 0.0000 0.0000 0.0000 0.0000 0.0000 0.0000],0.5442969799041748,0.692322558294469,0.9573998302221298,0.042600169777870234,0.36077609491624685,None
383,0.8194869756698608,0.7248268127441406,1.2779479026794434,0.8993072509765625,[0.0951 0.1000 0.1000 0.1000 0.1000 0.1000 0.1000],[0.0487 0.0000 0.0000 0.0000 0.0000 0.0000 0.0000],0.5443137884140015,0.692331082288574,0.9512842446565628,0.04871575534343725,0.35848704815792626,None
383,0.8194926381111145,0.7248378396034241,1.277970552444458,0.8993513584136963,[0.0945 0.1000 0.1000 0.1000 0.1000 0.1000 0.1000],[0.0548 0.0000 0.0000 0.0000 0.0000 0.0000 0.0000],0.5443304777145386,0.6923398002540946,0.9451692551374435,0.05483074486255651,0.3561980490024601,None
383,0.8194982409477234,0.724848747253418,1.2779929637908936,0.8993949890136719,[0.0939 0.1000 0.1000 0.1000 0.1000 0.1000 0.1000],[0.0609 0.0000 0.0000 0.0000 0.0000 0.0000 0.0000],0.5443469882011414,0.6923484215962716,0.9391044825315475,0.06089551746845251,0.3539276107630961,None
383,0.8195033073425293,0.7248585820198059,1.2780132293701172,0.8994343280792236,[0.0934 0.1000 0.1000 0.1000 0.1000 0.1000 0.1000],[0.0664 0.0000 0.0000 0.0000 0.0000 0.0000 0.0000],0.5443618893623352,0.69235617132352,0.9336471557617188,0.0663528442382813,0.3518844365588606,None
383,0.8195092082023621,0.7248699069023132,1.2780368328094482,0.8994796276092529,[0.0927 0.1000 0.1000 0.1000 0.1000 0.1000 0.1000],[0.0727 0.0000 0.0000 0.0000 0.0000 0.0000 0.0000],0.5443791151046753,0.6923649868756014,0.9273426979780197,0.07265730202198034,0.34952384501173284,None
383,0.8195151686668396,0.7248815298080444,1.2780606746673584,0.8995261192321777,[0.0921 0.1000 0.1000 0.1000 0.1000 0.1000 0.1000],[0.0791 0.0000 0.0000 0.0000 0.0000 0.0000 0.0000],0.544396698474884,0.6923741901940035,0.9209277480840683,0.07907225191593176,0.347121817972226,None
383,0.8195212483406067,0.7248932123184204,1.2780849933624268,0.8995728492736816,[0.0914 0.1000 0.1000 0.1000 0.1000 0.1000 0.1000],[0.0856 0.0000 0.0000 0.0000 0.0000 0.0000 0.0000],0.5444144606590271,0.6923832969063834,0.9144098311662674,0.08559016883373266,0.34468082313299037,None
383,0.8195271492004395,0.7249047756195068,1.2781085968017578,0.8996191024780273,[0.0908 0.1000 0.1000 0.1000 0.1000 0.1000 0.1000],[0.0920 0.0000 0.0000 0.0000 0.0000 0.0000 0.0000],0.5444319248199463,0.6923925007726037,0.9080041944980621,0.09199580550193792,0.34228178954971494,None
383,0.8195326328277588,0.7249152064323425,1.2781305313110352,0.8996608257293701,[0.0902 0.1000 0.1000 0.1000 0.1000 0.1000 0.1000],[0.0978 0.0000 0.0000 0.0000 0.0000 0.0000 0.0000],0.5444478392601013,0.6924005422706077,0.90220145881176,0.0977985411882401,0.3401082783186828,None
383,0.819537878036499,0.7249254584312439,1.278151512145996,0.8997018337249756,[0.0897 0.1000 0.1000 0.1000 0.1000 0.1000 0.1000],[0.1035 0.0000 0.0000 0.0000 0.0000 0.0000 0.0000],0.5444633364677429,0.6924086808681768,0.8965199440717697,0.10348005592823034,0.33798007627256244,None
383,0.819543182849884,0.72493577003479,1.2781727313995361,0.8997430801391602,[0.0891 0.1000 0.1000 0.1000 0.1000 0.1000 0.1000],[0.1092 0.0000 0.0000 0.0000 0.0000 0.0000 0.0000],0.5444789528846741,0.6924168196810918,0.8907706290483475,0.10922937095165258,0.3358262146679774,None
383,0.819548487663269,0.7249459624290466,1.2781939506530762,0.8997838497161865,[0.0885 0.1000 0.1000 0.1000 0.1000 0.1000 0.1000],[0.1149 0.0000 0.0000 0.0000 0.0000 0.0000 0.0000],0.5444944500923157,0.6924247649204793,0.8850566297769547,0.1149433702230454,0.3336853264611697,None
383,0.8195536732673645,0.7249559760093689,1.278214693069458,0.8998239040374756,[0.0879 0.1000 0.1000 0.1000 0.1000 0.1000 0.1000],[0.1205 0.0000 0.0000 0.0000 0.0000 0.0000 0.0000],0.5445096492767334,0.6924326134682098,0.8794916421175003,0.12050835788249975,0.3316002214221236,None
383,0.8195587396621704,0.7249657511711121,1.2782349586486816,0.8998630046844482,[0.0874 0.1000 0.1000 0.1000 0.1000 0.1000 0.1000],[0.1259 0.0000 0.0000 0.0000 0.0000 0.0000 0.0000],0.5445244908332825,0.6924402684175668,0.8740771561861038,0.12592284381389623,0.3295713901266683,None
383,0.8195638656616211,0.7249757051467896,1.2782554626464844,0.8999028205871582,[0.0869 0.1000 0.1000 0.1000 0.1000 0.1000 0.1000],[0.1315 0.0000 0.0000 0.0000 0.0000 0.0000 0.0000],0.5445395708084106,0.6924481173609377,0.8685315400362015,0.13146845996379858,0.3274931931077249,None
383,0.8195690512657166,0.7249855995178223,1.2782762050628662,0.8999423980712891,[0.0863 0.1000 0.1000 0.1000 0.1000 0.1000 0.1000],[0.1370 0.0000 0.0000 0.0000 0.0000 0.0000 0.0000],0.5445546507835388,0.6924557726961953,0.8629999309778214,0.1370000690221787,0.32542002388348196,None
383,0.8198613524436951,0.7249589562416077,1.2794454097747803,0.8998358249664307,[0.0857 0.1073 0.1000 0.1000 0.1000 0.1000 0.1000],[0.1428 -0.0735 0.0000 0.0000 0.0000 0.0000 0.0000],0.5448203086853027,0.6919376748089968,0.8572202175855637,0.1427797824144364,0.32315633282566986,None
383,0.8198330402374268,0.724973738193512,1.279332160949707,0.8998949527740479,[0.0851 0.1065 0.1000 0.1000 0.1000 0.1000 0.1000],[0.1486 -0.0648 0.0000 0.0000 0.0000 0.0000 0.0000],0.5448067784309387,0.6920076266465113,0.8514044433832169,0.1485955566167832,0.320988368690386,None
383,0.8198053240776062,0.7249885201454163,1.2792212963104248,0.899954080581665,[0.0846 0.1056 0.1000 0.1000 0.1000 0.1000 0.1000],[0.1545 -0.0563 0.0000 0.0000 0.0000 0.0000 0.0000],0.5447938442230225,0.6920766265250559,0.8455372601747513,0.15446273982524877,0.3188005956381138,None
383,0.8197775483131409,0.7250034213066101,1.2791101932525635,0.9000136852264404,[0.0840 0.1048 0.1000 0.1000 0.1000 0.1000 0.1000],[0.1604 -0.0478 0.0000 0.0000 0.0000 0.0000 0.0000],0.544780969619751,0.6921459322884773,0.8396091312170029,0.1603908687829972,0.3165896788890746,None
383,0.8197503089904785,0.7250180244445801,1.279001235961914,0.9000720977783203,[0.0834 0.1039 0.1000 0.1000 0.1000 0.1000 0.1000],[0.1662 -0.0395 0.0000 0.0000 0.0000 0.0000 0.0000],0.5447683334350586,0.6922138980624719,0.8338255435228348,0.16617445647716528,0.3144324536211844,None
383,0.819725513458252,0.7250308990478516,1.2789020538330078,0.9001235961914062,[0.0829 0.1032 0.1000 0.1000 0.1000 0.1000 0.1000],[0.1712 -0.0319 0.0000 0.0000 0.0000 0.0000 0.0000],0.5447564125061035,0.6922750994631726,0.828753188252449,0.17124681174755102,0.3125404794435606,None
383,0.8196980357170105,0.7250447273254395,1.278792142868042,0.9001789093017578,[0.0823 0.1024 0.1000 0.1000 0.1000 0.1000 0.1000],[0.1767 -0.0236 0.0000 0.0000 0.0000 0.0000 0.0000],0.54474276304245,0.692342221955025,0.8233483135700226,0.17665168642997747,0.310524511421877,None
383,0.8196697235107422,0.7250593304634094,1.2786788940429688,0.9002373218536377,[0.0818 0.1015 0.1000 0.1000 0.1000 0.1000 0.1000],[0.1824 -0.0150 0.0000 0.0000 0.0000 0.0000 0.0000],0.5447290539741516,0.6924119751236522,0.8176247030496597,0.18237529695034033,0.308389167350757,None
383,0.8196414113044739,0.7250738143920898,1.2785656452178955,0.9002952575683594,[0.0812 0.1006 0.1000 0.1000 0.1000 0.1000 0.1000],[0.1881 -0.0064 0.0000 0.0000 0.0000 0.0000 0.0000],0.5447152256965637,0.6924815502894436,0.8119133114814758,0.18808668851852423,0.30625795872899775,None
383,0.8196132779121399,0.725088357925415,1.2784531116485596,0.9003534317016602,[0.0806 0.0998 0.1000 0.1000 0.1000 0.1000 0.1000],[0.1938 0.0022 0.0000 0.0000 0.0000 0.0000 0.0000],0.5447016358375549,0.6925509473315541,0.8062214404344559,0.19377855956554418,0.3041338437131357,None
383,0.819585382938385,0.7251027822494507,1.27834153175354,0.9004111289978027,[0.0801 0.0989 0.1000 0.1000 0.1000 0.1000 0.1000],[0.1995 0.0107 0.0000 0.0000 0.0000 0.0000 0.0000],0.5446881651878357,0.6926197783055417,0.8005329221487045,0.19946707785129553,0.30201048814150544,None
383,0.8195577263832092,0.725117027759552,1.278230905532837,0.900468111038208,[0.0795 0.0981 0.1000 0.1000 0.1000 0.1000 0.1000],[0.2051 0.0191 0.0000 0.0000 0.0000 0.0000 0.0000],0.5446747541427612,0.6926879458536368,0.7948596030473709,0.20514039695262914,0.2998922907861218,None
383,0.8195306658744812,0.7251309156417847,1.2781226634979248,0.9005236625671387,[0.0789 0.0973 0.1000 0.1000 0.1000 0.1000 0.1000],[0.2106 0.0273 0.0000 0.0000 0.0000 0.0000 0.0000],0.5446615815162659,0.69275457654719,0.7894414663314819,0.21055853366851812,0.2978695304408896,None
383,0.8194988369941711,0.725147008895874,1.2779953479766846,0.9005880355834961,[0.0783 0.0963 0.1000 0.1000 0.1000 0.1000 0.1000],[0.2169 0.0370 0.0000 0.0000 0.0000 0.0000 0.0000],0.5446458458900452,0.6928325731815024,0.7831210643053055,0.21687893569469457,0.2955094672153539,None
383,0.819476842880249,0.7251582741737366,1.277907371520996,0.9006330966949463,[0.0779 0.0956 0.1000 0.1000 0.1000 0.1000 0.1000],[0.2213 0.0436 0.0000 0.0000 0.0000 0.0000 0.0000],0.5446351170539856,0.6928867168185127,0.7786501199007034,0.22134988009929663,0.2938395368888094,None
383,0.8194498419761658,0.7251716256141663,1.277799367904663,0.900686502456665,[0.0773 0.0948 0.1000 0.1000 0.1000 0.1000 0.1000],[0.2265 0.0518 0.0000 0.0000 0.0000 0.0000 0.0000],0.544621467590332,0.6929524200355921,0.7734699547290802,0.22653004527091986,0.2919050579428209,None
383,0.8194239139556885,0.7251846194267273,1.277695655822754,0.9007384777069092,[0.0768 0.0940 0.1000 0.1000 0.1000 0.1000 0.1000],[0.2316 0.0596 0.0000 0.0000 0.0000 0.0000 0.0000],0.5446085333824158,0.6930158073630481,0.768367350101471,0.2316326498985291,0.2899989897768267,None
383,0.8193975687026978,0.725197970867157,1.277590274810791,0.9007918834686279,[0.0763 0.0932 0.1000 0.1000 0.1000 0.1000 0.1000],[0.2369 0.0676 0.0000 0.0000 0.0000 0.0000 0.0000],0.5445955395698547,0.6930804700975501,0.7631271332502365,0.23687286674976354,0.2880412166158369,None
383,0.8193731307983398,0.7252103686332703,1.2774925231933594,0.900841474533081,[0.0758 0.0925 0.1000 0.1000 0.1000 0.1000 0.1000],[0.2418 0.0750 0.0000 0.0000 0.0000 0.0000 0.0000],0.5445834994316101,0.6931404846431032,0.7582178711891174,0.24178212881088262,0.28620667647249914,None
383,0.8193506002426147,0.7252220511436462,1.277402400970459,0.900888204574585,[0.0754 0.0918 0.1000 0.1000 0.1000 0.1000 0.1000],[0.2464 0.0819 0.0000 0.0000 0.0000 0.0000 0.0000],0.544572651386261,0.6931962368239781,0.7535941153764725,0.24640588462352758,0.2844785476089327,None
383,0.8193272352218628,0.7252340912818909,1.2773089408874512,0.9009363651275635,[0.0749 0.0911 0.1000 0.1000 0.1000 0.1000 0.1000],[0.2512 0.0890 0.0000 0.0000 0.0000 0.0000 0.0000],0.5445613265037537,0.6932539422584669,0.7488302141427994,0.2511697858572007,0.2826978480781191,None
383,0.819302499294281,0.7252466082572937,1.277209997177124,0.9009864330291748,[0.0744 0.0904 0.1000 0.1000 0.1000 0.1000 0.1000],[0.2561 0.0965 0.0000 0.0000 0.0000 0.0000 0.0000],0.5445491075515747,0.6933146709785626,0.7438968122005463,0.2561031877994538,0.2808536927656149,None
383,0.819277822971344,0.7252591848373413,1.277111291885376,0.9010367393493652,[0.0739 0.0896 0.1000 0.1000 0.1000 0.1000 0.1000],[0.2611 0.1039 0.0000 0.0000 0.0000 0.0000 0.0000],0.5445370078086853,0.6933754117263218,0.738915205001831,0.261084794998169,0.2789911587739191,None
383,0.8192533850669861,0.7252717614173889,1.2770135402679443,0.9010870456695557,[0.0734 0.0889 0.1000 0.1000 0.1000 0.1000 0.1000],[0.2661 0.1114 0.0000 0.0000 0.0000 0.0000 0.0000],0.544525146484375,0.6934357756528052,0.7339157164096832,0.26608428359031683,0.2771215965970653,None
383,0.8192272186279297,0.7252857089042664,1.2769088745117188,0.9011428356170654,[0.0728 0.0881 0.1000 0.1000 0.1000 0.1000 0.1000],[0.2717 0.1194 0.0000 0.0000 0.0000 0.0000 0.0000],0.544512927532196,0.693501207630987,0.7283493876457214,0.2716506123542786,0.27503956730181683,None
383,0.8192011713981628,0.7252987027168274,1.2768046855926514,0.9011948108673096,[0.0723 0.0873 0.1000 0.1000 0.1000 0.1000 0.1000],[0.2768 0.1273 0.0000 0.0000 0.0000 0.0000 0.0000],0.5444998741149902,0.693564902987051,0.7232147455215454,0.27678525447845465,0.27311915749909665,None
383,0.8191753625869751,0.7253119349479675,1.2767014503479004,0.9012477397918701,[0.0718 0.0865 0.1000 0.1000 0.1000 0.1000 0.1000],[0.2820 0.1351 0.0000 0.0000 0.0000 0.0000 0.0000],0.5444872975349426,0.693628611585534,0.7179532945156097,0.2820467054843903,0.2711508338262414,None
383,0.8191492557525635,0.725324809551239,1.276597023010254,0.901299238204956,[0.0713 0.0857 0.1000 0.1000 0.1000 0.1000 0.1000],[0.2871 0.1430 0.0000 0.0000 0.0000 0.0000 0.0000],0.5444740653038025,0.6936922361393292,0.7128991931676865,0.2871008068323136,0.26926019444909133,None
383,0.8191248774528503,0.7253368496894836,1.2764995098114014,0.9013473987579346,[0.0708 0.0850 0.1000 0.1000 0.1000 0.1000 0.1000],[0.2919 0.1503 0.0000 0.0000 0.0000 0.0000 0.0000],0.544461727142334,0.6937516893705915,0.7081390917301178,0.29186090826988226,0.26747917794704945,None
383,0.8190998435020447,0.7253494262695312,1.2763993740081787,0.901397705078125,[0.0703 0.0842 0.1000 0.1000 0.1000 0.1000 0.1000],[0.2968 0.1579 0.0000 0.0000 0.0000 0.0000 0.0000],0.5444492697715759,0.6938131008150195,0.7031950354576111,0.29680496454238897,0.26562913724698406,None
383,0.8190756440162659,0.7253618836402893,1.2763025760650635,0.9014475345611572,[0.0698 0.0835 0.1000 0.1000 0.1000 0.1000 0.1000],[0.3018 0.1653 0.0000 0.0000 0.0000 0.0000 0.0000],0.5444375276565552,0.6938729669304318,0.698225125670433,0.301774874329567,0.26376884270424983,None
383,0.8190480470657349,0.7253757119178772,1.2761921882629395,0.9015028476715088,[0.0693 0.0826 0.1000 0.1000 0.1000 0.1000 0.1000],[0.3072 0.1736 0.0000 0.0000 0.0000 0.0000 0.0000],0.5444237589836121,0.693940634601949,0.6927561014890671,0.307243898510933,0.2617217094661717,None
383,0.819021463394165,0.7253896594047546,1.2760858535766602,0.9015586376190186,[0.0687 0.0818 0.1000 0.1000 0.1000 0.1000 0.1000],[0.3129 0.1817 0.0000 0.0000 0.0000 0.0000 0.0000],0.5444111227989197,0.6940068563032655,0.6871001422405243,0.31289985775947576,0.2596036468820543,None
383,0.8189961314201355,0.7254030108451843,1.275984525680542,0.9016120433807373,[0.0682 0.0811 0.1000 0.1000 0.1000 0.1000 0.1000],[0.3182 0.1895 0.0000 0.0000 0.0000 0.0000 0.0000],0.5443991422653198,0.6940700724431309,0.6817644089460373,0.31823559105396276,0.25760546738790036,None
383,0.8189722299575806,0.7254152894020081,1.2758889198303223,0.9016611576080322,[0.0677 0.0803 0.1000 0.1000 0.1000 0.1000 0.1000],[0.3231 0.1967 0.0000 0.0000 0.0000 0.0000 0.0000],0.5443875193595886,0.6941292093782532,0.6768504530191422,0.3231495469808579,0.25576505337550043,None
383,0.8189520835876465,0.7254265546798706,1.275808334350586,0.9017062187194824,[0.0672 0.0797 0.1000 0.1000 0.1000 0.1000 0.1000],[0.3278 0.2030 0.0000 0.0000 0.0000 0.0000 0.0000],0.5443786382675171,0.6941805615926682,0.6722050160169601,0.3277949839830399,0.25402430520670594,None
383,0.8189286589622498,0.7254387140274048,1.275714635848999,0.9017548561096191,[0.0667 0.0790 0.1000 0.1000 0.1000 0.1000 0.1000],[0.3327 0.2101 0.0000 0.0000 0.0000 0.0000 0.0000],0.5443673729896545,0.6942387452033123,0.6672916561365128,0.3327083438634873,0.25218347789929657,None
383,0.8189059495925903,0.7254507541656494,1.2756237983703613,0.9018030166625977,[0.0662 0.0783 0.1000 0.1000 0.1000 0.1000 0.1000],[0.3376 0.2171 0.0000 0.0000 0.0000 0.0000 0.0000],0.5443567037582397,0.6942955750615623,0.6624411791563034,0.33755882084369665,0.2503659675603597,None
383,0.8188827633857727,0.725463330745697,1.2755310535430908,0.9018533229827881,[0.0657 0.0776 0.1000 0.1000 0.1000 0.1000 0.1000],[0.3427 0.2242 0.0000 0.0000 0.0000 0.0000 0.0000],0.5443460941314697,0.6943540730844338,0.6572586297988892,0.3427413702011109,0.24842333947919584,None
383,0.8188588619232178,0.7254765033721924,1.275435447692871,0.9019060134887695,[0.0652 0.0768 0.1000 0.1000 0.1000 0.1000 0.1000],[0.3481 0.2316 0.0000 0.0000 0.0000 0.0000 0.0000],0.5443353652954102,0.6944147278564863,0.651857778429985,0.348142221570015,0.24639865147891368,None
383,0.8188342452049255,0.7254894971847534,1.2753369808197021,0.9019579887390137,[0.0647 0.0761 0.1000 0.1000 0.1000 0.1000 0.1000],[0.3534 0.2391 0.0000 0.0000 0.0000 0.0000 0.0000],0.544323742389679,0.6944762725741712,0.6465726345777512,0.3534273654222489,0.24441733798209417,None
383,0.8188126087188721,0.7255005836486816,1.2752504348754883,0.9020023345947266,[0.0642 0.0754 0.1000 0.1000 0.1000 0.1000 0.1000],[0.3579 0.2457 0.0000 0.0000 0.0000 0.0000 0.0000],0.5443131923675537,0.6945298294919937,0.6421170383691788,0.3578829616308213,0.24274704804569727,None
383,0.8187902569770813,0.7255117893218994,1.2751610279083252,0.9020471572875977,[0.0638 0.0748 0.1000 0.1000 0.1000 0.1000 0.1000],[0.3623 0.2525 0.0000 0.0000 0.0000 0.0000 0.0000],0.5443020462989807,0.6945847619139118,0.6376517564058304,0.36234824359416967,0.24107311448385482,None
383,0.8187683820724487,0.7255228161811829,1.275073528289795,0.9020912647247314,[0.0633 0.0741 0.1000 0.1000 0.1000 0.1000 0.1000],[0.3668 0.2591 0.0000 0.0000 0.0000 0.0000 0.0000],0.5442911982536316,0.6946386306500676,0.6332188099622726,0.3667811900377274,0.23941097235079536,None
383,0.8187469840049744,0.7255338430404663,1.2749879360198975,0.9021353721618652,[0.0629 0.0734 0.1000 0.1000 0.1000 0.1000 0.1000],[0.3712 0.2656 0.0000 0.0000 0.0000 0.0000 0.0000],0.5442808270454407,0.6946917279789031,0.6287544965744019,0.3712455034255982,0.23773672054766537,None
383,0.8187247514724731,0.7255463004112244,1.2748990058898926,0.9021852016448975,[0.0624 0.0727 0.1000 0.1000 0.1000 0.1000 0.1000],[0.3764 0.2725 0.0000 0.0000 0.0000 0.0000 0.0000],0.5442710518836975,0.694748544538689,0.6235726177692413,0.3764273822307587,0.2357924624925608,None
383,0.8187052011489868,0.7255563139915466,1.2748208045959473,0.9022252559661865,[0.0620 0.0722 0.1000 0.1000 0.1000 0.1000 0.1000],[0.3805 0.2785 0.0000 0.0000 0.0000 0.0000 0.0000],0.5442615151405334,0.6947969738724071,0.619528740644455,0.3804712593555451,0.2342755699870852,None
383,0.8186813592910767,0.7255687117576599,1.2747254371643066,0.9022748470306396,[0.0614 0.0714 0.1000 0.1000 0.1000 0.1000 0.1000],[0.3855 0.2857 0.0000 0.0000 0.0000 0.0000 0.0000],0.5442500710487366,0.6948563493476937,0.6144963949918747,0.38550360500812536,0.2323875536282816,None
383,0.818657398223877,0.7255814075469971,1.2746295928955078,0.9023256301879883,[0.0609 0.0707 0.1000 0.1000 0.1000 0.1000 0.1000],[0.3907 0.2931 0.0000 0.0000 0.0000 0.0000 0.0000],0.544238805770874,0.6949164201782078,0.6092784181237221,0.390721581876278,0.2304293917894346,None
383,0.8186331391334534,0.7255998253822327,1.2745325565338135,0.9023993015289307,[0.0604 0.0699 0.1074 0.1000 0.1000 0.1000 0.1000],[0.3961 0.3006 -0.0744 0.0000 0.0000 0.0000 0.0000],0.544232964515686,0.6949863712041366,0.6039080396294594,0.3960919603705407,0.22841885124731293,None
383,0.818608820438385,0.7256118655204773,1.27443528175354,0.9024474620819092,[0.0599 0.0692 0.1061 0.1000 0.1000 0.1000 0.1000],[0.4014 0.3080 -0.0612 0.0000 0.0000 0.0000 0.0000],0.5442206859588623,0.6950459790101011,0.5985668674111366,0.40143313258886343,0.22641294524260425,None
383,0.8185848593711853,0.7256238460540771,1.2743394374847412,0.9024953842163086,[0.0593 0.0685 0.1048 0.1000 0.1000 0.1000 0.1000],[0.4068 0.3154 -0.0484 0.0000 0.0000 0.0000 0.0000],0.5442087054252625,0.6951049142457226,0.5932225286960602,0.4067774713039399,0.22440549092381146,None
383,0.8185606598854065,0.7256361246109009,1.274242639541626,0.9025444984436035,[0.0588 0.0677 0.1035 0.1000 0.1000 0.1000 0.1000],[0.4122 0.3228 -0.0355 0.0000 0.0000 0.0000 0.0000],0.5441967844963074,0.6951647407623167,0.5877698957920074,0.4122301042079926,0.22235712307304598,None
383,0.8185386657714844,0.7256470322608948,1.2741546630859375,0.9025881290435791,[0.0583 0.0670 0.1024 0.1000 0.1000 0.1000 0.1000],[0.4171 0.3296 -0.0237 0.0000 0.0000 0.0000 0.0000],0.5441856980323792,0.6952187120071351,0.5828998982906342,0.4171001017093659,0.22052739939840849,None
383,0.8185150623321533,0.725658655166626,1.2740602493286133,0.9026346206665039,[0.0578 0.0663 0.1011 0.1000 0.1000 0.1000 0.1000],[0.4223 0.3369 -0.0109 0.0000 0.0000 0.0000 0.0000],0.5441737174987793,0.6952765070337907,0.5777319893240929,0.4222680106759072,0.21858559231854904,None
383,0.818490207195282,0.7256710529327393,1.273960828781128,0.902684211730957,[0.0572 0.0655 0.0998 0.1000 0.1000 0.1000 0.1000],[0.4278 0.3445 0.0023 0.0000 0.0000 0.0000 0.0000],0.5441612601280212,0.6953376389139238,0.5721849948167801,0.42781500518321997,0.2165009584838117,None
383,0.818465530872345,0.7256836295127869,1.2738621234893799,0.9027345180511475,[0.0567 0.0648 0.0985 0.1000 0.1000 0.1000 0.1000],[0.4334 0.3521 0.0153 0.0000 0.0000 0.0000 0.0000],0.5441491603851318,0.6953987830629068,0.5665982887148857,0.43340171128511434,0.2144011686350106,None
383,0.8184412121772766,0.7256955504417419,1.2737648487091064,0.9027822017669678,[0.0561 0.0640 0.0972 0.1000 0.1000 0.1000 0.1000],[0.4387 0.3596 0.0284 0.0000 0.0000 0.0000 0.0000],0.5441367626190186,0.6954582758708838,0.561252124607563,0.43874787539243704,0.21239150679246763,None
383,0.8184146881103516,0.7257084846496582,1.2736587524414062,0.9028339385986328,[0.0556 0.0632 0.0957 0.1000 0.1000 0.1000 0.1000],[0.4445 0.3677 0.0427 0.0000 0.0000 0.0000 0.0000],0.5441231727600098,0.695523065798584,0.5555270239710808,0.4444729760289193,0.2102393229323751,None
383,0.8183998465538025,0.7257164716720581,1.27359938621521,0.9028658866882324,[0.0552 0.0628 0.0950 0.1000 0.1000 0.1000 0.1000],[0.4481 0.3723 0.0501 0.0000 0.0000 0.0000 0.0000],0.5441163182258606,0.6955605562977354,0.5519125238060951,0.44808747619390493,0.20888004189371895,None
383,0.8183801174163818,0.7257264852523804,1.2735204696655273,0.9029059410095215,[0.0547 0.0622 0.0940 0.1000 0.1000 0.1000 0.1000],[0.4526 0.3784 0.0603 0.0000 0.0000 0.0000 0.0000],0.5441066026687622,0.6956094085488163,0.5474024638533592,0.45259753614664083,0.20718398942427063,None
383,0.8183603882789612,0.7257364988327026,1.2734415531158447,0.9029459953308105,[0.0543 0.0615 0.0929 0.1000 0.1000 0.1000 0.1000],[0.4571 0.3845 0.0706 0.0000 0.0000 0.0000 0.0000],0.5440968871116638,0.6956582686415507,0.542927086353302,0.45707291364669805,0.20550088744832895,None
383,0.8183411955833435,0.7257461547851562,1.273364782333374,0.902984619140625,[0.0539 0.0610 0.0919 0.1000 0.1000 0.1000 0.1000],[0.4614 0.3904 0.0806 0.0000 0.0000 0.0000 0.0000],0.5440873503684998,0.6957056674892099,0.5385767295956612,0.4614232704043389,0.2038645698244001,None
383,0.8183215856552124,0.7257563471794128,1.2732863426208496,0.9030253887176514,[0.0534 0.0603 0.0909 0.1000 0.1000 0.1000 0.1000],[0.4660 0.3965 0.0906 0.0000 0.0000 0.0000 0.0000],0.5440779328346252,0.6957546409954631,0.5339701473712921,0.46602985262870794,0.20213159425299657,None
383,0.8183024525642395,0.7257667183876038,1.273209810256958,0.903066873550415,[0.0529 0.0597 0.0900 0.1000 0.1000 0.1000 0.1000],[0.4708 0.4025 0.1000 0.0000 0.0000 0.0000 0.0000],0.5440691709518433,0.6958031325331641,0.529242642223835,0.47075735777616506,0.20035275856352008,None
383,0.8182825446128845,0.7257773280143738,1.273130178451538,0.9031093120574951,[0.0524 0.0591 0.0890 0.1000 0.1000 0.1000 0.1000],[0.4756 0.4087 0.1098 0.0000 0.0000 0.0000 0.0000],0.5440598726272583,0.6958532975708749,0.5244317278265953,0.47556827217340475,0.1985424348254641,None
383,0.8182618021965027,0.7257887125015259,1.2730472087860107,0.9031548500061035,[0.0519 0.0585 0.0880 0.1000 0.1000 0.1000 0.1000],[0.4808 0.4152 0.1199 0.0000 0.0000 0.0000 0.0000],0.5440505146980286,0.6959061169721154,0.5192318186163902,0.4807681813836098,0.1965853625028959,None
383,0.8182408213615417,0.7257999777793884,1.272963285446167,0.9031999111175537,[0.0514 0.0578 0.0870 0.1000 0.1000 0.1000 0.1000],[0.4859 0.4218 0.1303 0.0000 0.0000 0.0000 0.0000],0.5440407991409302,0.695959141590882,0.5141257122159004,0.48587428778409963,0.19466350456348797,None
383,0.8182213306427002,0.7258098721504211,1.2728853225708008,0.9032394886016846,[0.0510 0.0572 0.0860 0.1000 0.1000 0.1000 0.1000],[0.4903 0.4278 0.1403 0.0000 0.0000 0.0000 0.0000],0.5440312027931213,0.6960074696768372,0.5096537992358208,0.4903462007641793,0.19298029940595882,None
383,0.8182020783424377,0.7258197069168091,1.272808313369751,0.9032788276672363,[0.0505 0.0566 0.0850 0.1000 0.1000 0.1000 0.1000],[0.4948 0.4338 0.1501 0.0000 0.0000 0.0000 0.0000],0.5440217852592468,0.6960553151877324,0.5052119120955467,0.49478808790445333,0.19130821847523724,None
383,0.8181827068328857,0.7258298993110657,1.272730827331543,0.9033195972442627,[0.0501 0.0560 0.0840 0.1000 0.1000 0.1000 0.1000],[0.4995 0.4398 0.1597 0.0000 0.0000 0.0000 0.0000],0.5440126061439514,0.6961039527703263,0.5005497857928276,0.49945021420717245,0.18955286075789754,None
383,0.8181610107421875,0.7258414626121521,1.27264404296875,0.9033658504486084,[0.0495 0.0553 0.0830 0.1000 0.1000 0.1000 0.1000],[0.5047 0.4466 0.1704 0.0000 0.0000 0.0000 0.0000],0.5440024733543396,0.6961586793570773,0.4953029751777649,0.5046970248222351,0.18757720184025972,None
383,0.8181390762329102,0.7258533239364624,1.2725563049316406,0.9034132957458496,[0.0490 0.0547 0.0819 0.1000 0.1000 0.1000 0.1000],[0.5101 0.4534 0.1811 0.0000 0.0000 0.0000 0.0000],0.5439924001693726,0.696214298729437,0.48985961824655533,0.5101403817534447,0.18552712330131454,None
383,0.8181169629096985,0.7258656024932861,1.272467851638794,0.9034624099731445,[0.0484 0.0540 0.0808 0.1000 0.1000 0.1000 0.1000],[0.5158 0.4604 0.1916 0.0000 0.0000 0.0000 0.0000],0.5439825654029846,0.6962709094992507,0.48423025757074356,0.5157697424292564,0.18340668219487577,None
383,0.8180945515632629,0.7258782982826233,1.2723782062530518,0.9035131931304932,[0.0478 0.0533 0.0798 0.1000 0.1000 0.1000 0.1000],[0.5216 0.4675 0.2020 0.0000 0.0000 0.0000 0.0000],0.5439728498458862,0.696328708501051,0.4783875122666359,0.5216124877333641,0.1812054933448705,None
383,0.8180720210075378,0.72589111328125,1.2722880840301514,0.903564453125,[0.0472 0.0525 0.0788 0.1000 0.1000 0.1000 0.1000],[0.5275 0.4746 0.2125 0.0000 0.0000 0.0000 0.0000],0.5439631342887878,0.6963869111413543,0.4724692925810814,0.5275307074189186,0.17897552900163816,None
383,0.8180496692657471,0.7259037494659424,1.2721986770629883,0.9036149978637695,[0.0467 0.0518 0.0777 0.1000 0.1000 0.1000 0.1000],[0.5334 0.4817 0.2228 0.0000 0.0000 0.0000 0.0000],0.5439534187316895,0.6964445358755591,0.4666180908679962,0.5333819091320038,0.1767705114474071,None
383,0.8180273771286011,0.7259150743484497,1.2721095085144043,0.9036602973937988,[0.0461 0.0511 0.0766 0.1000 0.1000 0.1000 0.1000],[0.5385 0.4886 0.2341 0.0000 0.0000 0.0000 0.0000],0.5439424514770508,0.6964999130475391,0.4614540934562683,0.5385459065437317,0.17482459211371393,None
383,0.8180080652236938,0.7259250283241272,1.2720322608947754,0.9037001132965088,[0.0457 0.0505 0.0756 0.1000 0.1000 0.1000 0.1000],[0.5431 0.4946 0.2437 0.0000 0.0000 0.0000 0.0000],0.543933093547821,0.6965481308352729,0.45688506215810776,0.5431149378418922,0.17310259274038728,None
383,0.8179872632026672,0.7259356379508972,1.271949052810669,0.9037425518035889,[0.0452 0.0499 0.0746 0.1000 0.1000 0.1000 0.1000],[0.5480 0.5010 0.2541 0.0000 0.0000 0.0000 0.0000],0.5439229011535645,0.6965998924657903,0.4520422965288162,0.5479577034711838,0.17127730478528821,None
383,0.8179660439491272,0.7259464263916016,1.2718641757965088,0.9037857055664062,[0.0447 0.0492 0.0735 0.1000 0.1000 0.1000 0.1000],[0.5529 0.5076 0.2648 0.0000 0.0000 0.0000 0.0000],0.5439124703407288,0.696652645375758,0.4471134766936302,0.5528865233063698,0.16941937177688718,None
383,0.8179453015327454,0.7259569764137268,1.2717812061309814,0.9038279056549072,[0.0442 0.0486 0.0725 0.1000 0.1000 0.1000 0.1000],[0.5577 0.5140 0.2751 0.0000 0.0000 0.0000 0.0000],0.5439022779464722,0.6967042283199145,0.44230133295059204,0.557698667049408,0.16760523225449642,None
383,0.8179246187210083,0.7259674072265625,1.2716984748840332,0.90386962890625,[0.0438 0.0480 0.0715 0.1000 0.1000 0.1000 0.1000],[0.5625 0.5204 0.2854 0.0000 0.0000 0.0000 0.0000],0.5438920259475708,0.6967555252037627,0.43752044439315796,0.562479555606842,0.1658026488121564,None
383,0.8179036378860474,0.7259780168533325,1.2716145515441895,0.9039120674133301,[0.0433 0.0473 0.0704 0.1000 0.1000 0.1000 0.1000],[0.5674 0.5269 0.2959 0.0000 0.0000 0.0000 0.0000],0.5438816547393799,0.6968076171261639,0.43264880776405334,0.5673511922359467,0.16396562582710195,None
383,0.8178792595863342,0.7259907722473145,1.271517038345337,0.9039630889892578,[0.0427 0.0466 0.0692 0.1000 0.1000 0.1000 0.1000],[0.5732 0.5345 0.3078 0.0000 0.0000 0.0000 0.0000],0.5438700318336487,0.6968688611524383,0.4267925024032593,0.5732074975967407,0.16175695744864854,None
383,0.8178610801696777,0.7260000109672546,1.271444320678711,0.9040000438690186,[0.0423 0.0460 0.0683 0.1000 0.1000 0.1000 0.1000],[0.5774 0.5401 0.3168 0.0000 0.0000 0.0000 0.0000],0.5438610911369324,0.6969140894029828,0.4225623980164528,0.5774376019835472,0.1601614834954294,None
383,0.8178396224975586,0.7260105609893799,1.2713584899902344,0.9040422439575195,[0.0418 0.0453 0.0672 0.1000 0.1000 0.1000 0.1000],[0.5823 0.5467 0.3276 0.0000 0.0000 0.0000 0.0000],0.5438501834869385,0.6969668970092893,0.4177243262529373,0.5822756737470627,0.15833655736202154,None
383,0.8178176879882812,0.726021409034729,1.271270751953125,0.904085636138916,[0.0413 0.0447 0.0661 0.1000 0.1000 0.1000 0.1000],[0.5872 0.5535 0.3386 0.0000 0.0000 0.0000 0.0000],0.5438390970230103,0.6970209925530282,0.412764810025692,0.587235189974308,0.1564656285311652,None
383,0.8177961111068726,0.7260320782661438,1.2711844444274902,0.9041283130645752,[0.0408 0.0440 0.0651 0.1000 0.1000 0.1000 0.1000],[0.5921 0.5601 0.3494 0.0000 0.0000 0.0000 0.0000],0.5438281893730164,0.6970742123213529,0.40786992758512497,0.592130072414875,0.15461884258156894,None
383,0.8177745938301086,0.7260429263114929,1.2710983753204346,0.9041717052459717,[0.0403 0.0433 0.0640 0.1000 0.1000 0.1000 0.1000],[0.5971 0.5668 0.3601 0.0000 0.0000 0.0000 0.0000],0.5438175201416016,0.697127638239116,0.4028947278857231,0.5971052721142769,0.15274151031532865,None
383,0.8177536725997925,0.7260537147521973,1.27101469039917,0.9042148590087891,[0.0398 0.0427 0.0630 0.1000 0.1000 0.1000 0.1000],[0.6021 0.5732 0.3702 0.0000 0.0000 0.0000 0.0000],0.5438073873519897,0.6971799910052257,0.3979155048727989,0.6020844951272011,0.15086235373495488,None
383,0.8177345991134644,0.7260640263557434,1.2709383964538574,0.9042561054229736,[0.0393 0.0421 0.0621 0.1000 0.1000 0.1000 0.1000],[0.6069 0.5792 0.3791 0.0000 0.0000 0.0000 0.0000],0.5437986254692078,0.6972285139618974,0.3931170329451561,0.6068829670548439,0.14905107292385417,None
383,0.8177158832550049,0.72607421875,1.2708635330200195,0.904296875,[0.0388 0.0415 0.0612 0.1000 0.1000 0.1000 0.1000],[0.6117 0.5851 0.3878 0.0000 0.0000 0.0000 0.0000],0.5437901020050049,0.697276257117145,0.38831718266010284,0.6116828173398972,0.14723897442999623,None
383,0.8176969289779663,0.7260844707489014,1.2707877159118652,0.9043378829956055,[0.0384 0.0409 0.0603 0.1000 0.1000 0.1000 0.1000],[0.6165 0.5911 0.3966 0.0000 0.0000 0.0000 0.0000],0.5437813997268677,0.697324500117593,0.38353532552719116,0.6164646744728088,0.14543356272552246,None
383,0.8176776170730591,0.7260949015617371,1.2707104682922363,0.9043796062469482,[0.0379 0.0403 0.0594 0.1000 0.1000 0.1000 0.1000],[0.6213 0.5971 0.4056 0.0000 0.0000 0.0000 0.0000],0.5437725186347961,0.6973736371177786,0.3786519169807434,0.6213480830192566,0.14358958515983988,None
383,0.8176583647727966,0.7261052131652832,1.2706334590911865,0.9044208526611328,[0.0374 0.0397 0.0585 0.1000 0.1000 0.1000 0.1000],[0.6262 0.6032 0.4146 0.0000 0.0000 0.0000 0.0000],0.5437635779380798,0.697422486612912,0.373828187584877,0.626171812415123,0.14176796512055195,None
383,0.8176387548446655,0.7261157631874084,1.270555019378662,0.9044630527496338,[0.0369 0.0391 0.0576 0.1000 0.1000 0.1000 0.1000],[0.6311 0.6093 0.4237 0.0000 0.0000 0.0000 0.0000],0.543754518032074,0.6974723291048287,0.36889277398586273,0.6311072260141373,0.13990396056066445,None
383,0.8176191449165344,0.7261263728141785,1.2704765796661377,0.9045054912567139,[0.0364 0.0385 0.0567 0.1000 0.1000 0.1000 0.1000],[0.6361 0.6155 0.4328 0.0000 0.0000 0.0000 0.0000],0.5437455177307129,0.6975222783371378,0.36390677094459534,0.6360932290554047,0.13802059948633097,None
383,0.8178662657737732,0.7259582877159119,1.2714650630950928,0.9038331508636475,[0.0359 0.0378 0.0558 0.1080 0.1000 0.1000 0.1000],[0.6410 0.6216 0.4419 -0.0799 0.0000 0.0000 0.0000],0.5438245534896851,0.6968367138688107,0.35903941839933395,0.640960581600666,0.13606047027919518,None
383,0.8177900910377502,0.726007342338562,1.271160364151001,0.904029369354248,[0.0354 0.0372 0.0549 0.1063 0.1000 0.1000 0.1000],[0.6463 0.6280 0.4511 -0.0632 0.0000 0.0000 0.0000],0.5437974333763123,0.6970433220752705,0.35371147096157074,0.6462885290384293,0.13407446376318,None
383,0.8177202939987183,0.7260518074035645,1.270881175994873,0.9042072296142578,[0.0349 0.0366 0.0541 0.1048 0.1000 0.1000 0.1000],[0.6507 0.6336 0.4594 -0.0476 0.0000 0.0000 0.0000],0.5437721014022827,0.6972319590921892,0.34928448498249054,0.6507155150175095,0.13242607365421932,None
383,0.8176504373550415,0.7260962128639221,1.270601749420166,0.9043848514556885,[0.0345 0.0361 0.0532 0.1032 0.1000 0.1000 0.1000],[0.6555 0.6394 0.4679 -0.0322 0.0000 0.0000 0.0000],0.5437466502189636,0.6974207137110682,0.3445104509592056,0.6554895490407944,0.1306453141475923,None
383,0.8175777196884155,0.7261422872543335,1.270310878753662,0.904569149017334,[0.0340 0.0355 0.0523 0.1016 0.1000 0.1000 0.1000],[0.6604 0.6455 0.4766 -0.0162 0.0000 0.0000 0.0000],0.543720006942749,0.6976170764840017,0.33960141241550446,0.6603985875844955,0.12881365536389225,None
383,0.817507266998291,0.7261868119239807,1.270029067993164,0.9047472476959229,[0.0335 0.0349 0.0515 0.1001 0.1000 0.1000 0.1000],[0.6654 0.6515 0.4852 -0.0007 0.0000 0.0000 0.0000],0.5436940789222717,0.6978072550931933,0.3346462547779083,0.6653537452220917,0.12696267169670974,None
383,0.8174372315406799,0.7262307405471802,1.2697489261627197,0.9049229621887207,[0.0330 0.0343 0.0506 0.0985 0.1000 0.1000 0.1000],[0.6703 0.6575 0.4938 0.0145 0.0000 0.0000 0.0000],0.5436679720878601,0.6979958758667363,0.3296533226966858,0.6703466773033142,0.12509618436766765,None
383,0.8173672556877136,0.7262749075889587,1.2694690227508545,0.905099630355835,[0.0324 0.0336 0.0497 0.0971 0.1000 0.1000 0.1000],[0.6759 0.6639 0.5026 0.0295 0.0000 0.0000 0.0000],0.5436421632766724,0.6981849107503819,0.32411251217126846,0.6758874878287315,0.12302103812990517,None
383,0.8173028230667114,0.7263146042823792,1.2692112922668457,0.9052584171295166,[0.0320 0.0331 0.0490 0.0956 0.1000 0.1000 0.1000],[0.6799 0.6690 0.5102 0.0438 0.0000 0.0000 0.0000],0.5436174273490906,0.6983574652269142,0.3201105073094368,0.6798894926905632,0.12152652527368141,None
383,0.8172352910041809,0.7263561487197876,1.2689411640167236,0.9054245948791504,[0.0316 0.0325 0.0482 0.0941 0.1000 0.1000 0.1000],[0.6845 0.6747 0.5184 0.0587 0.0000 0.0000 0.0000],0.5435914397239685,0.6985383236887426,0.3155479207634926,0.6844520792365074,0.11981968389168686,None
383,0.8171662092208862,0.7263985276222229,1.268664836883545,0.9055941104888916,[0.0311 0.0320 0.0473 0.0926 0.1000 0.1000 0.1000],[0.6892 0.6805 0.5269 0.0738 0.0000 0.0000 0.0000],0.5435647368431091,0.6987232474971503,0.3107808902859688,0.6892191097140312,0.11803499178704785,None
383,0.8170967698097229,0.7264407873153687,1.2683870792388916,0.9057631492614746,[0.0306 0.0314 0.0465 0.0911 0.1000 0.1000 0.1000],[0.6940 0.6864 0.5353 0.0890 0.0000 0.0000 0.0000],0.5435375571250916,0.6989086808053838,0.3059890493750572,0.6940109506249428,0.11624007385011792,None
383,0.8170278668403625,0.7264825701713562,1.2681114673614502,0.9059302806854248,[0.0301 0.0308 0.0456 0.0896 0.1000 0.1000 0.1000],[0.6987 0.6922 0.5437 0.1041 0.0000 0.0000 0.0000],0.5435104370117188,0.6990925446769284,0.30126605182886124,0.6987339481711388,0.11447028257740163,None
383,0.81695955991745,0.7265236973762512,1.2678382396697998,0.9060947895050049,[0.0297 0.0302 0.0448 0.0881 0.1000 0.1000 0.1000],[0.7035 0.6980 0.5521 0.1189 0.0000 0.0000 0.0000],0.5434832572937012,0.6992744398272759,0.2965180203318596,0.7034819796681404,0.11268987978192402,None
383,0.8168905377388,0.7265653610229492,1.2675621509552002,0.9062614440917969,[0.0291 0.0296 0.0439 0.0866 0.1000 0.1000 0.1000],[0.7088 0.7043 0.5607 0.1337 0.0000 0.0000 0.0000],0.5434558987617493,0.6994585274610993,0.291195809841156,0.708804190158844,0.11069076723117331,None
383,0.8168185949325562,0.7266079187393188,1.2672743797302246,0.9064316749572754,[0.0286 0.0290 0.0431 0.0851 0.1000 0.1000 0.1000],[0.7135 0.7102 0.5695 0.1495 0.0000 0.0000 0.0000],0.543426513671875,0.6996490782547233,0.28645530343055725,0.7135446965694427,0.10891255772816064,None
383,0.8167452216148376,0.7266511917114258,1.2669808864593506,0.9066047668457031,[0.0282 0.0284 0.0422 0.0834 0.1000 0.1000 0.1000],[0.7184 0.7163 0.5784 0.1656 0.0000 0.0000 0.0000],0.5433964133262634,0.699843324406383,0.28157927095890045,0.7184207290410995,0.10708244333236623,None
383,0.8166735172271729,0.7266931533813477,1.2666940689086914,0.9067726135253906,[0.0277 0.0278 0.0413 0.0819 0.1000 0.1000 0.1000],[0.7233 0.7224 0.5872 0.1812 0.0000 0.0000 0.0000],0.5433666706085205,0.7000327287089053,0.2766745164990425,0.7233254835009575,0.10523991790433405,None
383,0.8166009783744812,0.7267352938652039,1.2664039134979248,0.9069411754608154,[0.0272 0.0271 0.0404 0.0803 0.1000 0.1000 0.1000],[0.7282 0.7285 0.5961 0.1970 0.0000 0.0000 0.0000],0.5433362722396851,0.7002239427351188,0.2714970335364342,0.7285029664635658,0.10329296501838307,None
383,0.8165292143821716,0.7267769575119019,1.2661168575286865,0.9071078300476074,[0.0266 0.0265 0.0395 0.0788 0.1000 0.1000 0.1000],[0.7336 0.7349 0.6050 0.2124 0.0000 0.0000 0.0000],0.5433061718940735,0.7004131897591789,0.2650953456759453,0.7349046543240547,0.10087906708108216,None
383,0.8164607882499695,0.7268159985542297,1.265843152999878,0.907263994216919,[0.0262 0.0260 0.0387 0.0773 0.1000 0.1000 0.1000],[0.7379 0.7405 0.6133 0.2275 0.0000 0.0000 0.0000],0.5432767868041992,0.7005926024699127,0.25953665375709534,0.7404633462429047,0.09878372460782214,None
383,0.8163928389549255,0.7268546223640442,1.2655713558197021,0.9074184894561768,[0.0258 0.0254 0.0378 0.0758 0.1000 0.1000 0.1000],[0.7424 0.7461 0.6217 0.2423 0.0000 0.0000 0.0000],0.5432474613189697,0.7007706287964343,0.25385357439517975,0.7461464256048203,0.09663999068879085,None
383,0.8163247108459473,0.7268930673599243,1.265298843383789,0.9075722694396973,[0.0253 0.0248 0.0370 0.0743 0.1000 0.1000 0.1000],[0.7470 0.7519 0.6301 0.2571 0.0000 0.0000 0.0000],0.5432177782058716,0.7009487611026783,0.248074010014534,0.751925989985466,0.09445860213583598,None
383,0.8162547945976257,0.7269323468208313,1.265019178390503,0.9077293872833252,[0.0248 0.0242 0.0361 0.0728 0.1000 0.1000 0.1000],[0.7518 0.7579 0.6387 0.2723 0.0000 0.0000 0.0000],0.543187141418457,0.7011313870999591,0.24209853261709213,0.7579014673829079,0.09220214975719083,None
383,0.8161833882331848,0.7269721031188965,1.2647335529327393,0.9078884124755859,[0.0243 0.0236 0.0352 0.0712 0.1000 0.1000 0.1000],[0.7567 0.7640 0.6475 0.2877 0.0000 0.0000 0.0000],0.5431554913520813,0.7013174174574481,0.23597590625286102,0.764024093747139,0.0898889820312694,None
383,0.8161125779151917,0.7270112633705139,1.2644503116607666,0.9080450534820557,[0.0238 0.0230 0.0344 0.0697 0.1000 0.1000 0.1000],[0.7616 0.7701 0.6563 0.3030 0.0000 0.0000 0.0000],0.5431238412857056,0.7015015669309507,0.22987283766269684,0.7701271623373032,0.08758206277734261,None
383,0.8160439729690552,0.7270491123199463,1.2641758918762207,0.9081964492797852,[0.0233 0.0224 0.0335 0.0682 0.1000 0.1000 0.1000],[0.7666 0.7762 0.6649 0.3177 0.0000 0.0000 0.0000],0.5430930852890015,0.70167993589249,0.22378038614988327,0.7762196138501167,0.08527767486267114,None
383,0.8159748911857605,0.727087140083313,1.263899564743042,0.908348560333252,[0.0228 0.0217 0.0326 0.0668 0.1000 0.1000 0.1000],[0.7721 0.7827 0.6737 0.3322 0.0000 0.0000 0.0000],0.5430620312690735,0.7018595111320043,0.21729744970798492,0.7827025502920151,0.08282362955988745,None
383,0.8159147500991821,0.7271198630332947,1.2636590003967285,0.9084794521331787,[0.0223 0.0212 0.0319 0.0655 0.1000 0.1000 0.1000],[0.7766 0.7881 0.6813 0.3450 0.0000 0.0000 0.0000],0.5430346131324768,0.7020152905501904,0.21190019324421883,0.7880998067557812,0.08078029537212444,None
383,0.8158536553382874,0.7271528244018555,1.2634146213531494,0.9086112976074219,[0.0219 0.0206 0.0311 0.0642 0.1000 0.1000 0.1000],[0.7811 0.7936 0.6889 0.3580 0.0000 0.0000 0.0000],0.5430064797401428,0.7021731527608166,0.20642448216676712,0.7935755178332329,0.07870647030204306,None
383,0.8157898783683777,0.727186918258667,1.2631595134735107,0.908747673034668,[0.0214 0.0201 0.0303 0.0628 0.1000 0.1000 0.1000],[0.7857 0.7992 0.6970 0.3716 0.0000 0.0000 0.0000],0.5429767966270447,0.702337506377255,0.2007555030286312,0.7992444969713688,0.07655870719608152,None
383,0.8157278299331665,0.7272199392318726,1.262911319732666,0.9088797569274902,[0.0210 0.0195 0.0295 0.0615 0.1000 0.1000 0.1000],[0.7903 0.8048 0.7048 0.3848 0.0000 0.0000 0.0000],0.5429477691650391,0.7024972425316129,0.19518190994858742,0.8048180900514126,0.074446149549236,None
383,0.8156638741493225,0.7272536754608154,1.26265549659729,0.9090147018432617,[0.0205 0.0189 0.0287 0.0602 0.1000 0.1000 0.1000],[0.7950 0.8106 0.7129 0.3983 0.0000 0.0000 0.0000],0.5429175496101379,0.7026614745975438,0.18943129107356071,0.8105687089264393,0.07226562153673,None
383,0.8156017065048218,0.7272862792015076,1.262406826019287,0.9091451168060303,[0.0200 0.0184 0.0279 0.0588 0.1000 0.1000 0.1000],[0.7996 0.8162 0.7207 0.4115 0.0000 0.0000 0.0000],0.5428879857063293,0.702820883467034,0.18381981179118156,0.8161801882088184,0.07013700317363332,None
383,0.815538227558136,0.7273194789886475,1.262152910232544,0.9092779159545898,[0.0196 0.0178 0.0271 0.0575 0.1000 0.1000 0.1000],[0.8045 0.8221 0.7288 0.4248 0.0000 0.0000 0.0000],0.5428577065467834,0.702983588720272,0.17793171107769012,0.8220682889223099,0.0679023100283218,None
383,0.8154726624488831,0.727353036403656,1.2618906497955322,0.909412145614624,[0.0191 0.0172 0.0263 0.0561 0.1000 0.1000 0.1000],[0.8089 0.8277 0.7370 0.4390 0.0000 0.0000 0.0000],0.5428256988525391,0.7031504993347184,0.1723000779747963,0.8276999220252037,0.06576489993679599,None
383,0.8154088258743286,0.7273855805397034,1.2616353034973145,0.9095423221588135,[0.0187 0.0167 0.0255 0.0547 0.1000 0.1000 0.1000],[0.8134 0.8334 0.7450 0.4525 0.0000 0.0000 0.0000],0.542794406414032,0.7033128830996782,0.16664603725075722,0.8333539627492428,0.0636178411160312,None
383,0.8153468370437622,0.7274171710014343,1.2613873481750488,0.9096686840057373,[0.0182 0.0161 0.0247 0.0534 0.1000 0.1000 0.1000],[0.8181 0.8390 0.7529 0.4656 0.0000 0.0000 0.0000],0.5427640080451965,0.7034706320744472,0.16096614301204681,0.8390338569879532,0.06145985768319463,None
383,0.815287172794342,0.727447509765625,1.2611486911773682,0.9097900390625,[0.0177 0.0155 0.0239 0.0522 0.1000 0.1000 0.1000],[0.8229 0.8447 0.7606 0.4780 0.0000 0.0000 0.0000],0.542734682559967,0.7036224316370805,0.15532675199210644,0.8446732480078936,0.059316226194692546,None
383,0.815227746963501,0.7274777293205261,1.260910987854004,0.9099109172821045,[0.0172 0.0149 0.0232 0.0510 0.1000 0.1000 0.1000],[0.8281 0.8506 0.7684 0.4901 0.0000 0.0000 0.0000],0.5427054762840271,0.7037737053484704,0.14935754239559174,0.8506424576044083,0.057045895151505335,None
383,0.8151708245277405,0.7275062799453735,1.260683298110962,0.9100251197814941,[0.0167 0.0144 0.0224 0.0498 0.1000 0.1000 0.1000],[0.8328 0.8561 0.7757 0.5019 0.0000 0.0000 0.0000],0.542677104473114,0.7039180103715071,0.14387491159141064,0.8561250884085894,0.05496024322674884,None
383,0.8151127099990845,0.7275351881980896,1.260450839996338,0.9101407527923584,[0.0163 0.0138 0.0217 0.0486 0.1000 0.1000 0.1000],[0.8375 0.8617 0.7833 0.5139 0.0000 0.0000 0.0000],0.5426478981971741,0.7040650040955027,0.1382962055504322,0.8617037944495678,0.0528373645772871,None
383,0.8150569200515747,0.7275629043579102,1.2602276802062988,0.9102516174316406,[0.0158 0.0133 0.0209 0.0475 0.1000 0.1000 0.1000],[0.8421 0.8671 0.7905 0.5254 0.0000 0.0000 0.0000],0.5426198244094849,0.704206126341899,0.1328551582992077,0.8671448417007923,0.050766108853977386,None
383,0.8150008916854858,0.7275903820991516,1.2600035667419434,0.9103615283966064,[0.0153 0.0127 0.0202 0.0463 0.1000 0.1000 0.1000],[0.8468 0.8726 0.7978 0.5369 0.0000 0.0000 0.0000],0.5425912737846375,0.7043473159493825,0.1273813284933567,0.8726186715066433,0.04868166717586125,None
383,0.8149448037147522,0.7276178598403931,1.2597792148590088,0.9104714393615723,[0.0148 0.0122 0.0195 0.0452 0.1000 0.1000 0.1000],[0.8516 0.8782 0.8051 0.5483 0.0000 0.0000 0.0000],0.5425626635551453,0.7044886738645046,0.12181108817458153,0.8781889118254185,0.04655976103743736,None
383,0.8148846626281738,0.7276471853256226,1.2595386505126953,0.9105887413024902,[0.0143 0.0116 0.0187 0.0440 0.1000 0.1000 0.1000],[0.8570 0.8843 0.8130 0.5605 0.0000 0.0000 0.0000],0.5425318479537964,0.7046400885317181,0.1156793162226677,0.8843206837773323,0.04422300986569554,None
383,0.8148307204246521,0.727673351764679,1.2593228816986084,0.9106934070587158,[0.0138 0.0110 0.0180 0.0429 0.1000 0.1000 0.1000],[0.8617 0.8897 0.8201 0.5715 0.0000 0.0000 0.0000],0.542504072189331,0.7047757315870304,0.11027753353118896,0.889722466468811,0.0421639206786803,None
383,0.8126014471054077,0.7279859185218811,1.2504057884216309,0.9119436740875244,[0.0134 0.0105 0.0172 0.0417 0.1058 0.1000 0.1000],[0.8665 0.8953 0.8275 0.5831 -0.0577 0.0000 0.0000],0.5405873656272888,0.7091125155949012,0.10472556576132774,0.8952744342386723,0.04014521213662051,None
383,0.8134455680847168,0.7278941869735718,1.2537822723388672,0.9115767478942871,[0.0129 0.0099 0.0165 0.0406 0.1034 0.1000 0.1000],[0.8712 0.9008 0.8347 0.5942 -0.0338 0.0000 0.0000],0.5413397550582886,0.707508323005346,0.09924713522195816,0.9007528647780418,0.03801188922421868,None
383,0.8142816424369812,0.7278025150299072,1.2571265697479248,0.9112100601196289,[0.0124 0.0094 0.0158 0.0395 0.1010 0.1000 0.1000],[0.8758 0.9061 0.8418 0.6052 -0.0102 0.0000 0.0000],0.5420841574668884,0.7059266632163432,0.09390776976943016,0.9060922302305698,0.03593584218804902,None
383,0.8150995373725891,0.7277126312255859,1.2603981494903564,0.9108505249023438,[0.0120 0.0088 0.0151 0.0384 0.0987 0.1000 0.1000],[0.8805 0.9115 0.8489 0.6162 0.0130 0.0000 0.0000],0.542812168598175,0.7043872361568209,0.08848201483488083,0.9115179851651192,0.03383109511519625,None
383,0.815909206867218,0.7276233434677124,1.263636827468872,0.9104933738708496,[0.0115 0.0083 0.0144 0.0373 0.0964 0.1000 0.1000],[0.8852 0.9170 0.8560 0.6271 0.0360 0.0000 0.0000],0.5435325503349304,0.7028706285142688,0.08302971720695496,0.916970282793045,0.03172009737323003,None
383,0.8175709843635559,0.727425217628479,1.2702839374542236,0.909700870513916,[0.0109 0.0277 0.0136 0.0361 0.0939 0.1000 0.1000],[0.8905 0.7230 0.8639 0.6392 0.0609 0.0000 0.0000],0.5449962019920349,0.6997571537320549,0.10945226065814495,0.890547739341855,0.041741260411847836,None
383,0.8182671666145325,0.7273476123809814,1.2730686664581299,0.9093904495239258,[0.0105 0.0272 0.0130 0.0351 0.0919 0.1000 0.1000],[0.8949 0.7280 0.8703 0.6489 0.0809 0.0000 0.0000],0.5456147789955139,0.698471304460834,0.10512227192521095,0.894877728074789,0.040061705348086805,None
383,0.8189840316772461,0.7272673845291138,1.2759361267089844,0.9090695381164551,[0.0101 0.0267 0.0123 0.0341 0.0898 0.1000 0.1000],[0.8993 0.7331 0.8769 0.6589 0.1016 0.0000 0.0000],0.5462514162063599,0.6971524357896661,0.10067117400467396,0.899328825995326,0.038337647359827504,None
383,0.8196972012519836,0.7271870970726013,1.2787888050079346,0.9087483882904053,[0.0096 0.0262 0.0116 0.0331 0.0878 0.1000 0.1000],[0.9038 0.7382 0.8835 0.6690 0.1222 0.0000 0.0000],0.546884298324585,0.6958452627701118,0.09620305150747299,0.903796948492527,0.03660976804536766,None
383,0.8204250335693359,0.7271044254302979,1.2817001342773438,0.9084177017211914,[0.0092 0.0257 0.0110 0.0321 0.0857 0.1000 0.1000],[0.9082 0.7433 0.8902 0.6792 0.1432 0.0000 0.0000],0.5475294589996338,0.6945157808674267,0.09179695509374142,0.9082030449062586,0.034907430728475936,None
