384,0.8807970285415649,0.9241418242454529,152.31881141662598,169.65672969818115,[0 0 0 0 0 0 0],[0.0000 0.0000 0.0000 0.0000 0.0000 0.0000 0.0000],0.8049388527870178,0.7918058701502659,1.0,0.0,0.6373553087487814,[0.27332482 0.22773012]
384,0.8807970285415649,0.9241418242454529,152.31881141662598,169.65672969818115,[0 0 0 0 0 0 0],[0.0000 0.0000 0.0000 0.0000 0.0000 0.0000 0.0000],0.8049388527870178,0.7918058701502659,1.0,0.0,0.6373553087487814,[0.27332482 0.22773012]
384,0.8807970285415649,0.9241418242454529,152.31881141662598,169.65672969818115,[0 0 0 0 0 0 0],[0.0000 0.0000 0.0000 0.0000 0.0000 0.0000 0.0000],0.8049388527870178,0.7918058701502659,1.0,0.0,0.6373553087487814,[0.27332482 0.22773012]
384,0.8807970285415649,0.9241418242454529,152.31881141662598,169.65672969818115,[0 0 0 0 0 0 0],[0.0000 0.0000 0.0000 0.0000 0.0000 0.0000 0.0000],0.8049388527870178,0.7918058701502659,1.0,0.0,0.6373553087487814,[0.27332482 0.22773012]
384,0.8807970285415649,0.9241418242454529,152.31881141662598,169.65672969818115,[0 0 0 0 0 0 0],[0.0000 0.0000 0.0000 0.0000 0.0000 0.0000 0.0000],0.8049388527870178,0.7918058701502659,1.0,0.0,0.6373553087487814,[0.27332482 0.22773012]
384,0.8807970285415649,0.9241418242454529,152.31881141662598,169.65672969818115,[0 0 0 0 0 0 0],[0.0000 0.0000 0.0000 0.0000 0.0000 0.0000 0.0000],0.8049388527870178,0.7918058701502659,1.0,0.0,0.6373553087487814,[0.27332482 0.22773012]
384,0.8807970285415649,0.9241418242454529,152.31881141662598,169.65672969818115,[0 0 0 0 0 0 0],[0.0000 0.0000 0.0000 0.0000 0.0000 0.0000 0.0000],0.8049388527870178,0.7918058701502659,1.0,0.0,0.6373553087487814,[0.27332482 0.22773012]
384,0.8807970285415649,0.9241418242454529,152.31881141662598,169.65672969818115,[0 0 0 0 0 0 0],[0.0000 0.0000 0.0000 0.0000 0.0000 0.0000 0.0000],0.8049388527870178,0.7918058701502659,1.0,0.0,0.6373553087487814,[0.27332482 0.22773012]
384,0.8807970285415649,0.9241418242454529,152.31881141662598,169.65672969818115,[0 0 0 0 0 0 0],[0.0000 0.0000 0.0000 0.0000 0.0000 0.0000 0.0000],0.8049388527870178,0.7918058701502659,1.0,0.0,0.6373553087487814,[0.27332482 0.22773012]
384,0.8807970285415649,0.9241418242454529,152.31881141662598,169.65672969818115,[0 0 0 0 0 0 0],[0.0000 0.0000 0.0000 0.0000 0.0000 0.0000 0.0000],0.8049388527870178,0.7918058701502659,1.0,0.0,0.6373553087487814,[0.27332482 0.22773012]
384,0.8807970285415649,0.9241418242454529,152.31881141662598,169.65672969818115,[0 0 0 0 0 0 0],[0.0000 0.0000 0.0000 0.0000 0.0000 0.0000 0.0000],0.8049388527870178,0.7918058701502659,1.0,0.0,0.6373553087487814,[0.2748406  0.22769894]
384,0.8807970285415649,0.9241418242454529,152.31881141662598,169.65672969818115,[0 0 0 0 0 0 0],[0.0000 0.0000 0.0000 0.0000 0.0000 0.0000 0.0000],0.8049388527870178,0.7918058701502659,1.0,0.0,0.6373553087487814,[0.2748406  0.22769894]
384,0.8807970285415649,0.9241418242454529,152.31881141662598,169.65672969818115,[0 0 0 0 0 0 0],[0.0000 0.0000 0.0000 0.0000 0.0000 0.0000 0.0000],0.8049388527870178,0.7918058701502659,1.0,0.0,0.6373553087487814,[0.277721   0.22763968]
384,0.8807970285415649,0.9241418242454529,152.31881141662598,169.65672969818115,[0 0 0 0 0 0 0],[0.0000 0.0000 0.0000 0.0000 0.0000 0.0000 0.0000],0.8049388527870178,0.7918058701502659,1.0,0.0,0.6373553087487814,[0.277721   0.22763968]
384,0.8807970285415649,0.9241418242454529,152.31881141662598,169.65672969818115,[0 0 0 0 0 0 0],[0.0000 0.0000 0.0000 0.0000 0.0000 0.0000 0.0000],0.8049388527870178,0.7918058701502659,1.0,0.0,0.6373553087487814,[0.28994191 0.22771202]
384,0.8807970285415649,0.9241418242454529,152.31881141662598,169.65672969818115,[0 0 0 0 0 0 0],[0.0000 0.0000 0.0000 0.0000 0.0000 0.0000 0.0000],0.8049388527870178,0.7918058701502659,1.0,0.0,0.6373553087487814,[0.28994191 0.22771202]
384,0.8807970285415649,0.9241418242454529,152.31881141662598,169.65672969818115,[0 0 0 0 0 0 0],[0.0000 0.0000 0.0000 0.0000 0.0000 0.0000 0.0000],0.8049388527870178,0.7918058701502659,1.0,0.0,0.6373553087487814,[0.28994191 0.22771202]
384,0.8807970285415649,0.9241418242454529,152.31881141662598,169.65672969818115,[0 0 0 0 0 0 0],[0.0000 0.0000 0.0000 0.0000 0.0000 0.0000 0.0000],0.8049388527870178,0.7918058701502659,1.0,0.0,0.6373553087487814,[0.29666488 0.22778966]
384,0.8807970285415649,0.9241418242454529,152.31881141662598,169.65672969818115,[0 0 0 0 0 0 0],[0.0000 0.0000 0.0000 0.0000 0.0000 0.0000 0.0000],0.8049388527870178,0.7918058701502659,1.0,0.0,0.6373553087487814,[0.29666488 0.22778966]
384,0.8807970285415649,0.9241418242454529,152.31881141662598,169.65672969818115,[0 0 0 0 0 0 0],[0.0000 0.0000 0.0000 0.0000 0.0000 0.0000 0.0000],0.8049388527870178,0.7918058701502659,1.0,0.0,0.6373553087487814,[0.30452962 0.22784392]
384,0.8807970285415649,0.9241418242454529,152.31881141662598,169.65672969818115,[0 0 0 0 0 0 0],[0.0000 0.0000 0.0000 0.0000 0.0000 0.0000 0.0000],0.8049388527870178,0.7918058701502659,1.0,0.0,0.6373553087487814,[0.30452962 0.22784392]
384,0.8807970285415649,0.9241418242454529,152.31881141662598,169.65672969818115,[0 0 0 0 0 0 0],[0.0000 0.0000 0.0000 0.0000 0.0000 0.0000 0.0000],0.8049388527870178,0.7918058701502659,1.0,0.0,0.6373553087487814,[0.3089924 0.2278602]
384,0.8807970285415649,0.9241418242454529,152.31881141662598,169.65672969818115,[0 0 0 0 0 0 0],[0.0000 0.0000 0.0000 0.0000 0.0000 0.0000 0.0000],0.8049388527870178,0.7918058701502659,1.0,0.0,0.6373553087487814,[0.3089924 0.2278602]
384,0.8807970285415649,0.9241418242454529,152.31881141662598,169.65672969818115,[0 0 0 0 0 0 0],[0.0000 0.0000 0.0000 0.0000 0.0000 0.0000 0.0000],0.8049388527870178,0.7918058701502659,1.0,0.0,0.6373553087487814,[0.32255828 0.22812159]
384,0.8807970285415649,0.9241418242454529,152.31881141662598,169.65672969818115,[0 0 0 0 0 0 0],[0.0000 0.0000 0.0000 0.0000 0.0000 0.0000 0.0000],0.8049388527870178,0.7918058701502659,1.0,0.0,0.6373553087487814,[0.32255828 0.22812159]
384,0.8807970285415649,0.9241418242454529,152.31881141662598,169.65672969818115,[0 0 0 0 0 0 0],[0.0000 0.0000 0.0000 0.0000 0.0000 0.0000 0.0000],0.8049388527870178,0.7918058701502659,1.0,0.0,0.6373553087487814,[0.33181181 0.22836383]
384,0.8807970285415649,0.9241418242454529,152.31881141662598,169.65672969818115,[0 0 0 0 0 0 0],[0.0000 0.0000 0.0000 0.0000 0.0000 0.0000 0.0000],0.8049388527870178,0.7918058701502659,1.0,0.0,0.6373553087487814,[0.34106701 0.2284982 ]
384,0.8807970285415649,0.9241418242454529,152.31881141662598,169.65672969818115,[0 0 0 0 0 0 0],[0.0000 0.0000 0.0000 0.0000 0.0000 0.0000 0.0000],0.8049388527870178,0.7918058701502659,1.0,0.0,0.6373553087487814,[0.35033091 0.22874068]
384,0.8807970285415649,0.9241418242454529,152.31881141662598,169.65672969818115,[0 0 0 0 0 0 0],[0.0000 0.0000 0.0000 0.0000 0.0000 0.0000 0.0000],0.8049388527870178,0.7918058701502659,1.0,0.0,0.6373553087487814,[0.35033091 0.22874068]
384,0.8807970285415649,0.9241418242454529,152.31881141662598,169.65672969818115,[0 0 0 0 0 0 0],[0.0000 0.0000 0.0000 0.0000 0.0000 0.0000 0.0000],0.8049388527870178,0.7918058701502659,1.0,0.0,0.6373553087487814,[0.35495762 0.22889301]
384,0.8807970285415649,0.9241418242454529,152.31881141662598,169.65672969818115,[0 0 0 0 0 0 0],[0.0000 0.0000 0.0000 0.0000 0.0000 0.0000 0.0000],0.8049388527870178,0.7918058701502659,1.0,0.0,0.6373553087487814,[0.35495762 0.22889301]
384,0.8807970285415649,0.9241418242454529,152.31881141662598,169.65672969818115,[0 0 0 0 0 0 0],[0.0000 0.0000 0.0000 0.0000 0.0000 0.0000 0.0000],0.8049388527870178,0.7918058701502659,1.0,0.0,0.6373553087487814,[0.3688776  0.22933413]
384,0.8807970285415649,0.9241418242454529,152.31881141662598,169.65672969818115,[0 0 0 0 0 0 0],[0.0000 0.0000 0.0000 0.0000 0.0000 0.0000 0.0000],0.8049388527870178,0.7918058701502659,1.0,0.0,0.6373553087487814,[0.3688776  0.22933413]
384,0.8807970285415649,0.9241418242454529,152.31881141662598,169.65672969818115,[0 0 0 0 0 0 0],[0.0000 0.0000 0.0000 0.0000 0.0000 0.0000 0.0000],0.8049388527870178,0.7918058701502659,1.0,0.0,0.6373553087487814,[0.3781603  0.22968515]
384,0.8807970285415649,0.9241418242454529,152.31881141662598,169.65672969818115,[0 0 0 0 0 0 0],[0.0000 0.0000 0.0000 0.0000 0.0000 0.0000 0.0000],0.8049388527870178,0.7918058701502659,1.0,0.0,0.6373553087487814,[0.38756259 0.23003403]
384,0.8807970285415649,0.9241418242454529,152.31881141662598,169.65672969818115,[0 0 0 0 0 0 0],[0.0000 0.0000 0.0000 0.0000 0.0000 0.0000 0.0000],0.8049388527870178,0.7918058701502659,1.0,0.0,0.6373553087487814,[0.38756259 0.23003403]
384,0.8807970285415649,0.9241418242454529,152.31881141662598,169.65672969818115,[0 0 0 0 0 0 0],[0.0000 0.0000 0.0000 0.0000 0.0000 0.0000 0.0000],0.8049388527870178,0.7918058701502659,1.0,0.0,0.6373553087487814,[0.39685556 0.23038545]
384,0.8807970285415649,0.9241418242454529,152.31881141662598,169.65672969818115,[0 0 0 0 0 0 0],[0.0000 0.0000 0.0000 0.0000 0.0000 0.0000 0.0000],0.8049388527870178,0.7918058701502659,1.0,0.0,0.6373553087487814,[0.39685556 0.23038545]
384,0.8807970285415649,0.9241418242454529,152.31881141662598,169.65672969818115,[0 0 0 0 0 0 0],[0.0000 0.0000 0.0000 0.0000 0.0000 0.0000 0.0000],0.8049388527870178,0.7918058701502659,1.0,0.0,0.6373553087487814,[0.40615363 0.23073705]
384,0.8807970285415649,0.9241418242454529,152.31881141662598,169.65672969818115,[0 0 0 0 0 0 0],[0.0000 0.0000 0.0000 0.0000 0.0000 0.0000 0.0000],0.8049388527870178,0.7918058701502659,1.0,0.0,0.6373553087487814,[0.41545996 0.23119708]
384,0.8807970285415649,0.9241418242454529,152.31881141662598,169.65672969818115,[0 0 0 0 0 0 0],[0.0000 0.0000 0.0000 0.0000 0.0000 0.0000 0.0000],0.8049388527870178,0.7918058701502659,1.0,0.0,0.6373553087487814,[0.41545996 0.23119708]
384,0.8807970285415649,0.9241418242454529,152.31881141662598,169.65672969818115,[0 0 0 0 0 0 0],[0.0000 0.0000 0.0000 0.0000 0.0000 0.0000 0.0000],0.8049388527870178,0.7918058701502659,1.0,0.0,0.6373553087487814,[0.42477132 0.23165735]
384,0.8807970285415649,0.9241418242454529,152.31881141662598,169.65672969818115,[0 0 0 0 0 0 0],[0.0000 0.0000 0.0000 0.0000 0.0000 0.0000 0.0000],0.8049388527870178,0.7918058701502659,1.0,0.0,0.6373553087487814,[0.42943532 0.23182555]
384,0.8807970285415649,0.9241418242454529,152.31881141662598,169.65672969818115,[0 0 0 0 0 0 0],[0.0000 0.0000 0.0000 0.0000 0.0000 0.0000 0.0000],0.8049388527870178,0.7918058701502659,1.0,0.0,0.6373553087487814,[0.42943532 0.23182555]
384,0.8807970285415649,0.9241418242454529,152.31881141662598,169.65672969818115,[0 0 0 0 0 0 0],[0.0000 0.0000 0.0000 0.0000 0.0000 0.0000 0.0000],0.8049388527870178,0.7918058701502659,1.0,0.0,0.6373553087487814,[0.44353309 0.23290122]
384,0.8807970285415649,0.9241418242454529,152.31881141662598,169.65672969818115,[0 0 0 0 0 0 0],[0.0000 0.0000 0.0000 0.0000 0.0000 0.0000 0.0000],0.8049388527870178,0.7918058701502659,1.0,0.0,0.6373553087487814,[0.44353309 0.23290122]
384,0.8807970285415649,0.9241418242454529,152.31881141662598,169.65672969818115,[0 0 0 0 0 0 0],[0.0000 0.0000 0.0000 0.0000 0.0000 0.0000 0.0000],0.8049388527870178,0.7918058701502659,1.0,0.0,0.6373553087487814,[0.4529804  0.23357665]
384,0.8807970285415649,0.9241418242454529,152.31881141662598,169.65672969818115,[0 0 0 0 0 0 0],[0.0000 0.0000 0.0000 0.0000 0.0000 0.0000 0.0000],0.8049388527870178,0.7918058701502659,1.0,0.0,0.6373553087487814,[0.46231769 0.23425477]
384,0.8807970285415649,0.9241418242454529,152.31881141662598,169.65672969818115,[0 0 0 0 0 0 0],[0.0000 0.0000 0.0000 0.0000 0.0000 0.0000 0.0000],0.8049388527870178,0.7918058701502659,1.0,0.0,0.6373553087487814,[0.46231769 0.23425477]
384,0.8807970285415649,0.9241418242454529,152.31881141662598,169.65672969818115,[0 0 0 0 0 0 0],[0.0000 0.0000 0.0000 0.0000 0.0000 0.0000 0.0000],0.8049388527870178,0.7918058701502659,1.0,0.0,0.6373553087487814,[0.47177783 0.23503929]
384,0.8807970285415649,0.9241418242454529,152.31881141662598,169.65672969818115,[0 0 0 0 0 0 0],[0.0000 0.0000 0.0000 0.0000 0.0000 0.0000 0.0000],0.8049388527870178,0.7918058701502659,1.0,0.0,0.6373553087487814,[0.47177783 0.23503929]
384,0.8807970285415649,0.9241418242454529,152.31881141662598,169.65672969818115,[0 0 0 0 0 0 0],[0.0000 0.0000 0.0000 0.0000 0.0000 0.0000 0.0000],0.8049388527870178,0.7918058701502659,1.0,0.0,0.6373553087487814,[0.48112773 0.23582654]
384,0.8807970285415649,0.9241418242454529,152.31881141662598,169.65672969818115,[0 0 0 0 0 0 0],[0.0000 0.0000 0.0000 0.0000 0.0000 0.0000 0.0000],0.8049388527870178,0.7918058701502659,1.0,0.0,0.6373553087487814,[0.48112773 0.23582654]
384,0.8807970285415649,0.9241418242454529,152.31881141662598,169.65672969818115,[0 0 0 0 0 0 0],[0.0000 0.0000 0.0000 0.0000 0.0000 0.0000 0.0000],0.8049388527870178,0.7918058701502659,1.0,0.0,0.6373553087487814,[0.49048524 0.23672262]
384,0.8807970285415649,0.9241418242454529,152.31881141662598,169.65672969818115,[0 0 0 0 0 0 0],[0.0000 0.0000 0.0000 0.0000 0.0000 0.0000 0.0000],0.8049388527870178,0.7918058701502659,1.0,0.0,0.6373553087487814,[0.49048524 0.23672262]
384,0.8807970285415649,0.9241418242454529,152.31881141662598,169.65672969818115,[0 0 0 0 0 0 0],[0.0000 0.0000 0.0000 0.0000 0.0000 0.0000 0.0000],0.8049388527870178,0.7918058701502659,1.0,0.0,0.6373553087487814,[0.49984745 0.23761915]
384,0.8807970285415649,0.9241418242454529,152.31881141662598,169.65672969818115,[0 0 0 0 0 0 0],[0.0000 0.0000 0.0000 0.0000 0.0000 0.0000 0.0000],0.8049388527870178,0.7918058701502659,1.0,0.0,0.6373553087487814,[0.49984745 0.23761915]
384,0.8807970285415649,0.9241418242454529,152.31881141662598,169.65672969818115,[0 0 0 0 0 0 0],[0.0000 0.0000 0.0000 0.0000 0.0000 0.0000 0.0000],0.8049388527870178,0.7918058701502659,1.0,0.0,0.6373553087487814,[0.50921166 0.23840766]
384,0.8807970285415649,0.9241418242454529,152.31881141662598,169.65672969818115,[0 0 0 0 0 0 0],[0.0000 0.0000 0.0000 0.0000 0.0000 0.0000 0.0000],0.8049388527870178,0.7918058701502659,1.0,0.0,0.6373553087487814,[0.50921166 0.23840766]
384,0.8807970285415649,0.9241418242454529,152.31881141662598,169.65672969818115,[0 0 0 0 0 0 0],[0.0000 0.0000 0.0000 0.0000 0.0000 0.0000 0.0000],0.8049388527870178,0.7918058701502659,1.0,0.0,0.6373553087487814,[0.51846528 0.23919889]
384,0.8807970285415649,0.9241418242454529,152.31881141662598,169.65672969818115,[0 0 0 0 0 0 0],[0.0000 0.0000 0.0000 0.0000 0.0000 0.0000 0.0000],0.8049388527870178,0.7918058701502659,1.0,0.0,0.6373553087487814,[0.52783903 0.23998821]
384,0.8807970285415649,0.9241418242454529,152.31881141662598,169.65672969818115,[0 0 0 0 0 0 0],[0.0000 0.0000 0.0000 0.0000 0.0000 0.0000 0.0000],0.8049388527870178,0.7918058701502659,1.0,0.0,0.6373553087487814,[0.52783903 0.23998821]
384,0.8807970285415649,0.9241418242454529,152.31881141662598,169.65672969818115,[0 0 0 0 0 0 0],[0.0000 0.0000 0.0000 0.0000 0.0000 0.0000 0.0000],0.8049388527870178,0.7918058701502659,1.0,0.0,0.6373553087487814,[0.53722018 0.24088648]
384,0.8807970285415649,0.9241418242454529,152.31881141662598,169.65672969818115,[0 0 0 0 0 0 0],[0.0000 0.0000 0.0000 0.0000 0.0000 0.0000 0.0000],0.8049388527870178,0.7918058701502659,1.0,0.0,0.6373553087487814,[0.53722018 0.24088648]
384,0.8807970285415649,0.9241418242454529,152.31881141662598,169.65672969818115,[0 0 0 0 0 0 0],[0.0000 0.0000 0.0000 0.0000 0.0000 0.0000 0.0000],0.8049388527870178,0.7918058701502659,1.0,0.0,0.6373553087487814,[0.54660606 0.24178519]
384,0.8807970285415649,0.9241418242454529,152.31881141662598,169.65672969818115,[0 0 0 0 0 0 0],[0.0000 0.0000 0.0000 0.0000 0.0000 0.0000 0.0000],0.8049388527870178,0.7918058701502659,1.0,0.0,0.6373553087487814,[0.54660606 0.24178519]
384,0.8807970285415649,0.9241418242454529,152.31881141662598,169.65672969818115,[0 0 0 0 0 0 0],[0.0000 0.0000 0.0000 0.0000 0.0000 0.0000 0.0000],0.8049388527870178,0.7918058701502659,1.0,0.0,0.6373553087487814,[0.55599667 0.24268437]
384,0.8807970285415649,0.9241418242454529,152.31881141662598,169.65672969818115,[0 0 0 0 0 0 0],[0.0000 0.0000 0.0000 0.0000 0.0000 0.0000 0.0000],0.8049388527870178,0.7918058701502659,1.0,0.0,0.6373553087487814,[0.55599667 0.24268437]
384,0.8807970285415649,0.9241418242454529,152.31881141662598,169.65672969818115,[0 0 0 0 0 0 0],[0.0000 0.0000 0.0000 0.0000 0.0000 0.0000 0.0000],0.8049388527870178,0.7918058701502659,1.0,0.0,0.6373553087487814,[0.56550773 0.24358169]
384,0.8807970285415649,0.9241418242454529,152.31881141662598,169.65672969818115,[0 0 0 0 0 0 0],[0.0000 0.0000 0.0000 0.0000 0.0000 0.0000 0.0000],0.8049388527870178,0.7918058701502659,1.0,0.0,0.6373553087487814,[0.56550773 0.24358169]
384,0.8807970285415649,0.9241418242454529,152.31881141662598,169.65672969818115,[0 0 0 0 0 0 0],[0.0000 0.0000 0.0000 0.0000 0.0000 0.0000 0.0000],0.8049388527870178,0.7918058701502659,1.0,0.0,0.6373553087487814,[0.57502366 0.24447948]
384,0.8807970285415649,0.9241418242454529,152.31881141662598,169.65672969818115,[0 0 0 0 0 0 0],[0.0000 0.0000 0.0000 0.0000 0.0000 0.0000 0.0000],0.8049388527870178,0.7918058701502659,1.0,0.0,0.6373553087487814,[0.57502366 0.24447948]
384,0.8807970285415649,0.9241418242454529,152.31881141662598,169.65672969818115,[0 0 0 0 0 0 0],[0.0000 0.0000 0.0000 0.0000 0.0000 0.0000 0.0000],0.8049388527870178,0.7918058701502659,1.0,0.0,0.6373553087487814,[0.58454682 0.24548638]
384,0.8807970285415649,0.9241418242454529,152.31881141662598,169.65672969818115,[0 0 0 0 0 0 0],[0.0000 0.0000 0.0000 0.0000 0.0000 0.0000 0.0000],0.8049388527870178,0.7918058701502659,1.0,0.0,0.6373553087487814,[0.58454682 0.24548638]
384,0.8807970285415649,0.9241418242454529,152.31881141662598,169.65672969818115,[0 0 0 0 0 0 0],[0.0000 0.0000 0.0000 0.0000 0.0000 0.0000 0.0000],0.8049388527870178,0.7918058701502659,1.0,0.0,0.6373553087487814,[0.59419068 0.2464915 ]
384,0.8807970285415649,0.9241418242454529,152.31881141662598,169.65672969818115,[0 0 0 0 0 0 0],[0.0000 0.0000 0.0000 0.0000 0.0000 0.0000 0.0000],0.8049388527870178,0.7918058701502659,1.0,0.0,0.6373553087487814,[0.59419068 0.2464915 ]
384,0.8807970285415649,0.9241418242454529,152.31881141662598,169.65672969818115,[0 0 0 0 0 0 0],[0.0000 0.0000 0.0000 0.0000 0.0000 0.0000 0.0000],0.8049388527870178,0.7918058701502659,1.0,0.0,0.6373553087487814,[0.60372576 0.24760812]
384,0.8807970285415649,0.9241418242454529,152.31881141662598,169.65672969818115,[0 0 0 0 0 0 0],[0.0000 0.0000 0.0000 0.0000 0.0000 0.0000 0.0000],0.8049388527870178,0.7918058701502659,1.0,0.0,0.6373553087487814,[0.60372576 0.24760812]
384,0.8807970285415649,0.9241418242454529,152.31881141662598,169.65672969818115,[0 0 0 0 0 0 0],[0.0000 0.0000 0.0000 0.0000 0.0000 0.0000 0.0000],0.8049388527870178,0.7918058701502659,1.0,0.0,0.6373553087487814,[0.6132633  0.24861657]
384,0.8807970285415649,0.9241418242454529,152.31881141662598,169.65672969818115,[0 0 0 0 0 0 0],[0.0000 0.0000 0.0000 0.0000 0.0000 0.0000 0.0000],0.8049388527870178,0.7918058701502659,1.0,0.0,0.6373553087487814,[0.6132633  0.24861657]
384,0.8807970285415649,0.9241418242454529,152.31881141662598,169.65672969818115,[0 0 0 0 0 0 0],[0.0000 0.0000 0.0000 0.0000 0.0000 0.0000 0.0000],0.8049388527870178,0.7918058701502659,1.0,0.0,0.6373553087487814,[0.62269172 0.24973655]
384,0.8807970285415649,0.9241418242454529,152.31881141662598,169.65672969818115,[0 0 0 0 0 0 0],[0.0000 0.0000 0.0000 0.0000 0.0000 0.0000 0.0000],0.8049388527870178,0.7918058701502659,1.0,0.0,0.6373553087487814,[0.62269172 0.24973655]
384,0.8807970285415649,0.9241418242454529,152.31881141662598,169.65672969818115,[0 0 0 0 0 0 0],[0.0000 0.0000 0.0000 0.0000 0.0000 0.0000 0.0000],0.8049388527870178,0.7918058701502659,1.0,0.0,0.6373553087487814,[0.63212472 0.25085708]
384,0.8807970285415649,0.9241418242454529,152.31881141662598,169.65672969818115,[0 0 0 0 0 0 0],[0.0000 0.0000 0.0000 0.0000 0.0000 0.0000 0.0000],0.8049388527870178,0.7918058701502659,1.0,0.0,0.6373553087487814,[0.63212472 0.25085708]
384,0.8807970285415649,0.9241418242454529,152.31881141662598,169.65672969818115,[0 0 0 0 0 0 0],[0.0000 0.0000 0.0000 0.0000 0.0000 0.0000 0.0000],0.8049388527870178,0.7918058701502659,1.0,0.0,0.6373553087487814,[0.64144608 0.25198042]
384,0.8807970285415649,0.9241418242454529,152.31881141662598,169.65672969818115,[0 0 0 0 0 0 0],[0.0000 0.0000 0.0000 0.0000 0.0000 0.0000 0.0000],0.8049388527870178,0.7918058701502659,1.0,0.0,0.6373553087487814,[0.64144608 0.25198042]
384,0.8807970285415649,0.9241418242454529,152.31881141662598,169.65672969818115,[0 0 0 0 0 0 0],[0.0000 0.0000 0.0000 0.0000 0.0000 0.0000 0.0000],0.8049388527870178,0.7918058701502659,1.0,0.0,0.6373553087487814,[0.65077395 0.25321311]
384,0.8807970285415649,0.9241418242454529,152.31881141662598,169.65672969818115,[0 0 0 0 0 0 0],[0.0000 0.0000 0.0000 0.0000 0.0000 0.0000 0.0000],0.8049388527870178,0.7918058701502659,1.0,0.0,0.6373553087487814,[0.65077395 0.25321311]
384,0.8807970285415649,0.9241418242454529,152.31881141662598,169.65672969818115,[0 0 0 0 0 0 0],[0.0000 0.0000 0.0000 0.0000 0.0000 0.0000 0.0000],0.8049388527870178,0.7918058701502659,1.0,0.0,0.6373553087487814,[0.6601062  0.25444638]
384,0.8807970285415649,0.9241418242454529,152.31881141662598,169.65672969818115,[0 0 0 0 0 0 0],[0.0000 0.0000 0.0000 0.0000 0.0000 0.0000 0.0000],0.8049388527870178,0.7918058701502659,1.0,0.0,0.6373553087487814,[0.6601062  0.25444638]
384,0.8807970285415649,0.9241418242454529,152.31881141662598,169.65672969818115,[0 0 0 0 0 0 0],[0.0000 0.0000 0.0000 0.0000 0.0000 0.0000 0.0000],0.8049388527870178,0.7918058701502659,1.0,0.0,0.6373553087487814,[0.66932838 0.25579133]
384,0.8807970285415649,0.9241418242454529,152.31881141662598,169.65672969818115,[0 0 0 0 0 0 0],[0.0000 0.0000 0.0000 0.0000 0.0000 0.0000 0.0000],0.8049388527870178,0.7918058701502659,1.0,0.0,0.6373553087487814,[0.66932838 0.25579133]
384,0.8891921639442444,0.9349314570426941,155.67686557769775,173.97258281707764,[   0    0    0 1499    0    0    0],[0.0000 0.0000 0.0000 0.3331 0.0000 0.0000 0.0000],0.8241236209869385,0.786132533800838,0.6668888888888889,0.33311111111111114,0.4320575647522404,[0.66932838 0.25579133]
384,0.8902066946029663,0.9361780285835266,156.08267784118652,174.47121143341064,[   0    0    0 1691    0    0    0],[0.0000 0.0000 0.0000 0.3758 0.0000 0.0000 0.0000],0.8263847231864929,0.7855907325217487,0.6242222222222222,0.37577777777777777,0.4052451790471783,[0.67855281 0.25702803]
384,0.8911483883857727,0.937324047088623,156.45935535430908,174.92961883544922,[   0    0    0 1872    0    0    0],[0.0000 0.0000 0.0000 0.4160 0.0000 0.0000 0.0000],0.8284724354743958,0.7851147778397725,0.5840000000000001,0.416,0.37986043604033165,[0.68778338 0.25837419]
384,0.8911483883857727,0.937324047088623,156.45935535430908,174.92961883544922,[   0    0    0 1872    0    0    0],[0.0000 0.0000 0.0000 0.4160 0.0000 0.0000 0.0000],0.8284724354743958,0.7851147778397725,0.5840000000000001,0.416,0.37986043604033165,[0.68778338 0.25837419]
384,0.8919482231140137,0.9422056078910828,156.77928924560547,176.8822431564331,[   0    0    0 2028 1375    0    0],[0.0000 0.0000 0.0000 0.4507 0.3056 0.0000 0.0000],0.8341538310050964,0.7758184111549989,0.5493333333333333,0.45066666666666666,0.35550211030619,[0.68778338 0.25837419]
384,0.8926111459732056,0.9434829950332642,157.04445838928223,177.39319801330566,[   0    0    0 2159 1597    0    0],[0.0000 0.0000 0.0000 0.4798 0.3549 0.0000 0.0000],0.8360941410064697,0.7744521135987779,0.5202222222222221,0.4797777777777778,0.33685162702277893,[0.69713657 0.2598276 ]
384,0.8931417465209961,0.9445530772209167,157.25669860839844,177.8212308883667,[   0    0    0 2265 1809    0    0],[0.0000 0.0000 0.0000 0.5033 0.4020 0.0000 0.0000],0.8376948237419128,0.7732593316144617,0.4966666666666667,0.5033333333333333,0.32171848528677105,[0.69713657 0.2598276 ]
384,0.893622636795044,0.945437490940094,157.44905471801758,178.1749963760376,[   0    0    0 2362 1978    0    0],[0.0000 0.0000 0.0000 0.5249 0.4396 0.0000 0.0000],0.8390601277351379,0.7723712361210692,0.47511111111111115,0.5248888888888888,0.30790331364149354,[0.70661241 0.26138835]
384,0.8941525816917419,0.946311354637146,157.66103267669678,178.5245418548584,[   0    0    0 2470 2132    0    0],[0.0000 0.0000 0.0000 0.5489 0.4738 0.0000 0.0000],0.8404639363288879,0.7716170476033641,0.45111111111111113,0.5488888888888889,0.2925529091932028,[0.70661241 0.26138835]
384,0.8944784998893738,0.9469964504241943,157.7913999557495,178.79858016967773,[   0    0    0 2537 2302    0    0],[0.0000 0.0000 0.0000 0.5638 0.5116 0.0000 0.0000],0.8414749503135681,0.7708320473215756,0.4362222222222222,0.5637777777777778,0.2829493757038703,[0.71609252 0.2629498 ]
384,0.8949704170227051,0.9477768540382385,157.98816680908203,179.1107416152954,[   0    0    0 2639 2451    0    0],[0.0000 0.0000 0.0000 0.5864 0.5447 0.0000 0.0000],0.8427472710609436,0.7702034878081623,0.41355555555555557,0.5864444444444444,0.2684334883688307,[0.71609252 0.2629498 ]
384,0.8952574729919434,0.9483832120895386,158.10298919677734,179.35328483581543,[   0    0    0 2699 2620    0    0],[0.0000 0.0000 0.0000 0.5998 0.5822 0.0000 0.0000],0.8436406850814819,0.7695097852454573,0.40022222222222226,0.5997777777777777,0.2598201693521975,[0.72557687 0.26451195]
384,0.8952955603599548,0.9488388299942017,158.11822414398193,179.53553199768066,[   0    0    0 2707 2839    0    0],[0.0000 0.0000 0.0000 0.6016 0.6309 0.0000 0.0000],0.8441343903541565,0.768605813309308,0.36911111111111106,0.6308888888888889,0.23948172488953168,[0.72557687 0.26451195]
384,0.8952955603599548,0.9488388299942017,158.11822414398193,179.53553199768066,[   0    0    0 2707 2839    0    0],[0.0000 0.0000 0.0000 0.6016 0.6309 0.0000 0.0000],0.8441343903541565,0.768605813309308,0.36911111111111106,0.6308888888888889,0.23948172488953168,[0.73506549 0.2660748 ]
384,0.8943523168563843,0.9492434859275818,157.7409267425537,179.69739437103271,[   0    0    0 2511 3523    0    0],[0.0000 0.0000 0.0000 0.5580 0.7829 0.0000 0.0000],0.8435958027839661,0.7657113552235245,0.21711111111111114,0.7828888888888889,0.14024311445469875,[0.73506549 0.2660748 ]
384,0.8943523168563843,0.9492434859275818,157.7409267425537,179.69739437103271,[   0    0    0 2511 3523    0    0],[0.0000 0.0000 0.0000 0.5580 0.7829 0.0000 0.0000],0.8435958027839661,0.7657113552235245,0.21711111111111114,0.7828888888888889,0.14024311445469875,[0.74455836 0.26763836]
384,0.8927168250083923,0.9486263394355774,157.08673000335693,179.45053577423096,[   0    0    0 2180 3977    0    0],[0.0000 0.0000 0.0000 0.4844 0.8838 0.0000 0.0000],0.8413431644439697,0.7635480716357232,0.11622222222222223,0.8837777777777778,0.07466184717018494,[0.74455836 0.26763836]
384,0.8914830684661865,0.9481878280639648,156.5932273864746,179.27513122558594,[   0    0    0 1937 4328    0    0],[0.0000 0.0000 0.0000 0.4304 0.9618 0.0000 0.0000],0.8396708965301514,0.7618723879979932,0.03822222222222227,0.9617777777777777,0.024451599160968226,[0.74455836 0.26763836]
384,0.8899546265602112,0.9470592737197876,155.98185062408447,178.82370948791504,[   0    0    0 1643 4426    0    0],[0.0000 0.0000 0.0000 0.3651 0.9836 0.0000 0.0000],0.8370139002799988,0.7610342134120944,0.016444444444444484,0.9835555555555555,0.010475048872417533,[0.75405863 0.26942061]
384,0.889828085899353,0.9470182657241821,155.9312343597412,178.80730628967285,[   0    0    0 1619 4463    0    0],[0.0000 0.0000 0.0000 0.3598 0.9918 0.0000 0.0000],0.8368463516235352,0.7608553161267658,0.008222222222222242,0.9917777777777778,0.005235245073404469,[0.75405863 0.26942061]
384,0.8913443088531494,0.9483191967010498,156.53772354125977,179.32767868041992,[   0    0    0 1910 4472    0    0],[0.0000 0.0000 0.0000 0.4244 0.9938 0.0000 0.0000],0.8396635055541992,0.7613058696827666,0.00622222222222224,0.9937777777777778,0.003977498033206892,[0.76368001 0.27120143]
384,0.8924903869628906,0.9492412209510803,156.99615478515625,179.69648838043213,[   0    0    0 2135 4453    0    0],[0.0000 0.0000 0.0000 0.4744 0.9896 0.0000 0.0000],0.841731607913971,0.7617756645760352,0.010444444444444478,0.9895555555555555,0.006697089063472474,[0.76368001 0.27120143]
384,0.893395185470581,0.9499840140342712,157.35807418823242,179.9936056137085,[   0    0    0 2316 4453    0    0],[0.0000 0.0000 0.0000 0.5147 0.9896 0.0000 0.0000],0.8433791995048523,0.7621159346158508,0.010444444444444478,0.9895555555555555,0.006713195147269312,[0.77295287 0.2728806 ]
384,0.8942305445671082,0.9506450891494751,157.69221782684326,180.25803565979004,[   0    0    0 2486 4442    0    0],[0.0000 0.0000 0.0000 0.5524 0.9871 0.0000 0.0000],0.8448756337165833,0.7624825383632459,0.012888888888888839,0.9871111111111112,0.008303059829389664,[0.78129397 0.2746871 ]
384,0.8950710892677307,0.9512859582901001,158.02843570709229,180.51438331604004,[   0    0    0 2660 4419    0    0],[0.0000 0.0000 0.0000 0.5911 0.9820 0.0000 0.0000],0.8463570475578308,0.7629032496587745,0.018000000000000016,0.982,0.011622393755162563,[0.78129397 0.2746871 ]
384,0.8960325121879578,0.952046811580658,158.4130048751831,180.81872463226318,[   0    0    0 2863 4417    0    0],[0.0000 0.0000 0.0000 0.6362 0.9816 0.0000 0.0000],0.8480793237686157,0.7633265976230109,0.018444444444444485,0.9815555555555555,0.011940223309403999,[0.78129397 0.2746871 ]
384,0.896973192691803,0.9527735710144043,158.7892770767212,181.10942840576172,[   0    0    0 3066 4409    0    0],[0.0000 0.0000 0.0000 0.6813 0.9798 0.0000 0.0000],0.8497467637062073,0.7637789629973628,0.020222222222222253,0.9797777777777777,0.013124600418098726,[0.78870196 0.27662081]
384,0.8977939486503601,0.9533815383911133,159.11757946014404,181.3526153564453,[   0    0    0 3247 4387    0    0],[0.0000 0.0000 0.0000 0.7216 0.9749 0.0000 0.0000],0.8511754870414734,0.7642297946288523,0.025111111111111084,0.9748888888888889,0.016334618765554313,[0.78870196 0.27662081]
384,0.8977939486503601,0.9533815383911133,159.11757946014404,181.3526153564453,[   0    0    0 3247 4387    0    0],[0.0000 0.0000 0.0000 0.7216 0.9749 0.0000 0.0000],0.8511754870414734,0.7642297946288523,0.025111111111111084,0.9748888888888889,0.016334618765554313,[0.79900723 0.27966994]
384,0.899491548538208,0.9545778632164001,159.7966194152832,181.83114528656006,[   0    0    0 3634 4303    0    0],[0.0000 0.0000 0.0000 0.8076 0.9562 0.0000 0.0000],0.8540694117546082,0.7652952606396877,0.043777777777777804,0.9562222222222222,0.02861382417675694,[0.79900723 0.27966994]
384,0.9003254771232605,0.95513916015625,160.1301908493042,182.0556640625,[   0    0    0 3831 4243    0    0],[0.0000 0.0000 0.0000 0.8513 0.9429 0.0000 0.0000],0.8554646372795105,0.7658767780996736,0.05711111111111111,0.9428888888888889,0.03741808634348983,[0.8041285  0.28194349]
