403,0.8495477437973022,0.9508330821990967,1.398190975189209,1.8033323287963867,[0.1000 0.1000 0.1000 0.1000 0.1000 0.1000 0.1000],[0.0000 0.0000 0.0000 0.0000 0.0000 0.0000 0.0000],0.8003808259963989,0.681746424369192,1.0,0.0,0.5456567662567053,None
403,0.8495477437973022,0.9508330821990967,1.398190975189209,1.8033323287963867,[0.1000 0.1000 0.1000 0.1000 0.1000 0.1000 0.1000],[0.0000 0.0000 0.0000 0.0000 0.0000 0.0000 0.0000],0.8003808259963989,0.681746424369192,1.0,0.0,0.5456567662567053,None
403,0.8495477437973022,0.9508330821990967,1.398190975189209,1.8033323287963867,[0.1000 0.1000 0.1000 0.1000 0.1000 0.1000 0.1000],[0.0000 0.0000 0.0000 0.0000 0.0000 0.0000 0.0000],0.8003808259963989,0.681746424369192,1.0,0.0,0.5456567662567053,None
403,0.8495477437973022,0.9508330821990967,1.398190975189209,1.8033323287963867,[0.1000 0.1000 0.1000 0.1000 0.1000 0.1000 0.1000],[0.0000 0.0000 0.0000 0.0000 0.0000 0.0000 0.0000],0.8003808259963989,0.681746424369192,1.0,0.0,0.5456567662567053,None
403,0.8495477437973022,0.9508330821990967,1.398190975189209,1.8033323287963867,[0.1000 0.1000 0.1000 0.1000 0.1000 0.1000 0.1000],[0.0000 0.0000 0.0000 0.0000 0.0000 0.0000 0.0000],0.8003808259963989,0.681746424369192,1.0,0.0,0.5456567662567053,None
403,0.8495477437973022,0.9508330821990967,1.398190975189209,1.8033323287963867,[0.1000 0.1000 0.1000 0.1000 0.1000 0.1000 0.1000],[0.0000 0.0000 0.0000 0.0000 0.0000 0.0000 0.0000],0.8003808259963989,0.681746424369192,1.0,0.0,0.5456567662567053,None
403,0.8495477437973022,0.9508330821990967,1.398190975189209,1.8033323287963867,[0.1000 0.1000 0.1000 0.1000 0.1000 0.1000 0.1000],[0.0000 0.0000 0.0000 0.0000 0.0000 0.0000 0.0000],0.8003808259963989,0.681746424369192,1.0,0.0,0.5456567662567053,None
403,0.8495477437973022,0.9508330821990967,1.398190975189209,1.8033323287963867,[0.1000 0.1000 0.1000 0.1000 0.1000 0.1000 0.1000],[0.0000 0.0000 0.0000 0.0000 0.0000 0.0000 0.0000],0.8003808259963989,0.681746424369192,1.0,0.0,0.5456567662567053,None
403,0.8495477437973022,0.9508330821990967,1.398190975189209,1.8033323287963867,[0.1000 0.1000 0.1000 0.1000 0.1000 0.1000 0.1000],[0.0000 0.0000 0.0000 0.0000 0.0000 0.0000 0.0000],0.8003808259963989,0.681746424369192,1.0,0.0,0.5456567662567053,None
403,0.8495477437973022,0.9508330821990967,1.398190975189209,1.8033323287963867,[0.1000 0.1000 0.1000 0.1000 0.1000 0.1000 0.1000],[0.0000 0.0000 0.0000 0.0000 0.0000 0.0000 0.0000],0.8003808259963989,0.681746424369192,1.0,0.0,0.5456567662567053,None
403,0.8495477437973022,0.9508330821990967,1.398190975189209,1.8033323287963867,[0.1000 0.1000 0.1000 0.1000 0.1000 0.1000 0.1000],[0.0000 0.0000 0.0000 0.0000 0.0000 0.0000 0.0000],0.8003808259963989,0.681746424369192,1.0,0.0,0.5456567662567053,None
403,0.8495477437973022,0.9508330821990967,1.398190975189209,1.8033323287963867,[0.1000 0.1000 0.1000 0.1000 0.1000 0.1000 0.1000],[0.0000 0.0000 0.0000 0.0000 0.0000 0.0000 0.0000],0.8003808259963989,0.681746424369192,1.0,0.0,0.5456567662567053,None
403,0.8495477437973022,0.9508330821990967,1.398190975189209,1.8033323287963867,[0.1000 0.1000 0.1000 0.1000 0.1000 0.1000 0.1000],[0.0000 0.0000 0.0000 0.0000 0.0000 0.0000 0.0000],0.8003808259963989,0.681746424369192,1.0,0.0,0.5456567662567053,None
403,0.8495477437973022,0.9508330821990967,1.398190975189209,1.8033323287963867,[0.1000 0.1000 0.1000 0.1000 0.1000 0.1000 0.1000],[0.0000 0.0000 0.0000 0.0000 0.0000 0.0000 0.0000],0.8003808259963989,0.681746424369192,1.0,0.0,0.5456567662567053,None
403,0.8495477437973022,0.9508330821990967,1.398190975189209,1.8033323287963867,[0.1000 0.1000 0.1000 0.1000 0.1000 0.1000 0.1000],[0.0000 0.0000 0.0000 0.0000 0.0000 0.0000 0.0000],0.8003808259963989,0.681746424369192,1.0,0.0,0.5456567662567053,None
403,0.8495477437973022,0.9508330821990967,1.398190975189209,1.8033323287963867,[0.1000 0.1000 0.1000 0.1000 0.1000 0.1000 0.1000],[0.0000 0.0000 0.0000 0.0000 0.0000 0.0000 0.0000],0.8003808259963989,0.681746424369192,1.0,0.0,0.5456567662567053,None
403,0.8495477437973022,0.9508330821990967,1.398190975189209,1.8033323287963867,[0.1000 0.1000 0.1000 0.1000 0.1000 0.1000 0.1000],[0.0000 0.0000 0.0000 0.0000 0.0000 0.0000 0.0000],0.8003808259963989,0.681746424369192,1.0,0.0,0.5456567662567053,None
403,0.8495477437973022,0.9508330821990967,1.398190975189209,1.8033323287963867,[0.1000 0.1000 0.1000 0.1000 0.1000 0.1000 0.1000],[0.0000 0.0000 0.0000 0.0000 0.0000 0.0000 0.0000],0.8003808259963989,0.681746424369192,1.0,0.0,0.5456567662567053,None
403,0.8495477437973022,0.9508330821990967,1.398190975189209,1.8033323287963867,[0.1000 0.1000 0.1000 0.1000 0.1000 0.1000 0.1000],[0.0000 0.0000 0.0000 0.0000 0.0000 0.0000 0.0000],0.8003808259963989,0.681746424369192,1.0,0.0,0.5456567662567053,None
403,0.8495477437973022,0.9508330821990967,1.398190975189209,1.8033323287963867,[0.1000 0.1000 0.1000 0.1000 0.1000 0.1000 0.1000],[0.0000 0.0000 0.0000 0.0000 0.0000 0.0000 0.0000],0.8003808259963989,0.681746424369192,1.0,0.0,0.5456567662567053,None
403,0.8495477437973022,0.9508330821990967,1.398190975189209,1.8033323287963867,[0.1000 0.1000 0.1000 0.1000 0.1000 0.1000 0.1000],[0.0000 0.0000 0.0000 0.0000 0.0000 0.0000 0.0000],0.8003808259963989,0.681746424369192,1.0,0.0,0.5456567662567053,None
403,0.8495477437973022,0.9508330821990967,1.398190975189209,1.8033323287963867,[0.1000 0.1000 0.1000 0.1000 0.1000 0.1000 0.1000],[0.0000 0.0000 0.0000 0.0000 0.0000 0.0000 0.0000],0.8003808259963989,0.681746424369192,1.0,0.0,0.5456567662567053,None
403,0.8495477437973022,0.9508330821990967,1.398190975189209,1.8033323287963867,[0.1000 0.1000 0.1000 0.1000 0.1000 0.1000 0.1000],[0.0000 0.0000 0.0000 0.0000 0.0000 0.0000 0.0000],0.8003808259963989,0.681746424369192,1.0,0.0,0.5456567662567053,None
403,0.8495477437973022,0.9508330821990967,1.398190975189209,1.8033323287963867,[0.1000 0.1000 0.1000 0.1000 0.1000 0.1000 0.1000],[0.0000 0.0000 0.0000 0.0000 0.0000 0.0000 0.0000],0.8003808259963989,0.681746424369192,1.0,0.0,0.5456567662567053,None
403,0.8495477437973022,0.9508330821990967,1.398190975189209,1.8033323287963867,[0.1000 0.1000 0.1000 0.1000 0.1000 0.1000 0.1000],[0.0000 0.0000 0.0000 0.0000 0.0000 0.0000 0.0000],0.8003808259963989,0.681746424369192,1.0,0.0,0.5456567662567053,None
403,0.8495477437973022,0.9508330821990967,1.398190975189209,1.8033323287963867,[0.1000 0.1000 0.1000 0.1000 0.1000 0.1000 0.1000],[0.0000 0.0000 0.0000 0.0000 0.0000 0.0000 0.0000],0.8003808259963989,0.681746424369192,1.0,0.0,0.5456567662567053,None
403,0.8495477437973022,0.9508330821990967,1.398190975189209,1.8033323287963867,[0.1000 0.1000 0.1000 0.1000 0.1000 0.1000 0.1000],[0.0000 0.0000 0.0000 0.0000 0.0000 0.0000 0.0000],0.8003808259963989,0.681746424369192,1.0,0.0,0.5456567662567053,None
403,0.8495477437973022,0.9508330821990967,1.398190975189209,1.8033323287963867,[0.1000 0.1000 0.1000 0.1000 0.1000 0.1000 0.1000],[0.0000 0.0000 0.0000 0.0000 0.0000 0.0000 0.0000],0.8003808259963989,0.681746424369192,1.0,0.0,0.5456567662567053,None
403,0.8495477437973022,0.9508330821990967,1.398190975189209,1.8033323287963867,[0.1000 0.1000 0.1000 0.1000 0.1000 0.1000 0.1000],[0.0000 0.0000 0.0000 0.0000 0.0000 0.0000 0.0000],0.8003808259963989,0.681746424369192,1.0,0.0,0.5456567662567053,None
403,0.8495477437973022,0.9508330821990967,1.398190975189209,1.8033323287963867,[0.1000 0.1000 0.1000 0.1000 0.1000 0.1000 0.1000],[0.0000 0.0000 0.0000 0.0000 0.0000 0.0000 0.0000],0.8003808259963989,0.681746424369192,1.0,0.0,0.5456567662567053,None
403,0.8495477437973022,0.9508330821990967,1.398190975189209,1.8033323287963867,[0.1000 0.1000 0.1000 0.1000 0.1000 0.1000 0.1000],[0.0000 0.0000 0.0000 0.0000 0.0000 0.0000 0.0000],0.8003808259963989,0.681746424369192,1.0,0.0,0.5456567662567053,None
403,0.8495477437973022,0.9508330821990967,1.398190975189209,1.8033323287963867,[0.1000 0.1000 0.1000 0.1000 0.1000 0.1000 0.1000],[0.0000 0.0000 0.0000 0.0000 0.0000 0.0000 0.0000],0.8003808259963989,0.681746424369192,1.0,0.0,0.5456567662567053,None
403,0.8495477437973022,0.9508330821990967,1.398190975189209,1.8033323287963867,[0.1000 0.1000 0.1000 0.1000 0.1000 0.1000 0.1000],[0.0000 0.0000 0.0000 0.0000 0.0000 0.0000 0.0000],0.8003808259963989,0.681746424369192,1.0,0.0,0.5456567662567053,None
403,0.8495477437973022,0.9508330821990967,1.398190975189209,1.8033323287963867,[0.1000 0.1000 0.1000 0.1000 0.1000 0.1000 0.1000],[0.0000 0.0000 0.0000 0.0000 0.0000 0.0000 0.0000],0.8003808259963989,0.681746424369192,1.0,0.0,0.5456567662567053,None
403,0.8495477437973022,0.9508330821990967,1.398190975189209,1.8033323287963867,[0.1000 0.1000 0.1000 0.1000 0.1000 0.1000 0.1000],[0.0000 0.0000 0.0000 0.0000 0.0000 0.0000 0.0000],0.8003808259963989,0.681746424369192,1.0,0.0,0.5456567662567053,None
403,0.8495477437973022,0.9508330821990967,1.398190975189209,1.8033323287963867,[0.1000 0.1000 0.1000 0.1000 0.1000 0.1000 0.1000],[0.0000 0.0000 0.0000 0.0000 0.0000 0.0000 0.0000],0.8003808259963989,0.681746424369192,1.0,0.0,0.5456567662567053,None
403,0.8495477437973022,0.9508330821990967,1.398190975189209,1.8033323287963867,[0.1000 0.1000 0.1000 0.1000 0.1000 0.1000 0.1000],[0.0000 0.0000 0.0000 0.0000 0.0000 0.0000 0.0000],0.8003808259963989,0.681746424369192,1.0,0.0,0.5456567662567053,None
403,0.8495477437973022,0.9508330821990967,1.398190975189209,1.8033323287963867,[0.1000 0.1000 0.1000 0.1000 0.1000 0.1000 0.1000],[0.0000 0.0000 0.0000 0.0000 0.0000 0.0000 0.0000],0.8003808259963989,0.681746424369192,1.0,0.0,0.5456567662567053,None
403,0.8495477437973022,0.9508330821990967,1.398190975189209,1.8033323287963867,[0.1000 0.1000 0.1000 0.1000 0.1000 0.1000 0.1000],[0.0000 0.0000 0.0000 0.0000 0.0000 0.0000 0.0000],0.8003808259963989,0.681746424369192,1.0,0.0,0.5456567662567053,None
403,0.8495477437973022,0.9508330821990967,1.398190975189209,1.8033323287963867,[0.1000 0.1000 0.1000 0.1000 0.1000 0.1000 0.1000],[0.0000 0.0000 0.0000 0.0000 0.0000 0.0000 0.0000],0.8003808259963989,0.681746424369192,1.0,0.0,0.5456567662567053,None
403,0.8495477437973022,0.9508330821990967,1.398190975189209,1.8033323287963867,[0.1000 0.1000 0.1000 0.1000 0.1000 0.1000 0.1000],[0.0000 0.0000 0.0000 0.0000 0.0000 0.0000 0.0000],0.8003808259963989,0.681746424369192,1.0,0.0,0.5456567662567053,None
403,0.8495477437973022,0.9508330821990967,1.398190975189209,1.8033323287963867,[0.1000 0.1000 0.1000 0.1000 0.1000 0.1000 0.1000],[0.0000 0.0000 0.0000 0.0000 0.0000 0.0000 0.0000],0.8003808259963989,0.681746424369192,1.0,0.0,0.5456567662567053,None
403,0.8495477437973022,0.9508330821990967,1.398190975189209,1.8033323287963867,[0.1000 0.1000 0.1000 0.1000 0.1000 0.1000 0.1000],[0.0000 0.0000 0.0000 0.0000 0.0000 0.0000 0.0000],0.8003808259963989,0.681746424369192,1.0,0.0,0.5456567662567053,None
403,0.8495477437973022,0.9508330821990967,1.398190975189209,1.8033323287963867,[0.1000 0.1000 0.1000 0.1000 0.1000 0.1000 0.1000],[0.0000 0.0000 0.0000 0.0000 0.0000 0.0000 0.0000],0.8003808259963989,0.681746424369192,1.0,0.0,0.5456567662567053,None
403,0.8495477437973022,0.9508330821990967,1.398190975189209,1.8033323287963867,[0.1000 0.1000 0.1000 0.1000 0.1000 0.1000 0.1000],[0.0000 0.0000 0.0000 0.0000 0.0000 0.0000 0.0000],0.8003808259963989,0.681746424369192,1.0,0.0,0.5456567662567053,None
403,0.8495477437973022,0.9508330821990967,1.398190975189209,1.8033323287963867,[0.1000 0.1000 0.1000 0.1000 0.1000 0.1000 0.1000],[0.0000 0.0000 0.0000 0.0000 0.0000 0.0000 0.0000],0.8003808259963989,0.681746424369192,1.0,0.0,0.5456567662567053,None
403,0.8495477437973022,0.9508330821990967,1.398190975189209,1.8033323287963867,[0.1000 0.1000 0.1000 0.1000 0.1000 0.1000 0.1000],[0.0000 0.0000 0.0000 0.0000 0.0000 0.0000 0.0000],0.8003808259963989,0.681746424369192,1.0,0.0,0.5456567662567053,None
403,0.8495477437973022,0.9508330821990967,1.398190975189209,1.8033323287963867,[0.1000 0.1000 0.1000 0.1000 0.1000 0.1000 0.1000],[0.0000 0.0000 0.0000 0.0000 0.0000 0.0000 0.0000],0.8003808259963989,0.681746424369192,1.0,0.0,0.5456567662567053,None
403,0.8495477437973022,0.9508330821990967,1.398190975189209,1.8033323287963867,[0.1000 0.1000 0.1000 0.1000 0.1000 0.1000 0.1000],[0.0000 0.0000 0.0000 0.0000 0.0000 0.0000 0.0000],0.8003808259963989,0.681746424369192,1.0,0.0,0.5456567662567053,None
403,0.8495477437973022,0.9508330821990967,1.398190975189209,1.8033323287963867,[0.1000 0.1000 0.1000 0.1000 0.1000 0.1000 0.1000],[0.0000 0.0000 0.0000 0.0000 0.0000 0.0000 0.0000],0.8003808259963989,0.681746424369192,1.0,0.0,0.5456567662567053,None
403,0.8495477437973022,0.9508330821990967,1.398190975189209,1.8033323287963867,[0.1000 0.1000 0.1000 0.1000 0.1000 0.1000 0.1000],[0.0000 0.0000 0.0000 0.0000 0.0000 0.0000 0.0000],0.8003808259963989,0.681746424369192,1.0,0.0,0.5456567662567053,None
403,0.8495477437973022,0.9508330821990967,1.398190975189209,1.8033323287963867,[0.1000 0.1000 0.1000 0.1000 0.1000 0.1000 0.1000],[0.0000 0.0000 0.0000 0.0000 0.0000 0.0000 0.0000],0.8003808259963989,0.681746424369192,1.0,0.0,0.5456567662567053,None
403,0.8495477437973022,0.9508330821990967,1.398190975189209,1.8033323287963867,[0.1000 0.1000 0.1000 0.1000 0.1000 0.1000 0.1000],[0.0000 0.0000 0.0000 0.0000 0.0000 0.0000 0.0000],0.8003808259963989,0.681746424369192,1.0,0.0,0.5456567662567053,None
403,0.8495477437973022,0.9508330821990967,1.398190975189209,1.8033323287963867,[0.1000 0.1000 0.1000 0.1000 0.1000 0.1000 0.1000],[0.0000 0.0000 0.0000 0.0000 0.0000 0.0000 0.0000],0.8003808259963989,0.681746424369192,1.0,0.0,0.5456567662567053,None
403,0.8495477437973022,0.9508330821990967,1.398190975189209,1.8033323287963867,[0.1000 0.1000 0.1000 0.1000 0.1000 0.1000 0.1000],[0.0000 0.0000 0.0000 0.0000 0.0000 0.0000 0.0000],0.8003808259963989,0.681746424369192,1.0,0.0,0.5456567662567053,None
403,0.8495477437973022,0.9508330821990967,1.398190975189209,1.8033323287963867,[0.1000 0.1000 0.1000 0.1000 0.1000 0.1000 0.1000],[0.0000 0.0000 0.0000 0.0000 0.0000 0.0000 0.0000],0.8003808259963989,0.681746424369192,1.0,0.0,0.5456567662567053,None
403,0.8495477437973022,0.9508330821990967,1.398190975189209,1.8033323287963867,[0.1000 0.1000 0.1000 0.1000 0.1000 0.1000 0.1000],[0.0000 0.0000 0.0000 0.0000 0.0000 0.0000 0.0000],0.8003808259963989,0.681746424369192,1.0,0.0,0.5456567662567053,None
403,0.8495477437973022,0.9508330821990967,1.398190975189209,1.8033323287963867,[0.1000 0.1000 0.1000 0.1000 0.1000 0.1000 0.1000],[0.0000 0.0000 0.0000 0.0000 0.0000 0.0000 0.0000],0.8003808259963989,0.681746424369192,1.0,0.0,0.5456567662567053,None
403,0.8495477437973022,0.9508330821990967,1.398190975189209,1.8033323287963867,[0.1000 0.1000 0.1000 0.1000 0.1000 0.1000 0.1000],[0.0000 0.0000 0.0000 0.0000 0.0000 0.0000 0.0000],0.8003808259963989,0.681746424369192,1.0,0.0,0.5456567662567053,None
403,0.8495477437973022,0.9508330821990967,1.398190975189209,1.8033323287963867,[0.1000 0.1000 0.1000 0.1000 0.1000 0.1000 0.1000],[0.0000 0.0000 0.0000 0.0000 0.0000 0.0000 0.0000],0.8003808259963989,0.681746424369192,1.0,0.0,0.5456567662567053,None
403,0.8495477437973022,0.9508330821990967,1.398190975189209,1.8033323287963867,[0.1000 0.1000 0.1000 0.1000 0.1000 0.1000 0.1000],[0.0000 0.0000 0.0000 0.0000 0.0000 0.0000 0.0000],0.8003808259963989,0.681746424369192,1.0,0.0,0.5456567662567053,None
403,0.8495477437973022,0.9508330821990967,1.398190975189209,1.8033323287963867,[0.1000 0.1000 0.1000 0.1000 0.1000 0.1000 0.1000],[0.0000 0.0000 0.0000 0.0000 0.0000 0.0000 0.0000],0.8003808259963989,0.681746424369192,1.0,0.0,0.5456567662567053,None
403,0.8495477437973022,0.9508330821990967,1.398190975189209,1.8033323287963867,[0.1000 0.1000 0.1000 0.1000 0.1000 0.1000 0.1000],[0.0000 0.0000 0.0000 0.0000 0.0000 0.0000 0.0000],0.8003808259963989,0.681746424369192,1.0,0.0,0.5456567662567053,None
403,0.8495477437973022,0.9508330821990967,1.398190975189209,1.8033323287963867,[0.1000 0.1000 0.1000 0.1000 0.1000 0.1000 0.1000],[0.0000 0.0000 0.0000 0.0000 0.0000 0.0000 0.0000],0.8003808259963989,0.681746424369192,1.0,0.0,0.5456567662567053,None
403,0.8495477437973022,0.9508330821990967,1.398190975189209,1.8033323287963867,[0.1000 0.1000 0.1000 0.1000 0.1000 0.1000 0.1000],[0.0000 0.0000 0.0000 0.0000 0.0000 0.0000 0.0000],0.8003808259963989,0.681746424369192,1.0,0.0,0.5456567662567053,None
403,0.8495477437973022,0.9508330821990967,1.398190975189209,1.8033323287963867,[0.1000 0.1000 0.1000 0.1000 0.1000 0.1000 0.1000],[0.0000 0.0000 0.0000 0.0000 0.0000 0.0000 0.0000],0.8003808259963989,0.681746424369192,1.0,0.0,0.5456567662567053,None
403,0.8495477437973022,0.9508330821990967,1.398190975189209,1.8033323287963867,[0.1000 0.1000 0.1000 0.1000 0.1000 0.1000 0.1000],[0.0000 0.0000 0.0000 0.0000 0.0000 0.0000 0.0000],0.8003808259963989,0.681746424369192,1.0,0.0,0.5456567662567053,None
403,0.8495477437973022,0.9508330821990967,1.398190975189209,1.8033323287963867,[0.1000 0.1000 0.1000 0.1000 0.1000 0.1000 0.1000],[0.0000 0.0000 0.0000 0.0000 0.0000 0.0000 0.0000],0.8003808259963989,0.681746424369192,1.0,0.0,0.5456567662567053,None
403,0.8495477437973022,0.9508330821990967,1.398190975189209,1.8033323287963867,[0.1000 0.1000 0.1000 0.1000 0.1000 0.1000 0.1000],[0.0000 0.0000 0.0000 0.0000 0.0000 0.0000 0.0000],0.8003808259963989,0.681746424369192,1.0,0.0,0.5456567662567053,None
403,0.8495477437973022,0.9508330821990967,1.398190975189209,1.8033323287963867,[0.1000 0.1000 0.1000 0.1000 0.1000 0.1000 0.1000],[0.0000 0.0000 0.0000 0.0000 0.0000 0.0000 0.0000],0.8003808259963989,0.681746424369192,1.0,0.0,0.5456567662567053,None
403,0.8495477437973022,0.9508330821990967,1.398190975189209,1.8033323287963867,[0.1000 0.1000 0.1000 0.1000 0.1000 0.1000 0.1000],[0.0000 0.0000 0.0000 0.0000 0.0000 0.0000 0.0000],0.8003808259963989,0.681746424369192,1.0,0.0,0.5456567662567053,None
403,0.8495477437973022,0.9508330821990967,1.398190975189209,1.8033323287963867,[0.1000 0.1000 0.1000 0.1000 0.1000 0.1000 0.1000],[0.0000 0.0000 0.0000 0.0000 0.0000 0.0000 0.0000],0.8003808259963989,0.681746424369192,1.0,0.0,0.5456567662567053,None
403,0.8495477437973022,0.9508330821990967,1.398190975189209,1.8033323287963867,[0.1000 0.1000 0.1000 0.1000 0.1000 0.1000 0.1000],[0.0000 0.0000 0.0000 0.0000 0.0000 0.0000 0.0000],0.8003808259963989,0.681746424369192,1.0,0.0,0.5456567662567053,None
403,0.8495477437973022,0.9508330821990967,1.398190975189209,1.8033323287963867,[0.1000 0.1000 0.1000 0.1000 0.1000 0.1000 0.1000],[0.0000 0.0000 0.0000 0.0000 0.0000 0.0000 0.0000],0.8003808259963989,0.681746424369192,1.0,0.0,0.5456567662567053,None
403,0.8495477437973022,0.9508330821990967,1.398190975189209,1.8033323287963867,[0.1000 0.1000 0.1000 0.1000 0.1000 0.1000 0.1000],[0.0000 0.0000 0.0000 0.0000 0.0000 0.0000 0.0000],0.8003808259963989,0.681746424369192,1.0,0.0,0.5456567662567053,None
403,0.8495477437973022,0.9508330821990967,1.398190975189209,1.8033323287963867,[0.1000 0.1000 0.1000 0.1000 0.1000 0.1000 0.1000],[0.0000 0.0000 0.0000 0.0000 0.0000 0.0000 0.0000],0.8003808259963989,0.681746424369192,1.0,0.0,0.5456567662567053,None
403,0.8495477437973022,0.9508330821990967,1.398190975189209,1.8033323287963867,[0.1000 0.1000 0.1000 0.1000 0.1000 0.1000 0.1000],[0.0000 0.0000 0.0000 0.0000 0.0000 0.0000 0.0000],0.8003808259963989,0.681746424369192,1.0,0.0,0.5456567662567053,None
403,0.8495477437973022,0.9508330821990967,1.398190975189209,1.8033323287963867,[0.1000 0.1000 0.1000 0.1000 0.1000 0.1000 0.1000],[0.0000 0.0000 0.0000 0.0000 0.0000 0.0000 0.0000],0.8003808259963989,0.681746424369192,1.0,0.0,0.5456567662567053,None
403,0.8495477437973022,0.9508330821990967,1.398190975189209,1.8033323287963867,[0.1000 0.1000 0.1000 0.1000 0.1000 0.1000 0.1000],[0.0000 0.0000 0.0000 0.0000 0.0000 0.0000 0.0000],0.8003808259963989,0.681746424369192,1.0,0.0,0.5456567662567053,None
403,0.8495477437973022,0.9508330821990967,1.398190975189209,1.8033323287963867,[0.1000 0.1000 0.1000 0.1000 0.1000 0.1000 0.1000],[0.0000 0.0000 0.0000 0.0000 0.0000 0.0000 0.0000],0.8003808259963989,0.681746424369192,1.0,0.0,0.5456567662567053,None
403,0.8495477437973022,0.9508330821990967,1.398190975189209,1.8033323287963867,[0.1000 0.1000 0.1000 0.1000 0.1000 0.1000 0.1000],[0.0000 0.0000 0.0000 0.0000 0.0000 0.0000 0.0000],0.8003808259963989,0.681746424369192,1.0,0.0,0.5456567662567053,None
403,0.8495477437973022,0.9508330821990967,1.398190975189209,1.8033323287963867,[0.1000 0.1000 0.1000 0.1000 0.1000 0.1000 0.1000],[0.0000 0.0000 0.0000 0.0000 0.0000 0.0000 0.0000],0.8003808259963989,0.681746424369192,1.0,0.0,0.5456567662567053,None
403,0.8495477437973022,0.9508330821990967,1.398190975189209,1.8033323287963867,[0.1000 0.1000 0.1000 0.1000 0.1000 0.1000 0.1000],[0.0000 0.0000 0.0000 0.0000 0.0000 0.0000 0.0000],0.8003808259963989,0.681746424369192,1.0,0.0,0.5456567662567053,None
403,0.8495477437973022,0.9508330821990967,1.398190975189209,1.8033323287963867,[0.1000 0.1000 0.1000 0.1000 0.1000 0.1000 0.1000],[0.0000 0.0000 0.0000 0.0000 0.0000 0.0000 0.0000],0.8003808259963989,0.681746424369192,1.0,0.0,0.5456567662567053,None
403,0.8495477437973022,0.9508330821990967,1.398190975189209,1.8033323287963867,[0.1000 0.1000 0.1000 0.1000 0.1000 0.1000 0.1000],[0.0000 0.0000 0.0000 0.0000 0.0000 0.0000 0.0000],0.8003808259963989,0.681746424369192,1.0,0.0,0.5456567662567053,None
403,0.8495477437973022,0.9508330821990967,1.398190975189209,1.8033323287963867,[0.1000 0.1000 0.1000 0.1000 0.1000 0.1000 0.1000],[0.0000 0.0000 0.0000 0.0000 0.0000 0.0000 0.0000],0.8003808259963989,0.681746424369192,1.0,0.0,0.5456567662567053,None
403,0.8495477437973022,0.9508330821990967,1.398190975189209,1.8033323287963867,[0.1000 0.1000 0.1000 0.1000 0.1000 0.1000 0.1000],[0.0000 0.0000 0.0000 0.0000 0.0000 0.0000 0.0000],0.8003808259963989,0.681746424369192,1.0,0.0,0.5456567662567053,None
403,0.8495477437973022,0.9508330821990967,1.398190975189209,1.8033323287963867,[0.1000 0.1000 0.1000 0.1000 0.1000 0.1000 0.1000],[0.0000 0.0000 0.0000 0.0000 0.0000 0.0000 0.0000],0.8003808259963989,0.681746424369192,1.0,0.0,0.5456567662567053,None
403,0.8495477437973022,0.9508330821990967,1.398190975189209,1.8033323287963867,[0.1000 0.1000 0.1000 0.1000 0.1000 0.1000 0.1000],[0.0000 0.0000 0.0000 0.0000 0.0000 0.0000 0.0000],0.8003808259963989,0.681746424369192,1.0,0.0,0.5456567662567053,None
403,0.8495477437973022,0.9508330821990967,1.398190975189209,1.8033323287963867,[0.1000 0.1000 0.1000 0.1000 0.1000 0.1000 0.1000],[0.0000 0.0000 0.0000 0.0000 0.0000 0.0000 0.0000],0.8003808259963989,0.681746424369192,1.0,0.0,0.5456567662567053,None
403,0.8495477437973022,0.9508330821990967,1.398190975189209,1.8033323287963867,[0.1000 0.1000 0.1000 0.1000 0.1000 0.1000 0.1000],[0.0000 0.0000 0.0000 0.0000 0.0000 0.0000 0.0000],0.8003808259963989,0.681746424369192,1.0,0.0,0.5456567662567053,None
403,0.8495477437973022,0.9508330821990967,1.398190975189209,1.8033323287963867,[0.1000 0.1000 0.1000 0.1000 0.1000 0.1000 0.1000],[0.0000 0.0000 0.0000 0.0000 0.0000 0.0000 0.0000],0.8003808259963989,0.681746424369192,1.0,0.0,0.5456567662567053,None
403,0.8495477437973022,0.9508330821990967,1.398190975189209,1.8033323287963867,[0.1000 0.1000 0.1000 0.1000 0.1000 0.1000 0.1000],[0.0000 0.0000 0.0000 0.0000 0.0000 0.0000 0.0000],0.8003808259963989,0.681746424369192,1.0,0.0,0.5456567662567053,None
403,0.8495477437973022,0.9508330821990967,1.398190975189209,1.8033323287963867,[0.1000 0.1000 0.1000 0.1000 0.1000 0.1000 0.1000],[0.0000 0.0000 0.0000 0.0000 0.0000 0.0000 0.0000],0.8003808259963989,0.681746424369192,1.0,0.0,0.5456567662567053,None
403,0.8495477437973022,0.9508330821990967,1.398190975189209,1.8033323287963867,[0.1000 0.1000 0.1000 0.1000 0.1000 0.1000 0.1000],[0.0000 0.0000 0.0000 0.0000 0.0000 0.0000 0.0000],0.8003808259963989,0.681746424369192,1.0,0.0,0.5456567662567053,None
403,0.8495477437973022,0.9508330821990967,1.398190975189209,1.8033323287963867,[0.1000 0.1000 0.1000 0.1000 0.1000 0.1000 0.1000],[0.0000 0.0000 0.0000 0.0000 0.0000 0.0000 0.0000],0.8003808259963989,0.681746424369192,1.0,0.0,0.5456567662567053,None
403,0.8495477437973022,0.9508330821990967,1.398190975189209,1.8033323287963867,[0.1000 0.1000 0.1000 0.1000 0.1000 0.1000 0.1000],[0.0000 0.0000 0.0000 0.0000 0.0000 0.0000 0.0000],0.8003808259963989,0.681746424369192,1.0,0.0,0.5456567662567053,None
403,0.8495477437973022,0.9508330821990967,1.398190975189209,1.8033323287963867,[0.1000 0.1000 0.1000 0.1000 0.1000 0.1000 0.1000],[0.0000 0.0000 0.0000 0.0000 0.0000 0.0000 0.0000],0.8003808259963989,0.681746424369192,1.0,0.0,0.5456567662567053,None
403,0.8495477437973022,0.9508330821990967,1.398190975189209,1.8033323287963867,[0.1000 0.1000 0.1000 0.1000 0.1000 0.1000 0.1000],[0.0000 0.0000 0.0000 0.0000 0.0000 0.0000 0.0000],0.8003808259963989,0.681746424369192,1.0,0.0,0.5456567662567053,None
403,0.8495477437973022,0.9508330821990967,1.398190975189209,1.8033323287963867,[0.1000 0.1000 0.1000 0.1000 0.1000 0.1000 0.1000],[0.0000 0.0000 0.0000 0.0000 0.0000 0.0000 0.0000],0.8003808259963989,0.681746424369192,1.0,0.0,0.5456567662567053,None
403,0.8495477437973022,0.9508330821990967,1.398190975189209,1.8033323287963867,[0.1000 0.1000 0.1000 0.1000 0.1000 0.1000 0.1000],[0.0000 0.0000 0.0000 0.0000 0.0000 0.0000 0.0000],0.8003808259963989,0.681746424369192,1.0,0.0,0.5456567662567053,None
403,0.8495477437973022,0.9508330821990967,1.398190975189209,1.8033323287963867,[0.1000 0.1000 0.1000 0.1000 0.1000 0.1000 0.1000],[0.0000 0.0000 0.0000 0.0000 0.0000 0.0000 0.0000],0.8003808259963989,0.681746424369192,1.0,0.0,0.5456567662567053,None
403,0.8495477437973022,0.9508330821990967,1.398190975189209,1.8033323287963867,[0.1000 0.1000 0.1000 0.1000 0.1000 0.1000 0.1000],[0.0000 0.0000 0.0000 0.0000 0.0000 0.0000 0.0000],0.8003808259963989,0.681746424369192,1.0,0.0,0.5456567662567053,None
403,0.8495477437973022,0.9508330821990967,1.398190975189209,1.8033323287963867,[0.1000 0.1000 0.1000 0.1000 0.1000 0.1000 0.1000],[0.0000 0.0000 0.0000 0.0000 0.0000 0.0000 0.0000],0.8003808259963989,0.681746424369192,1.0,0.0,0.5456567662567053,None
403,0.8495477437973022,0.9508330821990967,1.398190975189209,1.8033323287963867,[0.1000 0.1000 0.1000 0.1000 0.1000 0.1000 0.1000],[0.0000 0.0000 0.0000 0.0000 0.0000 0.0000 0.0000],0.8003808259963989,0.681746424369192,1.0,0.0,0.5456567662567053,None
403,0.8495477437973022,0.9508330821990967,1.398190975189209,1.8033323287963867,[0.1000 0.1000 0.1000 0.1000 0.1000 0.1000 0.1000],[0.0000 0.0000 0.0000 0.0000 0.0000 0.0000 0.0000],0.8003808259963989,0.681746424369192,1.0,0.0,0.5456567662567053,None
403,0.8495477437973022,0.9508330821990967,1.398190975189209,1.8033323287963867,[0.1000 0.1000 0.1000 0.1000 0.1000 0.1000 0.1000],[0.0000 0.0000 0.0000 0.0000 0.0000 0.0000 0.0000],0.8003808259963989,0.681746424369192,1.0,0.0,0.5456567662567053,None
403,0.8495477437973022,0.9508330821990967,1.398190975189209,1.8033323287963867,[0.1000 0.1000 0.1000 0.1000 0.1000 0.1000 0.1000],[0.0000 0.0000 0.0000 0.0000 0.0000 0.0000 0.0000],0.8003808259963989,0.681746424369192,1.0,0.0,0.5456567662567053,None
403,0.8495477437973022,0.9508330821990967,1.398190975189209,1.8033323287963867,[0.1000 0.1000 0.1000 0.1000 0.1000 0.1000 0.1000],[0.0000 0.0000 0.0000 0.0000 0.0000 0.0000 0.0000],0.8003808259963989,0.681746424369192,1.0,0.0,0.5456567662567053,None
403,0.8495477437973022,0.9508330821990967,1.398190975189209,1.8033323287963867,[0.1000 0.1000 0.1000 0.1000 0.1000 0.1000 0.1000],[0.0000 0.0000 0.0000 0.0000 0.0000 0.0000 0.0000],0.8003808259963989,0.681746424369192,1.0,0.0,0.5456567662567053,None
403,0.8495477437973022,0.9508330821990967,1.398190975189209,1.8033323287963867,[0.1000 0.1000 0.1000 0.1000 0.1000 0.1000 0.1000],[0.0000 0.0000 0.0000 0.0000 0.0000 0.0000 0.0000],0.8003808259963989,0.681746424369192,1.0,0.0,0.5456567662567053,None
403,0.8495477437973022,0.9508330821990967,1.398190975189209,1.8033323287963867,[0.1000 0.1000 0.1000 0.1000 0.1000 0.1000 0.1000],[0.0000 0.0000 0.0000 0.0000 0.0000 0.0000 0.0000],0.8003808259963989,0.681746424369192,1.0,0.0,0.5456567662567053,None
403,0.8495477437973022,0.9508330821990967,1.398190975189209,1.8033323287963867,[0.1000 0.1000 0.1000 0.1000 0.1000 0.1000 0.1000],[0.0000 0.0000 0.0000 0.0000 0.0000 0.0000 0.0000],0.8003808259963989,0.681746424369192,1.0,0.0,0.5456567662567053,None
403,0.8495477437973022,0.9508330821990967,1.398190975189209,1.8033323287963867,[0.1000 0.1000 0.1000 0.1000 0.1000 0.1000 0.1000],[0.0000 0.0000 0.0000 0.0000 0.0000 0.0000 0.0000],0.8003808259963989,0.681746424369192,1.0,0.0,0.5456567662567053,None
403,0.8495477437973022,0.9508330821990967,1.398190975189209,1.8033323287963867,[0.1000 0.1000 0.1000 0.1000 0.1000 0.1000 0.1000],[0.0000 0.0000 0.0000 0.0000 0.0000 0.0000 0.0000],0.8003808259963989,0.681746424369192,1.0,0.0,0.5456567662567053,None
403,0.8495477437973022,0.9508330821990967,1.398190975189209,1.8033323287963867,[0.1000 0.1000 0.1000 0.1000 0.1000 0.1000 0.1000],[0.0000 0.0000 0.0000 0.0000 0.0000 0.0000 0.0000],0.8003808259963989,0.681746424369192,1.0,0.0,0.5456567662567053,None
403,0.8495477437973022,0.9508330821990967,1.398190975189209,1.8033323287963867,[0.1000 0.1000 0.1000 0.1000 0.1000 0.1000 0.1000],[0.0000 0.0000 0.0000 0.0000 0.0000 0.0000 0.0000],0.8003808259963989,0.681746424369192,1.0,0.0,0.5456567662567053,None
403,0.8495477437973022,0.9508330821990967,1.398190975189209,1.8033323287963867,[0.1000 0.1000 0.1000 0.1000 0.1000 0.1000 0.1000],[0.0000 0.0000 0.0000 0.0000 0.0000 0.0000 0.0000],0.8003808259963989,0.681746424369192,1.0,0.0,0.5456567662567053,None
403,0.8495477437973022,0.9508330821990967,1.398190975189209,1.8033323287963867,[0.1000 0.1000 0.1000 0.1000 0.1000 0.1000 0.1000],[0.0000 0.0000 0.0000 0.0000 0.0000 0.0000 0.0000],0.8003808259963989,0.681746424369192,1.0,0.0,0.5456567662567053,None
403,0.8495477437973022,0.9508330821990967,1.398190975189209,1.8033323287963867,[0.1000 0.1000 0.1000 0.1000 0.1000 0.1000 0.1000],[0.0000 0.0000 0.0000 0.0000 0.0000 0.0000 0.0000],0.8003808259963989,0.681746424369192,1.0,0.0,0.5456567662567053,None
403,0.8495477437973022,0.9508330821990967,1.398190975189209,1.8033323287963867,[0.1000 0.1000 0.1000 0.1000 0.1000 0.1000 0.1000],[0.0000 0.0000 0.0000 0.0000 0.0000 0.0000 0.0000],0.8003808259963989,0.681746424369192,1.0,0.0,0.5456567662567053,None
403,0.8495477437973022,0.9508330821990967,1.398190975189209,1.8033323287963867,[0.1000 0.1000 0.1000 0.1000 0.1000 0.1000 0.1000],[0.0000 0.0000 0.0000 0.0000 0.0000 0.0000 0.0000],0.8003808259963989,0.681746424369192,1.0,0.0,0.5456567662567053,None
403,0.8495477437973022,0.9508330821990967,1.398190975189209,1.8033323287963867,[0.1000 0.1000 0.1000 0.1000 0.1000 0.1000 0.1000],[0.0000 0.0000 0.0000 0.0000 0.0000 0.0000 0.0000],0.8003808259963989,0.681746424369192,1.0,0.0,0.5456567662567053,None
403,0.8495477437973022,0.9508330821990967,1.398190975189209,1.8033323287963867,[0.1000 0.1000 0.1000 0.1000 0.1000 0.1000 0.1000],[0.0000 0.0000 0.0000 0.0000 0.0000 0.0000 0.0000],0.8003808259963989,0.681746424369192,1.0,0.0,0.5456567662567053,None
403,0.8495477437973022,0.9508330821990967,1.398190975189209,1.8033323287963867,[0.1000 0.1000 0.1000 0.1000 0.1000 0.1000 0.1000],[0.0000 0.0000 0.0000 0.0000 0.0000 0.0000 0.0000],0.8003808259963989,0.681746424369192,1.0,0.0,0.5456567662567053,None
403,0.8495477437973022,0.9508330821990967,1.398190975189209,1.8033323287963867,[0.1000 0.1000 0.1000 0.1000 0.1000 0.1000 0.1000],[0.0000 0.0000 0.0000 0.0000 0.0000 0.0000 0.0000],0.8003808259963989,0.681746424369192,1.0,0.0,0.5456567662567053,None
403,0.8495477437973022,0.9508330821990967,1.398190975189209,1.8033323287963867,[0.1000 0.1000 0.1000 0.1000 0.1000 0.1000 0.1000],[0.0000 0.0000 0.0000 0.0000 0.0000 0.0000 0.0000],0.8003808259963989,0.681746424369192,1.0,0.0,0.5456567662567053,None
403,0.8495477437973022,0.9508330821990967,1.398190975189209,1.8033323287963867,[0.1000 0.1000 0.1000 0.1000 0.1000 0.1000 0.1000],[0.0000 0.0000 0.0000 0.0000 0.0000 0.0000 0.0000],0.8003808259963989,0.681746424369192,1.0,0.0,0.5456567662567053,None
403,0.8495477437973022,0.9508330821990967,1.398190975189209,1.8033323287963867,[0.1000 0.1000 0.1000 0.1000 0.1000 0.1000 0.1000],[0.0000 0.0000 0.0000 0.0000 0.0000 0.0000 0.0000],0.8003808259963989,0.681746424369192,1.0,0.0,0.5456567662567053,None
403,0.8495477437973022,0.9508330821990967,1.398190975189209,1.8033323287963867,[0.1000 0.1000 0.1000 0.1000 0.1000 0.1000 0.1000],[0.0000 0.0000 0.0000 0.0000 0.0000 0.0000 0.0000],0.8003808259963989,0.681746424369192,1.0,0.0,0.5456567662567053,None
403,0.8495477437973022,0.9508330821990967,1.398190975189209,1.8033323287963867,[0.1000 0.1000 0.1000 0.1000 0.1000 0.1000 0.1000],[0.0000 0.0000 0.0000 0.0000 0.0000 0.0000 0.0000],0.8003808259963989,0.681746424369192,1.0,0.0,0.5456567662567053,None
403,0.8495477437973022,0.9508330821990967,1.398190975189209,1.8033323287963867,[0.1000 0.1000 0.1000 0.1000 0.1000 0.1000 0.1000],[0.0000 0.0000 0.0000 0.0000 0.0000 0.0000 0.0000],0.8003808259963989,0.681746424369192,1.0,0.0,0.5456567662567053,None
403,0.8495477437973022,0.9508330821990967,1.398190975189209,1.8033323287963867,[0.1000 0.1000 0.1000 0.1000 0.1000 0.1000 0.1000],[0.0000 0.0000 0.0000 0.0000 0.0000 0.0000 0.0000],0.8003808259963989,0.681746424369192,1.0,0.0,0.5456567662567053,None
403,0.8495477437973022,0.9508330821990967,1.398190975189209,1.8033323287963867,[0.1000 0.1000 0.1000 0.1000 0.1000 0.1000 0.1000],[0.0000 0.0000 0.0000 0.0000 0.0000 0.0000 0.0000],0.8003808259963989,0.681746424369192,1.0,0.0,0.5456567662567053,None
403,0.8495477437973022,0.9508330821990967,1.398190975189209,1.8033323287963867,[0.1000 0.1000 0.1000 0.1000 0.1000 0.1000 0.1000],[0.0000 0.0000 0.0000 0.0000 0.0000 0.0000 0.0000],0.8003808259963989,0.681746424369192,1.0,0.0,0.5456567662567053,None
403,0.8495477437973022,0.9508330821990967,1.398190975189209,1.8033323287963867,[0.1000 0.1000 0.1000 0.1000 0.1000 0.1000 0.1000],[0.0000 0.0000 0.0000 0.0000 0.0000 0.0000 0.0000],0.8003808259963989,0.681746424369192,1.0,0.0,0.5456567662567053,None
403,0.8495477437973022,0.9508330821990967,1.398190975189209,1.8033323287963867,[0.1000 0.1000 0.1000 0.1000 0.1000 0.1000 0.1000],[0.0000 0.0000 0.0000 0.0000 0.0000 0.0000 0.0000],0.8003808259963989,0.681746424369192,1.0,0.0,0.5456567662567053,None
403,0.8495477437973022,0.9508330821990967,1.398190975189209,1.8033323287963867,[0.1000 0.1000 0.1000 0.1000 0.1000 0.1000 0.1000],[0.0000 0.0000 0.0000 0.0000 0.0000 0.0000 0.0000],0.8003808259963989,0.681746424369192,1.0,0.0,0.5456567662567053,None
403,0.8495477437973022,0.9508330821990967,1.398190975189209,1.8033323287963867,[0.1000 0.1000 0.1000 0.1000 0.1000 0.1000 0.1000],[0.0000 0.0000 0.0000 0.0000 0.0000 0.0000 0.0000],0.8003808259963989,0.681746424369192,1.0,0.0,0.5456567662567053,None
403,0.8495477437973022,0.9508330821990967,1.398190975189209,1.8033323287963867,[0.1000 0.1000 0.1000 0.1000 0.1000 0.1000 0.1000],[0.0000 0.0000 0.0000 0.0000 0.0000 0.0000 0.0000],0.8003808259963989,0.681746424369192,1.0,0.0,0.5456567662567053,None
403,0.8495477437973022,0.9508330821990967,1.398190975189209,1.8033323287963867,[0.1000 0.1000 0.1000 0.1000 0.1000 0.1000 0.1000],[0.0000 0.0000 0.0000 0.0000 0.0000 0.0000 0.0000],0.8003808259963989,0.681746424369192,1.0,0.0,0.5456567662567053,None
403,0.8495477437973022,0.9508330821990967,1.398190975189209,1.8033323287963867,[0.1000 0.1000 0.1000 0.1000 0.1000 0.1000 0.1000],[0.0000 0.0000 0.0000 0.0000 0.0000 0.0000 0.0000],0.8003808259963989,0.681746424369192,1.0,0.0,0.5456567662567053,None
403,0.8495477437973022,0.9508330821990967,1.398190975189209,1.8033323287963867,[0.1000 0.1000 0.1000 0.1000 0.1000 0.1000 0.1000],[0.0000 0.0000 0.0000 0.0000 0.0000 0.0000 0.0000],0.8003808259963989,0.681746424369192,1.0,0.0,0.5456567662567053,None
403,0.8495477437973022,0.9508330821990967,1.398190975189209,1.8033323287963867,[0.1000 0.1000 0.1000 0.1000 0.1000 0.1000 0.1000],[0.0000 0.0000 0.0000 0.0000 0.0000 0.0000 0.0000],0.8003808259963989,0.681746424369192,1.0,0.0,0.5456567662567053,None
403,0.8495477437973022,0.9508330821990967,1.398190975189209,1.8033323287963867,[0.1000 0.1000 0.1000 0.1000 0.1000 0.1000 0.1000],[0.0000 0.0000 0.0000 0.0000 0.0000 0.0000 0.0000],0.8003808259963989,0.681746424369192,1.0,0.0,0.5456567662567053,None
403,0.8495477437973022,0.9508330821990967,1.398190975189209,1.8033323287963867,[0.1000 0.1000 0.1000 0.1000 0.1000 0.1000 0.1000],[0.0000 0.0000 0.0000 0.0000 0.0000 0.0000 0.0000],0.8003808259963989,0.681746424369192,1.0,0.0,0.5456567662567053,None
403,0.8495477437973022,0.9508330821990967,1.398190975189209,1.8033323287963867,[0.1000 0.1000 0.1000 0.1000 0.1000 0.1000 0.1000],[0.0000 0.0000 0.0000 0.0000 0.0000 0.0000 0.0000],0.8003808259963989,0.681746424369192,1.0,0.0,0.5456567662567053,None
403,0.8495477437973022,0.9508330821990967,1.398190975189209,1.8033323287963867,[0.1000 0.1000 0.1000 0.1000 0.1000 0.1000 0.1000],[0.0000 0.0000 0.0000 0.0000 0.0000 0.0000 0.0000],0.8003808259963989,0.681746424369192,1.0,0.0,0.5456567662567053,None
403,0.8495477437973022,0.9508330821990967,1.398190975189209,1.8033323287963867,[0.1000 0.1000 0.1000 0.1000 0.1000 0.1000 0.1000],[0.0000 0.0000 0.0000 0.0000 0.0000 0.0000 0.0000],0.8003808259963989,0.681746424369192,1.0,0.0,0.5456567662567053,None
403,0.8495477437973022,0.9508330821990967,1.398190975189209,1.8033323287963867,[0.1000 0.1000 0.1000 0.1000 0.1000 0.1000 0.1000],[0.0000 0.0000 0.0000 0.0000 0.0000 0.0000 0.0000],0.8003808259963989,0.681746424369192,1.0,0.0,0.5456567662567053,None
403,0.8495477437973022,0.9508330821990967,1.398190975189209,1.8033323287963867,[0.1000 0.1000 0.1000 0.1000 0.1000 0.1000 0.1000],[0.0000 0.0000 0.0000 0.0000 0.0000 0.0000 0.0000],0.8003808259963989,0.681746424369192,1.0,0.0,0.5456567662567053,None
403,0.8495477437973022,0.9508330821990967,1.398190975189209,1.8033323287963867,[0.1000 0.1000 0.1000 0.1000 0.1000 0.1000 0.1000],[0.0000 0.0000 0.0000 0.0000 0.0000 0.0000 0.0000],0.8003808259963989,0.681746424369192,1.0,0.0,0.5456567662567053,None
403,0.8495477437973022,0.9508330821990967,1.398190975189209,1.8033323287963867,[0.1000 0.1000 0.1000 0.1000 0.1000 0.1000 0.1000],[0.0000 0.0000 0.0000 0.0000 0.0000 0.0000 0.0000],0.8003808259963989,0.681746424369192,1.0,0.0,0.5456567662567053,None
403,0.8495477437973022,0.9508330821990967,1.398190975189209,1.8033323287963867,[0.1000 0.1000 0.1000 0.1000 0.1000 0.1000 0.1000],[0.0000 0.0000 0.0000 0.0000 0.0000 0.0000 0.0000],0.8003808259963989,0.681746424369192,1.0,0.0,0.5456567662567053,None
403,0.8495477437973022,0.9508330821990967,1.398190975189209,1.8033323287963867,[0.1000 0.1000 0.1000 0.1000 0.1000 0.1000 0.1000],[0.0000 0.0000 0.0000 0.0000 0.0000 0.0000 0.0000],0.8003808259963989,0.681746424369192,1.0,0.0,0.5456567662567053,None
403,0.8495477437973022,0.9508330821990967,1.398190975189209,1.8033323287963867,[0.1000 0.1000 0.1000 0.1000 0.1000 0.1000 0.1000],[0.0000 0.0000 0.0000 0.0000 0.0000 0.0000 0.0000],0.8003808259963989,0.681746424369192,1.0,0.0,0.5456567662567053,None
403,0.8495477437973022,0.9508330821990967,1.398190975189209,1.8033323287963867,[0.1000 0.1000 0.1000 0.1000 0.1000 0.1000 0.1000],[0.0000 0.0000 0.0000 0.0000 0.0000 0.0000 0.0000],0.8003808259963989,0.681746424369192,1.0,0.0,0.5456567662567053,None
403,0.8495477437973022,0.9508330821990967,1.398190975189209,1.8033323287963867,[0.1000 0.1000 0.1000 0.1000 0.1000 0.1000 0.1000],[0.0000 0.0000 0.0000 0.0000 0.0000 0.0000 0.0000],0.8003808259963989,0.681746424369192,1.0,0.0,0.5456567662567053,None
403,0.8495477437973022,0.9508330821990967,1.398190975189209,1.8033323287963867,[0.1000 0.1000 0.1000 0.1000 0.1000 0.1000 0.1000],[0.0000 0.0000 0.0000 0.0000 0.0000 0.0000 0.0000],0.8003808259963989,0.681746424369192,1.0,0.0,0.5456567662567053,None
403,0.8495477437973022,0.9508330821990967,1.398190975189209,1.8033323287963867,[0.1000 0.1000 0.1000 0.1000 0.1000 0.1000 0.1000],[0.0000 0.0000 0.0000 0.0000 0.0000 0.0000 0.0000],0.8003808259963989,0.681746424369192,1.0,0.0,0.5456567662567053,None
403,0.8495477437973022,0.9508330821990967,1.398190975189209,1.8033323287963867,[0.1000 0.1000 0.1000 0.1000 0.1000 0.1000 0.1000],[0.0000 0.0000 0.0000 0.0000 0.0000 0.0000 0.0000],0.8003808259963989,0.681746424369192,1.0,0.0,0.5456567662567053,None
403,0.8495477437973022,0.9508330821990967,1.398190975189209,1.8033323287963867,[0.1000 0.1000 0.1000 0.1000 0.1000 0.1000 0.1000],[0.0000 0.0000 0.0000 0.0000 0.0000 0.0000 0.0000],0.8003808259963989,0.681746424369192,1.0,0.0,0.5456567662567053,None
403,0.8495477437973022,0.9508330821990967,1.398190975189209,1.8033323287963867,[0.1000 0.1000 0.1000 0.1000 0.1000 0.1000 0.1000],[0.0000 0.0000 0.0000 0.0000 0.0000 0.0000 0.0000],0.8003808259963989,0.681746424369192,1.0,0.0,0.5456567662567053,None
403,0.8495477437973022,0.9508330821990967,1.398190975189209,1.8033323287963867,[0.1000 0.1000 0.1000 0.1000 0.1000 0.1000 0.1000],[0.0000 0.0000 0.0000 0.0000 0.0000 0.0000 0.0000],0.8003808259963989,0.681746424369192,1.0,0.0,0.5456567662567053,None
403,0.8495477437973022,0.9508330821990967,1.398190975189209,1.8033323287963867,[0.1000 0.1000 0.1000 0.1000 0.1000 0.1000 0.1000],[0.0000 0.0000 0.0000 0.0000 0.0000 0.0000 0.0000],0.8003808259963989,0.681746424369192,1.0,0.0,0.5456567662567053,None
403,0.8495477437973022,0.9508330821990967,1.398190975189209,1.8033323287963867,[0.1000 0.1000 0.1000 0.1000 0.1000 0.1000 0.1000],[0.0000 0.0000 0.0000 0.0000 0.0000 0.0000 0.0000],0.8003808259963989,0.681746424369192,1.0,0.0,0.5456567662567053,None
403,0.8495477437973022,0.9508330821990967,1.398190975189209,1.8033323287963867,[0.1000 0.1000 0.1000 0.1000 0.1000 0.1000 0.1000],[0.0000 0.0000 0.0000 0.0000 0.0000 0.0000 0.0000],0.8003808259963989,0.681746424369192,1.0,0.0,0.5456567662567053,None
403,0.8495477437973022,0.9508330821990967,1.398190975189209,1.8033323287963867,[0.1000 0.1000 0.1000 0.1000 0.1000 0.1000 0.1000],[0.0000 0.0000 0.0000 0.0000 0.0000 0.0000 0.0000],0.8003808259963989,0.681746424369192,1.0,0.0,0.5456567662567053,None
403,0.8495477437973022,0.9508330821990967,1.398190975189209,1.8033323287963867,[0.1000 0.1000 0.1000 0.1000 0.1000 0.1000 0.1000],[0.0000 0.0000 0.0000 0.0000 0.0000 0.0000 0.0000],0.8003808259963989,0.681746424369192,1.0,0.0,0.5456567662567053,None
403,0.8495477437973022,0.9508330821990967,1.398190975189209,1.8033323287963867,[0.1000 0.1000 0.1000 0.1000 0.1000 0.1000 0.1000],[0.0000 0.0000 0.0000 0.0000 0.0000 0.0000 0.0000],0.8003808259963989,0.681746424369192,1.0,0.0,0.5456567662567053,None
403,0.8495477437973022,0.9508330821990967,1.398190975189209,1.8033323287963867,[0.1000 0.1000 0.1000 0.1000 0.1000 0.1000 0.1000],[0.0000 0.0000 0.0000 0.0000 0.0000 0.0000 0.0000],0.8003808259963989,0.681746424369192,1.0,0.0,0.5456567662567053,None
403,0.8495477437973022,0.9508330821990967,1.398190975189209,1.8033323287963867,[0.1000 0.1000 0.1000 0.1000 0.1000 0.1000 0.1000],[0.0000 0.0000 0.0000 0.0000 0.0000 0.0000 0.0000],0.8003808259963989,0.681746424369192,1.0,0.0,0.5456567662567053,None
403,0.8495477437973022,0.9508330821990967,1.398190975189209,1.8033323287963867,[0.1000 0.1000 0.1000 0.1000 0.1000 0.1000 0.1000],[0.0000 0.0000 0.0000 0.0000 0.0000 0.0000 0.0000],0.8003808259963989,0.681746424369192,1.0,0.0,0.5456567662567053,None
403,0.8495477437973022,0.9508330821990967,1.398190975189209,1.8033323287963867,[0.1000 0.1000 0.1000 0.1000 0.1000 0.1000 0.1000],[0.0000 0.0000 0.0000 0.0000 0.0000 0.0000 0.0000],0.8003808259963989,0.681746424369192,1.0,0.0,0.5456567662567053,None
403,0.8495477437973022,0.9508330821990967,1.398190975189209,1.8033323287963867,[0.1000 0.1000 0.1000 0.1000 0.1000 0.1000 0.1000],[0.0000 0.0000 0.0000 0.0000 0.0000 0.0000 0.0000],0.8003808259963989,0.681746424369192,1.0,0.0,0.5456567662567053,None
403,0.8495477437973022,0.9508330821990967,1.398190975189209,1.8033323287963867,[0.1000 0.1000 0.1000 0.1000 0.1000 0.1000 0.1000],[0.0000 0.0000 0.0000 0.0000 0.0000 0.0000 0.0000],0.8003808259963989,0.681746424369192,1.0,0.0,0.5456567662567053,None
403,0.8495477437973022,0.9508330821990967,1.398190975189209,1.8033323287963867,[0.1000 0.1000 0.1000 0.1000 0.1000 0.1000 0.1000],[0.0000 0.0000 0.0000 0.0000 0.0000 0.0000 0.0000],0.8003808259963989,0.681746424369192,1.0,0.0,0.5456567662567053,None
403,0.8495477437973022,0.9508330821990967,1.398190975189209,1.8033323287963867,[0.1000 0.1000 0.1000 0.1000 0.1000 0.1000 0.1000],[0.0000 0.0000 0.0000 0.0000 0.0000 0.0000 0.0000],0.8003808259963989,0.681746424369192,1.0,0.0,0.5456567662567053,None
403,0.8495477437973022,0.9508330821990967,1.398190975189209,1.8033323287963867,[0.1000 0.1000 0.1000 0.1000 0.1000 0.1000 0.1000],[0.0000 0.0000 0.0000 0.0000 0.0000 0.0000 0.0000],0.8003808259963989,0.681746424369192,1.0,0.0,0.5456567662567053,None
403,0.8495477437973022,0.9508330821990967,1.398190975189209,1.8033323287963867,[0.1000 0.1000 0.1000 0.1000 0.1000 0.1000 0.1000],[0.0000 0.0000 0.0000 0.0000 0.0000 0.0000 0.0000],0.8003808259963989,0.681746424369192,1.0,0.0,0.5456567662567053,None
403,0.8495477437973022,0.9508330821990967,1.398190975189209,1.8033323287963867,[0.1000 0.1000 0.1000 0.1000 0.1000 0.1000 0.1000],[0.0000 0.0000 0.0000 0.0000 0.0000 0.0000 0.0000],0.8003808259963989,0.681746424369192,1.0,0.0,0.5456567662567053,None
403,0.8495477437973022,0.9508330821990967,1.398190975189209,1.8033323287963867,[0.1000 0.1000 0.1000 0.1000 0.1000 0.1000 0.1000],[0.0000 0.0000 0.0000 0.0000 0.0000 0.0000 0.0000],0.8003808259963989,0.681746424369192,1.0,0.0,0.5456567662567053,None
403,0.8495477437973022,0.9508330821990967,1.398190975189209,1.8033323287963867,[0.1000 0.1000 0.1000 0.1000 0.1000 0.1000 0.1000],[0.0000 0.0000 0.0000 0.0000 0.0000 0.0000 0.0000],0.8003808259963989,0.681746424369192,1.0,0.0,0.5456567662567053,None
403,0.8495477437973022,0.9508330821990967,1.398190975189209,1.8033323287963867,[0.1000 0.1000 0.1000 0.1000 0.1000 0.1000 0.1000],[0.0000 0.0000 0.0000 0.0000 0.0000 0.0000 0.0000],0.8003808259963989,0.681746424369192,1.0,0.0,0.5456567662567053,None
403,0.8495477437973022,0.9508330821990967,1.398190975189209,1.8033323287963867,[0.1000 0.1000 0.1000 0.1000 0.1000 0.1000 0.1000],[0.0000 0.0000 0.0000 0.0000 0.0000 0.0000 0.0000],0.8003808259963989,0.681746424369192,1.0,0.0,0.5456567662567053,None
403,0.8495477437973022,0.9508330821990967,1.398190975189209,1.8033323287963867,[0.1000 0.1000 0.1000 0.1000 0.1000 0.1000 0.1000],[0.0000 0.0000 0.0000 0.0000 0.0000 0.0000 0.0000],0.8003808259963989,0.681746424369192,1.0,0.0,0.5456567662567053,None
403,0.8495477437973022,0.9508330821990967,1.398190975189209,1.8033323287963867,[0.1000 0.1000 0.1000 0.1000 0.1000 0.1000 0.1000],[0.0000 0.0000 0.0000 0.0000 0.0000 0.0000 0.0000],0.8003808259963989,0.681746424369192,1.0,0.0,0.5456567662567053,None
403,0.8495477437973022,0.9508330821990967,1.398190975189209,1.8033323287963867,[0.1000 0.1000 0.1000 0.1000 0.1000 0.1000 0.1000],[0.0000 0.0000 0.0000 0.0000 0.0000 0.0000 0.0000],0.8003808259963989,0.681746424369192,1.0,0.0,0.5456567662567053,None
403,0.8495477437973022,0.9508330821990967,1.398190975189209,1.8033323287963867,[0.1000 0.1000 0.1000 0.1000 0.1000 0.1000 0.1000],[0.0000 0.0000 0.0000 0.0000 0.0000 0.0000 0.0000],0.8003808259963989,0.681746424369192,1.0,0.0,0.5456567662567053,None
403,0.8495477437973022,0.9508330821990967,1.398190975189209,1.8033323287963867,[0.1000 0.1000 0.1000 0.1000 0.1000 0.1000 0.1000],[0.0000 0.0000 0.0000 0.0000 0.0000 0.0000 0.0000],0.8003808259963989,0.681746424369192,1.0,0.0,0.5456567662567053,None
403,0.8495477437973022,0.9508330821990967,1.398190975189209,1.8033323287963867,[0.1000 0.1000 0.1000 0.1000 0.1000 0.1000 0.1000],[0.0000 0.0000 0.0000 0.0000 0.0000 0.0000 0.0000],0.8003808259963989,0.681746424369192,1.0,0.0,0.5456567662567053,None
403,0.8495477437973022,0.9508330821990967,1.398190975189209,1.8033323287963867,[0.1000 0.1000 0.1000 0.1000 0.1000 0.1000 0.1000],[0.0000 0.0000 0.0000 0.0000 0.0000 0.0000 0.0000],0.8003808259963989,0.681746424369192,1.0,0.0,0.5456567662567053,None
403,0.8495477437973022,0.9508330821990967,1.398190975189209,1.8033323287963867,[0.1000 0.1000 0.1000 0.1000 0.1000 0.1000 0.1000],[0.0000 0.0000 0.0000 0.0000 0.0000 0.0000 0.0000],0.8003808259963989,0.681746424369192,1.0,0.0,0.5456567662567053,None
403,0.8495477437973022,0.9508330821990967,1.398190975189209,1.8033323287963867,[0.1000 0.1000 0.1000 0.1000 0.1000 0.1000 0.1000],[0.0000 0.0000 0.0000 0.0000 0.0000 0.0000 0.0000],0.8003808259963989,0.681746424369192,1.0,0.0,0.5456567662567053,None
403,0.8495477437973022,0.9508330821990967,1.398190975189209,1.8033323287963867,[0.1000 0.1000 0.1000 0.1000 0.1000 0.1000 0.1000],[0.0000 0.0000 0.0000 0.0000 0.0000 0.0000 0.0000],0.8003808259963989,0.681746424369192,1.0,0.0,0.5456567662567053,None
403,0.8495477437973022,0.9508330821990967,1.398190975189209,1.8033323287963867,[0.1000 0.1000 0.1000 0.1000 0.1000 0.1000 0.1000],[0.0000 0.0000 0.0000 0.0000 0.0000 0.0000 0.0000],0.8003808259963989,0.681746424369192,1.0,0.0,0.5456567662567053,None
403,0.8495477437973022,0.9508330821990967,1.398190975189209,1.8033323287963867,[0.1000 0.1000 0.1000 0.1000 0.1000 0.1000 0.1000],[0.0000 0.0000 0.0000 0.0000 0.0000 0.0000 0.0000],0.8003808259963989,0.681746424369192,1.0,0.0,0.5456567662567053,None
403,0.8495477437973022,0.9508330821990967,1.398190975189209,1.8033323287963867,[0.1000 0.1000 0.1000 0.1000 0.1000 0.1000 0.1000],[0.0000 0.0000 0.0000 0.0000 0.0000 0.0000 0.0000],0.8003808259963989,0.681746424369192,1.0,0.0,0.5456567662567053,None
403,0.8495477437973022,0.9508330821990967,1.398190975189209,1.8033323287963867,[0.1000 0.1000 0.1000 0.1000 0.1000 0.1000 0.1000],[0.0000 0.0000 0.0000 0.0000 0.0000 0.0000 0.0000],0.8003808259963989,0.681746424369192,1.0,0.0,0.5456567662567053,None
403,0.8495477437973022,0.9508330821990967,1.398190975189209,1.8033323287963867,[0.1000 0.1000 0.1000 0.1000 0.1000 0.1000 0.1000],[0.0000 0.0000 0.0000 0.0000 0.0000 0.0000 0.0000],0.8003808259963989,0.681746424369192,1.0,0.0,0.5456567662567053,None
403,0.8495477437973022,0.9508330821990967,1.398190975189209,1.8033323287963867,[0.1000 0.1000 0.1000 0.1000 0.1000 0.1000 0.1000],[0.0000 0.0000 0.0000 0.0000 0.0000 0.0000 0.0000],0.8003808259963989,0.681746424369192,1.0,0.0,0.5456567662567053,None
403,0.8495477437973022,0.9508330821990967,1.398190975189209,1.8033323287963867,[0.1000 0.1000 0.1000 0.1000 0.1000 0.1000 0.1000],[0.0000 0.0000 0.0000 0.0000 0.0000 0.0000 0.0000],0.8003808259963989,0.681746424369192,1.0,0.0,0.5456567662567053,None
403,0.8495477437973022,0.9508330821990967,1.398190975189209,1.8033323287963867,[0.1000 0.1000 0.1000 0.1000 0.1000 0.1000 0.1000],[0.0000 0.0000 0.0000 0.0000 0.0000 0.0000 0.0000],0.8003808259963989,0.681746424369192,1.0,0.0,0.5456567662567053,None
403,0.8495477437973022,0.9508330821990967,1.398190975189209,1.8033323287963867,[0.1000 0.1000 0.1000 0.1000 0.1000 0.1000 0.1000],[0.0000 0.0000 0.0000 0.0000 0.0000 0.0000 0.0000],0.8003808259963989,0.681746424369192,1.0,0.0,0.5456567662567053,None
403,0.8495477437973022,0.9508330821990967,1.398190975189209,1.8033323287963867,[0.1000 0.1000 0.1000 0.1000 0.1000 0.1000 0.1000],[0.0000 0.0000 0.0000 0.0000 0.0000 0.0000 0.0000],0.8003808259963989,0.681746424369192,1.0,0.0,0.5456567662567053,None
403,0.8495477437973022,0.9508330821990967,1.398190975189209,1.8033323287963867,[0.1000 0.1000 0.1000 0.1000 0.1000 0.1000 0.1000],[0.0000 0.0000 0.0000 0.0000 0.0000 0.0000 0.0000],0.8003808259963989,0.681746424369192,1.0,0.0,0.5456567662567053,None
403,0.8495477437973022,0.9508330821990967,1.398190975189209,1.8033323287963867,[0.1000 0.1000 0.1000 0.1000 0.1000 0.1000 0.1000],[0.0000 0.0000 0.0000 0.0000 0.0000 0.0000 0.0000],0.8003808259963989,0.681746424369192,1.0,0.0,0.5456567662567053,None
403,0.8495477437973022,0.9508330821990967,1.398190975189209,1.8033323287963867,[0.1000 0.1000 0.1000 0.1000 0.1000 0.1000 0.1000],[0.0000 0.0000 0.0000 0.0000 0.0000 0.0000 0.0000],0.8003808259963989,0.681746424369192,1.0,0.0,0.5456567662567053,None
403,0.8495477437973022,0.9508330821990967,1.398190975189209,1.8033323287963867,[0.1000 0.1000 0.1000 0.1000 0.1000 0.1000 0.1000],[0.0000 0.0000 0.0000 0.0000 0.0000 0.0000 0.0000],0.8003808259963989,0.681746424369192,1.0,0.0,0.5456567662567053,None
403,0.8495477437973022,0.9508330821990967,1.398190975189209,1.8033323287963867,[0.1000 0.1000 0.1000 0.1000 0.1000 0.1000 0.1000],[0.0000 0.0000 0.0000 0.0000 0.0000 0.0000 0.0000],0.8003808259963989,0.681746424369192,1.0,0.0,0.5456567662567053,None
403,0.8495477437973022,0.9508330821990967,1.398190975189209,1.8033323287963867,[0.1000 0.1000 0.1000 0.1000 0.1000 0.1000 0.1000],[0.0000 0.0000 0.0000 0.0000 0.0000 0.0000 0.0000],0.8003808259963989,0.681746424369192,1.0,0.0,0.5456567662567053,None
403,0.8495477437973022,0.9508330821990967,1.398190975189209,1.8033323287963867,[0.1000 0.1000 0.1000 0.1000 0.1000 0.1000 0.1000],[0.0000 0.0000 0.0000 0.0000 0.0000 0.0000 0.0000],0.8003808259963989,0.681746424369192,1.0,0.0,0.5456567662567053,None
403,0.8495477437973022,0.9508330821990967,1.398190975189209,1.8033323287963867,[0.1000 0.1000 0.1000 0.1000 0.1000 0.1000 0.1000],[0.0000 0.0000 0.0000 0.0000 0.0000 0.0000 0.0000],0.8003808259963989,0.681746424369192,1.0,0.0,0.5456567662567053,None
403,0.8495477437973022,0.9508330821990967,1.398190975189209,1.8033323287963867,[0.1000 0.1000 0.1000 0.1000 0.1000 0.1000 0.1000],[0.0000 0.0000 0.0000 0.0000 0.0000 0.0000 0.0000],0.8003808259963989,0.681746424369192,1.0,0.0,0.5456567662567053,None
403,0.8495477437973022,0.9508330821990967,1.398190975189209,1.8033323287963867,[0.1000 0.1000 0.1000 0.1000 0.1000 0.1000 0.1000],[0.0000 0.0000 0.0000 0.0000 0.0000 0.0000 0.0000],0.8003808259963989,0.681746424369192,1.0,0.0,0.5456567662567053,None
403,0.8495477437973022,0.9508330821990967,1.398190975189209,1.8033323287963867,[0.1000 0.1000 0.1000 0.1000 0.1000 0.1000 0.1000],[0.0000 0.0000 0.0000 0.0000 0.0000 0.0000 0.0000],0.8003808259963989,0.681746424369192,1.0,0.0,0.5456567662567053,None
403,0.8495477437973022,0.9508330821990967,1.398190975189209,1.8033323287963867,[0.1000 0.1000 0.1000 0.1000 0.1000 0.1000 0.1000],[0.0000 0.0000 0.0000 0.0000 0.0000 0.0000 0.0000],0.8003808259963989,0.681746424369192,1.0,0.0,0.5456567662567053,None
403,0.8495477437973022,0.9508330821990967,1.398190975189209,1.8033323287963867,[0.1000 0.1000 0.1000 0.1000 0.1000 0.1000 0.1000],[0.0000 0.0000 0.0000 0.0000 0.0000 0.0000 0.0000],0.8003808259963989,0.681746424369192,1.0,0.0,0.5456567662567053,None
403,0.8495477437973022,0.9508330821990967,1.398190975189209,1.8033323287963867,[0.1000 0.1000 0.1000 0.1000 0.1000 0.1000 0.1000],[0.0000 0.0000 0.0000 0.0000 0.0000 0.0000 0.0000],0.8003808259963989,0.681746424369192,1.0,0.0,0.5456567662567053,None
403,0.8495477437973022,0.9508330821990967,1.398190975189209,1.8033323287963867,[0.1000 0.1000 0.1000 0.1000 0.1000 0.1000 0.1000],[0.0000 0.0000 0.0000 0.0000 0.0000 0.0000 0.0000],0.8003808259963989,0.681746424369192,1.0,0.0,0.5456567662567053,None
403,0.8495477437973022,0.9508330821990967,1.398190975189209,1.8033323287963867,[0.1000 0.1000 0.1000 0.1000 0.1000 0.1000 0.1000],[0.0000 0.0000 0.0000 0.0000 0.0000 0.0000 0.0000],0.8003808259963989,0.681746424369192,1.0,0.0,0.5456567662567053,None
403,0.8495477437973022,0.9508330821990967,1.398190975189209,1.8033323287963867,[0.1000 0.1000 0.1000 0.1000 0.1000 0.1000 0.1000],[0.0000 0.0000 0.0000 0.0000 0.0000 0.0000 0.0000],0.8003808259963989,0.681746424369192,1.0,0.0,0.5456567662567053,None
403,0.8495477437973022,0.9508330821990967,1.398190975189209,1.8033323287963867,[0.1000 0.1000 0.1000 0.1000 0.1000 0.1000 0.1000],[0.0000 0.0000 0.0000 0.0000 0.0000 0.0000 0.0000],0.8003808259963989,0.681746424369192,1.0,0.0,0.5456567662567053,None
403,0.8495477437973022,0.9508330821990967,1.398190975189209,1.8033323287963867,[0.1000 0.1000 0.1000 0.1000 0.1000 0.1000 0.1000],[0.0000 0.0000 0.0000 0.0000 0.0000 0.0000 0.0000],0.8003808259963989,0.681746424369192,1.0,0.0,0.5456567662567053,None
403,0.8495477437973022,0.9508330821990967,1.398190975189209,1.8033323287963867,[0.1000 0.1000 0.1000 0.1000 0.1000 0.1000 0.1000],[0.0000 0.0000 0.0000 0.0000 0.0000 0.0000 0.0000],0.8003808259963989,0.681746424369192,1.0,0.0,0.5456567662567053,None
403,0.8495477437973022,0.9508330821990967,1.398190975189209,1.8033323287963867,[0.1000 0.1000 0.1000 0.1000 0.1000 0.1000 0.1000],[0.0000 0.0000 0.0000 0.0000 0.0000 0.0000 0.0000],0.8003808259963989,0.681746424369192,1.0,0.0,0.5456567662567053,None
403,0.8495477437973022,0.9508330821990967,1.398190975189209,1.8033323287963867,[0.1000 0.1000 0.1000 0.1000 0.1000 0.1000 0.1000],[0.0000 0.0000 0.0000 0.0000 0.0000 0.0000 0.0000],0.8003808259963989,0.681746424369192,1.0,0.0,0.5456567662567053,None
403,0.8495477437973022,0.9508330821990967,1.398190975189209,1.8033323287963867,[0.1000 0.1000 0.1000 0.1000 0.1000 0.1000 0.1000],[0.0000 0.0000 0.0000 0.0000 0.0000 0.0000 0.0000],0.8003808259963989,0.681746424369192,1.0,0.0,0.5456567662567053,None
403,0.8495477437973022,0.9508330821990967,1.398190975189209,1.8033323287963867,[0.1000 0.1000 0.1000 0.1000 0.1000 0.1000 0.1000],[0.0000 0.0000 0.0000 0.0000 0.0000 0.0000 0.0000],0.8003808259963989,0.681746424369192,1.0,0.0,0.5456567662567053,None
403,0.8495477437973022,0.9508330821990967,1.398190975189209,1.8033323287963867,[0.1000 0.1000 0.1000 0.1000 0.1000 0.1000 0.1000],[0.0000 0.0000 0.0000 0.0000 0.0000 0.0000 0.0000],0.8003808259963989,0.681746424369192,1.0,0.0,0.5456567662567053,None
403,0.8495477437973022,0.9508330821990967,1.398190975189209,1.8033323287963867,[0.1000 0.1000 0.1000 0.1000 0.1000 0.1000 0.1000],[0.0000 0.0000 0.0000 0.0000 0.0000 0.0000 0.0000],0.8003808259963989,0.681746424369192,1.0,0.0,0.5456567662567053,None
403,0.8495477437973022,0.9508330821990967,1.398190975189209,1.8033323287963867,[0.1000 0.1000 0.1000 0.1000 0.1000 0.1000 0.1000],[0.0000 0.0000 0.0000 0.0000 0.0000 0.0000 0.0000],0.8003808259963989,0.681746424369192,1.0,0.0,0.5456567662567053,None
403,0.8495477437973022,0.9508330821990967,1.398190975189209,1.8033323287963867,[0.1000 0.1000 0.1000 0.1000 0.1000 0.1000 0.1000],[0.0000 0.0000 0.0000 0.0000 0.0000 0.0000 0.0000],0.8003808259963989,0.681746424369192,1.0,0.0,0.5456567662567053,None
403,0.8495477437973022,0.9508330821990967,1.398190975189209,1.8033323287963867,[0.1000 0.1000 0.1000 0.1000 0.1000 0.1000 0.1000],[0.0000 0.0000 0.0000 0.0000 0.0000 0.0000 0.0000],0.8003808259963989,0.681746424369192,1.0,0.0,0.5456567662567053,None
403,0.8495477437973022,0.9508330821990967,1.398190975189209,1.8033323287963867,[0.1000 0.1000 0.1000 0.1000 0.1000 0.1000 0.1000],[0.0000 0.0000 0.0000 0.0000 0.0000 0.0000 0.0000],0.8003808259963989,0.681746424369192,1.0,0.0,0.5456567662567053,None
403,0.8495477437973022,0.9508330821990967,1.398190975189209,1.8033323287963867,[0.1000 0.1000 0.1000 0.1000 0.1000 0.1000 0.1000],[0.0000 0.0000 0.0000 0.0000 0.0000 0.0000 0.0000],0.8003808259963989,0.681746424369192,1.0,0.0,0.5456567662567053,None
403,0.8495477437973022,0.9508330821990967,1.398190975189209,1.8033323287963867,[0.1000 0.1000 0.1000 0.1000 0.1000 0.1000 0.1000],[0.0000 0.0000 0.0000 0.0000 0.0000 0.0000 0.0000],0.8003808259963989,0.681746424369192,1.0,0.0,0.5456567662567053,None
403,0.8495477437973022,0.9508330821990967,1.398190975189209,1.8033323287963867,[0.1000 0.1000 0.1000 0.1000 0.1000 0.1000 0.1000],[0.0000 0.0000 0.0000 0.0000 0.0000 0.0000 0.0000],0.8003808259963989,0.681746424369192,1.0,0.0,0.5456567662567053,None
403,0.8495477437973022,0.9508330821990967,1.398190975189209,1.8033323287963867,[0.1000 0.1000 0.1000 0.1000 0.1000 0.1000 0.1000],[0.0000 0.0000 0.0000 0.0000 0.0000 0.0000 0.0000],0.8003808259963989,0.681746424369192,1.0,0.0,0.5456567662567053,None
403,0.8495477437973022,0.9508330821990967,1.398190975189209,1.8033323287963867,[0.1000 0.1000 0.1000 0.1000 0.1000 0.1000 0.1000],[0.0000 0.0000 0.0000 0.0000 0.0000 0.0000 0.0000],0.8003808259963989,0.681746424369192,1.0,0.0,0.5456567662567053,None
403,0.8495477437973022,0.9508330821990967,1.398190975189209,1.8033323287963867,[0.1000 0.1000 0.1000 0.1000 0.1000 0.1000 0.1000],[0.0000 0.0000 0.0000 0.0000 0.0000 0.0000 0.0000],0.8003808259963989,0.681746424369192,1.0,0.0,0.5456567662567053,None
403,0.8495477437973022,0.9508330821990967,1.398190975189209,1.8033323287963867,[0.1000 0.1000 0.1000 0.1000 0.1000 0.1000 0.1000],[0.0000 0.0000 0.0000 0.0000 0.0000 0.0000 0.0000],0.8003808259963989,0.681746424369192,1.0,0.0,0.5456567662567053,None
403,0.8495477437973022,0.9508330821990967,1.398190975189209,1.8033323287963867,[0.1000 0.1000 0.1000 0.1000 0.1000 0.1000 0.1000],[0.0000 0.0000 0.0000 0.0000 0.0000 0.0000 0.0000],0.8003808259963989,0.681746424369192,1.0,0.0,0.5456567662567053,None
403,0.8495477437973022,0.9508330821990967,1.398190975189209,1.8033323287963867,[0.1000 0.1000 0.1000 0.1000 0.1000 0.1000 0.1000],[0.0000 0.0000 0.0000 0.0000 0.0000 0.0000 0.0000],0.8003808259963989,0.681746424369192,1.0,0.0,0.5456567662567053,None
403,0.8495477437973022,0.9508330821990967,1.398190975189209,1.8033323287963867,[0.1000 0.1000 0.1000 0.1000 0.1000 0.1000 0.1000],[0.0000 0.0000 0.0000 0.0000 0.0000 0.0000 0.0000],0.8003808259963989,0.681746424369192,1.0,0.0,0.5456567662567053,None
403,0.8495477437973022,0.9508330821990967,1.398190975189209,1.8033323287963867,[0.1000 0.1000 0.1000 0.1000 0.1000 0.1000 0.1000],[0.0000 0.0000 0.0000 0.0000 0.0000 0.0000 0.0000],0.8003808259963989,0.681746424369192,1.0,0.0,0.5456567662567053,None
403,0.8495477437973022,0.9508330821990967,1.398190975189209,1.8033323287963867,[0.1000 0.1000 0.1000 0.1000 0.1000 0.1000 0.1000],[0.0000 0.0000 0.0000 0.0000 0.0000 0.0000 0.0000],0.8003808259963989,0.681746424369192,1.0,0.0,0.5456567662567053,None
403,0.8495477437973022,0.9508330821990967,1.398190975189209,1.8033323287963867,[0.1000 0.1000 0.1000 0.1000 0.1000 0.1000 0.1000],[0.0000 0.0000 0.0000 0.0000 0.0000 0.0000 0.0000],0.8003808259963989,0.681746424369192,1.0,0.0,0.5456567662567053,None
403,0.8495477437973022,0.9508330821990967,1.398190975189209,1.8033323287963867,[0.1000 0.1000 0.1000 0.1000 0.1000 0.1000 0.1000],[0.0000 0.0000 0.0000 0.0000 0.0000 0.0000 0.0000],0.8003808259963989,0.681746424369192,1.0,0.0,0.5456567662567053,None
403,0.8495477437973022,0.9508330821990967,1.398190975189209,1.8033323287963867,[0.1000 0.1000 0.1000 0.1000 0.1000 0.1000 0.1000],[0.0000 0.0000 0.0000 0.0000 0.0000 0.0000 0.0000],0.8003808259963989,0.681746424369192,1.0,0.0,0.5456567662567053,None
403,0.8495477437973022,0.9508330821990967,1.398190975189209,1.8033323287963867,[0.1000 0.1000 0.1000 0.1000 0.1000 0.1000 0.1000],[0.0000 0.0000 0.0000 0.0000 0.0000 0.0000 0.0000],0.8003808259963989,0.681746424369192,1.0,0.0,0.5456567662567053,None
403,0.8495477437973022,0.9508330821990967,1.398190975189209,1.8033323287963867,[0.1000 0.1000 0.1000 0.1000 0.1000 0.1000 0.1000],[0.0000 0.0000 0.0000 0.0000 0.0000 0.0000 0.0000],0.8003808259963989,0.681746424369192,1.0,0.0,0.5456567662567053,None
403,0.8495477437973022,0.9508330821990967,1.398190975189209,1.8033323287963867,[0.1000 0.1000 0.1000 0.1000 0.1000 0.1000 0.1000],[0.0000 0.0000 0.0000 0.0000 0.0000 0.0000 0.0000],0.8003808259963989,0.681746424369192,1.0,0.0,0.5456567662567053,None
403,0.8495477437973022,0.9508330821990967,1.398190975189209,1.8033323287963867,[0.1000 0.1000 0.1000 0.1000 0.1000 0.1000 0.1000],[0.0000 0.0000 0.0000 0.0000 0.0000 0.0000 0.0000],0.8003808259963989,0.681746424369192,1.0,0.0,0.5456567662567053,None
403,0.8495477437973022,0.9508330821990967,1.398190975189209,1.8033323287963867,[0.1000 0.1000 0.1000 0.1000 0.1000 0.1000 0.1000],[0.0000 0.0000 0.0000 0.0000 0.0000 0.0000 0.0000],0.8003808259963989,0.681746424369192,1.0,0.0,0.5456567662567053,None
403,0.8471983075141907,0.9499720931053162,1.3887932300567627,1.7998883724212646,[0.1000 0.1073 0.1000 0.1000 0.1000 0.1000 0.1000],[0.0000 -0.0731 0.0000 0.0000 0.0000 0.0000 0.0000],0.7971704006195068,0.6794164920163148,1.0,0.0,0.5416107171281457,None
403,0.8479657769203186,0.9502537250518799,1.3918631076812744,1.8010149002075195,[0.1000 0.1049 0.1000 0.1000 0.1000 0.1000 0.1000],[0.0000 -0.0493 0.0000 0.0000 0.0000 0.0000 0.0000],0.7982195019721985,0.6801751289665525,1.0,0.0,0.5429290526975574,None
403,0.8486843109130859,0.9505169987678528,1.3947372436523438,1.8020679950714111,[0.1000 0.1027 0.1000 0.1000 0.1000 0.1000 0.1000],[0.0000 -0.0270 0.0000 0.0000 0.0000 0.0000 0.0000],0.7992013096809387,0.680887656373548,1.0,0.0,0.5441663067193245,None
403,0.8493930101394653,0.9507763981819153,1.3975720405578613,1.8031055927276611,[0.1000 0.1005 0.1000 0.1000 0.1000 0.1000 0.1000],[0.0000 -0.0048 0.0000 0.0000 0.0000 0.0000 0.0000],0.8001694083213806,0.6815924183653128,1.0,0.0,0.5453894021197113,None
403,0.8500560522079468,0.9510189294815063,1.400224208831787,1.8040757179260254,[0.1000 0.0984 0.1000 0.1000 0.1000 0.1000 0.1000],[0.0000 0.0159 0.0000 0.0000 0.0000 0.0000 0.0000],0.8010749816894531,0.6822534386125326,0.9840700775384903,0.01592992246150976,0.5378298821794434,None
403,0.8507058620452881,0.951256275177002,1.4028234481811523,1.8050251007080078,[0.1000 0.0964 0.1000 0.1000 0.1000 0.1000 0.1000],[0.0000 0.0364 0.0000 0.0000 0.0000 0.0000 0.0000],0.80196213722229,0.6829031486568908,0.9636390954256058,0.03636090457439428,0.5277489658525074,None
403,0.8513911366462708,0.9515063166618347,1.405564546585083,1.8060252666473389,[0.1000 0.0942 0.1000 0.1000 0.1000 0.1000 0.1000],[0.0000 0.0580 0.0000 0.0000 0.0000 0.0000 0.0000],0.8028974533081055,0.6835901707981182,0.9420011192560196,0.05799888074398046,0.5170199587271351,None
403,0.8519383072853088,0.951705813407898,1.4077532291412354,1.8068232536315918,[0.1000 0.0925 0.1000 0.1000 0.1000 0.1000 0.1000],[0.0000 0.0753 0.0000 0.0000 0.0000 0.0000 0.0000],0.8036441206932068,0.6841400529940697,0.9246585518121719,0.07534144818782812,0.5083820165047187,None
403,0.8525041937828064,0.9519118666648865,1.4100167751312256,1.807647466659546,[0.1000 0.0907 0.1000 0.1000 0.1000 0.1000 0.1000],[0.0000 0.0933 0.0000 0.0000 0.0000 0.0000 0.0000],0.8044160604476929,0.6847101763740541,0.9066531807184219,0.09334681928157812,0.4993771941648308,None
403,0.8530809879302979,0.9521217942237854,1.4123239517211914,1.8084871768951416,[0.1000 0.0888 0.1000 0.1000 0.1000 0.1000 0.1000],[0.0000 0.1118 0.0000 0.0000 0.0000 0.0000 0.0000],0.8052027821540833,0.6852925067725786,0.8882278203964233,0.11177217960357672,0.4901236077074341,None
403,0.8537092208862305,0.9523501992225647,1.4148368835449219,1.8094007968902588,[0.1000 0.0868 0.1000 0.1000 0.1000 0.1000 0.1000],[0.0000 0.1319 0.0000 0.0000 0.0000 0.0000 0.0000],0.8060594201087952,0.685928386611693,0.8680664747953415,0.13193352520465856,0.47995311844236166,None
403,0.8542817234992981,0.9525580406188965,1.4171268939971924,1.810232162475586,[0.1000 0.0850 0.1000 0.1000 0.1000 0.1000 0.1000],[0.0000 0.1504 0.0000 0.0000 0.0000 0.0000 0.0000],0.8068397641181946,0.6865094624719936,0.8496076613664627,0.15039233863353735,0.47060034525271877,None
403,0.8547884225845337,0.9527419209480286,1.4191536903381348,1.8109676837921143,[0.1000 0.0833 0.1000 0.1000 0.1000 0.1000 0.1000],[0.0000 0.1668 0.0000 0.0000 0.0000 0.0000 0.0000],0.8075303435325623,0.687024763977252,0.8332022279500961,0.16679777204990393,0.46225504999766726,None
403,0.8553571105003357,0.9529481530189514,1.4214284420013428,1.8117926120758057,[0.1000 0.0815 0.1000 0.1000 0.1000 0.1000 0.1000],[0.0000 0.1853 0.0000 0.0000 0.0000 0.0000 0.0000],0.8083052635192871,0.6876043493922879,0.8147003501653671,0.18529964983463293,0.45280574144395663,None
403,0.85610032081604,0.9532173275947571,1.4244012832641602,1.8128693103790283,[0.1000 0.0790 0.1000 0.1000 0.1000 0.1000 0.1000],[0.0000 0.2096 0.0000 0.0000 0.0000 0.0000 0.0000],0.8093176484107971,0.6883639835020396,0.7903849333524704,0.20961506664752966,0.4403274934407277,None
403,0.8562169075012207,0.9532594680786133,1.4248676300048828,1.8130378723144531,[0.1000 0.0787 0.1000 0.1000 0.1000 0.1000 0.1000],[0.0000 0.2134 0.0000 0.0000 0.0000 0.0000 0.0000],0.809476375579834,0.6884834505561661,0.786556750535965,0.2134432494640351,0.4383567985745381,None
403,0.8563423156738281,0.9533049464225769,1.4253692626953125,1.8132197856903076,[0.1000 0.0782 0.1000 0.1000 0.1000 0.1000 0.1000],[0.0000 0.2176 0.0000 0.0000 0.0000 0.0000 0.0000],0.809647262096405,0.688611768448535,0.7824307680130005,0.21756923198699957,0.4362306862083732,None
403,0.8564574718475342,0.9533465504646301,1.4258298873901367,1.8133862018585205,[0.1000 0.0779 0.1000 0.1000 0.1000 0.1000 0.1000],[0.0000 0.2214 0.0000 0.0000 0.0000 0.0000 0.0000],0.8098040223121643,0.688729894437169,0.7786413282155991,0.221358671784401,0.4342764857746464,None
403,0.8565905690193176,0.9533946514129639,1.4263622760772705,1.8135786056518555,[0.1000 0.0774 0.1000 0.1000 0.1000 0.1000 0.1000],[0.0000 0.2257 0.0000 0.0000 0.0000 0.0000 0.0000],0.8099852204322815,0.6888664556920192,0.7742540538311005,0.2257459461688996,0.4320118103574792,None
403,0.8567178249359131,0.9534407258033752,1.4268712997436523,1.813762903213501,[0.1000 0.0770 0.1000 0.1000 0.1000 0.1000 0.1000],[0.0000 0.2299 0.0000 0.0000 0.0000 0.0000 0.0000],0.8101585507392883,0.6889969439580019,0.7700563222169876,0.22994367778301245,0.42984294837657927,None
403,0.8568276166915894,0.9534804224967957,1.4273104667663574,1.8139216899871826,[0.1000 0.0766 0.1000 0.1000 0.1000 0.1000 0.1000],[0.0000 0.2336 0.0000 0.0000 0.0000 0.0000 0.0000],0.810308039188385,0.6891096563011223,0.7664298266172409,0.23357017338275915,0.4279675896526848,None
403,0.8569836020469666,0.953536868095398,1.4279344081878662,1.8141474723815918,[0.1000 0.0761 0.1000 0.1000 0.1000 0.1000 0.1000],[0.0000 0.2387 0.0000 0.0000 0.0000 0.0000 0.0000],0.8105204701423645,0.6892697857490659,0.7612677663564682,0.23873223364353185,0.4252953853785779,None
403,0.8571181893348694,0.9535854458808899,1.4284727573394775,1.8143417835235596,[0.1000 0.0757 0.1000 0.1000 0.1000 0.1000 0.1000],[0.0000 0.2432 0.0000 0.0000 0.0000 0.0000 0.0000],0.8107036352157593,0.689408215585118,0.7568114250898361,0.24318857491016393,0.4229862545165655,None
403,0.8572520017623901,0.9536339044570923,1.4290080070495605,1.8145356178283691,[0.1000 0.0752 0.1000 0.1000 0.1000 0.1000 0.1000],[0.0000 0.2476 0.0000 0.0000 0.0000 0.0000 0.0000],0.8108859062194824,0.689545651190546,0.752372220158577,0.2476277798414231,0.42068354762488797,None
403,0.8573746681213379,0.9536782503128052,1.4294986724853516,1.8147130012512207,[0.1000 0.0748 0.1000 0.1000 0.1000 0.1000 0.1000],[0.0000 0.2517 0.0000 0.0000 0.0000 0.0000 0.0000],0.8110529184341431,0.6896718153446786,0.7482967525720596,0.2517032474279404,0.4185675248897989,None
403,0.8574811816215515,0.9537165760993958,1.429924726486206,1.814866304397583,[0.1000 0.0745 0.1000 0.1000 0.1000 0.1000 0.1000],[0.0000 0.2552 0.0000 0.0000 0.0000 0.0000 0.0000],0.8111977577209473,0.6897816986735885,0.7447575777769089,0.2552424222230912,0.41672863142277056,None
403,0.8575828671455383,0.9537533521652222,1.4303314685821533,1.8150134086608887,[0.1000 0.0741 0.1000 0.1000 0.1000 0.1000 0.1000],[0.0000 0.2586 0.0000 0.0000 0.0000 0.0000 0.0000],0.8113362193107605,0.6898863353225404,0.7413710653781891,0.25862893462181097,0.4149674566907466,None
403,0.8576812148094177,0.9537888169288635,1.430724859237671,1.815155267715454,[0.1000 0.0738 0.1000 0.1000 0.1000 0.1000 0.1000],[0.0000 0.2619 0.0000 0.0000 0.0000 0.0000 0.0000],0.8114700317382812,0.6899877387595036,0.7380950450897217,0.2619049549102784,0.41326264289670506,None
403,0.8577862977981567,0.9538267850875854,1.431145191192627,1.8153071403503418,[0.1000 0.0735 0.1000 0.1000 0.1000 0.1000 0.1000],[0.0000 0.2654 0.0000 0.0000 0.0000 0.0000 0.0000],0.8116130828857422,0.6900960031083356,0.7345897704362869,0.26541022956371313,0.4114370783950349,None
403,0.8578818440437317,0.9538612961769104,1.4315273761749268,1.8154451847076416,[0.1000 0.0731 0.1000 0.1000 0.1000 0.1000 0.1000],[0.0000 0.2686 0.0000 0.0000 0.0000 0.0000 0.0000],0.8117431402206421,0.6901944930554353,0.7314006239175797,0.2685993760824204,0.4097749854234275,None
403,0.858025312423706,0.9539130926132202,1.4321012496948242,1.8156523704528809,[0.1000 0.0727 0.1000 0.1000 0.1000 0.1000 0.1000],[0.0000 0.2734 0.0000 0.0000 0.0000 0.0000 0.0000],0.8119384050369263,0.690342479197559,0.726604089140892,0.273395910859108,0.4072729062709813,None
403,0.8581252694129944,0.9539491534233093,1.4325010776519775,1.8157966136932373,[0.1000 0.0723 0.1000 0.1000 0.1000 0.1000 0.1000],[0.0000 0.2767 0.0000 0.0000 0.0000 0.0000 0.0000],0.8120744228363037,0.6904456687262881,0.7232589274644852,0.2767410725355149,0.4055264116001342,None
403,0.8540925979614258,0.9525013566017151,1.4163703918457031,1.8100054264068604,[0.1074 0.0720 0.1000 0.1000 0.1000 0.1000 0.1000],[-0.0744 0.2797 0.0000 0.0000 0.0000 0.0000 0.0000],0.8065939545631409,0.6862982967207711,0.7203421741724014,0.2796578258275986,0.39875553647973794,None
403,0.8563671708106995,0.9533206820487976,1.4254686832427979,1.8132827281951904,[0.1035 0.0717 0.1000 0.1000 0.1000 0.1000 0.1000],[-0.0354 0.2828 0.0000 0.0000 0.0000 0.0000 0.0000],0.8096878528594971,0.6886264121058143,0.7172241061925888,0.28277589380741125,0.3999043956627462,None
403,0.858516275882721,0.9540897607803345,1.4340651035308838,1.816359043121338,[0.0998 0.0714 0.1000 0.1000 0.1000 0.1000 0.1000],[0.0022 0.2859 0.0000 0.0000 0.0000 0.0000 0.0000],0.8126060366630554,0.6908503842835745,0.7141097635030746,0.2858902364969254,0.4008935036320535,None
403,0.8604783415794373,0.9547873735427856,1.441913366317749,1.8191494941711426,[0.0963 0.0711 0.1000 0.1000 0.1000 0.1000 0.1000],[0.0370 0.2890 0.0000 0.0000 0.0000 0.0000 0.0000],0.8152657151222229,0.6929022436367397,0.7110443711280823,0.2889556288719178,0.40166856931820727,None
403,0.8623157143592834,0.9554368257522583,1.4492628574371338,1.8217473030090332,[0.0930 0.0708 0.1000 0.1000 0.1000 0.1000 0.1000],[0.0702 0.2920 0.0000 0.0000 0.0000 0.0000 0.0000],0.8177525401115417,0.6948424810151733,0.7079761475324631,0.292023852467537,0.4022785631183266,None
403,0.8641813397407532,0.956092357635498,1.4567253589630127,1.8243694305419922,[0.0895 0.0705 0.1000 0.1000 0.1000 0.1000 0.1000],[0.1046 0.2949 0.0000 0.0000 0.0000 0.0000 0.0000],0.8202736973762512,0.6968317003795665,0.7050689309835434,0.29493106901645666,0.4030122647481788,None
403,0.8660275936126709,0.9567371010780334,1.4641103744506836,1.8269484043121338,[0.0861 0.0702 0.1000 0.1000 0.1000 0.1000 0.1000],[0.1395 0.2977 0.0000 0.0000 0.0000 0.0000 0.0000],0.8227646946907043,0.6988198089758184,0.7022971659898758,0.29770283401012426,0.4037957751020952,None
403,0.867881715297699,0.9573805928230286,1.471526861190796,1.8295223712921143,[0.0826 0.0698 0.1000 0.1000 0.1000 0.1000 0.1000],[0.1742 0.3023 0.0000 0.0000 0.0000 0.0000 0.0000],0.8252623081207275,0.700836369982363,0.6976553797721863,0.3023446202278138,0.40350562120939676,None
403,0.8693815469741821,0.9578980207443237,1.4775261878967285,1.831592082977295,[0.0797 0.0694 0.1000 0.1000 0.1000 0.1000 0.1000],[0.2027 0.3064 0.0000 0.0000 0.0000 0.0000 0.0000],0.8272795677185059,0.7024828176892273,0.693565309047699,0.3064346909523011,0.4030652586242613,None
403,0.8709604740142822,0.9584397673606873,1.483841896057129,1.833759069442749,[0.0767 0.0689 0.1000 0.1000 0.1000 0.1000 0.1000],[0.2332 0.3107 0.0000 0.0000 0.0000 0.0000 0.0000],0.8294002413749695,0.7042310135487411,0.6893350929021835,0.3106649070978165,0.40263330193892005,None
403,0.8724531531333923,0.9589486718177795,1.4898126125335693,1.8357946872711182,[0.0738 0.0684 0.1000 0.1000 0.1000 0.1000 0.1000],[0.2622 0.3156 0.0000 0.0000 0.0000 0.0000 0.0000],0.8314018249511719,0.7058987951667195,0.6844062358140945,0.3155937641859055,0.40166812775596766,None
403,0.8738670349121094,0.9594280123710632,1.4954681396484375,1.837712049484253,[0.0710 0.0679 0.1000 0.1000 0.1000 0.1000 0.1000],[0.2897 0.3210 0.0000 0.0000 0.0000 0.0000 0.0000],0.8332950472831726,0.7074919189852118,0.6790031492710114,0.3209968507289887,0.4003059753557112,None
403,0.875399649143219,0.959945023059845,1.501598596572876,1.8397800922393799,[0.0679 0.0675 0.1000 0.1000 0.1000 0.1000 0.1000],[0.3214 0.3247 0.0000 0.0000 0.0000 0.0000 0.0000],0.835344672203064,0.7092331278900122,0.6752809137105942,0.3247190862894059,0.4000729559283907,None
403,0.8768321871757507,0.9604254961013794,1.507328748703003,1.8417019844055176,[0.0648 0.0672 0.1000 0.1000 0.1000 0.1000 0.1000],[0.3518 0.3280 0.0000 0.0000 0.0000 0.0000 0.0000],0.8372576832771301,0.7108749251178157,0.6481803953647614,0.3518196046352387,0.3857875681058499,None
403,0.8782448172569275,0.9608966112136841,1.51297926902771,1.8435864448547363,[0.0618 0.0668 0.1000 0.1000 0.1000 0.1000 0.1000],[0.3822 0.3317 0.0000 0.0000 0.0000 0.0000 0.0000],0.8391414284706116,0.712507749744873,0.6177933141589165,0.3822066858410836,0.369375392043281,None
403,0.8795983195304871,0.9613454341888428,1.5183932781219482,1.845381736755371,[0.0588 0.0665 0.1000 0.1000 0.1000 0.1000 0.1000],[0.4119 0.3353 0.0000 0.0000 0.0000 0.0000 0.0000],0.8409437537193298,0.7140854766571734,0.5881455168128014,0.4118544831871987,0.35318474775394604,None
403,0.8809126615524292,0.9617785215377808,1.5236506462097168,1.847114086151123,[0.0559 0.0661 0.1000 0.1000 0.1000 0.1000 0.1000],[0.4409 0.3394 0.0000 0.0000 0.0000 0.0000 0.0000],0.84269118309021,0.7156307682161245,0.5591266974806786,0.4408733025193215,0.33718456358941024,None
403,0.8821746706962585,0.9621920585632324,1.5286986827850342,1.8487682342529297,[0.0531 0.0657 0.1000 0.1000 0.1000 0.1000 0.1000],[0.4693 0.3434 0.0000 0.0000 0.0000 0.0000 0.0000],0.844366729259491,0.7171265514987772,0.5306887254118919,0.4693112745881081,0.3213414698964373,None
403,0.8834007382392883,0.9625913500785828,1.5336029529571533,1.850365400314331,[0.0503 0.0652 0.1000 0.1000 0.1000 0.1000 0.1000],[0.4971 0.3479 0.0000 0.0000 0.0000 0.0000 0.0000],0.8459920883178711,0.7185917345931458,0.5028820037841797,0.49711799621582037,0.3057134972604681,None
403,0.884584367275238,0.9629747867584229,1.5383374691009521,1.8518991470336914,[0.0475 0.0648 0.1000 0.1000 0.1000 0.1000 0.1000],[0.5248 0.3518 0.0000 0.0000 0.0000 0.0000 0.0000],0.8475591540336609,0.7200171085884268,0.4751819372177124,0.5248180627822876,0.2899831469136673,None
403,0.8857192397117615,0.9633405804634094,1.542876958847046,1.8533623218536377,[0.0448 0.0644 0.1000 0.1000 0.1000 0.1000 0.1000],[0.5519 0.3556 0.0000 0.0000 0.0000 0.0000 0.0000],0.8490598201751709,0.7213939326725853,0.44808365404605865,0.5519163459539413,0.27445419668775695,None
403,0.8868566155433655,0.9637051224708557,1.547426462173462,1.8548204898834229,[0.0420 0.0640 0.1000 0.1000 0.1000 0.1000 0.1000],[0.5795 0.3595 0.0000 0.0000 0.0000 0.0000 0.0000],0.8505617380142212,0.722784367454701,0.4204544425010681,0.5795455574989319,0.25848392452855373,None
403,0.887891948223114,0.9640347361564636,1.551567792892456,1.8561389446258545,[0.0395 0.0636 0.1000 0.1000 0.1000 0.1000 0.1000],[0.6048 0.3637 0.0000 0.0000 0.0000 0.0000 0.0000],0.8519266843795776,0.7240601733468879,0.39518851786851883,0.6048114821314812,0.2437705287220129,None
403,0.8882425427436829,0.9641425609588623,1.5529701709747314,1.8565702438354492,[0.0389 0.0631 0.1000 0.1000 0.1000 0.1000 0.1000],[0.6107 0.3694 0.0000 0.0000 0.0000 0.0000 0.0000],0.8523851037025452,0.7245004206624275,0.3893278166651726,0.6106721833348274,0.24043070373643805,None
403,0.8885112404823303,0.9642251133918762,1.5540449619293213,1.8569004535675049,[0.0385 0.0626 0.1000 0.1000 0.1000 0.1000 0.1000],[0.6154 0.3735 0.0000 0.0000 0.0000 0.0000 0.0000],0.8527363538742065,0.7248384603373031,0.38464583456516266,0.6153541654348373,0.2377480924630053,None
403,0.888787567615509,0.9643096923828125,1.5551502704620361,1.85723876953125,[0.0380 0.0622 0.1000 0.1000 0.1000 0.1000 0.1000],[0.6201 0.3778 0.0000 0.0000 0.0000 0.0000 0.0000],0.8530972599983215,0.7251871095321337,0.3798658400774002,0.6201341599225998,0.23500595300344818,None
403,0.8890554308891296,0.9643915891647339,1.5562217235565186,1.8575663566589355,[0.0375 0.0618 0.1000 0.1000 0.1000 0.1000 0.1000],[0.6248 0.3820 0.0000 0.0000 0.0000 0.0000 0.0000],0.8534470200538635,0.7255256691863441,0.3751533478498459,0.6248466521501541,0.23229409776642002,None
403,0.8893266916275024,0.9644743204116821,1.5573067665100098,1.8578972816467285,[0.0370 0.0614 0.1000 0.1000 0.1000 0.1000 0.1000],[0.6296 0.3862 0.0000 0.0000 0.0000 0.0000 0.0000],0.8538010120391846,0.725869321701894,0.37039026618003845,0.6296097338199615,0.22954861241610355,None
403,0.889667272567749,0.9645776748657227,1.558669090270996,1.8583106994628906,[0.0365 0.0608 0.1000 0.1000 0.1000 0.1000 0.1000],[0.6354 0.3918 0.0000 0.0000 0.0000 0.0000 0.0000],0.8542449474334717,0.7263023524069423,0.3645531088113785,0.6354468911886215,0.22618337270083147,None
403,0.8899160027503967,0.9646531939506531,1.559664011001587,1.8586127758026123,[0.0360 0.0604 0.1000 0.1000 0.1000 0.1000 0.1000],[0.6399 0.3956 0.0000 0.0000 0.0000 0.0000 0.0000],0.8545691967010498,0.7266189633492177,0.360068678855896,0.639931321144104,0.22358327204763015,None
403,0.8901888132095337,0.964735746383667,1.5607552528381348,1.858942985534668,[0.0355 0.0600 0.1000 0.1000 0.1000 0.1000 0.1000],[0.6447 0.4000 0.0000 0.0000 0.0000 0.0000 0.0000],0.8549245595932007,0.7269671573342626,0.3552886098623276,0.6447113901376724,0.2208126089008921,None
403,0.890465497970581,0.964819073677063,1.5618619918823242,1.859276294708252,[0.0350 0.0595 0.1000 0.1000 0.1000 0.1000 0.1000],[0.6495 0.4046 0.0000 0.0000 0.0000 0.0000 0.0000],0.855284571647644,0.7273214791985223,0.3504966199398041,0.6495033800601959,0.2180323247217825,None
403,0.8907418847084045,0.9649021029472351,1.5629675388336182,1.8596084117889404,[0.0346 0.0591 0.1000 0.1000 0.1000 0.1000 0.1000],[0.6543 0.4092 0.0000 0.0000 0.0000 0.0000 0.0000],0.8556439876556396,0.7276762620724544,0.3457023575901985,0.6542976424098015,0.21524528760139294,None
403,0.8909860849380493,0.9649755954742432,1.5639443397521973,1.8599023818969727,[0.0341 0.0587 0.1000 0.1000 0.1000 0.1000 0.1000],[0.6588 0.4130 0.0000 0.0000 0.0000 0.0000 0.0000],0.8559616804122925,0.7279898705264933,0.3412364050745964,0.6587635949254036,0.21263513005143153,None
403,0.8912204504013062,0.9650457501411438,1.5648818016052246,1.8601830005645752,[0.0337 0.0583 0.1000 0.1000 0.1000 0.1000 0.1000],[0.6630 0.4168 0.0000 0.0000 0.0000 0.0000 0.0000],0.85626620054245,0.7282918850313123,0.33703360706567764,0.6629663929343224,0.2101781091801285,None
403,0.8914581537246704,0.9651169180870056,1.5658326148986816,1.8604676723480225,[0.0333 0.0579 0.1000 0.1000 0.1000 0.1000 0.1000],[0.6673 0.4205 0.0000 0.0000 0.0000 0.0000 0.0000],0.856575071811676,0.7285985181279675,0.33270224928855896,0.667297750711441,0.2076392502008676,None
403,0.8916957378387451,0.9651877880096436,1.5667829513549805,1.8607511520385742,[0.0328 0.0576 0.1000 0.1000 0.1000 0.1000 0.1000],[0.6716 0.4243 0.0000 0.0000 0.0000 0.0000 0.0000],0.8568835258483887,0.7289058278551558,0.32836634665727615,0.6716336533427238,0.20509348132176264,None
403,0.8919174075126648,0.9652539491653442,1.5676696300506592,1.861015796661377,[0.0324 0.0572 0.1000 0.1000 0.1000 0.1000 0.1000],[0.6758 0.4277 0.0000 0.0000 0.0000 0.0000 0.0000],0.857171356678009,0.7291927961580795,0.32416708767414093,0.6758329123258591,0.20261842680040948,None
403,0.8922253251075745,0.9653451442718506,1.5689013004302979,1.8613805770874023,[0.0319 0.0567 0.1000 0.1000 0.1000 0.1000 0.1000],[0.6812 0.4330 0.0000 0.0000 0.0000 0.0000 0.0000],0.857570469379425,0.7295932338785212,0.3187601640820503,0.6812398359179497,0.1994410982741861,None
403,0.8924952149391174,0.9654247164726257,1.5699808597564697,1.861698865890503,[0.0314 0.0562 0.1000 0.1000 0.1000 0.1000 0.1000],[0.6860 0.4378 0.0000 0.0000 0.0000 0.0000 0.0000],0.8579199314117432,0.7299453730566567,0.314045287668705,0.685954712331295,0.19666605160646317,None
403,0.892787754535675,0.9655104875564575,1.5711510181427002,1.86204195022583,[0.0309 0.0557 0.1000 0.1000 0.1000 0.1000 0.1000],[0.6909 0.4432 0.0000 0.0000 0.0000 0.0000 0.0000],0.8582982420921326,0.7303284719871553,0.3091103211045265,0.6908896788954735,0.19376260353167948,None
403,0.8930874466896057,0.9655980467796326,1.5723497867584229,1.8623921871185303,[0.0304 0.0551 0.1000 0.1000 0.1000 0.1000 0.1000],[0.6959 0.4489 0.0000 0.0000 0.0000 0.0000 0.0000],0.8586854934692383,0.7307220764896853,0.30405256897211075,0.6959474310278893,0.19078096078991172,None
403,0.8933473229408264,0.965674102306366,1.5733892917633057,1.8626964092254639,[0.0299 0.0546 0.1000 0.1000 0.1000 0.1000 0.1000],[0.7006 0.4535 0.0000 0.0000 0.0000 0.0000 0.0000],0.8590214252471924,0.7310636146492269,0.2994237095117569,0.7005762904882431,0.18803788243276265,None
403,0.8935711979866028,0.9657396674156189,1.5742847919464111,1.8629586696624756,[0.0295 0.0543 0.1000 0.1000 0.1000 0.1000 0.1000],[0.7048 0.4571 0.0000 0.0000 0.0000 0.0000 0.0000],0.8593108654022217,0.7313581018734864,0.29518481343984604,0.704815186560154,0.18551301780165297,None
403,0.8937886953353882,0.9658032655715942,1.5751547813415527,1.863213062286377,[0.0291 0.0539 0.1000 0.1000 0.1000 0.1000 0.1000],[0.7089 0.4607 0.0000 0.0000 0.0000 0.0000 0.0000],0.8595919609069824,0.7316446940412654,0.2910778671503067,0.7089221328496933,0.1830634979849936,None
403,0.8940269947052002,0.9658726453781128,1.5761079788208008,1.8634905815124512,[0.0287 0.0535 0.1000 0.1000 0.1000 0.1000 0.1000],[0.7133 0.4649 0.0000 0.0000 0.0000 0.0000 0.0000],0.859899640083313,0.7319596099970891,0.28672847896814346,0.7132715210318565,0.18047028954730104,None
403,0.8942459225654602,0.9659363031387329,1.5769836902618408,1.8637452125549316,[0.0283 0.0532 0.1000 0.1000 0.1000 0.1000 0.1000],[0.7174 0.4685 0.0000 0.0000 0.0000 0.0000 0.0000],0.8601822257041931,0.7322494060262934,0.28257258236408234,0.7174274176359177,0.1779834057895438,None
403,0.8944597244262695,0.9659984707832336,1.5778388977050781,1.8639938831329346,[0.0278 0.0528 0.1000 0.1000 0.1000 0.1000 0.1000],[0.7215 0.4720 0.0000 0.0000 0.0000 0.0000 0.0000],0.8604581952095032,0.732532719090794,0.27847614139318466,0.7215238586068153,0.175527349711435,None
403,0.8946540355682373,0.9660549759864807,1.5786161422729492,1.8642199039459229,[0.0275 0.0525 0.1000 0.1000 0.1000 0.1000 0.1000],[0.7254 0.4751 0.0000 0.0000 0.0000 0.0000 0.0000],0.860709011554718,0.7327904559746351,0.2746357396245003,0.7253642603754997,0.17321807491871555,None
403,0.8948601484298706,0.9661146998405457,1.5794405937194824,1.8644587993621826,[0.0271 0.0522 0.1000 0.1000 0.1000 0.1000 0.1000],[0.7294 0.4784 0.0000 0.0000 0.0000 0.0000 0.0000],0.8609748482704163,0.7330645182620432,0.2705905959010124,0.7294094040989876,0.17078328501273088,None
403,0.8950825333595276,0.966178834438324,1.5803301334381104,1.864715337753296,[0.0266 0.0518 0.1000 0.1000 0.1000 0.1000 0.1000],[0.7336 0.4822 0.0000 0.0000 0.0000 0.0000 0.0000],0.8612613677978516,0.7333611035898994,0.2663770318031311,0.7336229681968689,0.16824788535029142,None
403,0.8952996134757996,0.9662412405014038,1.5811984539031982,1.8649649620056152,[0.0262 0.0514 0.1000 0.1000 0.1000 0.1000 0.1000],[0.7378 0.4859 0.0000 0.0000 0.0000 0.0000 0.0000],0.8615408539772034,0.73365130556805,0.2621978148818016,0.7378021851181984,0.16572752291354792,None
403,0.895577073097229,0.9663207530975342,1.582308292388916,1.8652830123901367,[0.0257 0.0509 0.1000 0.1000 0.1000 0.1000 0.1000],[0.7430 0.4908 0.0000 0.0000 0.0000 0.0000 0.0000],0.8618978261947632,0.7340231589023112,0.2570023760199547,0.7429976239800453,0.16259331520993975,None
403,0.8957732319831848,0.9663770794868469,1.5830929279327393,1.8655083179473877,[0.0253 0.0506 0.1000 0.1000 0.1000 0.1000 0.1000],[0.7469 0.4940 0.0000 0.0000 0.0000 0.0000 0.0000],0.8621503114700317,0.734286154851385,0.25310661643743515,0.7468933835625648,0.16023294952857492,None
403,0.8959909081459045,0.9664393067359924,1.5839636325836182,1.8657572269439697,[0.0249 0.0502 0.1000 0.1000 0.1000 0.1000 0.1000],[0.7511 0.4978 0.0000 0.0000 0.0000 0.0000 0.0000],0.862430214881897,0.7345788279166715,0.2488742396235466,0.7511257603764534,0.15766754903755395,None
403,0.8962282538414001,0.9665065407752991,1.5849130153656006,1.8660261631011963,[0.0244 0.0498 0.1000 0.1000 0.1000 0.1000 0.1000],[0.7556 0.5021 0.0000 0.0000 0.0000 0.0000 0.0000],0.8627347946166992,0.734899477680826,0.24444784969091415,0.7555521503090858,0.1549856445468798,None
403,0.8964716792106628,0.9665753841400146,1.5858867168426514,1.8663015365600586,[0.0240 0.0493 0.1000 0.1000 0.1000 0.1000 0.1000],[0.7600 0.5068 0.0000 0.0000 0.0000 0.0000 0.0000],0.8630470633506775,0.7352289575324525,0.23996297270059586,0.7600370272994041,0.1522654310466864,None
403,0.8967716097831726,0.9666596055030823,1.5870864391326904,1.866638422012329,[0.0235 0.0487 0.1000 0.1000 0.1000 0.1000 0.1000],[0.7654 0.5127 0.0000 0.0000 0.0000 0.0000 0.0000],0.8634312152862549,0.7356366218253563,0.23457156494259834,0.7654284350574017,0.14899320147156014,None
403,0.896980881690979,0.9667187333106995,1.587923526763916,1.8668749332427979,[0.0230 0.0484 0.1000 0.1000 0.1000 0.1000 0.1000],[0.7695 0.5164 0.0000 0.0000 0.0000 0.0000 0.0000],0.8636996150016785,0.7359207474644771,0.23047896102070808,0.7695210389792919,0.14649576179260293,None
403,0.8971957564353943,0.9667791128158569,1.5887830257415771,1.8671164512634277,[0.0226 0.0480 0.1000 0.1000 0.1000 0.1000 0.1000],[0.7737 0.5203 0.0000 0.0000 0.0000 0.0000 0.0000],0.8639748692512512,0.7362134264590734,0.22632144391536713,0.7736785560846329,0.14395625794245323,None
403,0.8973878026008606,0.9668332934379578,1.5895512104034424,1.867333173751831,[0.0222 0.0476 0.1000 0.1000 0.1000 0.1000 0.1000],[0.7776 0.5236 0.0000 0.0000 0.0000 0.0000 0.0000],0.8642210960388184,0.7364748762696482,0.22243935614824295,0.777560643851757,0.1415775618379933,None
403,0.8975774645805359,0.9668866395950317,1.5903098583221436,1.867546558380127,[0.0219 0.0473 0.1000 0.1000 0.1000 0.1000 0.1000],[0.7814 0.5268 0.0000 0.0000 0.0000 0.0000 0.0000],0.8644641041755676,0.7367336424559798,0.21860281005501747,0.7813971899449825,0.1392237113768826,None
403,0.8978422284126282,0.9669604301452637,1.5913689136505127,1.8678417205810547,[0.0214 0.0468 0.1000 0.1000 0.1000 0.1000 0.1000],[0.7865 0.5319 0.0000 0.0000 0.0000 0.0000 0.0000],0.8648026585578918,0.7370965923905978,0.21354682743549347,0.7864531725645065,0.1361239501196054,None
403,0.898044228553772,0.9670166969299316,1.592176914215088,1.8680667877197266,[0.0210 0.0464 0.1000 0.1000 0.1000 0.1000 0.1000],[0.7904 0.5356 0.0000 0.0000 0.0000 0.0000 0.0000],0.8650609254837036,0.737373900047692,0.2095772884786129,0.7904227115213871,0.1336837667510291,None
403,0.898252546787262,0.9670745730400085,1.5930101871490479,1.8682982921600342,[0.0205 0.0461 0.1000 0.1000 0.1000 0.1000 0.1000],[0.7945 0.5394 0.0000 0.0000 0.0000 0.0000 0.0000],0.8653271198272705,0.737660475237248,0.20548643544316292,0.7945135645568371,0.13116561127339244,None
403,0.8984553217887878,0.9671307802200317,1.5938212871551514,1.868523120880127,[0.0201 0.0457 0.1000 0.1000 0.1000 0.1000 0.1000],[0.7986 0.5431 0.0000 0.0000 0.0000 0.0000 0.0000],0.8655861020088196,0.7379399717025813,0.20144138485193253,0.7985586151480675,0.12867080213990378,None
403,0.8986456394195557,0.9671836495399475,1.5945825576782227,1.86873459815979,[0.0198 0.0453 0.1000 0.1000 0.1000 0.1000 0.1000],[0.8024 0.5465 0.0000 0.0000 0.0000 0.0000 0.0000],0.8658292889595032,0.7382023489020731,0.19756417721509933,0.8024358227849007,0.12627456926453837,None
403,0.8989045023918152,0.967254638671875,1.5956180095672607,1.8690185546875,[0.0193 0.0448 0.1000 0.1000 0.1000 0.1000 0.1000],[0.8074 0.5517 0.0000 0.0000 0.0000 0.0000 0.0000],0.8661591410636902,0.7385614101169076,0.19263364374637604,0.807366356253624,0.12322999891776568,None
403,0.8990972638130188,0.9673078656196594,1.5963890552520752,1.8692314624786377,[0.0189 0.0445 0.1000 0.1000 0.1000 0.1000 0.1000],[0.8113 0.5552 0.0000 0.0000 0.0000 0.0000 0.0000],0.8664051294326782,0.7388284054368841,0.1887175627052784,0.8112824372947216,0.12080277703129534,None
403,0.899280309677124,0.967358410358429,1.597121238708496,1.8694336414337158,[0.0185 0.0442 0.1000 0.1000 0.1000 0.1000 0.1000],[0.8151 0.5584 0.0000 0.0000 0.0000 0.0000 0.0000],0.866638720035553,0.7390821955455993,0.1849014312028885,0.8150985687971115,0.11843255585585084,None
403,0.8994482755661011,0.9674047827720642,1.5977931022644043,1.8696191310882568,[0.0181 0.0439 0.1000 0.1000 0.1000 0.1000 0.1000],[0.8187 0.5612 0.0000 0.0000 0.0000 0.0000 0.0000],0.8668530583381653,0.7393153107565327,0.1812671311199665,0.8187328688800335,0.11617006900316963,None
403,0.8996179103851318,0.9674515724182129,1.5984716415405273,1.8698062896728516,[0.0178 0.0436 0.1000 0.1000 0.1000 0.1000 0.1000],[0.8224 0.5641 0.0000 0.0000 0.0000 0.0000 0.0000],0.8670694828033447,0.7395510375657429,0.17763234674930573,0.8223676532506943,0.11390534538983399,None
403,0.899778425693512,0.9674957394599915,1.5991137027740479,1.8699829578399658,[0.0174 0.0433 0.1000 0.1000 0.1000 0.1000 0.1000],[0.8259 0.5667 0.0000 0.0000 0.0000 0.0000 0.0000],0.8672741651535034,0.7397744943967262,0.17409633845090866,0.8259036615490913,0.11169800095046288,None
403,0.8999187350273132,0.9675344824790955,1.599674940109253,1.8701379299163818,[0.0171 0.0431 0.1000 0.1000 0.1000 0.1000 0.1000],[0.8290 0.5690 0.0000 0.0000 0.0000 0.0000 0.0000],0.8674532175064087,0.7399697182023174,0.17099540680646896,0.829004593193531,0.10976008998701567,None
403,0.9000810980796814,0.9675788879394531,1.6003243923187256,1.8703155517578125,[0.0167 0.0428 0.1000 0.1000 0.1000 0.1000 0.1000],[0.8325 0.5718 0.0000 0.0000 0.0000 0.0000 0.0000],0.8676599860191345,0.7401966323163387,0.1674811914563179,0.8325188085436821,0.10756295286059411,None
403,0.9002507925033569,0.9676252007484436,1.6010031700134277,1.8705008029937744,[0.0164 0.0425 0.1000 0.1000 0.1000 0.1000 0.1000],[0.8361 0.5748 0.0000 0.0000 0.0000 0.0000 0.0000],0.8678759932518005,0.7404341928429581,0.16385352239012718,0.8361464776098728,0.10529310267703139,None
403,0.9004128575325012,0.9676694273948669,1.6016514301300049,1.8706777095794678,[0.0160 0.0422 0.1000 0.1000 0.1000 0.1000 0.1000],[0.8396 0.5776 0.0000 0.0000 0.0000 0.0000 0.0000],0.8680822849273682,0.7406612835260309,0.16035780310630798,0.839642196893692,0.10310284157220152,None
403,0.9005880951881409,0.9677169322967529,1.6023523807525635,1.8708677291870117,[0.0157 0.0419 0.1000 0.1000 0.1000 0.1000 0.1000],[0.8433 0.5809 0.0000 0.0000 0.0000 0.0000 0.0000],0.8683050274848938,0.7409076668278043,0.15669303014874458,0.8433069698512554,0.10080593066850488,None
403,0.9008285999298096,0.9677812457084656,1.6033143997192383,1.8711249828338623,[0.0152 0.0414 0.1000 0.1000 0.1000 0.1000 0.1000],[0.8480 0.5859 0.0000 0.0000 0.0000 0.0000 0.0000],0.8686098456382751,0.7412479067163784,0.15202315524220467,0.8479768447577953,0.09788090355834793,None
403,0.9010037779808044,0.9678285121917725,1.6040151119232178,1.8713140487670898,[0.0148 0.0411 0.1000 0.1000 0.1000 0.1000 0.1000],[0.8516 0.5893 0.0000 0.0000 0.0000 0.0000 0.0000],0.8688322901725769,0.7414951949944295,0.14837052673101425,0.8516294732689857,0.09558548160286115,None
403,0.901164710521698,0.9678718447685242,1.604658842086792,1.8714873790740967,[0.0145 0.0408 0.1000 0.1000 0.1000 0.1000 0.1000],[0.8551 0.5922 0.0000 0.0000 0.0000 0.0000 0.0000],0.8690365552902222,0.7417227570093986,0.14490592293441296,0.855094077065587,0.0934040669220193,None
403,0.9013253450393677,0.9679151773452759,1.6053013801574707,1.8716607093811035,[0.0141 0.0405 0.1000 0.1000 0.1000 0.1000 0.1000],[0.8586 0.5951 0.0000 0.0000 0.0000 0.0000 0.0000],0.8692405223846436,0.7419499422478107,0.1414208672940731,0.8585791327059269,0.09120697789675729,None
403,0.9014850854873657,0.9679580330848694,1.605940341949463,1.8718321323394775,[0.0138 0.0402 0.1000 0.1000 0.1000 0.1000 0.1000],[0.8621 0.5980 0.0000 0.0000 0.0000 0.0000 0.0000],0.8694431185722351,0.7421765185296272,0.13794287107884884,0.8620571289211512,0.08901181265312219,None
403,0.9016192555427551,0.9679944515228271,1.6064770221710205,1.8719778060913086,[0.0135 0.0400 0.1000 0.1000 0.1000 0.1000 0.1000],[0.8652 0.6002 0.0000 0.0000 0.0000 0.0000 0.0000],0.8696137070655823,0.7423661590938178,0.13481387868523598,0.865186121314764,0.08703203665741324,None
403,0.9017488360404968,0.9680295586585999,1.6069953441619873,1.8721182346343994,[0.0132 0.0398 0.1000 0.1000 0.1000 0.1000 0.1000],[0.8683 0.6022 0.0000 0.0000 0.0000 0.0000 0.0000],0.8697783946990967,0.7425495725035536,0.1317179575562477,0.8682820424437523,0.08507051380003332,None
403,0.9019120335578918,0.9680730700492859,1.6076481342315674,1.8722922801971436,[0.0128 0.0395 0.1000 0.1000 0.1000 0.1000 0.1000],[0.8718 0.6053 0.0000 0.0000 0.0000 0.0000 0.0000],0.8699851036071777,0.7427821225276243,0.12820368632674217,0.8717963136732578,0.08284642488885881,None
403,0.9020684957504272,0.9681147933006287,1.608273983001709,1.8724591732025146,[0.0125 0.0392 0.1000 0.1000 0.1000 0.1000 0.1000],[0.8752 0.6082 0.0000 0.0000 0.0000 0.0000 0.0000],0.8701832890510559,0.7430052577382148,0.12481024488806725,0.8751897551119328,0.08069615855847158,None
