411,0.8521373271942139,0.6046836972236633,1.4085493087768555,0.4187347888946533,[0.1000 0.1000 0.1000 0.1000 0.1000 0.1000 0.1000],[0.0000 0.0000 0.0000 0.0000 0.0000 0.0000 0.0000],0.4568210244178772,0.5025528872628262,1.0,0.0,0.22957672478356622,None
411,0.8521373271942139,0.6046836972236633,1.4085493087768555,0.4187347888946533,[0.1000 0.1000 0.1000 0.1000 0.1000 0.1000 0.1000],[0.0000 0.0000 0.0000 0.0000 0.0000 0.0000 0.0000],0.4568210244178772,0.5025528872628262,1.0,0.0,0.22957672478356622,None
411,0.8521373271942139,0.6046836972236633,1.4085493087768555,0.4187347888946533,[0.1000 0.1000 0.1000 0.1000 0.1000 0.1000 0.1000],[0.0000 0.0000 0.0000 0.0000 0.0000 0.0000 0.0000],0.4568210244178772,0.5025528872628262,1.0,0.0,0.22957672478356622,None
411,0.8521373271942139,0.6046836972236633,1.4085493087768555,0.4187347888946533,[0.1000 0.1000 0.1000 0.1000 0.1000 0.1000 0.1000],[0.0000 0.0000 0.0000 0.0000 0.0000 0.0000 0.0000],0.4568210244178772,0.5025528872628262,1.0,0.0,0.22957672478356622,None
411,0.8521373271942139,0.6046836972236633,1.4085493087768555,0.4187347888946533,[0.1000 0.1000 0.1000 0.1000 0.1000 0.1000 0.1000],[0.0000 0.0000 0.0000 0.0000 0.0000 0.0000 0.0000],0.4568210244178772,0.5025528872628262,1.0,0.0,0.22957672478356622,None
411,0.8521373271942139,0.6046836972236633,1.4085493087768555,0.4187347888946533,[0.1000 0.1000 0.1000 0.1000 0.1000 0.1000 0.1000],[0.0000 0.0000 0.0000 0.0000 0.0000 0.0000 0.0000],0.4568210244178772,0.5025528872628262,1.0,0.0,0.22957672478356622,None
411,0.8521373271942139,0.6046836972236633,1.4085493087768555,0.4187347888946533,[0.1000 0.1000 0.1000 0.1000 0.1000 0.1000 0.1000],[0.0000 0.0000 0.0000 0.0000 0.0000 0.0000 0.0000],0.4568210244178772,0.5025528872628262,1.0,0.0,0.22957672478356622,None
411,0.8521373271942139,0.6046836972236633,1.4085493087768555,0.4187347888946533,[0.1000 0.1000 0.1000 0.1000 0.1000 0.1000 0.1000],[0.0000 0.0000 0.0000 0.0000 0.0000 0.0000 0.0000],0.4568210244178772,0.5025528872628262,1.0,0.0,0.22957672478356622,None
411,0.8521373271942139,0.6046836972236633,1.4085493087768555,0.4187347888946533,[0.1000 0.1000 0.1000 0.1000 0.1000 0.1000 0.1000],[0.0000 0.0000 0.0000 0.0000 0.0000 0.0000 0.0000],0.4568210244178772,0.5025528872628262,1.0,0.0,0.22957672478356622,None
411,0.8521373271942139,0.6046836972236633,1.4085493087768555,0.4187347888946533,[0.1000 0.1000 0.1000 0.1000 0.1000 0.1000 0.1000],[0.0000 0.0000 0.0000 0.0000 0.0000 0.0000 0.0000],0.4568210244178772,0.5025528872628262,1.0,0.0,0.22957672478356622,None
411,0.8521373271942139,0.6046836972236633,1.4085493087768555,0.4187347888946533,[0.1000 0.1000 0.1000 0.1000 0.1000 0.1000 0.1000],[0.0000 0.0000 0.0000 0.0000 0.0000 0.0000 0.0000],0.4568210244178772,0.5025528872628262,1.0,0.0,0.22957672478356622,None
411,0.8521373271942139,0.6046836972236633,1.4085493087768555,0.4187347888946533,[0.1000 0.1000 0.1000 0.1000 0.1000 0.1000 0.1000],[0.0000 0.0000 0.0000 0.0000 0.0000 0.0000 0.0000],0.4568210244178772,0.5025528872628262,1.0,0.0,0.22957672478356622,None
411,0.8521373271942139,0.6046836972236633,1.4085493087768555,0.4187347888946533,[0.1000 0.1000 0.1000 0.1000 0.1000 0.1000 0.1000],[0.0000 0.0000 0.0000 0.0000 0.0000 0.0000 0.0000],0.4568210244178772,0.5025528872628262,1.0,0.0,0.22957672478356622,None
411,0.8521373271942139,0.6046836972236633,1.4085493087768555,0.4187347888946533,[0.1000 0.1000 0.1000 0.1000 0.1000 0.1000 0.1000],[0.0000 0.0000 0.0000 0.0000 0.0000 0.0000 0.0000],0.4568210244178772,0.5025528872628262,1.0,0.0,0.22957672478356622,None
411,0.8521373271942139,0.6046836972236633,1.4085493087768555,0.4187347888946533,[0.1000 0.1000 0.1000 0.1000 0.1000 0.1000 0.1000],[0.0000 0.0000 0.0000 0.0000 0.0000 0.0000 0.0000],0.4568210244178772,0.5025528872628262,1.0,0.0,0.22957672478356622,None
411,0.8521373271942139,0.6046836972236633,1.4085493087768555,0.4187347888946533,[0.1000 0.1000 0.1000 0.1000 0.1000 0.1000 0.1000],[0.0000 0.0000 0.0000 0.0000 0.0000 0.0000 0.0000],0.4568210244178772,0.5025528872628262,1.0,0.0,0.22957672478356622,None
411,0.8521373271942139,0.6046836972236633,1.4085493087768555,0.4187347888946533,[0.1000 0.1000 0.1000 0.1000 0.1000 0.1000 0.1000],[0.0000 0.0000 0.0000 0.0000 0.0000 0.0000 0.0000],0.4568210244178772,0.5025528872628262,1.0,0.0,0.22957672478356622,None
411,0.8521373271942139,0.6046836972236633,1.4085493087768555,0.4187347888946533,[0.1000 0.1000 0.1000 0.1000 0.1000 0.1000 0.1000],[0.0000 0.0000 0.0000 0.0000 0.0000 0.0000 0.0000],0.4568210244178772,0.5025528872628262,1.0,0.0,0.22957672478356622,None
411,0.8521373271942139,0.6046836972236633,1.4085493087768555,0.4187347888946533,[0.1000 0.1000 0.1000 0.1000 0.1000 0.1000 0.1000],[0.0000 0.0000 0.0000 0.0000 0.0000 0.0000 0.0000],0.4568210244178772,0.5025528872628262,1.0,0.0,0.22957672478356622,None
411,0.8521373271942139,0.6046836972236633,1.4085493087768555,0.4187347888946533,[0.1000 0.1000 0.1000 0.1000 0.1000 0.1000 0.1000],[0.0000 0.0000 0.0000 0.0000 0.0000 0.0000 0.0000],0.4568210244178772,0.5025528872628262,1.0,0.0,0.22957672478356622,None
411,0.8521373271942139,0.6046836972236633,1.4085493087768555,0.4187347888946533,[0.1000 0.1000 0.1000 0.1000 0.1000 0.1000 0.1000],[0.0000 0.0000 0.0000 0.0000 0.0000 0.0000 0.0000],0.4568210244178772,0.5025528872628262,1.0,0.0,0.22957672478356622,None
411,0.8521373271942139,0.6046836972236633,1.4085493087768555,0.4187347888946533,[0.1000 0.1000 0.1000 0.1000 0.1000 0.1000 0.1000],[0.0000 0.0000 0.0000 0.0000 0.0000 0.0000 0.0000],0.4568210244178772,0.5025528872628262,1.0,0.0,0.22957672478356622,None
411,0.8521373271942139,0.6046836972236633,1.4085493087768555,0.4187347888946533,[0.1000 0.1000 0.1000 0.1000 0.1000 0.1000 0.1000],[0.0000 0.0000 0.0000 0.0000 0.0000 0.0000 0.0000],0.4568210244178772,0.5025528872628262,1.0,0.0,0.22957672478356622,None
411,0.8521373271942139,0.6046836972236633,1.4085493087768555,0.4187347888946533,[0.1000 0.1000 0.1000 0.1000 0.1000 0.1000 0.1000],[0.0000 0.0000 0.0000 0.0000 0.0000 0.0000 0.0000],0.4568210244178772,0.5025528872628262,1.0,0.0,0.22957672478356622,None
411,0.8521373271942139,0.6046836972236633,1.4085493087768555,0.4187347888946533,[0.1000 0.1000 0.1000 0.1000 0.1000 0.1000 0.1000],[0.0000 0.0000 0.0000 0.0000 0.0000 0.0000 0.0000],0.4568210244178772,0.5025528872628262,1.0,0.0,0.22957672478356622,None
411,0.8521373271942139,0.6046836972236633,1.4085493087768555,0.4187347888946533,[0.1000 0.1000 0.1000 0.1000 0.1000 0.1000 0.1000],[0.0000 0.0000 0.0000 0.0000 0.0000 0.0000 0.0000],0.4568210244178772,0.5025528872628262,1.0,0.0,0.22957672478356622,None
411,0.8521373271942139,0.6046836972236633,1.4085493087768555,0.4187347888946533,[0.1000 0.1000 0.1000 0.1000 0.1000 0.1000 0.1000],[0.0000 0.0000 0.0000 0.0000 0.0000 0.0000 0.0000],0.4568210244178772,0.5025528872628262,1.0,0.0,0.22957672478356622,None
411,0.8521373271942139,0.6046836972236633,1.4085493087768555,0.4187347888946533,[0.1000 0.1000 0.1000 0.1000 0.1000 0.1000 0.1000],[0.0000 0.0000 0.0000 0.0000 0.0000 0.0000 0.0000],0.4568210244178772,0.5025528872628262,1.0,0.0,0.22957672478356622,None
411,0.8521373271942139,0.6046836972236633,1.4085493087768555,0.4187347888946533,[0.1000 0.1000 0.1000 0.1000 0.1000 0.1000 0.1000],[0.0000 0.0000 0.0000 0.0000 0.0000 0.0000 0.0000],0.4568210244178772,0.5025528872628262,1.0,0.0,0.22957672478356622,None
411,0.8521373271942139,0.6046836972236633,1.4085493087768555,0.4187347888946533,[0.1000 0.1000 0.1000 0.1000 0.1000 0.1000 0.1000],[0.0000 0.0000 0.0000 0.0000 0.0000 0.0000 0.0000],0.4568210244178772,0.5025528872628262,1.0,0.0,0.22957672478356622,None
411,0.8521373271942139,0.6046836972236633,1.4085493087768555,0.4187347888946533,[0.1000 0.1000 0.1000 0.1000 0.1000 0.1000 0.1000],[0.0000 0.0000 0.0000 0.0000 0.0000 0.0000 0.0000],0.4568210244178772,0.5025528872628262,1.0,0.0,0.22957672478356622,None
411,0.8521373271942139,0.6046836972236633,1.4085493087768555,0.4187347888946533,[0.1000 0.1000 0.1000 0.1000 0.1000 0.1000 0.1000],[0.0000 0.0000 0.0000 0.0000 0.0000 0.0000 0.0000],0.4568210244178772,0.5025528872628262,1.0,0.0,0.22957672478356622,None
411,0.8521373271942139,0.6046836972236633,1.4085493087768555,0.4187347888946533,[0.1000 0.1000 0.1000 0.1000 0.1000 0.1000 0.1000],[0.0000 0.0000 0.0000 0.0000 0.0000 0.0000 0.0000],0.4568210244178772,0.5025528872628262,1.0,0.0,0.22957672478356622,None
411,0.8521373271942139,0.6046836972236633,1.4085493087768555,0.4187347888946533,[0.1000 0.1000 0.1000 0.1000 0.1000 0.1000 0.1000],[0.0000 0.0000 0.0000 0.0000 0.0000 0.0000 0.0000],0.4568210244178772,0.5025528872628262,1.0,0.0,0.22957672478356622,None
411,0.8521373271942139,0.6046836972236633,1.4085493087768555,0.4187347888946533,[0.1000 0.1000 0.1000 0.1000 0.1000 0.1000 0.1000],[0.0000 0.0000 0.0000 0.0000 0.0000 0.0000 0.0000],0.4568210244178772,0.5025528872628262,1.0,0.0,0.22957672478356622,None
411,0.8521373271942139,0.6046836972236633,1.4085493087768555,0.4187347888946533,[0.1000 0.1000 0.1000 0.1000 0.1000 0.1000 0.1000],[0.0000 0.0000 0.0000 0.0000 0.0000 0.0000 0.0000],0.4568210244178772,0.5025528872628262,1.0,0.0,0.22957672478356622,None
411,0.8521373271942139,0.6046836972236633,1.4085493087768555,0.4187347888946533,[0.1000 0.1000 0.1000 0.1000 0.1000 0.1000 0.1000],[0.0000 0.0000 0.0000 0.0000 0.0000 0.0000 0.0000],0.4568210244178772,0.5025528872628262,1.0,0.0,0.22957672478356622,None
411,0.8521373271942139,0.6046836972236633,1.4085493087768555,0.4187347888946533,[0.1000 0.1000 0.1000 0.1000 0.1000 0.1000 0.1000],[0.0000 0.0000 0.0000 0.0000 0.0000 0.0000 0.0000],0.4568210244178772,0.5025528872628262,1.0,0.0,0.22957672478356622,None
411,0.8521373271942139,0.6046836972236633,1.4085493087768555,0.4187347888946533,[0.1000 0.1000 0.1000 0.1000 0.1000 0.1000 0.1000],[0.0000 0.0000 0.0000 0.0000 0.0000 0.0000 0.0000],0.4568210244178772,0.5025528872628262,1.0,0.0,0.22957672478356622,None
411,0.8521373271942139,0.6046836972236633,1.4085493087768555,0.4187347888946533,[0.1000 0.1000 0.1000 0.1000 0.1000 0.1000 0.1000],[0.0000 0.0000 0.0000 0.0000 0.0000 0.0000 0.0000],0.4568210244178772,0.5025528872628262,1.0,0.0,0.22957672478356622,None
411,0.8521373271942139,0.6046836972236633,1.4085493087768555,0.4187347888946533,[0.1000 0.1000 0.1000 0.1000 0.1000 0.1000 0.1000],[0.0000 0.0000 0.0000 0.0000 0.0000 0.0000 0.0000],0.4568210244178772,0.5025528872628262,1.0,0.0,0.22957672478356622,None
411,0.8521373271942139,0.6046836972236633,1.4085493087768555,0.4187347888946533,[0.1000 0.1000 0.1000 0.1000 0.1000 0.1000 0.1000],[0.0000 0.0000 0.0000 0.0000 0.0000 0.0000 0.0000],0.4568210244178772,0.5025528872628262,1.0,0.0,0.22957672478356622,None
411,0.8521373271942139,0.6046836972236633,1.4085493087768555,0.4187347888946533,[0.1000 0.1000 0.1000 0.1000 0.1000 0.1000 0.1000],[0.0000 0.0000 0.0000 0.0000 0.0000 0.0000 0.0000],0.4568210244178772,0.5025528872628262,1.0,0.0,0.22957672478356622,None
411,0.8521373271942139,0.6046836972236633,1.4085493087768555,0.4187347888946533,[0.1000 0.1000 0.1000 0.1000 0.1000 0.1000 0.1000],[0.0000 0.0000 0.0000 0.0000 0.0000 0.0000 0.0000],0.4568210244178772,0.5025528872628262,1.0,0.0,0.22957672478356622,None
411,0.8521373271942139,0.6046836972236633,1.4085493087768555,0.4187347888946533,[0.1000 0.1000 0.1000 0.1000 0.1000 0.1000 0.1000],[0.0000 0.0000 0.0000 0.0000 0.0000 0.0000 0.0000],0.4568210244178772,0.5025528872628262,1.0,0.0,0.22957672478356622,None
411,0.8521373271942139,0.6046836972236633,1.4085493087768555,0.4187347888946533,[0.1000 0.1000 0.1000 0.1000 0.1000 0.1000 0.1000],[0.0000 0.0000 0.0000 0.0000 0.0000 0.0000 0.0000],0.4568210244178772,0.5025528872628262,1.0,0.0,0.22957672478356622,None
411,0.8521373271942139,0.6046836972236633,1.4085493087768555,0.4187347888946533,[0.1000 0.1000 0.1000 0.1000 0.1000 0.1000 0.1000],[0.0000 0.0000 0.0000 0.0000 0.0000 0.0000 0.0000],0.4568210244178772,0.5025528872628262,1.0,0.0,0.22957672478356622,None
411,0.8521373271942139,0.6046836972236633,1.4085493087768555,0.4187347888946533,[0.1000 0.1000 0.1000 0.1000 0.1000 0.1000 0.1000],[0.0000 0.0000 0.0000 0.0000 0.0000 0.0000 0.0000],0.4568210244178772,0.5025528872628262,1.0,0.0,0.22957672478356622,None
411,0.8521373271942139,0.6046836972236633,1.4085493087768555,0.4187347888946533,[0.1000 0.1000 0.1000 0.1000 0.1000 0.1000 0.1000],[0.0000 0.0000 0.0000 0.0000 0.0000 0.0000 0.0000],0.4568210244178772,0.5025528872628262,1.0,0.0,0.22957672478356622,None
411,0.8521373271942139,0.6046836972236633,1.4085493087768555,0.4187347888946533,[0.1000 0.1000 0.1000 0.1000 0.1000 0.1000 0.1000],[0.0000 0.0000 0.0000 0.0000 0.0000 0.0000 0.0000],0.4568210244178772,0.5025528872628262,1.0,0.0,0.22957672478356622,None
411,0.8521373271942139,0.6046836972236633,1.4085493087768555,0.4187347888946533,[0.1000 0.1000 0.1000 0.1000 0.1000 0.1000 0.1000],[0.0000 0.0000 0.0000 0.0000 0.0000 0.0000 0.0000],0.4568210244178772,0.5025528872628262,1.0,0.0,0.22957672478356622,None
411,0.8521373271942139,0.6046836972236633,1.4085493087768555,0.4187347888946533,[0.1000 0.1000 0.1000 0.1000 0.1000 0.1000 0.1000],[0.0000 0.0000 0.0000 0.0000 0.0000 0.0000 0.0000],0.4568210244178772,0.5025528872628262,1.0,0.0,0.22957672478356622,None
411,0.8521373271942139,0.6046836972236633,1.4085493087768555,0.4187347888946533,[0.1000 0.1000 0.1000 0.1000 0.1000 0.1000 0.1000],[0.0000 0.0000 0.0000 0.0000 0.0000 0.0000 0.0000],0.4568210244178772,0.5025528872628262,1.0,0.0,0.22957672478356622,None
411,0.8521373271942139,0.6046836972236633,1.4085493087768555,0.4187347888946533,[0.1000 0.1000 0.1000 0.1000 0.1000 0.1000 0.1000],[0.0000 0.0000 0.0000 0.0000 0.0000 0.0000 0.0000],0.4568210244178772,0.5025528872628262,1.0,0.0,0.22957672478356622,None
411,0.8521373271942139,0.6046836972236633,1.4085493087768555,0.4187347888946533,[0.1000 0.1000 0.1000 0.1000 0.1000 0.1000 0.1000],[0.0000 0.0000 0.0000 0.0000 0.0000 0.0000 0.0000],0.4568210244178772,0.5025528872628262,1.0,0.0,0.22957672478356622,None
411,0.8521373271942139,0.6046836972236633,1.4085493087768555,0.4187347888946533,[0.1000 0.1000 0.1000 0.1000 0.1000 0.1000 0.1000],[0.0000 0.0000 0.0000 0.0000 0.0000 0.0000 0.0000],0.4568210244178772,0.5025528872628262,1.0,0.0,0.22957672478356622,None
411,0.8521373271942139,0.6046836972236633,1.4085493087768555,0.4187347888946533,[0.1000 0.1000 0.1000 0.1000 0.1000 0.1000 0.1000],[0.0000 0.0000 0.0000 0.0000 0.0000 0.0000 0.0000],0.4568210244178772,0.5025528872628262,1.0,0.0,0.22957672478356622,None
411,0.8521373271942139,0.6046836972236633,1.4085493087768555,0.4187347888946533,[0.1000 0.1000 0.1000 0.1000 0.1000 0.1000 0.1000],[0.0000 0.0000 0.0000 0.0000 0.0000 0.0000 0.0000],0.4568210244178772,0.5025528872628262,1.0,0.0,0.22957672478356622,None
411,0.8521373271942139,0.6046836972236633,1.4085493087768555,0.4187347888946533,[0.1000 0.1000 0.1000 0.1000 0.1000 0.1000 0.1000],[0.0000 0.0000 0.0000 0.0000 0.0000 0.0000 0.0000],0.4568210244178772,0.5025528872628262,1.0,0.0,0.22957672478356622,None
411,0.8521373271942139,0.6046836972236633,1.4085493087768555,0.4187347888946533,[0.1000 0.1000 0.1000 0.1000 0.1000 0.1000 0.1000],[0.0000 0.0000 0.0000 0.0000 0.0000 0.0000 0.0000],0.4568210244178772,0.5025528872628262,1.0,0.0,0.22957672478356622,None
411,0.8521373271942139,0.6046836972236633,1.4085493087768555,0.4187347888946533,[0.1000 0.1000 0.1000 0.1000 0.1000 0.1000 0.1000],[0.0000 0.0000 0.0000 0.0000 0.0000 0.0000 0.0000],0.4568210244178772,0.5025528872628262,1.0,0.0,0.22957672478356622,None
411,0.8521373271942139,0.6046836972236633,1.4085493087768555,0.4187347888946533,[0.1000 0.1000 0.1000 0.1000 0.1000 0.1000 0.1000],[0.0000 0.0000 0.0000 0.0000 0.0000 0.0000 0.0000],0.4568210244178772,0.5025528872628262,1.0,0.0,0.22957672478356622,None
411,0.8521373271942139,0.6046836972236633,1.4085493087768555,0.4187347888946533,[0.1000 0.1000 0.1000 0.1000 0.1000 0.1000 0.1000],[0.0000 0.0000 0.0000 0.0000 0.0000 0.0000 0.0000],0.4568210244178772,0.5025528872628262,1.0,0.0,0.22957672478356622,None
411,0.8521373271942139,0.6046836972236633,1.4085493087768555,0.4187347888946533,[0.1000 0.1000 0.1000 0.1000 0.1000 0.1000 0.1000],[0.0000 0.0000 0.0000 0.0000 0.0000 0.0000 0.0000],0.4568210244178772,0.5025528872628262,1.0,0.0,0.22957672478356622,None
411,0.8521373271942139,0.6046836972236633,1.4085493087768555,0.4187347888946533,[0.1000 0.1000 0.1000 0.1000 0.1000 0.1000 0.1000],[0.0000 0.0000 0.0000 0.0000 0.0000 0.0000 0.0000],0.4568210244178772,0.5025528872628262,1.0,0.0,0.22957672478356622,None
411,0.8521373271942139,0.6046836972236633,1.4085493087768555,0.4187347888946533,[0.1000 0.1000 0.1000 0.1000 0.1000 0.1000 0.1000],[0.0000 0.0000 0.0000 0.0000 0.0000 0.0000 0.0000],0.4568210244178772,0.5025528872628262,1.0,0.0,0.22957672478356622,None
411,0.8521373271942139,0.6046836972236633,1.4085493087768555,0.4187347888946533,[0.1000 0.1000 0.1000 0.1000 0.1000 0.1000 0.1000],[0.0000 0.0000 0.0000 0.0000 0.0000 0.0000 0.0000],0.4568210244178772,0.5025528872628262,1.0,0.0,0.22957672478356622,None
411,0.8521373271942139,0.6046836972236633,1.4085493087768555,0.4187347888946533,[0.1000 0.1000 0.1000 0.1000 0.1000 0.1000 0.1000],[0.0000 0.0000 0.0000 0.0000 0.0000 0.0000 0.0000],0.4568210244178772,0.5025528872628262,1.0,0.0,0.22957672478356622,None
411,0.8521373271942139,0.6046836972236633,1.4085493087768555,0.4187347888946533,[0.1000 0.1000 0.1000 0.1000 0.1000 0.1000 0.1000],[0.0000 0.0000 0.0000 0.0000 0.0000 0.0000 0.0000],0.4568210244178772,0.5025528872628262,1.0,0.0,0.22957672478356622,None
411,0.8521373271942139,0.6046836972236633,1.4085493087768555,0.4187347888946533,[0.1000 0.1000 0.1000 0.1000 0.1000 0.1000 0.1000],[0.0000 0.0000 0.0000 0.0000 0.0000 0.0000 0.0000],0.4568210244178772,0.5025528872628262,1.0,0.0,0.22957672478356622,None
411,0.8521373271942139,0.6046836972236633,1.4085493087768555,0.4187347888946533,[0.1000 0.1000 0.1000 0.1000 0.1000 0.1000 0.1000],[0.0000 0.0000 0.0000 0.0000 0.0000 0.0000 0.0000],0.4568210244178772,0.5025528872628262,1.0,0.0,0.22957672478356622,None
411,0.8521373271942139,0.6046836972236633,1.4085493087768555,0.4187347888946533,[0.1000 0.1000 0.1000 0.1000 0.1000 0.1000 0.1000],[0.0000 0.0000 0.0000 0.0000 0.0000 0.0000 0.0000],0.4568210244178772,0.5025528872628262,1.0,0.0,0.22957672478356622,None
411,0.8521373271942139,0.6046836972236633,1.4085493087768555,0.4187347888946533,[0.1000 0.1000 0.1000 0.1000 0.1000 0.1000 0.1000],[0.0000 0.0000 0.0000 0.0000 0.0000 0.0000 0.0000],0.4568210244178772,0.5025528872628262,1.0,0.0,0.22957672478356622,None
411,0.8521373271942139,0.6046836972236633,1.4085493087768555,0.4187347888946533,[0.1000 0.1000 0.1000 0.1000 0.1000 0.1000 0.1000],[0.0000 0.0000 0.0000 0.0000 0.0000 0.0000 0.0000],0.4568210244178772,0.5025528872628262,1.0,0.0,0.22957672478356622,None
411,0.8521373271942139,0.6046836972236633,1.4085493087768555,0.4187347888946533,[0.1000 0.1000 0.1000 0.1000 0.1000 0.1000 0.1000],[0.0000 0.0000 0.0000 0.0000 0.0000 0.0000 0.0000],0.4568210244178772,0.5025528872628262,1.0,0.0,0.22957672478356622,None
411,0.8521373271942139,0.6046836972236633,1.4085493087768555,0.4187347888946533,[0.1000 0.1000 0.1000 0.1000 0.1000 0.1000 0.1000],[0.0000 0.0000 0.0000 0.0000 0.0000 0.0000 0.0000],0.4568210244178772,0.5025528872628262,1.0,0.0,0.22957672478356622,None
411,0.8521373271942139,0.6046836972236633,1.4085493087768555,0.4187347888946533,[0.1000 0.1000 0.1000 0.1000 0.1000 0.1000 0.1000],[0.0000 0.0000 0.0000 0.0000 0.0000 0.0000 0.0000],0.4568210244178772,0.5025528872628262,1.0,0.0,0.22957672478356622,None
411,0.8521373271942139,0.6046836972236633,1.4085493087768555,0.4187347888946533,[0.1000 0.1000 0.1000 0.1000 0.1000 0.1000 0.1000],[0.0000 0.0000 0.0000 0.0000 0.0000 0.0000 0.0000],0.4568210244178772,0.5025528872628262,1.0,0.0,0.22957672478356622,None
411,0.8521373271942139,0.6046836972236633,1.4085493087768555,0.4187347888946533,[0.1000 0.1000 0.1000 0.1000 0.1000 0.1000 0.1000],[0.0000 0.0000 0.0000 0.0000 0.0000 0.0000 0.0000],0.4568210244178772,0.5025528872628262,1.0,0.0,0.22957672478356622,None
411,0.8521373271942139,0.6046836972236633,1.4085493087768555,0.4187347888946533,[0.1000 0.1000 0.1000 0.1000 0.1000 0.1000 0.1000],[0.0000 0.0000 0.0000 0.0000 0.0000 0.0000 0.0000],0.4568210244178772,0.5025528872628262,1.0,0.0,0.22957672478356622,None
411,0.8521373271942139,0.6046836972236633,1.4085493087768555,0.4187347888946533,[0.1000 0.1000 0.1000 0.1000 0.1000 0.1000 0.1000],[0.0000 0.0000 0.0000 0.0000 0.0000 0.0000 0.0000],0.4568210244178772,0.5025528872628262,1.0,0.0,0.22957672478356622,None
411,0.8521373271942139,0.6046836972236633,1.4085493087768555,0.4187347888946533,[0.1000 0.1000 0.1000 0.1000 0.1000 0.1000 0.1000],[0.0000 0.0000 0.0000 0.0000 0.0000 0.0000 0.0000],0.4568210244178772,0.5025528872628262,1.0,0.0,0.22957672478356622,None
411,0.8521373271942139,0.6046836972236633,1.4085493087768555,0.4187347888946533,[0.1000 0.1000 0.1000 0.1000 0.1000 0.1000 0.1000],[0.0000 0.0000 0.0000 0.0000 0.0000 0.0000 0.0000],0.4568210244178772,0.5025528872628262,1.0,0.0,0.22957672478356622,None
411,0.8521373271942139,0.6046836972236633,1.4085493087768555,0.4187347888946533,[0.1000 0.1000 0.1000 0.1000 0.1000 0.1000 0.1000],[0.0000 0.0000 0.0000 0.0000 0.0000 0.0000 0.0000],0.4568210244178772,0.5025528872628262,1.0,0.0,0.22957672478356622,None
411,0.8521373271942139,0.6046836972236633,1.4085493087768555,0.4187347888946533,[0.1000 0.1000 0.1000 0.1000 0.1000 0.1000 0.1000],[0.0000 0.0000 0.0000 0.0000 0.0000 0.0000 0.0000],0.4568210244178772,0.5025528872628262,1.0,0.0,0.22957672478356622,None
411,0.8521373271942139,0.6046836972236633,1.4085493087768555,0.4187347888946533,[0.1000 0.1000 0.1000 0.1000 0.1000 0.1000 0.1000],[0.0000 0.0000 0.0000 0.0000 0.0000 0.0000 0.0000],0.4568210244178772,0.5025528872628262,1.0,0.0,0.22957672478356622,None
411,0.8521373271942139,0.6046836972236633,1.4085493087768555,0.4187347888946533,[0.1000 0.1000 0.1000 0.1000 0.1000 0.1000 0.1000],[0.0000 0.0000 0.0000 0.0000 0.0000 0.0000 0.0000],0.4568210244178772,0.5025528872628262,1.0,0.0,0.22957672478356622,None
411,0.8521373271942139,0.6046836972236633,1.4085493087768555,0.4187347888946533,[0.1000 0.1000 0.1000 0.1000 0.1000 0.1000 0.1000],[0.0000 0.0000 0.0000 0.0000 0.0000 0.0000 0.0000],0.4568210244178772,0.5025528872628262,1.0,0.0,0.22957672478356622,None
411,0.8521373271942139,0.6046836972236633,1.4085493087768555,0.4187347888946533,[0.1000 0.1000 0.1000 0.1000 0.1000 0.1000 0.1000],[0.0000 0.0000 0.0000 0.0000 0.0000 0.0000 0.0000],0.4568210244178772,0.5025528872628262,1.0,0.0,0.22957672478356622,None
411,0.8521373271942139,0.6046836972236633,1.4085493087768555,0.4187347888946533,[0.1000 0.1000 0.1000 0.1000 0.1000 0.1000 0.1000],[0.0000 0.0000 0.0000 0.0000 0.0000 0.0000 0.0000],0.4568210244178772,0.5025528872628262,1.0,0.0,0.22957672478356622,None
411,0.8521373271942139,0.6046836972236633,1.4085493087768555,0.4187347888946533,[0.1000 0.1000 0.1000 0.1000 0.1000 0.1000 0.1000],[0.0000 0.0000 0.0000 0.0000 0.0000 0.0000 0.0000],0.4568210244178772,0.5025528872628262,1.0,0.0,0.22957672478356622,None
411,0.8521373271942139,0.6046836972236633,1.4085493087768555,0.4187347888946533,[0.1000 0.1000 0.1000 0.1000 0.1000 0.1000 0.1000],[0.0000 0.0000 0.0000 0.0000 0.0000 0.0000 0.0000],0.4568210244178772,0.5025528872628262,1.0,0.0,0.22957672478356622,None
411,0.8521373271942139,0.6046836972236633,1.4085493087768555,0.4187347888946533,[0.1000 0.1000 0.1000 0.1000 0.1000 0.1000 0.1000],[0.0000 0.0000 0.0000 0.0000 0.0000 0.0000 0.0000],0.4568210244178772,0.5025528872628262,1.0,0.0,0.22957672478356622,None
411,0.8521373271942139,0.6046836972236633,1.4085493087768555,0.4187347888946533,[0.1000 0.1000 0.1000 0.1000 0.1000 0.1000 0.1000],[0.0000 0.0000 0.0000 0.0000 0.0000 0.0000 0.0000],0.4568210244178772,0.5025528872628262,1.0,0.0,0.22957672478356622,None
411,0.8521373271942139,0.6046836972236633,1.4085493087768555,0.4187347888946533,[0.1000 0.1000 0.1000 0.1000 0.1000 0.1000 0.1000],[0.0000 0.0000 0.0000 0.0000 0.0000 0.0000 0.0000],0.4568210244178772,0.5025528872628262,1.0,0.0,0.22957672478356622,None
411,0.8521373271942139,0.6046836972236633,1.4085493087768555,0.4187347888946533,[0.1000 0.1000 0.1000 0.1000 0.1000 0.1000 0.1000],[0.0000 0.0000 0.0000 0.0000 0.0000 0.0000 0.0000],0.4568210244178772,0.5025528872628262,1.0,0.0,0.22957672478356622,None
411,0.8521373271942139,0.6046836972236633,1.4085493087768555,0.4187347888946533,[0.1000 0.1000 0.1000 0.1000 0.1000 0.1000 0.1000],[0.0000 0.0000 0.0000 0.0000 0.0000 0.0000 0.0000],0.4568210244178772,0.5025528872628262,1.0,0.0,0.22957672478356622,None
411,0.8521373271942139,0.6046836972236633,1.4085493087768555,0.4187347888946533,[0.1000 0.1000 0.1000 0.1000 0.1000 0.1000 0.1000],[0.0000 0.0000 0.0000 0.0000 0.0000 0.0000 0.0000],0.4568210244178772,0.5025528872628262,1.0,0.0,0.22957672478356622,None
411,0.8521373271942139,0.6046836972236633,1.4085493087768555,0.4187347888946533,[0.1000 0.1000 0.1000 0.1000 0.1000 0.1000 0.1000],[0.0000 0.0000 0.0000 0.0000 0.0000 0.0000 0.0000],0.4568210244178772,0.5025528872628262,1.0,0.0,0.22957672478356622,None
411,0.8521373271942139,0.6046836972236633,1.4085493087768555,0.4187347888946533,[0.1000 0.1000 0.1000 0.1000 0.1000 0.1000 0.1000],[0.0000 0.0000 0.0000 0.0000 0.0000 0.0000 0.0000],0.4568210244178772,0.5025528872628262,1.0,0.0,0.22957672478356622,None
411,0.8521373271942139,0.6046836972236633,1.4085493087768555,0.4187347888946533,[0.1000 0.1000 0.1000 0.1000 0.1000 0.1000 0.1000],[0.0000 0.0000 0.0000 0.0000 0.0000 0.0000 0.0000],0.4568210244178772,0.5025528872628262,1.0,0.0,0.22957672478356622,None
411,0.8521373271942139,0.6046836972236633,1.4085493087768555,0.4187347888946533,[0.1000 0.1000 0.1000 0.1000 0.1000 0.1000 0.1000],[0.0000 0.0000 0.0000 0.0000 0.0000 0.0000 0.0000],0.4568210244178772,0.5025528872628262,1.0,0.0,0.22957672478356622,None
411,0.8521373271942139,0.6046836972236633,1.4085493087768555,0.4187347888946533,[0.1000 0.1000 0.1000 0.1000 0.1000 0.1000 0.1000],[0.0000 0.0000 0.0000 0.0000 0.0000 0.0000 0.0000],0.4568210244178772,0.5025528872628262,1.0,0.0,0.22957672478356622,None
411,0.8520404100418091,0.6046118140220642,1.4081616401672363,0.41844725608825684,[0.1078 0.1000 0.1000 0.1000 0.1000 0.1000 0.1000],[-0.0780 0.0000 0.0000 0.0000 0.0000 0.0000 0.0000],0.4566522240638733,0.5025780503237268,1.0,0.0,0.2295033844460151,None
411,0.8520469665527344,0.6046167016029358,1.4081878662109375,0.41846680641174316,[0.1073 0.1000 0.1000 0.1000 0.1000 0.1000 0.1000],[-0.0727 0.0000 0.0000 0.0000 0.0000 0.0000 0.0000],0.45666366815567017,0.5025763727467315,1.0,0.0,0.2295083699068938,None
411,0.8520539402961731,0.6046218276023865,1.4082157611846924,0.4184873104095459,[0.1067 0.1000 0.1000 0.1000 0.1000 0.1000 0.1000],[-0.0671 0.0000 0.0000 0.0000 0.0000 0.0000 0.0000],0.45667576789855957,0.5025745154359433,1.0,0.0,0.2295136027629559,None
411,0.8520606756210327,0.6046268939971924,1.4082427024841309,0.41850757598876953,[0.1062 0.1000 0.1000 0.1000 0.1000 0.1000 0.1000],[-0.0617 0.0000 0.0000 0.0000 0.0000 0.0000 0.0000],0.4566875696182251,0.5025728378708694,1.0,0.0,0.2295187678833816,None
411,0.8520654439926147,0.6046303510665894,1.408261775970459,0.4185214042663574,[0.1058 0.1000 0.1000 0.1000 0.1000 0.1000 0.1000],[-0.0579 0.0000 0.0000 0.0000 0.0000 0.0000 0.0000],0.4566957950592041,0.5025715197879946,1.0,0.0,0.22952229980369074,None
411,0.8520711660385132,0.6046346426010132,1.4082846641540527,0.41853857040405273,[0.1053 0.1000 0.1000 0.1000 0.1000 0.1000 0.1000],[-0.0533 0.0000 0.0000 0.0000 0.0000 0.0000 0.0000],0.45670580863952637,0.5025700818833874,1.0,0.0,0.2295266756445854,None
411,0.8520784974098206,0.6046400666236877,1.4083139896392822,0.418560266494751,[0.1047 0.1000 0.1000 0.1000 0.1000 0.1000 0.1000],[-0.0474 0.0000 0.0000 0.0000 0.0000 0.0000 0.0000],0.4567185640335083,0.5025681646837099,1.0,0.0,0.2295322105032997,None
411,0.8520835041999817,0.6046438217163086,1.4083340167999268,0.4185752868652344,[0.1043 0.1000 0.1000 0.1000 0.1000 0.1000 0.1000],[-0.0433 0.0000 0.0000 0.0000 0.0000 0.0000 0.0000],0.4567273259162903,0.5025669065254372,1.0,0.0,0.22953603931138516,None
411,0.8520886301994324,0.6046476364135742,1.4083545207977295,0.4185905456542969,[0.1039 0.1000 0.1000 0.1000 0.1000 0.1000 0.1000],[-0.0392 0.0000 0.0000 0.0000 0.0000 0.0000 0.0000],0.4567362666130066,0.5025655884582791,1.0,0.0,0.22953993060060313,None
411,0.8520937561988831,0.6046513915061951,1.4083750247955322,0.4186055660247803,[0.1035 0.1000 0.1000 0.1000 0.1000 0.1000 0.1000],[-0.0351 0.0000 0.0000 0.0000 0.0000 0.0000 0.0000],0.4567451477050781,0.5025642104827117,1.0,0.0,0.22954376454821213,None
411,0.8520987629890442,0.6046551465988159,1.4083950519561768,0.41862058639526367,[0.1031 0.1000 0.1000 0.1000 0.1000 0.1000 0.1000],[-0.0310 0.0000 0.0000 0.0000 0.0000 0.0000 0.0000],0.4567539095878601,0.5025629523344404,1.0,0.0,0.22954759329277302,None
411,0.8521038293838501,0.6046589016914368,1.4084153175354004,0.41863560676574707,[0.1027 0.1000 0.1000 0.1000 0.1000 0.1000 0.1000],[-0.0270 0.0000 0.0000 0.0000 0.0000 0.0000 0.0000],0.45676273107528687,0.5025616342777597,1.0,0.0,0.22955142460636901,None
411,0.8521085977554321,0.6046624779701233,1.4084343910217285,0.41864991188049316,[0.1023 0.1000 0.1000 0.1000 0.1000 0.1000 0.1000],[-0.0231 0.0000 0.0000 0.0000 0.0000 0.0000 0.0000],0.4567710757255554,0.5025604360474443,1.0,0.0,0.22955507099049532,None
411,0.8521135449409485,0.6046661138534546,1.408454179763794,0.41866445541381836,[0.1019 0.1000 0.1000 0.1000 0.1000 0.1000 0.1000],[-0.0191 0.0000 0.0000 0.0000 0.0000 0.0000 0.0000],0.4567796587944031,0.5025591179974309,1.0,0.0,0.22955878244288264,None
411,0.8521177768707275,0.6046692728996277,1.4084711074829102,0.41867709159851074,[0.1016 0.1000 0.1000 0.1000 0.1000 0.1000 0.1000],[-0.0157 0.0000 0.0000 0.0000 0.0000 0.0000 0.0000],0.4567870497703552,0.5025580395954721,1.0,0.0,0.22956200424518905,None
411,0.8521221876144409,0.6046725511550903,1.4084887504577637,0.41869020462036133,[0.1012 0.1000 0.1000 0.1000 0.1000 0.1000 0.1000],[-0.0122 0.0000 0.0000 0.0000 0.0000 0.0000 0.0000],0.45679473876953125,0.5025569012848298,1.0,0.0,0.2295653484392289,None
411,0.8521265983581543,0.6046757698059082,1.4085063934326172,0.4187030792236328,[0.1009 0.1000 0.1000 0.1000 0.1000 0.1000 0.1000],[-0.0086 0.0000 0.0000 0.0000 0.0000 0.0000 0.0000],0.4568023681640625,0.502555703065915,1.0,0.0,0.22956863529486538,None
411,0.8521307706832886,0.6046788692474365,1.4085230827331543,0.4187154769897461,[0.1005 0.1000 0.1000 0.1000 0.1000 0.1000 0.1000],[-0.0053 0.0000 0.0000 0.0000 0.0000 0.0000 0.0000],0.4568096399307251,0.5025546246713595,1.0,0.0,0.2295717971416444,None
411,0.8521348237991333,0.6046819090843201,1.4085392951965332,0.4187276363372803,[0.1002 0.1000 0.1000 0.1000 0.1000 0.1000 0.1000],[-0.0020 0.0000 0.0000 0.0000 0.0000 0.0000 0.0000],0.45681673288345337,0.5025536061897591,1.0,0.0,0.2295748964784034,None
411,0.8521389961242676,0.6046850085258484,1.4085559844970703,0.41874003410339355,[0.0999 0.1000 0.1000 0.1000 0.1000 0.1000 0.1000],[0.0014 0.0000 0.0000 0.0000 0.0000 0.0000 0.0000],0.45682400465011597,0.5025525277997493,0.9986467659473419,0.0013532340526581366,0.22926738545029024,None
411,0.8521431684494019,0.6046880483627319,1.4085726737976074,0.41875219345092773,[0.0995 0.1000 0.1000 0.1000 0.1000 0.1000 0.1000],[0.0047 0.0000 0.0000 0.0000 0.0000 0.0000 0.0000],0.4568312168121338,0.5025513895017195,0.9953457862138748,0.004654213786125239,0.22851264296386917,None
411,0.8521475791931152,0.6046913266181946,1.408590316772461,0.4187653064727783,[0.0992 0.1000 0.1000 0.1000 0.1000 0.1000 0.1000],[0.0083 0.0000 0.0000 0.0000 0.0000 0.0000 0.0000],0.4568389058113098,0.5025502512062945,0.9917482733726501,0.008251726627349909,0.22769003828766446,None
411,0.8521517515182495,0.6046944260597229,1.408607006072998,0.4187777042388916,[0.0988 0.1000 0.1000 0.1000 0.1000 0.1000 0.1000],[0.0116 0.0000 0.0000 0.0000 0.0000 0.0000 0.0000],0.4568461775779724,0.5025491728235578,0.988425686955452,0.01157431304454809,0.22693034910129795,None
411,0.8521558046340942,0.6046975255012512,1.408623218536377,0.4187901020050049,[0.0985 0.1000 0.1000 0.1000 0.1000 0.1000 0.1000],[0.0149 0.0000 0.0000 0.0000 0.0000 0.0000 0.0000],0.45685333013534546,0.5025482142630876,0.9851095825433731,0.014890417456626948,0.22617212200763262,None
411,0.8521602153778076,0.6000245809555054,1.4086408615112305,0.4000983238220215,[0.0982 0.1078 0.1000 0.1000 0.1000 0.1000 0.1000],[0.0184 -0.0781 0.0000 0.0000 0.0000 0.0000 0.0000],0.452184796333313,0.49786890713449916,0.9816005825996399,0.018399417400360163,0.22098651252636275,None
411,0.852164626121521,0.6005640029907227,1.408658504486084,0.4022560119628906,[0.0978 0.1069 0.1000 0.1000 0.1000 0.1000 0.1000],[0.0220 -0.0692 0.0000 0.0000 0.0000 0.0000 0.0000],0.45272862911224365,0.4984019306947062,0.9780267626047134,0.021973237395286616,0.22068276346419158,None
411,0.8521689772605896,0.6010982990264893,1.4086759090423584,0.40439319610595703,[0.0975 0.1060 0.1000 0.1000 0.1000 0.1000 0.1000],[0.0254 -0.0603 0.0000 0.0000 0.0000 0.0000 0.0000],0.45326727628707886,0.49893046566958354,0.9745704382658005,0.02542956173419958,0.2203979870063476,None
411,0.8521730303764343,0.60161954164505,1.4086921215057373,0.4064781665802002,[0.0971 0.1052 0.1000 0.1000 0.1000 0.1000 0.1000],[0.0287 -0.0517 0.0000 0.0000 0.0000 0.0000 0.0000],0.4537925720214844,0.4994468172797377,0.9712580591440201,0.028741940855979975,0.22013103126378666,None
411,0.8521770238876343,0.6021270155906677,1.408708095550537,0.4085080623626709,[0.0968 0.1043 0.1000 0.1000 0.1000 0.1000 0.1000],[0.0319 -0.0432 0.0000 0.0000 0.0000 0.0000 0.0000],0.454304039478302,0.4999499942036131,0.9680970013141632,0.03190299868583685,0.21988319608370135,None
411,0.8521823883056641,0.6026902198791504,1.4087295532226562,0.41076087951660156,[0.0964 0.1034 0.1000 0.1000 0.1000 0.1000 0.1000],[0.0362 -0.0339 0.0000 0.0000 0.0000 0.0000 0.0000],0.45487260818481445,0.5005080897286587,0.9637708216905594,0.03622917830944067,0.2194192166310706,None
411,0.8521868586540222,0.6030556559562683,1.4087474346160889,0.41222262382507324,[0.0960 0.1028 0.1000 0.1000 0.1000 0.1000 0.1000],[0.0399 -0.0278 0.0000 0.0000 0.0000 0.0000 0.0000],0.4552425146102905,0.5008695534254057,0.9601471573114395,0.03985284268856054,0.21892998477899495,None
411,0.8521907925605774,0.6034443378448486,1.4087631702423096,0.41377735137939453,[0.0957 0.1021 0.1000 0.1000 0.1000 0.1000 0.1000],[0.0430 -0.0214 0.0000 0.0000 0.0000 0.0000 0.0000],0.455635130405426,0.5012551206120219,0.956956148147583,0.04304385185241705,0.218558680929734,None
411,0.8521938920021057,0.6038580536842346,1.4087755680084229,0.4154322147369385,[0.0954 0.1015 0.1000 0.1000 0.1000 0.1000 0.1000],[0.0455 -0.0145 0.0000 0.0000 0.0000 0.0000 0.0000],0.45605194568634033,0.5016669403723338,0.9544800966978073,0.045519903302192743,0.21837185925968272,None
411,0.8521967530250549,0.6042548418045044,1.4087870121002197,0.4170193672180176,[0.0952 0.1008 0.1000 0.1000 0.1000 0.1000 0.1000],[0.0478 -0.0079 0.0000 0.0000 0.0000 0.0000 0.0000],0.4564515948295593,0.5020623420341151,0.9521696716547012,0.04783032834529882,0.21820601637320422,None
411,0.8521994948387146,0.6046481728553772,1.4087979793548584,0.4185926914215088,[0.0950 0.1001 0.1000 0.1000 0.1000 0.1000 0.1000],[0.0501 -0.0014 0.0000 0.0000 0.0000 0.0000 0.0000],0.4568476676940918,0.5024547035863595,0.9499312192201614,0.05006878077983862,0.21805220818063323,None
411,0.8522034287452698,0.6050803065299988,1.408813714981079,0.4203212261199951,[0.0947 0.0994 0.1000 0.1000 0.1000 0.1000 0.1000],[0.0532 0.0058 0.0000 0.0000 0.0000 0.0000 0.0000],0.45728373527526855,0.5028852021763273,0.946759432554245,0.05324056744575506,0.21771795762735952,None
411,0.8522070646286011,0.6053799986839294,1.4088282585144043,0.4215199947357178,[0.0944 0.0989 0.1000 0.1000 0.1000 0.1000 0.1000],[0.0562 0.0108 0.0000 0.0000 0.0000 0.0000 0.0000],0.4575870633125305,0.5031830659642612,0.9438420087099075,0.056157991290092524,0.217319680516989,None
411,0.8522109985351562,0.6057052612304688,1.408843994140625,0.422821044921875,[0.0941 0.0984 0.1000 0.1000 0.1000 0.1000 0.1000],[0.0593 0.0162 0.0000 0.0000 0.0000 0.0000 0.0000],0.457916259765625,0.5035065586488705,0.9406942874193192,0.0593057125806809,0.21689008727124906,None
411,0.8522149324417114,0.6060352921485901,1.4088597297668457,0.42414116859436035,[0.0938 0.0978 0.1000 0.1000 0.1000 0.1000 0.1000],[0.0625 0.0217 0.0000 0.0000 0.0000 0.0000 0.0000],0.4582502245903015,0.5038350674492187,0.9375014901161194,0.06249850988388067,0.21645271855591589,None
411,0.8522191047668457,0.6063827872276306,1.4088764190673828,0.42553114891052246,[0.0934 0.0973 0.1000 0.1000 0.1000 0.1000 0.1000],[0.0658 0.0274 0.0000 0.0000 0.0000 0.0000 0.0000],0.4586018919944763,0.504181164598182,0.9341762214899063,0.06582377851009374,0.21599876487447064,None
411,0.8522233366966248,0.6067363023757935,1.408893346786499,0.42694520950317383,[0.0931 0.0967 0.1000 0.1000 0.1000 0.1000 0.1000],[0.0692 0.0333 0.0000 0.0000 0.0000 0.0000 0.0000],0.4589596390724182,0.5045335184688764,0.9307656437158585,0.0692343562841416,0.21552857788701912,None
411,0.8522274494171143,0.6070979833602905,1.408909797668457,0.4283919334411621,[0.0927 0.0961 0.1000 0.1000 0.1000 0.1000 0.1000],[0.0726 0.0393 0.0000 0.0000 0.0000 0.0000 0.0000],0.4593254327774048,0.5048944899752945,0.9274341911077499,0.07256580889225012,0.215082079508383,None
411,0.8522314429283142,0.6074720025062561,1.4089257717132568,0.4298880100250244,[0.0924 0.0954 0.1000 0.1000 0.1000 0.1000 0.1000],[0.0758 0.0456 0.0000 0.0000 0.0000 0.0000 0.0000],0.4597034454345703,0.5052683147179089,0.9241720288991928,0.07582797110080725,0.2146607504429052,None
411,0.8522353768348694,0.6078368425369263,1.4089415073394775,0.4313473701477051,[0.0921 0.0948 0.1000 0.1000 0.1000 0.1000 0.1000],[0.0790 0.0516 0.0000 0.0000 0.0000 0.0000 0.0000],0.46007221937179565,0.5056331986288489,0.9210395067930222,0.0789604932069779,0.214259383016484,None
411,0.8522397875785828,0.6081720590591431,1.408959150314331,0.43268823623657227,[0.0917 0.0943 0.1000 0.1000 0.1000 0.1000 0.1000],[0.0825 0.0572 0.0000 0.0000 0.0000 0.0000 0.0000],0.46041184663772583,0.5059678871576871,0.9174899011850357,0.08251009881496435,0.2137325839458471,None
411,0.8522434234619141,0.6085336208343506,1.4089736938476562,0.43413448333740234,[0.0915 0.0937 0.1000 0.1000 0.1000 0.1000 0.1000],[0.0854 0.0632 0.0000 0.0000 0.0000 0.0000 0.0000],0.46077704429626465,0.5063302696867434,0.9145749360322952,0.08542506396770483,0.21337523936597128,None
411,0.8522451519966125,0.6088455319404602,1.4089806079864502,0.4353821277618408,[0.0913 0.0932 0.1000 0.1000 0.1000 0.1000 0.1000],[0.0868 0.0685 0.0000 0.0000 0.0000 0.0000 0.0000],0.46109068393707275,0.5066445297190347,0.9132073074579239,0.08679269254207617,0.21333351229740208,None
411,0.8522469401359558,0.6091814041137695,1.4089877605438232,0.4367256164550781,[0.0912 0.0926 0.1000 0.1000 0.1000 0.1000 0.1000],[0.0883 0.0741 0.0000 0.0000 0.0000 0.0000 0.0000],0.46142834424972534,0.5069832294716676,0.9116911888122559,0.0883088111877442,0.213277783921926,None
411,0.8522487878799438,0.6095064282417297,1.4089951515197754,0.43802571296691895,[0.0910 0.0920 0.1000 0.1000 0.1000 0.1000 0.1000],[0.0898 0.0795 0.0000 0.0000 0.0000 0.0000 0.0000],0.4617552161216736,0.5073110924343698,0.9102258831262589,0.0897741168737412,0.21322363816909776,None
411,0.8522505164146423,0.6098263263702393,1.4090020656585693,0.43930530548095703,[0.0909 0.0915 0.1000 0.1000 0.1000 0.1000 0.1000],[0.0912 0.0849 0.0000 0.0000 0.0000 0.0000 0.0000],0.4620768427848816,0.5076340892746503,0.908849909901619,0.0911500900983811,0.21318524912356399,None
411,0.8522520661354065,0.6101454496383667,1.409008264541626,0.4405817985534668,[0.0908 0.0910 0.1000 0.1000 0.1000 0.1000 0.1000],[0.0924 0.0903 0.0000 0.0000 0.0000 0.0000 0.0000],0.4623975157737732,0.5079566924578287,0.9075617790222168,0.09243822097778326,0.2131662163149827,None
411,0.8522535562515259,0.6104521751403809,1.4090142250061035,0.44180870056152344,[0.0906 0.0905 0.1000 0.1000 0.1000 0.1000 0.1000],[0.0936 0.0954 0.0000 0.0000 0.0000 0.0000 0.0000],0.46270573139190674,0.5082669615419917,0.9045926481485367,0.09540735185146337,0.2127403225368171,None
411,0.8522562980651855,0.6108102202415466,1.4090251922607422,0.4432408809661865,[0.0904 0.0899 0.1000 0.1000 0.1000 0.1000 0.1000],[0.0959 0.1014 0.0000 0.0000 0.0000 0.0000 0.0000],0.4630665183067322,0.5086283709618158,0.8985882252454758,0.10141177475452429,0.21164337839815045,None
411,0.8522605299949646,0.6111398339271545,1.4090421199798584,0.44455933570861816,[0.0901 0.0893 0.1000 0.1000 0.1000 0.1000 0.1000],[0.0993 0.1069 0.0000 0.0000 0.0000 0.0000 0.0000],0.46340036392211914,0.508959577969583,0.8930782973766327,0.10692170262336737,0.21063435050898283,None
411,0.8520244359970093,0.6116103529930115,1.408097743988037,0.4464414119720459,[0.0897 0.0886 0.1073 0.1000 0.1000 0.1000 0.1000],[0.1032 0.1139 -0.0735 0.0000 0.0000 0.0000 0.0000],0.46363478899002075,0.509679611882192,0.8860505372285843,0.11394946277141577,0.20937834879633202,None
411,0.8520656824111938,0.6119739413261414,1.4082627296447754,0.44789576530456543,[0.0893 0.0880 0.1062 0.1000 0.1000 0.1000 0.1000],[0.1068 0.1202 -0.0623 0.0000 0.0000 0.0000 0.0000],0.4640396237373352,0.510008427536705,0.8798296004533768,0.12017039954662329,0.20822409710041384,None
411,0.8521152138710022,0.6124582290649414,1.4084608554840088,0.4498329162597656,[0.0887 0.0872 0.1049 0.1000 0.1000 0.1000 0.1000],[0.1128 0.1284 -0.0495 0.0000 0.0000 0.0000 0.0000],0.4645734429359436,0.5104522650383716,0.8715803176164627,0.12841968238353735,0.20668879318931047,None
411,0.8521558046340942,0.6127749681472778,1.408623218536377,0.45109987258911133,[0.0885 0.0866 0.1038 0.1000 0.1000 0.1000 0.1000],[0.1149 0.1339 -0.0379 0.0000 0.0000 0.0000 0.0000],0.46493077278137207,0.5107343906559378,0.8661143481731415,0.13388565182685858,0.20566416552780503,None
411,0.852192759513855,0.6130439043045044,1.40877103805542,0.4521756172180176,[0.0884 0.0861 0.1027 0.1000 0.1000 0.1000 0.1000],[0.1160 0.1386 -0.0270 0.0000 0.0000 0.0000 0.0000],0.4652366638183594,0.5109715190202614,0.861448273062706,0.13855172693729406,0.20478579630187174,None
411,0.8522335290908813,0.6133587956428528,1.4089341163635254,0.45343518257141113,[0.0882 0.0856 0.1015 0.1000 0.1000 0.1000 0.1000],[0.1178 0.1440 -0.0153 0.0000 0.0000 0.0000 0.0000],0.46559232473373413,0.5112518711564937,0.8560005575418472,0.14399944245815283,0.20375804753153143,None
411,0.8522669672966003,0.6135778427124023,1.4090678691864014,0.4543113708496094,[0.0882 0.0852 0.1005 0.1000 0.1000 0.1000 0.1000],[0.1178 0.1478 -0.0050 0.0000 0.0000 0.0000 0.0000],0.4658448100090027,0.511441789973602,0.8521661162376404,0.14783388376235967,0.20303071057522784,None
411,0.8523019552230835,0.6138242483139038,1.409207820892334,0.45529699325561523,[0.0882 0.0848 0.0995 0.1000 0.1000 0.1000 0.1000],[0.1184 0.1521 0.0054 0.0000 0.0000 0.0000 0.0000],0.4661262035369873,0.5116582068784408,0.8478719741106033,0.15212802588939672,0.20221517443508127,None
411,0.8523362278938293,0.614065408706665,1.4093449115753174,0.45626163482666016,[0.0881 0.0844 0.0984 0.1000 0.1000 0.1000 0.1000],[0.1189 0.1563 0.0157 0.0000 0.0000 0.0000 0.0000],0.4664016366004944,0.5118700796026079,0.8436647802591324,0.15633521974086767,0.20141403479869768,None
411,0.852369487285614,0.6142979264259338,1.409477949142456,0.45719170570373535,[0.0881 0.0840 0.0974 0.1000 0.1000 0.1000 0.1000],[0.1193 0.1604 0.0257 0.0000 0.0000 0.0000 0.0000],0.46666741371154785,0.5120742260756457,0.839603915810585,0.16039608418941503,0.20063876637022224,None
411,0.8524001240730286,0.6145150065422058,1.4096004962921143,0.45806002616882324,[0.0880 0.0836 0.0965 0.1000 0.1000 0.1000 0.1000],[0.1197 0.1642 0.0349 0.0000 0.0000 0.0000 0.0000],0.4669151306152344,0.5122653205575569,0.8358125388622284,0.16418746113777166,0.19991334490710116,None
411,0.8524302840232849,0.6147284507751465,1.4097211360931396,0.45891380310058594,[0.0880 0.0832 0.0956 0.1000 0.1000 0.1000 0.1000],[0.1201 0.1679 0.0441 0.0000 0.0000 0.0000 0.0000],0.4671587347984314,0.5124532501922114,0.8320821076631546,0.16791789233684545,0.19919797031583217,None
411,0.852461040019989,0.6149421334266663,1.409844160079956,0.45976853370666504,[0.0880 0.0828 0.0947 0.1000 0.1000 0.1000 0.1000],[0.1203 0.1717 0.0534 0.0000 0.0000 0.0000 0.0000],0.4674031734466553,0.5126408853901234,0.8283402025699615,0.1716597974300385,0.19847857661248466,None
411,0.8524895310401917,0.6151450872421265,1.4099581241607666,0.46058034896850586,[0.0879 0.0825 0.0938 0.1000 0.1000 0.1000 0.1000],[0.1206 0.1752 0.0620 0.0000 0.0000 0.0000 0.0000],0.4676346182823181,0.5128199061968304,0.8247897028923035,0.1752102971076966,0.19779474955087192,None
411,0.8525180816650391,0.6153440475463867,1.4100723266601562,0.4613761901855469,[0.0879 0.0821 0.0929 0.1000 0.1000 0.1000 0.1000],[0.1207 0.1787 0.0707 0.0000 0.0000 0.0000 0.0000],0.4678621292114258,0.5129948315277831,0.821300819516182,0.1786991804838181,0.1971211112086749,None
411,0.8525457978248596,0.6155391335487366,1.4101831912994385,0.4621565341949463,[0.0879 0.0818 0.0921 0.1000 0.1000 0.1000 0.1000],[0.1208 0.1821 0.0792 0.0000 0.0000 0.0000 0.0000],0.4680849313735962,0.5131666976509074,0.8178793638944626,0.18212063610553747,0.1964592020667428,None
411,0.8525721430778503,0.6157262921333313,1.4102885723114014,0.4629051685333252,[0.0879 0.0815 0.0913 0.1000 0.1000 0.1000 0.1000],[0.1209 0.1854 0.0872 0.0000 0.0000 0.0000 0.0000],0.46829843521118164,0.5133318883011555,0.8145976811647415,0.18540231883525854,0.19582318939021173,None
411,0.8525984883308411,0.6159102916717529,1.4103939533233643,0.4636411666870117,[0.0879 0.0811 0.0905 0.1000 0.1000 0.1000 0.1000],[0.1209 0.1886 0.0953 0.0000 0.0000 0.0000 0.0000],0.468508780002594,0.5134938883640945,0.8113639801740646,0.18863601982593542,0.1951950215261309,None
411,0.8526267409324646,0.6161471009254456,1.4105069637298584,0.4645884037017822,[0.0878 0.0807 0.0897 0.1000 0.1000 0.1000 0.1000],[0.1225 0.1927 0.1034 0.0000 0.0000 0.0000 0.0000],0.46877384185791016,0.5137082768470976,0.8072517812252045,0.1927482187747956,0.19439672523600207,None
411,0.8526530861854553,0.6164145469665527,1.4106123447418213,0.46565818786621094,[0.0874 0.0803 0.0890 0.1000 0.1000 0.1000 0.1000],[0.1258 0.1973 0.1102 0.0000 0.0000 0.0000 0.0000],0.46906763315200806,0.5139562373418392,0.8026552945375443,0.1973447054624558,0.1935043276681313,None
411,0.8526806235313416,0.6166855096817017,1.4107224941253662,0.46674203872680664,[0.0871 0.0798 0.0883 0.1000 0.1000 0.1000 0.1000],[0.1289 0.2020 0.1175 0.0000 0.0000 0.0000 0.0000],0.4693661332130432,0.5142067169570581,0.7979880273342133,0.2020119726657868,0.19259538267395065,None
411,0.8527094125747681,0.6169425249099731,1.4108376502990723,0.4677700996398926,[0.0869 0.0794 0.0874 0.1000 0.1000 0.1000 0.1000],[0.1311 0.2065 0.1255 0.0000 0.0000 0.0000 0.0000],0.4696519374847412,0.5144416742915483,0.793531984090805,0.206468015909195,0.19172409543341792,None
411,0.8527348637580872,0.6171393990516663,1.4109394550323486,0.46855759620666504,[0.0868 0.0790 0.0867 0.1000 0.1000 0.1000 0.1000],[0.1318 0.2099 0.1331 0.0000 0.0000 0.0000 0.0000],0.4698742628097534,0.5146182278799286,0.7900834083557129,0.20991659164428716,0.19104679838752125,None
411,0.8527599573135376,0.6173349618911743,1.4110398292541504,0.46933984756469727,[0.0868 0.0787 0.0859 0.1000 0.1000 0.1000 0.1000],[0.1324 0.2133 0.1406 0.0000 0.0000 0.0000 0.0000],0.4700949192047119,0.5147938629588829,0.786658301949501,0.21334169805049902,0.19037286619481558,None
411,0.8527843952178955,0.6175166368484497,1.411137580871582,0.47006654739379883,[0.0867 0.0783 0.0852 0.1000 0.1000 0.1000 0.1000],[0.1326 0.2165 0.1480 0.0000 0.0000 0.0000 0.0000],0.4703010320663452,0.5149559212097876,0.7834622263908386,0.21653777360916143,0.18974225182574683,None
411,0.85280841588974,0.6176960468292236,1.41123366355896,0.47078418731689453,[0.0867 0.0780 0.0845 0.1000 0.1000 0.1000 0.1000],[0.1329 0.2197 0.1553 0.0000 0.0000 0.0000 0.0000],0.4705044627189636,0.5151161282734634,0.7803060114383698,0.2196939885616303,0.18911842728354777,None
411,0.8528324961662292,0.6178787350654602,1.411329984664917,0.4715149402618408,[0.0867 0.0777 0.0837 0.1000 0.1000 0.1000 0.1000],[0.1332 0.2229 0.1626 0.0000 0.0000 0.0000 0.0000],0.47071123123168945,0.5152797083876424,0.7770926505327225,0.22290734946727758,0.1884822262103181,None
411,0.8528559803962708,0.6180564165115356,1.411423921585083,0.4722256660461426,[0.0867 0.0774 0.0830 0.1000 0.1000 0.1000 0.1000],[0.1335 0.2260 0.1698 0.0000 0.0000 0.0000 0.0000],0.4709123969078064,0.5154387924268646,0.7739633321762085,0.22603666782379156,0.18786142406041184,None
411,0.8528823852539062,0.6182935833930969,1.411529541015625,0.4731743335723877,[0.0865 0.0770 0.0823 0.1000 0.1000 0.1000 0.1000],[0.1354 0.2302 0.1772 0.0000 0.0000 0.0000 0.0000],0.4711759686470032,0.5156563184464885,0.7698339968919754,0.23016600310802465,0.1870426133836022,None
411,0.852907657623291,0.6185471415519714,1.411630630493164,0.47418856620788574,[0.0862 0.0765 0.0816 0.1000 0.1000 0.1000 0.1000],[0.1383 0.2346 0.1839 0.0000 0.0000 0.0000 0.0000],0.47145479917526245,0.5158920408924064,0.7654432207345963,0.2345567792654038,0.18617093062822063,None
411,0.8529323935508728,0.6187591552734375,1.4117295742034912,0.47503662109375,[0.0860 0.0762 0.0809 0.1000 0.1000 0.1000 0.1000],[0.1396 0.2383 0.1910 0.0000 0.0000 0.0000 0.0000],0.4716915488243103,0.5160855052001074,0.7617350667715073,0.2382649332284928,0.18543158297450713,None
411,0.8529546856880188,0.6189372539520264,1.4118187427520752,0.47574901580810547,[0.0860 0.0759 0.0802 0.1000 0.1000 0.1000 0.1000],[0.1402 0.2414 0.1977 0.0000 0.0000 0.0000 0.0000],0.47189193964004517,0.516246517598072,0.7586012035608292,0.2413987964391709,0.1848047892003643,None
411,0.8529304265975952,0.6190930008888245,1.4117217063903809,0.47637200355529785,[0.0860 0.0756 0.0796 0.1075 0.1000 0.1000 0.1000],[0.1400 0.2442 0.2044 -0.0753 0.0000 0.0000 0.0000],0.4720234274864197,0.5164326047914616,0.7558378577232361,0.24416214227676397,0.18424930071838216,None
411,0.852961003780365,0.6192294359207153,1.41184401512146,0.47691774368286133,[0.0861 0.0753 0.0788 0.1061 0.1000 0.1000 0.1000],[0.1389 0.2466 0.2115 -0.0605 0.0000 0.0000 0.0000],0.4721904397010803,0.5165420722962031,0.7533878087997437,0.2466121912002564,0.18375597884758785,None
411,0.8529911041259766,0.6193689703941345,1.4119644165039062,0.4774758815765381,[0.0862 0.0751 0.0781 0.1046 0.1000 0.1000 0.1000],[0.1379 0.2491 0.2185 -0.0462 0.0000 0.0000 0.0000],0.4723600745201111,0.5166552640900679,0.7508870959281921,0.24911290407180792,0.18325198266810672,None
411,0.8530255556106567,0.6195383667945862,1.412102222442627,0.4781534671783447,[0.0863 0.0748 0.0774 0.1030 0.1000 0.1000 0.1000],[0.1371 0.2521 0.2264 -0.0303 0.0000 0.0000 0.0000],0.4725639224052429,0.5167948791495784,0.7478620111942291,0.25213798880577093,0.18264182471200718,None
411,0.8530575633049011,0.6196671724319458,1.4122302532196045,0.4786686897277832,[0.0865 0.0746 0.0766 0.1014 0.1000 0.1000 0.1000],[0.1352 0.2545 0.2341 -0.0143 0.0000 0.0000 0.0000],0.4727247357368469,0.5168950519059494,0.7455228269100189,0.25447717308998113,0.1821678145006608,None
411,0.8530880808830261,0.6197983026504517,1.4123523235321045,0.47919321060180664,[0.0866 0.0743 0.0759 0.0999 0.1000 0.1000 0.1000],[0.1336 0.2568 0.2413 0.0007 0.0000 0.0000 0.0000],0.4728863835334778,0.5169991943768888,0.7431518286466599,0.2568481713533402,0.18168715568659588,None
411,0.853117823600769,0.6199254393577576,1.4124712944030762,0.4797017574310303,[0.0868 0.0741 0.0752 0.0985 0.1000 0.1000 0.1000],[0.1320 0.2592 0.2484 0.0152 0.0000 0.0000 0.0000],0.4730432629585266,0.5171000266690715,0.7408495992422104,0.25915040075778967,0.18121972713136503,None
411,0.8531472682952881,0.6200451254844666,1.4125890731811523,0.4801805019378662,[0.0870 0.0739 0.0745 0.0970 0.1000 0.1000 0.1000],[0.1301 0.2613 0.2555 0.0298 0.0000 0.0000 0.0000],0.47319239377975464,0.5171934726924028,0.7386701554059982,0.2613298445940018,0.18077623731872483,None
411,0.8531734943389893,0.6201672554016113,1.412693977355957,0.4806690216064453,[0.0871 0.0736 0.0738 0.0958 0.1000 0.1000 0.1000],[0.1289 0.2635 0.2617 0.0422 0.0000 0.0000 0.0000],0.4733407497406006,0.5172928020659129,0.7364702969789505,0.26352970302104956,0.1803289963207645,None
411,0.8532031178474426,0.6204107999801636,1.4128124713897705,0.4816431999206543,[0.0868 0.0732 0.0732 0.0948 0.1000 0.1000 0.1000],[0.1317 0.2678 0.2680 0.0521 0.0000 0.0000 0.0000],0.4736139178276062,0.5175144376592404,0.7320169359445572,0.26798306405544287,0.17941884457233517,None
411,0.8532302379608154,0.6206173300743103,1.4129209518432617,0.4824693202972412,[0.0866 0.0729 0.0726 0.0938 0.1000 0.1000 0.1000],[0.1337 0.2714 0.2738 0.0617 0.0000 0.0000 0.0000],0.47384756803512573,0.517700396136898,0.7261517643928528,0.2738482356071473,0.17813306897804793,None
411,0.8532575368881226,0.62082839012146,1.4130301475524902,0.48331356048583984,[0.0864 0.0725 0.0720 0.0929 0.1000 0.1000 0.1000],[0.1357 0.2751 0.2798 0.0713 0.0000 0.0000 0.0000],0.4740859270095825,0.5178909389291022,0.720219612121582,0.279780387878418,0.17683178045140646,None
411,0.8532848954200745,0.6210411787033081,1.4131395816802979,0.4841647148132324,[0.0862 0.0721 0.0714 0.0919 0.1000 0.1000 0.1000],[0.1377 0.2788 0.2857 0.0809 0.0000 0.0000 0.0000],0.47432607412338257,0.5180832886101931,0.7143030315637589,0.2856969684362412,0.17553312152319345,None
411,0.8533117175102234,0.6212456822395325,1.4132468700408936,0.4849827289581299,[0.0860 0.0718 0.0708 0.0910 0.1000 0.1000 0.1000],[0.1396 0.2824 0.2915 0.0903 0.0000 0.0000 0.0000],0.47455739974975586,0.5182676725912088,0.7084746658802032,0.2915253341197968,0.17424775643765059,None
411,0.8533373475074768,0.6213977932929993,1.4133493900299072,0.48559117317199707,[0.0860 0.0715 0.0703 0.0899 0.1000 0.1000 0.1000],[0.1396 0.2851 0.2974 0.1012 0.0000 0.0000 0.0000],0.4747351408004761,0.51839896780169,0.7025545835494995,0.29744541645050054,0.17290023352853123,None
411,0.8533651828765869,0.6215575337409973,1.4134607315063477,0.48623013496398926,[0.0861 0.0712 0.0696 0.0887 0.1000 0.1000 0.1000],[0.1393 0.2879 0.3040 0.1132 0.0000 0.0000 0.0000],0.47492271661758423,0.5185359316256408,0.6960199028253555,0.3039800971746445,0.1714049887039912,None
411,0.853394091129303,0.6218018531799316,1.413576364517212,0.48720741271972656,[0.0858 0.0708 0.0690 0.0877 0.1000 0.1000 0.1000],[0.1422 0.2922 0.3101 0.1225 0.0000 0.0000 0.0000],0.4751959443092346,0.518759687942322,0.6898707151412964,0.31012928485870367,0.17006175451540484,None
411,0.8534248471260071,0.6220648288726807,1.4136993885040283,0.48825931549072266,[0.0855 0.0703 0.0683 0.0868 0.1000 0.1000 0.1000],[0.1454 0.2968 0.3167 0.1323 0.0000 0.0000 0.0000],0.47548967599868774,0.5190010205277703,0.6833420693874359,0.31665793061256414,0.16863490106089454,None
411,0.8534473180770874,0.6221436262130737,1.4137892723083496,0.4885745048522949,[0.0857 0.0702 0.0678 0.0856 0.1000 0.1000 0.1000],[0.1431 0.2983 0.3224 0.1440 0.0000 0.0000 0.0000],0.47559094429016113,0.5190595755563755,0.6776424497365952,0.3223575502634049,0.16728283796613022,None
411,0.8534693717956543,0.622234046459198,1.4138774871826172,0.488936185836792,[0.0859 0.0700 0.0672 0.0845 0.1000 0.1000 0.1000],[0.1412 0.3000 0.3279 0.1550 0.0000 0.0000 0.0000],0.4757034182548523,0.519130656688892,0.6721259653568268,0.3278740346431733,0.1659830045795439,None
411,0.8534908890724182,0.6223340034484863,1.4139635562896729,0.4893360137939453,[0.0860 0.0698 0.0667 0.0835 0.1000 0.1000 0.1000],[0.1399 0.3018 0.3332 0.1652 0.0000 0.0000 0.0000],0.47582489252090454,0.519212223924181,0.6668247282505035,0.3331752717494965,0.16474178352528338,None
411,0.8535115718841553,0.6224168539047241,1.414046287536621,0.4896674156188965,[0.0862 0.0697 0.0662 0.0824 0.1000 0.1000 0.1000],[0.1380 0.3033 0.3384 0.1755 0.0000 0.0000 0.0000],0.4759284257888794,0.5192768801280396,0.6615850329399109,0.33841496706008917,0.16350321741748844,None
411,0.8535321354866028,0.6224899888038635,1.4141285419464111,0.4899599552154541,[0.0864 0.0695 0.0656 0.0814 0.1000 0.1000 0.1000],[0.1357 0.3047 0.3437 0.1861 0.0000 0.0000 0.0000],0.4760221242904663,0.5193315626310178,0.6562944501638412,0.3437055498361588,0.16224472575819546,None
411,0.853553295135498,0.622553288936615,1.4142131805419922,0.49021315574645996,[0.0867 0.0694 0.0651 0.0802 0.1000 0.1000 0.1000],[0.1327 0.3059 0.3493 0.1975 0.0000 0.0000 0.0000],0.47610658407211304,0.519375399923305,0.6507078558206558,0.34929214417934423,0.16090576808582135,None
411,0.8535746932029724,0.6226118803024292,1.4142987728118896,0.4904475212097168,[0.0871 0.0693 0.0645 0.0791 0.1000 0.1000 0.1000],[0.1293 0.3070 0.3550 0.2094 0.0000 0.0000 0.0000],0.4761865735054016,0.5194140941511671,0.6449513882398605,0.3550486117601395,0.15952099789575436,None
411,0.8535953164100647,0.622666597366333,1.4143812656402588,0.49066638946533203,[0.0874 0.0692 0.0639 0.0779 0.1000 0.1000 0.1000],[0.1259 0.3081 0.3606 0.2208 0.0000 0.0000 0.0000],0.4762619137763977,0.5194495665970826,0.639386773109436,0.360613226890564,0.15818047992584794,None
411,0.8536153435707092,0.6227126717567444,1.414461374282837,0.49085068702697754,[0.0878 0.0691 0.0634 0.0768 0.1000 0.1000 0.1000],[0.1222 0.3090 0.3662 0.2322 0.0000 0.0000 0.0000],0.4763280153274536,0.5194766688141305,0.6338465958833694,0.3661534041166306,0.15683981976909375,None
411,0.8536348938941956,0.6227549910545349,1.4145395755767822,0.49101996421813965,[0.0882 0.0690 0.0628 0.0757 0.1000 0.1000 0.1000],[0.1184 0.3099 0.3716 0.2434 0.0000 0.0000 0.0000],0.47638988494873047,0.5195003612491882,0.6284068524837494,0.37159314751625067,0.15552109225286614,None
411,0.853653609752655,0.6227940917015076,1.4146144390106201,0.4911763668060303,[0.0885 0.0689 0.0623 0.0746 0.1000 0.1000 0.1000],[0.1147 0.3107 0.3768 0.2542 0.0000 0.0000 0.0000],0.4764477014541626,0.5195215737921759,0.62315933406353,0.3768406659364701,0.15424742672804775,None
411,0.853682279586792,0.6230517029762268,1.414729118347168,0.4922068119049072,[0.0882 0.0685 0.0617 0.0737 0.1000 0.1000 0.1000],[0.1178 0.3152 0.3830 0.2629 0.0000 0.0000 0.0000],0.4767339825630188,0.519759876092631,0.617007277905941,0.38299272209405905,0.15288650312256813,None
411,0.8537074327468872,0.6232688426971436,1.4148297309875488,0.4930753707885742,[0.0880 0.0681 0.0612 0.0729 0.1000 0.1000 0.1000],[0.1202 0.3190 0.3885 0.2709 0.0000 0.0000 0.0000],0.47697627544403076,0.519959803714581,0.6115106120705605,0.3884893879294396,0.15165982385883395,None
411,0.8536891341209412,0.6234502792358398,1.4147565364837646,0.4938011169433594,[0.0878 0.0678 0.0606 0.0721 0.1069 0.1000 0.1000],[0.1216 0.3222 0.3936 0.2789 -0.0690 0.0000 0.0000],0.477139413356781,0.5201678888557986,0.6063517555594444,0.39364824444055563,0.15049201953676153,None
411,0.8537216782569885,0.6235073208808899,1.414886713027954,0.49402928352355957,[0.0882 0.0677 0.0601 0.0710 0.1048 0.1000 0.1000],[0.1181 0.3234 0.3992 0.2897 -0.0478 0.0000 0.0000],0.4772289991378784,0.5201934167020021,0.600837878882885,0.3991621211171151,0.14915883475846037,None
411,0.8537527322769165,0.6235439777374268,1.415010929107666,0.49417591094970703,[0.0886 0.0676 0.0596 0.0700 0.1027 0.1000 0.1000],[0.1140 0.3241 0.4045 0.3005 -0.0267 0.0000 0.0000],0.47729671001434326,0.5201992553783501,0.5955182015895844,0.4044817984104157,0.14786085287888276,None
411,0.8537824153900146,0.6235705614089966,1.4151296615600586,0.49428224563598633,[0.0890 0.0675 0.0590 0.0689 0.1006 0.1000 0.1000],[0.1096 0.3247 0.4097 0.3110 -0.0061 0.0000 0.0000],0.47735297679901123,0.5201960254635045,0.5903496593236923,0.40965034067630773,0.14659392794835657,None
411,0.8538113832473755,0.623589038848877,1.415245532989502,0.4943561553955078,[0.0895 0.0675 0.0585 0.0678 0.0986 0.1000 0.1000],[0.1048 0.3252 0.4148 0.3216 0.0143 0.0000 0.0000],0.47740042209625244,0.5201850936053585,0.5852215737104416,0.41477842628955847,0.14533192606258566,None
411,0.8538390398025513,0.6235949397087097,1.415356159210205,0.49437975883483887,[0.0900 0.0675 0.0580 0.0668 0.0966 0.1000 0.1000],[0.0998 0.3254 0.4197 0.3319 0.0344 0.0000 0.0000],0.477433979511261,0.5201624232161037,0.5802662670612335,0.41973373293876654,0.1441051907290293,None
411,0.8538659811019897,0.6235880255699158,1.415463924407959,0.4943521022796631,[0.0906 0.0675 0.0575 0.0658 0.0945 0.1000 0.1000],[0.0942 0.3254 0.4247 0.3423 0.0546 0.0000 0.0000],0.4774540066719055,0.5201271464939135,0.5753223225474358,0.4246776774525643,0.142873698838396,None
411,0.8538921475410461,0.6235805749893188,1.4155685901641846,0.4943222999572754,[0.0911 0.0675 0.0570 0.0648 0.0926 0.1000 0.1000],[0.0885 0.3255 0.4295 0.3525 0.0742 0.0000 0.0000],0.477472722530365,0.5200921207651126,0.5704641342163086,0.42953586578369146,0.14166324485244858,None
411,0.8539165258407593,0.6235688924789429,1.415666103363037,0.4942755699157715,[0.0917 0.0675 0.0566 0.0638 0.0907 0.1000 0.1000],[0.0829 0.3254 0.4342 0.3622 0.0928 0.0000 0.0000],0.47748541831970215,0.5200545516813224,0.5658365786075592,0.43416342139244085,0.14050767073043471,None
411,0.853938102722168,0.6235693097114563,1.4157524108886719,0.4942772388458252,[0.0922 0.0674 0.0562 0.0629 0.0891 0.1000 0.1000],[0.0783 0.3255 0.4383 0.3706 0.1086 0.0000 0.0000],0.47750741243362427,0.5200325083813366,0.5617319047451019,0.4382680952548981,0.13948891688490309,None
411,0.8539584279060364,0.623566746711731,1.4158337116241455,0.49426698684692383,[0.0926 0.0674 0.0558 0.0621 0.0876 0.1000 0.1000],[0.0738 0.3256 0.4422 0.3786 0.1237 0.0000 0.0000],0.47752517461776733,0.5200086655008183,0.5577922239899635,0.4422077760100365,0.13850941930516242,None
411,0.8539837598800659,0.6236169934272766,1.4159350395202637,0.49446797370910645,[0.0930 0.0673 0.0553 0.0612 0.0860 0.1000 0.1000],[0.0702 0.3266 0.4470 0.3876 0.1397 0.0000 0.0000],0.47760075330734253,0.5200346195267941,0.5529831349849701,0.44701686501502996,0.13734382734996695,None
411,0.8540008664131165,0.6235650181770325,1.4160034656524658,0.4942600727081299,[0.0936 0.0674 0.0549 0.0605 0.0845 0.1000 0.1000],[0.0640 0.3258 0.4506 0.3955 0.1549 0.0000 0.0000],0.4775658845901489,0.5199626595398188,0.5494462698698044,0.4505537301301957,0.13643653481363352,None
411,0.8540194630622864,0.623538613319397,1.4160778522491455,0.4941544532775879,[0.0942 0.0675 0.0546 0.0597 0.0830 0.1000 0.1000],[0.0585 0.3255 0.4544 0.4035 0.1699 0.0000 0.0000],0.47755807638168335,0.5199157889048116,0.5456261336803436,0.4543738663196564,0.1354735040177598,None
411,0.8540371060371399,0.6234925389289856,1.4161484241485596,0.4939701557159424,[0.0948 0.0675 0.0542 0.0588 0.0815 0.1000 0.1000],[0.0522 0.3248 0.4581 0.4116 0.1851 0.0000 0.0000],0.4775296449661255,0.5198494328774002,0.5419009923934937,0.4580990076065064,0.1345234071975778,None
411,0.8540540933609009,0.6234425902366638,1.4162163734436035,0.4937703609466553,[0.0954 0.0676 0.0538 0.0580 0.0800 0.1000 0.1000],[0.0458 0.3241 0.4618 0.4196 0.2000 0.0000 0.0000],0.4774966835975647,0.5197797347838837,0.5382344871759415,0.4617655128240586,0.13358608566256722,None
411,0.8540703654289246,0.6233817934989929,1.4162814617156982,0.4935271739959717,[0.0961 0.0677 0.0535 0.0572 0.0785 0.1000 0.1000],[0.0389 0.3232 0.4654 0.4275 0.2149 0.0000 0.0000],0.4774521589279175,0.5196994983034771,0.5346257984638214,0.46537420153617864,0.13265758014677803,None
411,0.8540943264961243,0.6234537959098816,1.416377305984497,0.49381518363952637,[0.0964 0.0675 0.0530 0.0564 0.0771 0.1000 0.1000],[0.0359 0.3245 0.4702 0.4358 0.2289 0.0000 0.0000],0.47754812240600586,0.519749512664232,0.529833696782589,0.4701663032174111,0.13150758670670107,None
411,0.8541198968887329,0.6235974431037903,1.4164795875549316,0.49438977241516113,[0.0964 0.0673 0.0525 0.0557 0.0759 0.1000 0.1000],[0.0356 0.3271 0.4750 0.4432 0.2406 0.0000 0.0000],0.4777173399925232,0.5198724609179945,0.5249718949198723,0.47502810508012777,0.13037786685631758,None
411,0.8541409373283386,0.6236739754676819,1.4165637493133545,0.49469590187072754,[0.0967 0.0671 0.0521 0.0550 0.0748 0.1000 0.1000],[0.0333 0.3285 0.4793 0.4503 0.2523 0.0000 0.0000],0.4778149127960205,0.5199302531291347,0.5207448825240135,0.47925511747598654,0.1293688743353001,None
411,0.8541624546051025,0.6237537264823914,1.4166498184204102,0.49501490592956543,[0.0969 0.0670 0.0516 0.0543 0.0736 0.1000 0.1000],[0.0311 0.3300 0.4836 0.4575 0.2642 0.0000 0.0000],0.4779161810874939,0.5199909082916125,0.5164384096860886,0.4835615903139115,0.12834117774912687,None
411,0.8541838526725769,0.6238347887992859,1.4167354106903076,0.49533915519714355,[0.0971 0.0669 0.0512 0.0535 0.0724 0.1000 0.1000],[0.0288 0.3315 0.4879 0.4647 0.2759 0.0000 0.0000],0.4780186414718628,0.5200530613981469,0.5120972916483879,0.48790270835161215,0.1273048558692111,None
411,0.8542033433914185,0.6238934397697449,1.4168133735656738,0.4955737590789795,[0.0974 0.0667 0.0508 0.0528 0.0713 0.1000 0.1000],[0.0260 0.3326 0.4920 0.4716 0.2875 0.0000 0.0000],0.47809678316116333,0.5200938595707765,0.5080358311533928,0.49196416884660726,0.12632575181360853,None
411,0.8542190790176392,0.6238759756088257,1.4168763160705566,0.49550390243530273,[0.0979 0.0668 0.0504 0.0521 0.0700 0.1000 0.1000],[0.0205 0.3324 0.4956 0.4787 0.2999 0.0000 0.0000],0.47809505462646484,0.5200592709419074,0.5044099688529968,0.49559003114700323,0.12541536757673943,None
411,0.8542308807373047,0.6237950921058655,1.4169235229492188,0.4951803684234619,[0.0987 0.0669 0.0501 0.0514 0.0687 0.1000 0.1000],[0.0130 0.3312 0.4987 0.4857 0.3126 0.0000 0.0000],0.47802597284317017,0.5199627216231648,0.5013030394911766,0.49869696050882345,0.12460172079746186,None
411,0.8542437553405762,0.6237279772758484,1.4169750213623047,0.49491190910339355,[0.0994 0.0670 0.0498 0.0507 0.0675 0.1000 0.1000],[0.0058 0.3301 0.5020 0.4928 0.3253 0.0000 0.0000],0.47797173261642456,0.5198794129963518,0.497991107404232,0.502008892595768,0.12374464686282771,None
411,0.8542647361755371,0.6238428950309753,1.4170589447021484,0.49537158012390137,[0.0995 0.0668 0.0494 0.0501 0.0665 0.1000 0.1000],[0.0048 0.3322 0.5063 0.4993 0.3352 0.0000 0.0000],0.47810763120651245,0.5199772493469067,0.49373406916856766,0.5062659308314323,0.12274480317892561,None
411,0.8542844653129578,0.6239425539970398,1.417137861251831,0.4957702159881592,[0.0997 0.0666 0.0490 0.0494 0.0655 0.1000 0.1000],[0.0034 0.3340 0.5103 0.5055 0.3450 0.0000 0.0000],0.47822701930999756,0.5200605128603003,0.48966873437166214,0.5103312656283379,0.12178403649678633,None
411,0.8543016314506531,0.6239922046661377,1.4172065258026123,0.4959688186645508,[0.1000 0.0665 0.0486 0.0488 0.0645 0.1000 0.1000],[0.0003 0.3350 0.5141 0.5119 0.3553 0.0000 0.0000],0.47829383611679077,0.520094356373552,0.48588190227746964,0.5141180977225304,0.12086697373397685,None
411,0.8543171882629395,0.6240145564079285,1.4172687530517578,0.49605822563171387,[0.1004 0.0665 0.0482 0.0482 0.0634 0.1000 0.1000],[-0.0038 0.3355 0.5177 0.5183 0.3657 0.0000 0.0000],0.4783317446708679,0.5201014358689839,0.48170585185289383,0.5182941481471062,0.11983927664427327,None
411,0.8543283343315125,0.623934805393219,1.4173133373260498,0.495739221572876,[0.1012 0.0666 0.0479 0.0475 0.0622 0.1000 0.1000],[-0.0117 0.3343 0.5209 0.5252 0.3779 0.0000 0.0000],0.47826313972473145,0.5200067407366085,0.47480758279561996,0.52519241720438,0.11808467266918811,None
411,0.8543578386306763,0.624108076095581,1.417431354522705,0.4964323043823242,[0.1013 0.0663 0.0473 0.0466 0.0609 0.1000 0.1000],[-0.0130 0.3374 0.5271 0.5342 0.3914 0.0000 0.0000],0.4784659147262573,0.5201565228794964,0.4657682403922081,0.5342317596077919,0.1159190799239902,None
411,0.8543756604194641,0.6241430044174194,1.4175026416778564,0.49657201766967773,[0.1018 0.0662 0.0469 0.0459 0.0597 0.1000 0.1000],[-0.0175 0.3381 0.5312 0.5414 0.4030 0.0000 0.0000],0.47851866483688354,0.5201743483284322,0.45857425779104233,0.5414257422089577,0.11414515597405135,None
411,0.8543941378593445,0.6242250204086304,1.417576551437378,0.4969000816345215,[0.1020 0.0660 0.0465 0.0452 0.0587 0.1000 0.1000],[-0.0199 0.3396 0.5353 0.5478 0.4128 0.0000 0.0000],0.47861915826797485,0.5202405629373048,0.4521885886788368,0.5478114113211632,0.11259364738330484,None
411,0.8544115424156189,0.6242606043815613,1.4176461696624756,0.4970424175262451,[0.1025 0.0660 0.0460 0.0445 0.0576 0.1000 0.1000],[-0.0245 0.3404 0.5395 0.5549 0.4241 0.0000 0.0000],0.4786721467971802,0.5202595096991941,0.4450729116797447,0.5549270883202553,0.11083817016574991,None
411,0.854426383972168,0.6242507100105286,1.4177055358886719,0.49700284004211426,[0.1031 0.0660 0.0457 0.0438 0.0564 0.1000 0.1000],[-0.0308 0.3404 0.5434 0.5620 0.4357 0.0000 0.0000],0.47867709398269653,0.5202337298625096,0.4379550367593765,0.5620449632406235,0.10906130193635176,None
411,0.8544406890869141,0.6242257356643677,1.4177627563476562,0.4969029426574707,[0.1038 0.0660 0.0453 0.0431 0.0552 0.1000 0.1000],[-0.0378 0.3401 0.5473 0.5693 0.4476 0.0000 0.0000],0.47866642475128174,0.5201927955704017,0.43065425008535385,0.5693457499146461,0.10723240252686123,None
411,0.8544535636901855,0.6241828203201294,1.4178142547607422,0.4967312812805176,[0.1046 0.0661 0.0449 0.0423 0.0541 0.1000 0.1000],[-0.0455 0.3395 0.5511 0.5765 0.4594 0.0000 0.0000],0.47863638401031494,0.5201346612120686,0.423462949693203,0.576537050306797,0.10542337677928805,None
411,0.8544662594795227,0.6241451501846313,1.4178650379180908,0.4965806007385254,[0.1053 0.0661 0.0445 0.0416 0.0529 0.1000 0.1000],[-0.0530 0.3390 0.5548 0.5836 0.4709 0.0000 0.0000],0.47861140966415405,0.5200821848536029,0.41644662618637085,0.5835533738136292,0.10366075630570758,None
411,0.8544876575469971,0.6242143511772156,1.4179506301879883,0.4968574047088623,[0.1058 0.0660 0.0440 0.0408 0.0516 0.1000 0.1000],[-0.0582 0.3403 0.5600 0.5920 0.4837 0.0000 0.0000],0.47870200872421265,0.5201319906789144,0.4080308973789215,0.5919691026210785,0.10159489040945603,None
411,0.8544980883598328,0.6241503357887268,1.417992353439331,0.4966013431549072,[0.1067 0.0661 0.0437 0.0401 0.0505 0.1000 0.1000],[-0.0666 0.3394 0.5635 0.5987 0.4947 0.0000 0.0000],0.47864842414855957,0.520054427490881,0.401284359395504,0.598715640604496,0.09988899976801906,None
411,0.8545097708702087,0.624129056930542,1.418039083480835,0.49651622772216797,[0.1073 0.0661 0.0433 0.0395 0.0495 0.1000 0.1000],[-0.0732 0.3391 0.5670 0.6050 0.5046 0.0000 0.0000],0.47863882780075073,0.5200200900666083,0.3950018063187599,0.6049981936812401,0.09831666310121945,None
411,0.8546056151390076,0.6241649985313416,1.4184224605560303,0.4966599941253662,[0.1000 0.0661 0.0430 0.0389 0.0485 0.1000 0.1000],[0.0000 0.3387 0.5704 0.6113 0.5146 0.0000 0.0000],0.4787706136703491,0.5199576928981509,0.38873862475156784,0.6112613752484322,0.0967727735082131,None
411,0.8546234965324402,0.624115526676178,1.4184939861297607,0.4964621067047119,[0.1000 0.0662 0.0426 0.0382 0.0475 0.1000 0.1000],[0.0000 0.3379 0.5736 0.6175 0.5246 0.0000 0.0000],0.47873902320861816,0.5198875445728759,0.38246430456638336,0.6175356954336166,0.09519171488695936,None
411,0.8546416759490967,0.6240829825401306,1.4185667037963867,0.49633193016052246,[0.1000 0.0663 0.0423 0.0376 0.0465 0.1000 0.1000],[0.0000 0.3373 0.5771 0.6238 0.5345 0.0000 0.0000],0.4787246584892273,0.5198347228203959,0.3761773183941841,0.6238226816058159,0.09361462230531307,None
411,0.8546656966209412,0.6241584420204163,1.4186627864837646,0.49663376808166504,[0.1000 0.0661 0.0418 0.0369 0.0454 0.1000 0.1000],[0.0000 0.3387 0.5820 0.6314 0.5458 0.0000 0.0000],0.4788241386413574,0.5198882894570005,0.3685601055622101,0.6314398944377899,0.09174753287221671,None
411,0.8546851277351379,0.6241285800933838,1.4187405109405518,0.49651432037353516,[0.1000 0.0662 0.0414 0.0362 0.0444 0.1000 0.1000],[0.0000 0.3382 0.5857 0.6382 0.5562 0.0000 0.0000],0.47881370782852173,0.5198369572304069,0.361841656267643,0.638158343732357,0.09006421951036457,None
411,0.8547016978263855,0.6239591836929321,1.418806791305542,0.4958367347717285,[0.1000 0.0665 0.0411 0.0355 0.0433 0.1000 0.1000],[0.0000 0.3353 0.5885 0.6448 0.5672 0.0000 0.0000],0.4786608815193176,0.5196433469457789,0.35523753613233566,0.6447624638676643,0.08835927765742566,None
411,0.8547182083129883,0.623750627040863,1.4188728332519531,0.49500250816345215,[0.1000 0.0668 0.0409 0.0348 0.0421 0.1000 0.1000],[0.0000 0.3317 0.5912 0.6516 0.5787 0.0000 0.0000],0.4784688353538513,0.5194091331786201,0.34841138869524,0.65158861130476,0.08658757565648142,None
411,0.854734480381012,0.6235855221748352,1.4189379215240479,0.4943420886993408,[0.1000 0.0671 0.0406 0.0342 0.0411 0.1000 0.1000],[0.0000 0.3288 0.5940 0.6580 0.5894 0.0000 0.0000],0.47832000255584717,0.5192204681913166,0.3419559821486473,0.6580440178513527,0.08492597721091687,None
411,0.8547501564025879,0.623462975025177,1.4190006256103516,0.493851900100708,[0.1000 0.0673 0.0403 0.0336 0.0401 0.1000 0.1000],[0.0000 0.3267 0.5969 0.6641 0.5990 0.0000 0.0000],0.4782131314277649,0.519076740656671,0.3359309956431389,0.6640690043568611,0.08338792046571103,None
411,0.8547660112380981,0.6234056949615479,1.4190640449523926,0.4936227798461914,[0.1000 0.0674 0.0400 0.0330 0.0392 0.1000 0.1000],[0.0000 0.3257 0.6000 0.6698 0.6077 0.0000 0.0000],0.478171706199646,0.5190007107317618,0.3302313759922981,0.6697686240077019,0.08195400118865988,None
411,0.854781448841095,0.6233498454093933,1.4191257953643799,0.49339938163757324,[0.1000 0.0675 0.0397 0.0325 0.0384 0.1000 0.1000],[0.0000 0.3248 0.6030 0.6753 0.6162 0.0000 0.0000],0.4781312942504883,0.5189266132577051,0.3246908262372017,0.6753091737627983,0.08056068163121667,None
411,0.8548027276992798,0.6233891248703003,1.4192109107971191,0.49355649948120117,[0.1000 0.0674 0.0393 0.0318 0.0374 0.1000 0.1000],[0.0000 0.3255 0.6075 0.6823 0.6261 0.0000 0.0000],0.4781918525695801,0.5189453224123275,0.3177369758486748,0.6822630241513252,0.07884815431383528,None
411,0.8548145294189453,0.6231321096420288,1.4192581176757812,0.49252843856811523,[0.1000 0.0679 0.0391 0.0312 0.0364 0.1000 0.1000],[0.0000 0.3210 0.6093 0.6878 0.6355 0.0000 0.0000],0.4779466390609741,0.5186659997705164,0.3122202679514885,0.6877797320485115,0.0773977407237327,None
411,0.8548250198364258,0.6229245066642761,1.4193000793457031,0.4916980266571045,[0.1000 0.0683 0.0389 0.0307 0.0357 0.1000 0.1000],[0.0000 0.3174 0.6109 0.6925 0.6434 0.0000 0.0000],0.4777495265007019,0.518439502064227,0.3074852377176285,0.6925147622823715,0.07615924330436907,None
411,0.8548367619514465,0.6227495074272156,1.4193470478057861,0.4909980297088623,[0.1000 0.0686 0.0387 0.0303 0.0349 0.1000 0.1000],[0.0000 0.3144 0.6130 0.6975 0.6515 0.0000 0.0000],0.4775862693786621,0.5182456491901386,0.3025045618414879,0.6974954381585121,0.07487199846880796,None
411,0.8548480868339539,0.6225963830947876,1.4193923473358154,0.4903855323791504,[0.1000 0.0688 0.0385 0.0298 0.0341 0.1000 0.1000],[0.0000 0.3118 0.6150 0.7022 0.6590 0.0000 0.0000],0.47744446992874146,0.5180750019565635,0.2978023514151573,0.7021976485848427,0.07366202053676857,None
411,0.8548586368560791,0.6224232912063599,1.4194345474243164,0.48969316482543945,[0.1000 0.0691 0.0383 0.0293 0.0334 0.1000 0.1000],[0.0000 0.3088 0.6168 0.7067 0.6662 0.0000 0.0000],0.47728192806243896,0.5178845100500097,0.293271541595459,0.706728458404541,0.07248995563334021,None
411,0.854867160320282,0.6221824884414673,1.419468641281128,0.48872995376586914,[0.1000 0.0695 0.0382 0.0289 0.0327 0.1000 0.1000],[0.0000 0.3046 0.6181 0.7110 0.6734 0.0000 0.0000],0.47704964876174927,0.517626004143243,0.28899960219860077,0.7110003978013992,0.07136362647139961,None
411,0.8548782467842102,0.6219497323036194,1.4195129871368408,0.48779892921447754,[0.1000 0.0699 0.0380 0.0284 0.0318 0.1000 0.1000],[0.0000 0.3005 0.6200 0.7160 0.6816 0.0000 0.0000],0.4768279790878296,0.5173733176868577,0.28398044407367706,0.7160195559263229,0.07005742846652205,None
411,0.8548858165740967,0.6216739416122437,1.4195432662963867,0.4866957664489746,[0.1000 0.0704 0.0379 0.0280 0.0311 0.1000 0.1000],[0.0000 0.2958 0.6210 0.7201 0.6886 0.0000 0.0000],0.47655975818634033,0.5170798461838095,0.2798786759376526,0.7201213240623474,0.06896754840062219,None
411,0.8548945188522339,0.6214184165000916,1.4195780754089355,0.4856736660003662,[0.1000 0.0709 0.0378 0.0276 0.0304 0.1000 0.1000],[0.0000 0.2913 0.6223 0.7245 0.6958 0.0000 0.0000],0.47631293535232544,0.5168063510846378,0.27552731335163116,0.7244726866483688,0.06782423054783099,None
411,0.8549023866653442,0.621125340461731,1.419609546661377,0.48450136184692383,[0.1000 0.0714 0.0377 0.0271 0.0297 0.1000 0.1000],[0.0000 0.2863 0.6234 0.7287 0.7029 0.0000 0.0000],0.4760277271270752,0.5164950401457982,0.27129292488098145,0.7287070751190186,0.06670169542602625,None
411,0.8549097776412964,0.6208124756813049,1.4196391105651855,0.4832499027252197,[0.1000 0.0719 0.0376 0.0267 0.0290 0.1000 0.1000],[0.0000 0.2809 0.6244 0.7329 0.7100 0.0000 0.0000],0.4757222533226013,0.5161639720318552,0.2671133354306221,0.7328866645693779,0.06558986325128457,None
411,0.8549169898033142,0.6204864382743835,1.4196679592132568,0.4819457530975342,[0.1000 0.0725 0.0375 0.0263 0.0283 0.1000 0.1000],[0.0000 0.2752 0.6253 0.7371 0.7171 0.0000 0.0000],0.47540342807769775,0.5158197117509525,0.26293516159057617,0.7370648384094238,0.06447760694497519,None
411,0.8549239635467529,0.6201511025428772,1.4196958541870117,0.4806044101715088,[0.1000 0.0731 0.0374 0.0259 0.0276 0.1000 0.1000],[0.0000 0.2694 0.6262 0.7412 0.7241 0.0000 0.0000],0.4750750660896301,0.5154663468819985,0.2587992697954178,0.7412007302045822,0.06337611322422995,None
411,0.8549308776855469,0.6198077201843262,1.4197235107421875,0.4792308807373047,[0.1000 0.0737 0.0373 0.0255 0.0269 0.1000 0.1000],[0.0000 0.2635 0.6271 0.7453 0.7310 0.0000 0.0000],0.47473859786987305,0.5151050036335488,0.25468967854976654,0.7453103214502335,0.062281871853151295,None
411,0.8549482822418213,0.6197170615196228,1.4197931289672852,0.4788682460784912,[0.1000 0.0738 0.0369 0.0248 0.0260 0.1000 0.1000],[0.0000 0.2620 0.6308 0.7516 0.7399 0.0000 0.0000],0.4746653437614441,0.514993586926731,0.24836204946041107,0.7516379505395889,0.06071200562609646,None
411,0.8549684286117554,0.6197159886360168,1.4198737144470215,0.4788639545440674,[0.1000 0.0738 0.0365 0.0242 0.0251 0.1000 0.1000],[0.0000 0.2620 0.6353 0.7584 0.7489 0.0000 0.0000],0.4746844172477722,0.5149717121901667,0.24163413792848587,0.7583658620715141,0.05906723476346688,None
411,0.8549845218658447,0.6198112964630127,1.419938087463379,0.4792451858520508,[0.1000 0.0736 0.0361 0.0237 0.0245 0.1000 0.1000],[0.0000 0.2637 0.6391 0.7633 0.7551 0.0000 0.0000],0.4747958183288574,0.5150533788107892,0.2367163449525833,0.7632836550474167,0.0578878436650964,None
411,0.8549944758415222,0.6196092963218689,1.4199779033660889,0.4784371852874756,[0.1000 0.0740 0.0359 0.0232 0.0238 0.1000 0.1000],[0.0000 0.2602 0.6410 0.7677 0.7617 0.0000 0.0000],0.4746037721633911,0.5148348945774714,0.23234007880091667,0.7676599211990833,0.05677057499045404,None
411,0.8550025820732117,0.6194539070129395,1.4200103282928467,0.4778156280517578,[0.1000 0.0742 0.0357 0.0229 0.0233 0.1000 0.1000],[0.0000 0.2576 0.6426 0.7712 0.7669 0.0000 0.0000],0.4744564890861511,0.5146664290817374,0.22884029895067215,0.7711597010493279,0.05587978648880899,None
411,0.8550082445144653,0.6191920042037964,1.4200329780578613,0.47676801681518555,[0.1000 0.0747 0.0357 0.0226 0.0228 0.1000 0.1000],[0.0000 0.2531 0.6434 0.7744 0.7721 0.0000 0.0000],0.4742002487182617,0.5143908564383606,0.22560186684131622,0.7743981331586838,0.0550297711449768,None
411,0.8550118803977966,0.618790328502655,1.4200475215911865,0.4751613140106201,[0.1000 0.0754 0.0356 0.0222 0.0222 0.1000 0.1000],[0.0000 0.2461 0.6436 0.7776 0.7778 0.0000 0.0000],0.47380220890045166,0.5139737127529607,0.22221975028514862,0.7777802497148514,0.054115371455706454,None
411,0.8550158739089966,0.6183969378471375,1.4200634956359863,0.4735877513885498,[0.1000 0.0761 0.0356 0.0219 0.0217 0.1000 0.1000],[0.0000 0.2394 0.6438 0.7809 0.7834 0.0000 0.0000],0.47341281175613403,0.5135650752034151,0.21658146753907204,0.783418532460928,0.05265708104100589,None
411,0.8550196290016174,0.6180089116096497,1.4200785160064697,0.47203564643859863,[0.1000 0.0767 0.0356 0.0216 0.0211 0.1000 0.1000],[0.0000 0.2327 0.6441 0.7840 0.7888 0.0000 0.0000],0.4730285406112671,0.5131625349339188,0.21119341254234314,0.7888065874576569,0.051265199836261086,None
411,0.8550208806991577,0.6174753904342651,1.4200835227966309,0.46990156173706055,[0.1000 0.0776 0.0357 0.0213 0.0206 0.1000 0.1000],[0.0000 0.2236 0.6435 0.7870 0.7944 0.0000 0.0000],0.47249627113342285,0.5126136129671937,0.20558958873152733,0.7944104112684727,0.049795447354808495,None
411,0.8550218343734741,0.6169328689575195,1.4200873374938965,0.4677314758300781,[0.1000 0.0786 0.0357 0.0210 0.0200 0.1000 0.1000],[0.0000 0.2142 0.6429 0.7899 0.7999 0.0000 0.0000],0.47195470333099365,0.5120563911516469,0.2001032419502735,0.7998967580497265,0.04835843465092584,None
411,0.8550241589546204,0.6164857745170593,1.4200966358184814,0.4659430980682373,[0.1000 0.0793 0.0357 0.0207 0.0195 0.1000 0.1000],[0.0000 0.2066 0.6428 0.7928 0.8050 0.0000 0.0000],0.4715099334716797,0.511596084743825,0.1949993520975113,0.8050006479024887,0.047038257708230766,None
411,0.855025053024292,0.6159355044364929,1.420100212097168,0.4637420177459717,[0.1000 0.0803 0.0358 0.0204 0.0190 0.1000 0.1000],[0.0000 0.1972 0.6421 0.7957 0.8103 0.0000 0.0000],0.4709605574607849,0.5110321599657099,0.18972167745232582,0.8102783225476742,0.045661452723227726,None
411,0.8550269603729248,0.6154270768165588,1.4201078414916992,0.46170830726623535,[0.1000 0.0811 0.0358 0.0201 0.0184 0.1000 0.1000],[0.0000 0.1885 0.6418 0.7986 0.8156 0.0000 0.0000],0.47045403718948364,0.5105105889231454,0.18444940447807312,0.8155505955219269,0.044299539503845214,None
411,0.8550342917442322,0.615017831325531,1.4201371669769287,0.460071325302124,[0.1000 0.0818 0.0357 0.0197 0.0178 0.1000 0.1000],[0.0000 0.1815 0.6430 0.8029 0.8221 0.0000 0.0000],0.4700521230697632,0.5100852518869214,0.17788289114832878,0.8221171088516712,0.04265038589838608,None
411,0.8550365567207336,0.6143681406974792,1.4201462268829346,0.457472562789917,[0.1000 0.0830 0.0357 0.0193 0.0171 0.1000 0.1000],[0.0000 0.1705 0.6427 0.8065 0.8285 0.0000 0.0000],0.4694046974182129,0.5094203265286521,0.17148427665233612,0.8285157233476639,0.04100605662652396,None
411,0.85503751039505,0.6136533617973328,1.4201500415802002,0.45461344718933105,[0.1000 0.0842 0.0358 0.0190 0.0165 0.1000 0.1000],[0.0000 0.1583 0.6419 0.8100 0.8348 0.0000 0.0000],0.4686908721923828,0.5086913916918234,0.16524000093340874,0.8347599990665913,0.039396357773485734,None
411,0.8550376892089844,0.6128838062286377,1.4201507568359375,0.4515352249145508,[0.1000 0.0855 0.0359 0.0187 0.0159 0.1000 0.1000],[0.0000 0.1453 0.6410 0.8134 0.8410 0.0000 0.0000],0.46792149543762207,0.5079086639856919,0.15902074053883553,0.8409792594611645,0.03779308889918237,None
411,0.855038046836853,0.6120892763137817,1.420152187347412,0.44835710525512695,[0.1000 0.0868 0.0360 0.0183 0.0153 0.1000 0.1000],[0.0000 0.1318 0.6401 0.8168 0.8473 0.0000 0.0000],0.46712732315063477,0.5071016630956529,0.15272388234734535,0.8472761176526546,0.036177392457008545,None
411,0.8550455570220947,0.6115543246269226,1.420182228088379,0.44621729850769043,[0.1000 0.0877 0.0359 0.0179 0.0146 0.1000 0.1000],[0.0000 0.1228 0.6412 0.8215 0.8543 0.0000 0.0000],0.46659988164901733,0.5065516922765141,0.14573609456419945,0.8542639054358006,0.03444574022469334,None
411,0.8550578951835632,0.6115033626556396,1.420231580734253,0.4460134506225586,[0.1000 0.0878 0.0356 0.0174 0.0141 0.1000 0.1000],[0.0000 0.1219 0.6442 0.8256 0.8594 0.0000 0.0000],0.4665612578392029,0.5064875558530225,0.14056280255317688,0.8594371974468231,0.03321604040750819,None
411,0.85506671667099,0.6113250851631165,1.42026686668396,0.4453003406524658,[0.1000 0.0881 0.0354 0.0171 0.0136 0.1000 0.1000],[0.0000 0.1190 0.6461 0.8292 0.8642 0.0000 0.0000],0.46639180183410645,0.5062980337208758,0.13581840321421623,0.8641815967857838,0.03207124126123325,None
411,0.8550756573677063,0.611151397228241,1.4203026294708252,0.44460558891296387,[0.1000 0.0884 0.0352 0.0167 0.0131 0.1000 0.1000],[0.0000 0.1160 0.6481 0.8328 0.8689 0.0000 0.0000],0.46622705459594727,0.50611310997409,0.13109132647514343,0.8689086735248566,0.030932784542878258,None
411,0.8550834655761719,0.6109405159950256,1.4203338623046875,0.44376206398010254,[0.1000 0.0888 0.0350 0.0164 0.0127 0.1000 0.1000],[0.0000 0.1125 0.6497 0.8361 0.8734 0.0000 0.0000],0.4660239815711975,0.5058917632935611,0.12662646360695362,0.8733735363930464,0.029853163030750345,None
411,0.8550868630409241,0.6105122566223145,1.4203474521636963,0.4420490264892578,[0.1000 0.0895 0.0350 0.0161 0.0122 0.1000 0.1000],[0.0000 0.1053 0.6501 0.8389 0.8777 0.0000 0.0000],0.4655991196632385,0.5054551522676536,0.12229195795953274,0.8777080420404673,0.028780125051462928,None
411,0.8550916314125061,0.6100740432739258,1.4203665256500244,0.4402961730957031,[0.1000 0.0902 0.0349 0.0158 0.0117 0.1000 0.1000],[0.0000 0.0979 0.6508 0.8421 0.8826 0.0000 0.0000],0.4651656746864319,0.5050074867853249,0.11742928996682167,0.8825707100331783,0.027585566780881764,None
411,0.8550975918769836,0.6097083687782288,1.4203903675079346,0.43883347511291504,[0.1000 0.0908 0.0348 0.0155 0.0113 0.1000 0.1000],[0.0000 0.0917 0.6519 0.8454 0.8873 0.0000 0.0000],0.4648059606552124,0.5046322344976867,0.11270427145063877,0.8872957285493612,0.026435471043778375,None
411,0.8551014065742493,0.6092604994773865,1.420405626296997,0.4370419979095459,[0.1000 0.0916 0.0348 0.0152 0.0108 0.1000 0.1000],[0.0000 0.0842 0.6524 0.8484 0.8918 0.0000 0.0000],0.46436190605163574,0.504176536359096,0.10824646800756454,0.8917535319924355,0.025342703943254496,None
411,0.8551048040390015,0.6086266040802002,1.4204192161560059,0.4345064163208008,[0.1000 0.0926 0.0347 0.0148 0.0103 0.1000 0.1000],[0.0000 0.0735 0.6525 0.8519 0.8972 0.0000 0.0000],0.46373140811920166,0.5035342912558801,0.10283004492521286,0.8971699550747871,0.024011295286840886,None
411,0.8551032543182373,0.60799241065979,1.4204130172729492,0.43196964263916016,[0.1000 0.0937 0.0348 0.0146 0.0099 0.1000 0.1000],[0.0000 0.0629 0.6515 0.8537 0.9007 0.0000 0.0000],0.46309566497802734,0.5028975521500147,0.09934118948876858,0.9006588105112314,0.02313553746615067,None
411,0.8550991415977478,0.607204258441925,1.4203965663909912,0.4288170337677002,[0.1000 0.0950 0.0350 0.0145 0.0096 0.1000 0.1000],[0.0000 0.0496 0.6497 0.8553 0.9041 0.0000 0.0000],0.46230340003967285,0.5021095671176009,0.0958873238414526,0.9041126761585474,0.022258032992651784,None
411,0.8550927639007568,0.6062959432601929,1.4203710556030273,0.4251837730407715,[0.1000 0.0966 0.0353 0.0143 0.0093 0.1000 0.1000],[0.0000 0.0344 0.6473 0.8566 0.9074 0.0000 0.0000],0.4613887071609497,0.5012046304940633,0.09257622994482517,0.9074237700551748,0.021408267661693,None
411,0.855083167552948,0.6051567792892456,1.420332670211792,0.4206271171569824,[0.1000 0.0985 0.0356 0.0142 0.0089 0.1000 0.1000],[0.0000 0.0152 0.6438 0.8577 0.9108 0.0000 0.0000],0.4602399468421936,0.5000736171557832,0.08920586667954922,0.9107941333204508,0.020531074102859103,None
411,0.8550741076469421,0.6039937138557434,1.4202964305877686,0.41597485542297363,[0.1000 0.1004 0.0360 0.0141 0.0086 0.1000 0.1000],[0.0000 -0.0043 0.6405 0.8589 0.9144 0.0000 0.0000],0.45906782150268555,0.4989207709441562,0.08563561365008354,0.9143643863499165,0.019613850049509482,None
411,0.8550633192062378,0.6026622653007507,1.4202532768249512,0.41064906120300293,[0.1000 0.1027 0.0363 0.0140 0.0082 0.1000 0.1000],[0.0000 -0.0266 0.6366 0.8601 0.9181 0.0000 0.0000],0.4577255845069885,0.4976046836350013,0.08189966902136803,0.918100330978632,0.018653992337683438,None
411,0.8549854159355164,0.6012346148490906,1.4199416637420654,0.4049384593963623,[0.1000 0.1050 0.0368 0.0139 0.0278 0.1000 0.1000],[0.0000 -0.0504 0.6323 0.8611 0.7215 0.0000 0.0000],0.45622003078460693,0.4962631628653451,0.1389472931623459,0.8610527068376541,0.031458389064237396,None
411,0.854972243309021,0.5997166633605957,1.419888973236084,0.3988666534423828,[0.1000 0.1076 0.0372 0.0138 0.0275 0.1000 0.1000],[0.0000 -0.0758 0.6277 0.8619 0.7249 0.0000 0.0000],0.4546889066696167,0.49477175460152145,0.13812106102705002,0.86187893897295,0.031072712248499296,None
411,0.8549572229385376,0.6042603254318237,1.4198288917541504,0.4170413017272949,[0.1000 0.1000 0.0377 0.0138 0.0272 0.1000 0.1000],[0.0000 0.0000 0.6225 0.8625 0.7281 0.0000 0.0000],0.45921754837036133,0.499303587483679,0.1375030353665352,0.8624969646334648,0.031527929259871836,None
411,0.8549414873123169,0.6042639017105103,1.4197659492492676,0.417055606842041,[0.1000 0.1000 0.0383 0.0137 0.0269 0.1000 0.1000],[0.0000 0.0000 0.6172 0.8631 0.7313 0.0000 0.0000],0.45920538902282715,0.4993228728993039,0.136948861181736,0.863051138818264,0.03140124460204547,None
411,0.854941725730896,0.6042643785476685,1.419766902923584,0.41705751419067383,[0.1000 0.1000 0.0384 0.0134 0.0264 0.1000 0.1000],[0.0000 0.0000 0.6164 0.8659 0.7358 0.0000 0.0000],0.45920610427856445,0.49932311099549687,0.13409582898020744,0.8659041710197926,0.030747130396917722,None
411,0.8549425005912781,0.6042646169662476,1.4197700023651123,0.41705846786499023,[0.1000 0.1000 0.0384 0.0132 0.0261 0.1000 0.1000],[0.0000 0.0000 0.6161 0.8681 0.7391 0.0000 0.0000],0.45920711755752563,0.49932257527922186,0.13190247118473053,0.8680975288152695,0.030244244805373275,None
