416,0.8514888286590576,0.7740037441253662,1.4059553146362305,1.0960149765014648,[0.1000 0.1000 0.1000 0.1000 0.1000 0.1000 0.1000],[0.0000 0.0000 0.0000 0.0000 0.0000 0.0000 0.0000],0.6254925727844238,0.7216385721158705,1.0,0.0,0.4513795670932338,None
416,0.8514888286590576,0.7740037441253662,1.4059553146362305,1.0960149765014648,[0.1000 0.1000 0.1000 0.1000 0.1000 0.1000 0.1000],[0.0000 0.0000 0.0000 0.0000 0.0000 0.0000 0.0000],0.6254925727844238,0.7216385721158705,1.0,0.0,0.4513795670932338,None
416,0.8514888286590576,0.7740037441253662,1.4059553146362305,1.0960149765014648,[0.1000 0.1000 0.1000 0.1000 0.1000 0.1000 0.1000],[0.0000 0.0000 0.0000 0.0000 0.0000 0.0000 0.0000],0.6254925727844238,0.7216385721158705,1.0,0.0,0.4513795670932338,None
416,0.8514888286590576,0.7740037441253662,1.4059553146362305,1.0960149765014648,[0.1000 0.1000 0.1000 0.1000 0.1000 0.1000 0.1000],[0.0000 0.0000 0.0000 0.0000 0.0000 0.0000 0.0000],0.6254925727844238,0.7216385721158705,1.0,0.0,0.4513795670932338,None
416,0.8514888286590576,0.7740037441253662,1.4059553146362305,1.0960149765014648,[0.1000 0.1000 0.1000 0.1000 0.1000 0.1000 0.1000],[0.0000 0.0000 0.0000 0.0000 0.0000 0.0000 0.0000],0.6254925727844238,0.7216385721158705,1.0,0.0,0.4513795670932338,None
416,0.8514888286590576,0.7740037441253662,1.4059553146362305,1.0960149765014648,[0.1000 0.1000 0.1000 0.1000 0.1000 0.1000 0.1000],[0.0000 0.0000 0.0000 0.0000 0.0000 0.0000 0.0000],0.6254925727844238,0.7216385721158705,1.0,0.0,0.4513795670932338,None
416,0.8514888286590576,0.7740037441253662,1.4059553146362305,1.0960149765014648,[0.1000 0.1000 0.1000 0.1000 0.1000 0.1000 0.1000],[0.0000 0.0000 0.0000 0.0000 0.0000 0.0000 0.0000],0.6254925727844238,0.7216385721158705,1.0,0.0,0.4513795670932338,None
416,0.8514888286590576,0.7740037441253662,1.4059553146362305,1.0960149765014648,[0.1000 0.1000 0.1000 0.1000 0.1000 0.1000 0.1000],[0.0000 0.0000 0.0000 0.0000 0.0000 0.0000 0.0000],0.6254925727844238,0.7216385721158705,1.0,0.0,0.4513795670932338,None
416,0.8514888286590576,0.7740037441253662,1.4059553146362305,1.0960149765014648,[0.1000 0.1000 0.1000 0.1000 0.1000 0.1000 0.1000],[0.0000 0.0000 0.0000 0.0000 0.0000 0.0000 0.0000],0.6254925727844238,0.7216385721158705,1.0,0.0,0.4513795670932338,None
416,0.8514888286590576,0.7740037441253662,1.4059553146362305,1.0960149765014648,[0.1000 0.1000 0.1000 0.1000 0.1000 0.1000 0.1000],[0.0000 0.0000 0.0000 0.0000 0.0000 0.0000 0.0000],0.6254925727844238,0.7216385721158705,1.0,0.0,0.4513795670932338,None
416,0.8514888286590576,0.7740037441253662,1.4059553146362305,1.0960149765014648,[0.1000 0.1000 0.1000 0.1000 0.1000 0.1000 0.1000],[0.0000 0.0000 0.0000 0.0000 0.0000 0.0000 0.0000],0.6254925727844238,0.7216385721158705,1.0,0.0,0.4513795670932338,None
416,0.8514888286590576,0.7740037441253662,1.4059553146362305,1.0960149765014648,[0.1000 0.1000 0.1000 0.1000 0.1000 0.1000 0.1000],[0.0000 0.0000 0.0000 0.0000 0.0000 0.0000 0.0000],0.6254925727844238,0.7216385721158705,1.0,0.0,0.4513795670932338,None
416,0.8514888286590576,0.7740037441253662,1.4059553146362305,1.0960149765014648,[0.1000 0.1000 0.1000 0.1000 0.1000 0.1000 0.1000],[0.0000 0.0000 0.0000 0.0000 0.0000 0.0000 0.0000],0.6254925727844238,0.7216385721158705,1.0,0.0,0.4513795670932338,None
416,0.8514888286590576,0.7740037441253662,1.4059553146362305,1.0960149765014648,[0.1000 0.1000 0.1000 0.1000 0.1000 0.1000 0.1000],[0.0000 0.0000 0.0000 0.0000 0.0000 0.0000 0.0000],0.6254925727844238,0.7216385721158705,1.0,0.0,0.4513795670932338,None
416,0.8514888286590576,0.7740037441253662,1.4059553146362305,1.0960149765014648,[0.1000 0.1000 0.1000 0.1000 0.1000 0.1000 0.1000],[0.0000 0.0000 0.0000 0.0000 0.0000 0.0000 0.0000],0.6254925727844238,0.7216385721158705,1.0,0.0,0.4513795670932338,None
416,0.8514888286590576,0.7740037441253662,1.4059553146362305,1.0960149765014648,[0.1000 0.1000 0.1000 0.1000 0.1000 0.1000 0.1000],[0.0000 0.0000 0.0000 0.0000 0.0000 0.0000 0.0000],0.6254925727844238,0.7216385721158705,1.0,0.0,0.4513795670932338,None
416,0.8514888286590576,0.7740037441253662,1.4059553146362305,1.0960149765014648,[0.1000 0.1000 0.1000 0.1000 0.1000 0.1000 0.1000],[0.0000 0.0000 0.0000 0.0000 0.0000 0.0000 0.0000],0.6254925727844238,0.7216385721158705,1.0,0.0,0.4513795670932338,None
416,0.8514888286590576,0.7740037441253662,1.4059553146362305,1.0960149765014648,[0.1000 0.1000 0.1000 0.1000 0.1000 0.1000 0.1000],[0.0000 0.0000 0.0000 0.0000 0.0000 0.0000 0.0000],0.6254925727844238,0.7216385721158705,1.0,0.0,0.4513795670932338,None
416,0.8514888286590576,0.7740037441253662,1.4059553146362305,1.0960149765014648,[0.1000 0.1000 0.1000 0.1000 0.1000 0.1000 0.1000],[0.0000 0.0000 0.0000 0.0000 0.0000 0.0000 0.0000],0.6254925727844238,0.7216385721158705,1.0,0.0,0.4513795670932338,None
416,0.8514888286590576,0.7740037441253662,1.4059553146362305,1.0960149765014648,[0.1000 0.1000 0.1000 0.1000 0.1000 0.1000 0.1000],[0.0000 0.0000 0.0000 0.0000 0.0000 0.0000 0.0000],0.6254925727844238,0.7216385721158705,1.0,0.0,0.4513795670932338,None
416,0.8514888286590576,0.7740037441253662,1.4059553146362305,1.0960149765014648,[0.1000 0.1000 0.1000 0.1000 0.1000 0.1000 0.1000],[0.0000 0.0000 0.0000 0.0000 0.0000 0.0000 0.0000],0.6254925727844238,0.7216385721158705,1.0,0.0,0.4513795670932338,None
416,0.8514888286590576,0.7740037441253662,1.4059553146362305,1.0960149765014648,[0.1000 0.1000 0.1000 0.1000 0.1000 0.1000 0.1000],[0.0000 0.0000 0.0000 0.0000 0.0000 0.0000 0.0000],0.6254925727844238,0.7216385721158705,1.0,0.0,0.4513795670932338,None
416,0.8514888286590576,0.7740037441253662,1.4059553146362305,1.0960149765014648,[0.1000 0.1000 0.1000 0.1000 0.1000 0.1000 0.1000],[0.0000 0.0000 0.0000 0.0000 0.0000 0.0000 0.0000],0.6254925727844238,0.7216385721158705,1.0,0.0,0.4513795670932338,None
416,0.8514888286590576,0.7740037441253662,1.4059553146362305,1.0960149765014648,[0.1000 0.1000 0.1000 0.1000 0.1000 0.1000 0.1000],[0.0000 0.0000 0.0000 0.0000 0.0000 0.0000 0.0000],0.6254925727844238,0.7216385721158705,1.0,0.0,0.4513795670932338,None
416,0.8514888286590576,0.7740037441253662,1.4059553146362305,1.0960149765014648,[0.1000 0.1000 0.1000 0.1000 0.1000 0.1000 0.1000],[0.0000 0.0000 0.0000 0.0000 0.0000 0.0000 0.0000],0.6254925727844238,0.7216385721158705,1.0,0.0,0.4513795670932338,None
416,0.8514888286590576,0.7740037441253662,1.4059553146362305,1.0960149765014648,[0.1000 0.1000 0.1000 0.1000 0.1000 0.1000 0.1000],[0.0000 0.0000 0.0000 0.0000 0.0000 0.0000 0.0000],0.6254925727844238,0.7216385721158705,1.0,0.0,0.4513795670932338,None
416,0.8514888286590576,0.7740037441253662,1.4059553146362305,1.0960149765014648,[0.1000 0.1000 0.1000 0.1000 0.1000 0.1000 0.1000],[0.0000 0.0000 0.0000 0.0000 0.0000 0.0000 0.0000],0.6254925727844238,0.7216385721158705,1.0,0.0,0.4513795670932338,None
416,0.8514888286590576,0.7740037441253662,1.4059553146362305,1.0960149765014648,[0.1000 0.1000 0.1000 0.1000 0.1000 0.1000 0.1000],[0.0000 0.0000 0.0000 0.0000 0.0000 0.0000 0.0000],0.6254925727844238,0.7216385721158705,1.0,0.0,0.4513795670932338,None
416,0.8514888286590576,0.7740037441253662,1.4059553146362305,1.0960149765014648,[0.1000 0.1000 0.1000 0.1000 0.1000 0.1000 0.1000],[0.0000 0.0000 0.0000 0.0000 0.0000 0.0000 0.0000],0.6254925727844238,0.7216385721158705,1.0,0.0,0.4513795670932338,None
416,0.8514888286590576,0.7740037441253662,1.4059553146362305,1.0960149765014648,[0.1000 0.1000 0.1000 0.1000 0.1000 0.1000 0.1000],[0.0000 0.0000 0.0000 0.0000 0.0000 0.0000 0.0000],0.6254925727844238,0.7216385721158705,1.0,0.0,0.4513795670932338,None
416,0.8514888286590576,0.7740037441253662,1.4059553146362305,1.0960149765014648,[0.1000 0.1000 0.1000 0.1000 0.1000 0.1000 0.1000],[0.0000 0.0000 0.0000 0.0000 0.0000 0.0000 0.0000],0.6254925727844238,0.7216385721158705,1.0,0.0,0.4513795670932338,None
416,0.8514888286590576,0.7740037441253662,1.4059553146362305,1.0960149765014648,[0.1000 0.1000 0.1000 0.1000 0.1000 0.1000 0.1000],[0.0000 0.0000 0.0000 0.0000 0.0000 0.0000 0.0000],0.6254925727844238,0.7216385721158705,1.0,0.0,0.4513795670932338,None
416,0.8514888286590576,0.7740037441253662,1.4059553146362305,1.0960149765014648,[0.1000 0.1000 0.1000 0.1000 0.1000 0.1000 0.1000],[0.0000 0.0000 0.0000 0.0000 0.0000 0.0000 0.0000],0.6254925727844238,0.7216385721158705,1.0,0.0,0.4513795670932338,None
416,0.8514888286590576,0.7740037441253662,1.4059553146362305,1.0960149765014648,[0.1000 0.1000 0.1000 0.1000 0.1000 0.1000 0.1000],[0.0000 0.0000 0.0000 0.0000 0.0000 0.0000 0.0000],0.6254925727844238,0.7216385721158705,1.0,0.0,0.4513795670932338,None
416,0.8514888286590576,0.7740037441253662,1.4059553146362305,1.0960149765014648,[0.1000 0.1000 0.1000 0.1000 0.1000 0.1000 0.1000],[0.0000 0.0000 0.0000 0.0000 0.0000 0.0000 0.0000],0.6254925727844238,0.7216385721158705,1.0,0.0,0.4513795670932338,None
416,0.8514888286590576,0.7740037441253662,1.4059553146362305,1.0960149765014648,[0.1000 0.1000 0.1000 0.1000 0.1000 0.1000 0.1000],[0.0000 0.0000 0.0000 0.0000 0.0000 0.0000 0.0000],0.6254925727844238,0.7216385721158705,1.0,0.0,0.4513795670932338,None
416,0.8514888286590576,0.7740037441253662,1.4059553146362305,1.0960149765014648,[0.1000 0.1000 0.1000 0.1000 0.1000 0.1000 0.1000],[0.0000 0.0000 0.0000 0.0000 0.0000 0.0000 0.0000],0.6254925727844238,0.7216385721158705,1.0,0.0,0.4513795670932338,None
416,0.8514888286590576,0.7740037441253662,1.4059553146362305,1.0960149765014648,[0.1000 0.1000 0.1000 0.1000 0.1000 0.1000 0.1000],[0.0000 0.0000 0.0000 0.0000 0.0000 0.0000 0.0000],0.6254925727844238,0.7216385721158705,1.0,0.0,0.4513795670932338,None
416,0.8514888286590576,0.7740037441253662,1.4059553146362305,1.0960149765014648,[0.1000 0.1000 0.1000 0.1000 0.1000 0.1000 0.1000],[0.0000 0.0000 0.0000 0.0000 0.0000 0.0000 0.0000],0.6254925727844238,0.7216385721158705,1.0,0.0,0.4513795670932338,None
416,0.8514888286590576,0.7740037441253662,1.4059553146362305,1.0960149765014648,[0.1000 0.1000 0.1000 0.1000 0.1000 0.1000 0.1000],[0.0000 0.0000 0.0000 0.0000 0.0000 0.0000 0.0000],0.6254925727844238,0.7216385721158705,1.0,0.0,0.4513795670932338,None
416,0.8514888286590576,0.7740037441253662,1.4059553146362305,1.0960149765014648,[0.1000 0.1000 0.1000 0.1000 0.1000 0.1000 0.1000],[0.0000 0.0000 0.0000 0.0000 0.0000 0.0000 0.0000],0.6254925727844238,0.7216385721158705,1.0,0.0,0.4513795670932338,None
416,0.8514888286590576,0.7740037441253662,1.4059553146362305,1.0960149765014648,[0.1000 0.1000 0.1000 0.1000 0.1000 0.1000 0.1000],[0.0000 0.0000 0.0000 0.0000 0.0000 0.0000 0.0000],0.6254925727844238,0.7216385721158705,1.0,0.0,0.4513795670932338,None
416,0.8514888286590576,0.7740037441253662,1.4059553146362305,1.0960149765014648,[0.1000 0.1000 0.1000 0.1000 0.1000 0.1000 0.1000],[0.0000 0.0000 0.0000 0.0000 0.0000 0.0000 0.0000],0.6254925727844238,0.7216385721158705,1.0,0.0,0.4513795670932338,None
416,0.8514888286590576,0.7740037441253662,1.4059553146362305,1.0960149765014648,[0.1000 0.1000 0.1000 0.1000 0.1000 0.1000 0.1000],[0.0000 0.0000 0.0000 0.0000 0.0000 0.0000 0.0000],0.6254925727844238,0.7216385721158705,1.0,0.0,0.4513795670932338,None
416,0.8514888286590576,0.7740037441253662,1.4059553146362305,1.0960149765014648,[0.1000 0.1000 0.1000 0.1000 0.1000 0.1000 0.1000],[0.0000 0.0000 0.0000 0.0000 0.0000 0.0000 0.0000],0.6254925727844238,0.7216385721158705,1.0,0.0,0.4513795670932338,None
416,0.8514888286590576,0.7740037441253662,1.4059553146362305,1.0960149765014648,[0.1000 0.1000 0.1000 0.1000 0.1000 0.1000 0.1000],[0.0000 0.0000 0.0000 0.0000 0.0000 0.0000 0.0000],0.6254925727844238,0.7216385721158705,1.0,0.0,0.4513795670932338,None
416,0.8514888286590576,0.7740037441253662,1.4059553146362305,1.0960149765014648,[0.1000 0.1000 0.1000 0.1000 0.1000 0.1000 0.1000],[0.0000 0.0000 0.0000 0.0000 0.0000 0.0000 0.0000],0.6254925727844238,0.7216385721158705,1.0,0.0,0.4513795670932338,None
416,0.8514888286590576,0.7740037441253662,1.4059553146362305,1.0960149765014648,[0.1000 0.1000 0.1000 0.1000 0.1000 0.1000 0.1000],[0.0000 0.0000 0.0000 0.0000 0.0000 0.0000 0.0000],0.6254925727844238,0.7216385721158705,1.0,0.0,0.4513795670932338,None
416,0.8514888286590576,0.7740037441253662,1.4059553146362305,1.0960149765014648,[0.1000 0.1000 0.1000 0.1000 0.1000 0.1000 0.1000],[0.0000 0.0000 0.0000 0.0000 0.0000 0.0000 0.0000],0.6254925727844238,0.7216385721158705,1.0,0.0,0.4513795670932338,None
416,0.8514888286590576,0.7740037441253662,1.4059553146362305,1.0960149765014648,[0.1000 0.1000 0.1000 0.1000 0.1000 0.1000 0.1000],[0.0000 0.0000 0.0000 0.0000 0.0000 0.0000 0.0000],0.6254925727844238,0.7216385721158705,1.0,0.0,0.4513795670932338,None
416,0.8514888286590576,0.7740037441253662,1.4059553146362305,1.0960149765014648,[0.1000 0.1000 0.1000 0.1000 0.1000 0.1000 0.1000],[0.0000 0.0000 0.0000 0.0000 0.0000 0.0000 0.0000],0.6254925727844238,0.7216385721158705,1.0,0.0,0.4513795670932338,None
416,0.8514888286590576,0.7740037441253662,1.4059553146362305,1.0960149765014648,[0.1000 0.1000 0.1000 0.1000 0.1000 0.1000 0.1000],[0.0000 0.0000 0.0000 0.0000 0.0000 0.0000 0.0000],0.6254925727844238,0.7216385721158705,1.0,0.0,0.4513795670932338,None
416,0.8514888286590576,0.7740037441253662,1.4059553146362305,1.0960149765014648,[0.1000 0.1000 0.1000 0.1000 0.1000 0.1000 0.1000],[0.0000 0.0000 0.0000 0.0000 0.0000 0.0000 0.0000],0.6254925727844238,0.7216385721158705,1.0,0.0,0.4513795670932338,None
416,0.8514888286590576,0.7740037441253662,1.4059553146362305,1.0960149765014648,[0.1000 0.1000 0.1000 0.1000 0.1000 0.1000 0.1000],[0.0000 0.0000 0.0000 0.0000 0.0000 0.0000 0.0000],0.6254925727844238,0.7216385721158705,1.0,0.0,0.4513795670932338,None
416,0.8514888286590576,0.7740037441253662,1.4059553146362305,1.0960149765014648,[0.1000 0.1000 0.1000 0.1000 0.1000 0.1000 0.1000],[0.0000 0.0000 0.0000 0.0000 0.0000 0.0000 0.0000],0.6254925727844238,0.7216385721158705,1.0,0.0,0.4513795670932338,None
416,0.8514888286590576,0.7740037441253662,1.4059553146362305,1.0960149765014648,[0.1000 0.1000 0.1000 0.1000 0.1000 0.1000 0.1000],[0.0000 0.0000 0.0000 0.0000 0.0000 0.0000 0.0000],0.6254925727844238,0.7216385721158705,1.0,0.0,0.4513795670932338,None
416,0.8514888286590576,0.7740037441253662,1.4059553146362305,1.0960149765014648,[0.1000 0.1000 0.1000 0.1000 0.1000 0.1000 0.1000],[0.0000 0.0000 0.0000 0.0000 0.0000 0.0000 0.0000],0.6254925727844238,0.7216385721158705,1.0,0.0,0.4513795670932338,None
416,0.8514888286590576,0.7740037441253662,1.4059553146362305,1.0960149765014648,[0.1000 0.1000 0.1000 0.1000 0.1000 0.1000 0.1000],[0.0000 0.0000 0.0000 0.0000 0.0000 0.0000 0.0000],0.6254925727844238,0.7216385721158705,1.0,0.0,0.4513795670932338,None
416,0.8514888286590576,0.7740037441253662,1.4059553146362305,1.0960149765014648,[0.1000 0.1000 0.1000 0.1000 0.1000 0.1000 0.1000],[0.0000 0.0000 0.0000 0.0000 0.0000 0.0000 0.0000],0.6254925727844238,0.7216385721158705,1.0,0.0,0.4513795670932338,None
416,0.8514888286590576,0.7740037441253662,1.4059553146362305,1.0960149765014648,[0.1000 0.1000 0.1000 0.1000 0.1000 0.1000 0.1000],[0.0000 0.0000 0.0000 0.0000 0.0000 0.0000 0.0000],0.6254925727844238,0.7216385721158705,1.0,0.0,0.4513795670932338,None
416,0.8514888286590576,0.7740037441253662,1.4059553146362305,1.0960149765014648,[0.1000 0.1000 0.1000 0.1000 0.1000 0.1000 0.1000],[0.0000 0.0000 0.0000 0.0000 0.0000 0.0000 0.0000],0.6254925727844238,0.7216385721158705,1.0,0.0,0.4513795670932338,None
416,0.8514888286590576,0.7740037441253662,1.4059553146362305,1.0960149765014648,[0.1000 0.1000 0.1000 0.1000 0.1000 0.1000 0.1000],[0.0000 0.0000 0.0000 0.0000 0.0000 0.0000 0.0000],0.6254925727844238,0.7216385721158705,1.0,0.0,0.4513795670932338,None
416,0.8514888286590576,0.7740037441253662,1.4059553146362305,1.0960149765014648,[0.1000 0.1000 0.1000 0.1000 0.1000 0.1000 0.1000],[0.0000 0.0000 0.0000 0.0000 0.0000 0.0000 0.0000],0.6254925727844238,0.7216385721158705,1.0,0.0,0.4513795670932338,None
416,0.8514888286590576,0.7740037441253662,1.4059553146362305,1.0960149765014648,[0.1000 0.1000 0.1000 0.1000 0.1000 0.1000 0.1000],[0.0000 0.0000 0.0000 0.0000 0.0000 0.0000 0.0000],0.6254925727844238,0.7216385721158705,1.0,0.0,0.4513795670932338,None
416,0.8514888286590576,0.7740037441253662,1.4059553146362305,1.0960149765014648,[0.1000 0.1000 0.1000 0.1000 0.1000 0.1000 0.1000],[0.0000 0.0000 0.0000 0.0000 0.0000 0.0000 0.0000],0.6254925727844238,0.7216385721158705,1.0,0.0,0.4513795670932338,None
416,0.8514888286590576,0.7740037441253662,1.4059553146362305,1.0960149765014648,[0.1000 0.1000 0.1000 0.1000 0.1000 0.1000 0.1000],[0.0000 0.0000 0.0000 0.0000 0.0000 0.0000 0.0000],0.6254925727844238,0.7216385721158705,1.0,0.0,0.4513795670932338,None
416,0.8514888286590576,0.7740037441253662,1.4059553146362305,1.0960149765014648,[0.1000 0.1000 0.1000 0.1000 0.1000 0.1000 0.1000],[0.0000 0.0000 0.0000 0.0000 0.0000 0.0000 0.0000],0.6254925727844238,0.7216385721158705,1.0,0.0,0.4513795670932338,None
416,0.8514888286590576,0.7740037441253662,1.4059553146362305,1.0960149765014648,[0.1000 0.1000 0.1000 0.1000 0.1000 0.1000 0.1000],[0.0000 0.0000 0.0000 0.0000 0.0000 0.0000 0.0000],0.6254925727844238,0.7216385721158705,1.0,0.0,0.4513795670932338,None
416,0.8514888286590576,0.7740037441253662,1.4059553146362305,1.0960149765014648,[0.1000 0.1000 0.1000 0.1000 0.1000 0.1000 0.1000],[0.0000 0.0000 0.0000 0.0000 0.0000 0.0000 0.0000],0.6254925727844238,0.7216385721158705,1.0,0.0,0.4513795670932338,None
416,0.8514888286590576,0.7740037441253662,1.4059553146362305,1.0960149765014648,[0.1000 0.1000 0.1000 0.1000 0.1000 0.1000 0.1000],[0.0000 0.0000 0.0000 0.0000 0.0000 0.0000 0.0000],0.6254925727844238,0.7216385721158705,1.0,0.0,0.4513795670932338,None
416,0.8514888286590576,0.7740037441253662,1.4059553146362305,1.0960149765014648,[0.1000 0.1000 0.1000 0.1000 0.1000 0.1000 0.1000],[0.0000 0.0000 0.0000 0.0000 0.0000 0.0000 0.0000],0.6254925727844238,0.7216385721158705,1.0,0.0,0.4513795670932338,None
416,0.8514888286590576,0.7740037441253662,1.4059553146362305,1.0960149765014648,[0.1000 0.1000 0.1000 0.1000 0.1000 0.1000 0.1000],[0.0000 0.0000 0.0000 0.0000 0.0000 0.0000 0.0000],0.6254925727844238,0.7216385721158705,1.0,0.0,0.4513795670932338,None
416,0.8514888286590576,0.7740037441253662,1.4059553146362305,1.0960149765014648,[0.1000 0.1000 0.1000 0.1000 0.1000 0.1000 0.1000],[0.0000 0.0000 0.0000 0.0000 0.0000 0.0000 0.0000],0.6254925727844238,0.7216385721158705,1.0,0.0,0.4513795670932338,None
416,0.8514888286590576,0.7740037441253662,1.4059553146362305,1.0960149765014648,[0.1000 0.1000 0.1000 0.1000 0.1000 0.1000 0.1000],[0.0000 0.0000 0.0000 0.0000 0.0000 0.0000 0.0000],0.6254925727844238,0.7216385721158705,1.0,0.0,0.4513795670932338,None
416,0.8514888286590576,0.7740037441253662,1.4059553146362305,1.0960149765014648,[0.1000 0.1000 0.1000 0.1000 0.1000 0.1000 0.1000],[0.0000 0.0000 0.0000 0.0000 0.0000 0.0000 0.0000],0.6254925727844238,0.7216385721158705,1.0,0.0,0.4513795670932338,None
416,0.8514888286590576,0.7740037441253662,1.4059553146362305,1.0960149765014648,[0.1000 0.1000 0.1000 0.1000 0.1000 0.1000 0.1000],[0.0000 0.0000 0.0000 0.0000 0.0000 0.0000 0.0000],0.6254925727844238,0.7216385721158705,1.0,0.0,0.4513795670932338,None
416,0.8514888286590576,0.7740037441253662,1.4059553146362305,1.0960149765014648,[0.1000 0.1000 0.1000 0.1000 0.1000 0.1000 0.1000],[0.0000 0.0000 0.0000 0.0000 0.0000 0.0000 0.0000],0.6254925727844238,0.7216385721158705,1.0,0.0,0.4513795670932338,None
416,0.8514888286590576,0.7740037441253662,1.4059553146362305,1.0960149765014648,[0.1000 0.1000 0.1000 0.1000 0.1000 0.1000 0.1000],[0.0000 0.0000 0.0000 0.0000 0.0000 0.0000 0.0000],0.6254925727844238,0.7216385721158705,1.0,0.0,0.4513795670932338,None
416,0.8514888286590576,0.7740037441253662,1.4059553146362305,1.0960149765014648,[0.1000 0.1000 0.1000 0.1000 0.1000 0.1000 0.1000],[0.0000 0.0000 0.0000 0.0000 0.0000 0.0000 0.0000],0.6254925727844238,0.7216385721158705,1.0,0.0,0.4513795670932338,None
416,0.8514888286590576,0.7740037441253662,1.4059553146362305,1.0960149765014648,[0.1000 0.1000 0.1000 0.1000 0.1000 0.1000 0.1000],[0.0000 0.0000 0.0000 0.0000 0.0000 0.0000 0.0000],0.6254925727844238,0.7216385721158705,1.0,0.0,0.4513795670932338,None
416,0.8514888286590576,0.7740037441253662,1.4059553146362305,1.0960149765014648,[0.1000 0.1000 0.1000 0.1000 0.1000 0.1000 0.1000],[0.0000 0.0000 0.0000 0.0000 0.0000 0.0000 0.0000],0.6254925727844238,0.7216385721158705,1.0,0.0,0.4513795670932338,None
416,0.8514888286590576,0.7740037441253662,1.4059553146362305,1.0960149765014648,[0.1000 0.1000 0.1000 0.1000 0.1000 0.1000 0.1000],[0.0000 0.0000 0.0000 0.0000 0.0000 0.0000 0.0000],0.6254925727844238,0.7216385721158705,1.0,0.0,0.4513795670932338,None
416,0.8514888286590576,0.7740037441253662,1.4059553146362305,1.0960149765014648,[0.1000 0.1000 0.1000 0.1000 0.1000 0.1000 0.1000],[0.0000 0.0000 0.0000 0.0000 0.0000 0.0000 0.0000],0.6254925727844238,0.7216385721158705,1.0,0.0,0.4513795670932338,None
416,0.8514888286590576,0.7740037441253662,1.4059553146362305,1.0960149765014648,[0.1000 0.1000 0.1000 0.1000 0.1000 0.1000 0.1000],[0.0000 0.0000 0.0000 0.0000 0.0000 0.0000 0.0000],0.6254925727844238,0.7216385721158705,1.0,0.0,0.4513795670932338,None
416,0.8514888286590576,0.7740037441253662,1.4059553146362305,1.0960149765014648,[0.1000 0.1000 0.1000 0.1000 0.1000 0.1000 0.1000],[0.0000 0.0000 0.0000 0.0000 0.0000 0.0000 0.0000],0.6254925727844238,0.7216385721158705,1.0,0.0,0.4513795670932338,None
416,0.8514888286590576,0.7740037441253662,1.4059553146362305,1.0960149765014648,[0.1000 0.1000 0.1000 0.1000 0.1000 0.1000 0.1000],[0.0000 0.0000 0.0000 0.0000 0.0000 0.0000 0.0000],0.6254925727844238,0.7216385721158705,1.0,0.0,0.4513795670932338,None
416,0.8514888286590576,0.7740037441253662,1.4059553146362305,1.0960149765014648,[0.1000 0.1000 0.1000 0.1000 0.1000 0.1000 0.1000],[0.0000 0.0000 0.0000 0.0000 0.0000 0.0000 0.0000],0.6254925727844238,0.7216385721158705,1.0,0.0,0.4513795670932338,None
416,0.8514888286590576,0.7740037441253662,1.4059553146362305,1.0960149765014648,[0.1000 0.1000 0.1000 0.1000 0.1000 0.1000 0.1000],[0.0000 0.0000 0.0000 0.0000 0.0000 0.0000 0.0000],0.6254925727844238,0.7216385721158705,1.0,0.0,0.4513795670932338,None
416,0.8514888286590576,0.7740037441253662,1.4059553146362305,1.0960149765014648,[0.1000 0.1000 0.1000 0.1000 0.1000 0.1000 0.1000],[0.0000 0.0000 0.0000 0.0000 0.0000 0.0000 0.0000],0.6254925727844238,0.7216385721158705,1.0,0.0,0.4513795670932338,None
416,0.8514888286590576,0.7740037441253662,1.4059553146362305,1.0960149765014648,[0.1000 0.1000 0.1000 0.1000 0.1000 0.1000 0.1000],[0.0000 0.0000 0.0000 0.0000 0.0000 0.0000 0.0000],0.6254925727844238,0.7216385721158705,1.0,0.0,0.4513795670932338,None
416,0.8514888286590576,0.7740037441253662,1.4059553146362305,1.0960149765014648,[0.1000 0.1000 0.1000 0.1000 0.1000 0.1000 0.1000],[0.0000 0.0000 0.0000 0.0000 0.0000 0.0000 0.0000],0.6254925727844238,0.7216385721158705,1.0,0.0,0.4513795670932338,None
416,0.8514888286590576,0.7740037441253662,1.4059553146362305,1.0960149765014648,[0.1000 0.1000 0.1000 0.1000 0.1000 0.1000 0.1000],[0.0000 0.0000 0.0000 0.0000 0.0000 0.0000 0.0000],0.6254925727844238,0.7216385721158705,1.0,0.0,0.4513795670932338,None
416,0.8514888286590576,0.7740037441253662,1.4059553146362305,1.0960149765014648,[0.1000 0.1000 0.1000 0.1000 0.1000 0.1000 0.1000],[0.0000 0.0000 0.0000 0.0000 0.0000 0.0000 0.0000],0.6254925727844238,0.7216385721158705,1.0,0.0,0.4513795670932338,None
416,0.8514888286590576,0.7740037441253662,1.4059553146362305,1.0960149765014648,[0.1000 0.1000 0.1000 0.1000 0.1000 0.1000 0.1000],[0.0000 0.0000 0.0000 0.0000 0.0000 0.0000 0.0000],0.6254925727844238,0.7216385721158705,1.0,0.0,0.4513795670932338,None
416,0.8514888286590576,0.7740037441253662,1.4059553146362305,1.0960149765014648,[0.1000 0.1000 0.1000 0.1000 0.1000 0.1000 0.1000],[0.0000 0.0000 0.0000 0.0000 0.0000 0.0000 0.0000],0.6254925727844238,0.7216385721158705,1.0,0.0,0.4513795670932338,None
416,0.8514888286590576,0.7740037441253662,1.4059553146362305,1.0960149765014648,[0.1000 0.1000 0.1000 0.1000 0.1000 0.1000 0.1000],[0.0000 0.0000 0.0000 0.0000 0.0000 0.0000 0.0000],0.6254925727844238,0.7216385721158705,1.0,0.0,0.4513795670932338,None
416,0.8514888286590576,0.7740037441253662,1.4059553146362305,1.0960149765014648,[0.1000 0.1000 0.1000 0.1000 0.1000 0.1000 0.1000],[0.0000 0.0000 0.0000 0.0000 0.0000 0.0000 0.0000],0.6254925727844238,0.7216385721158705,1.0,0.0,0.4513795670932338,None
416,0.8514888286590576,0.7740037441253662,1.4059553146362305,1.0960149765014648,[0.1000 0.1000 0.1000 0.1000 0.1000 0.1000 0.1000],[0.0000 0.0000 0.0000 0.0000 0.0000 0.0000 0.0000],0.6254925727844238,0.7216385721158705,1.0,0.0,0.4513795670932338,None
416,0.8514888286590576,0.7740037441253662,1.4059553146362305,1.0960149765014648,[0.1000 0.1000 0.1000 0.1000 0.1000 0.1000 0.1000],[0.0000 0.0000 0.0000 0.0000 0.0000 0.0000 0.0000],0.6254925727844238,0.7216385721158705,1.0,0.0,0.4513795670932338,None
416,0.8514888286590576,0.7740037441253662,1.4059553146362305,1.0960149765014648,[0.1000 0.1000 0.1000 0.1000 0.1000 0.1000 0.1000],[0.0000 0.0000 0.0000 0.0000 0.0000 0.0000 0.0000],0.6254925727844238,0.7216385721158705,1.0,0.0,0.4513795670932338,None
416,0.8514888286590576,0.7740037441253662,1.4059553146362305,1.0960149765014648,[0.1000 0.1000 0.1000 0.1000 0.1000 0.1000 0.1000],[0.0000 0.0000 0.0000 0.0000 0.0000 0.0000 0.0000],0.6254925727844238,0.7216385721158705,1.0,0.0,0.4513795670932338,None
416,0.8514888286590576,0.7740037441253662,1.4059553146362305,1.0960149765014648,[0.1000 0.1000 0.1000 0.1000 0.1000 0.1000 0.1000],[0.0000 0.0000 0.0000 0.0000 0.0000 0.0000 0.0000],0.6254925727844238,0.7216385721158705,1.0,0.0,0.4513795670932338,None
416,0.8514888286590576,0.7740037441253662,1.4059553146362305,1.0960149765014648,[0.1000 0.1000 0.1000 0.1000 0.1000 0.1000 0.1000],[0.0000 0.0000 0.0000 0.0000 0.0000 0.0000 0.0000],0.6254925727844238,0.7216385721158705,1.0,0.0,0.4513795670932338,None
416,0.8514888286590576,0.7740037441253662,1.4059553146362305,1.0960149765014648,[0.1000 0.1000 0.1000 0.1000 0.1000 0.1000 0.1000],[0.0000 0.0000 0.0000 0.0000 0.0000 0.0000 0.0000],0.6254925727844238,0.7216385721158705,1.0,0.0,0.4513795670932338,None
416,0.8514888286590576,0.7740037441253662,1.4059553146362305,1.0960149765014648,[0.1000 0.1000 0.1000 0.1000 0.1000 0.1000 0.1000],[0.0000 0.0000 0.0000 0.0000 0.0000 0.0000 0.0000],0.6254925727844238,0.7216385721158705,1.0,0.0,0.4513795670932338,None
416,0.8514888286590576,0.7740037441253662,1.4059553146362305,1.0960149765014648,[0.1000 0.1000 0.1000 0.1000 0.1000 0.1000 0.1000],[0.0000 0.0000 0.0000 0.0000 0.0000 0.0000 0.0000],0.6254925727844238,0.7216385721158705,1.0,0.0,0.4513795670932338,None
416,0.8514888286590576,0.7740037441253662,1.4059553146362305,1.0960149765014648,[0.1000 0.1000 0.1000 0.1000 0.1000 0.1000 0.1000],[0.0000 0.0000 0.0000 0.0000 0.0000 0.0000 0.0000],0.6254925727844238,0.7216385721158705,1.0,0.0,0.4513795670932338,None
416,0.8514888286590576,0.7740037441253662,1.4059553146362305,1.0960149765014648,[0.1000 0.1000 0.1000 0.1000 0.1000 0.1000 0.1000],[0.0000 0.0000 0.0000 0.0000 0.0000 0.0000 0.0000],0.6254925727844238,0.7216385721158705,1.0,0.0,0.4513795670932338,None
416,0.8514888286590576,0.7740037441253662,1.4059553146362305,1.0960149765014648,[0.1000 0.1000 0.1000 0.1000 0.1000 0.1000 0.1000],[0.0000 0.0000 0.0000 0.0000 0.0000 0.0000 0.0000],0.6254925727844238,0.7216385721158705,1.0,0.0,0.4513795670932338,None
416,0.8514888286590576,0.7740037441253662,1.4059553146362305,1.0960149765014648,[0.1000 0.1000 0.1000 0.1000 0.1000 0.1000 0.1000],[0.0000 0.0000 0.0000 0.0000 0.0000 0.0000 0.0000],0.6254925727844238,0.7216385721158705,1.0,0.0,0.4513795670932338,None
416,0.8514888286590576,0.7740037441253662,1.4059553146362305,1.0960149765014648,[0.1000 0.1000 0.1000 0.1000 0.1000 0.1000 0.1000],[0.0000 0.0000 0.0000 0.0000 0.0000 0.0000 0.0000],0.6254925727844238,0.7216385721158705,1.0,0.0,0.4513795670932338,None
416,0.8514888286590576,0.7740037441253662,1.4059553146362305,1.0960149765014648,[0.1000 0.1000 0.1000 0.1000 0.1000 0.1000 0.1000],[0.0000 0.0000 0.0000 0.0000 0.0000 0.0000 0.0000],0.6254925727844238,0.7216385721158705,1.0,0.0,0.4513795670932338,None
416,0.8514888286590576,0.7740037441253662,1.4059553146362305,1.0960149765014648,[0.1000 0.1000 0.1000 0.1000 0.1000 0.1000 0.1000],[0.0000 0.0000 0.0000 0.0000 0.0000 0.0000 0.0000],0.6254925727844238,0.7216385721158705,1.0,0.0,0.4513795670932338,None
416,0.8514888286590576,0.7740037441253662,1.4059553146362305,1.0960149765014648,[0.1000 0.1000 0.1000 0.1000 0.1000 0.1000 0.1000],[0.0000 0.0000 0.0000 0.0000 0.0000 0.0000 0.0000],0.6254925727844238,0.7216385721158705,1.0,0.0,0.4513795670932338,None
416,0.8514888286590576,0.7740037441253662,1.4059553146362305,1.0960149765014648,[0.1000 0.1000 0.1000 0.1000 0.1000 0.1000 0.1000],[0.0000 0.0000 0.0000 0.0000 0.0000 0.0000 0.0000],0.6254925727844238,0.7216385721158705,1.0,0.0,0.4513795670932338,None
416,0.8514888286590576,0.7740037441253662,1.4059553146362305,1.0960149765014648,[0.1000 0.1000 0.1000 0.1000 0.1000 0.1000 0.1000],[0.0000 0.0000 0.0000 0.0000 0.0000 0.0000 0.0000],0.6254925727844238,0.7216385721158705,1.0,0.0,0.4513795670932338,None
416,0.8514888286590576,0.7740037441253662,1.4059553146362305,1.0960149765014648,[0.1000 0.1000 0.1000 0.1000 0.1000 0.1000 0.1000],[0.0000 0.0000 0.0000 0.0000 0.0000 0.0000 0.0000],0.6254925727844238,0.7216385721158705,1.0,0.0,0.4513795670932338,None
416,0.8514888286590576,0.7740037441253662,1.4059553146362305,1.0960149765014648,[0.1000 0.1000 0.1000 0.1000 0.1000 0.1000 0.1000],[0.0000 0.0000 0.0000 0.0000 0.0000 0.0000 0.0000],0.6254925727844238,0.7216385721158705,1.0,0.0,0.4513795670932338,None
416,0.8514888286590576,0.7740037441253662,1.4059553146362305,1.0960149765014648,[0.1000 0.1000 0.1000 0.1000 0.1000 0.1000 0.1000],[0.0000 0.0000 0.0000 0.0000 0.0000 0.0000 0.0000],0.6254925727844238,0.7216385721158705,1.0,0.0,0.4513795670932338,None
416,0.8514888286590576,0.7740037441253662,1.4059553146362305,1.0960149765014648,[0.1000 0.1000 0.1000 0.1000 0.1000 0.1000 0.1000],[0.0000 0.0000 0.0000 0.0000 0.0000 0.0000 0.0000],0.6254925727844238,0.7216385721158705,1.0,0.0,0.4513795670932338,None
416,0.8514888286590576,0.7740037441253662,1.4059553146362305,1.0960149765014648,[0.1000 0.1000 0.1000 0.1000 0.1000 0.1000 0.1000],[0.0000 0.0000 0.0000 0.0000 0.0000 0.0000 0.0000],0.6254925727844238,0.7216385721158705,1.0,0.0,0.4513795670932338,None
416,0.8514888286590576,0.7740037441253662,1.4059553146362305,1.0960149765014648,[0.1000 0.1000 0.1000 0.1000 0.1000 0.1000 0.1000],[0.0000 0.0000 0.0000 0.0000 0.0000 0.0000 0.0000],0.6254925727844238,0.7216385721158705,1.0,0.0,0.4513795670932338,None
416,0.8514888286590576,0.7740037441253662,1.4059553146362305,1.0960149765014648,[0.1000 0.1000 0.1000 0.1000 0.1000 0.1000 0.1000],[0.0000 0.0000 0.0000 0.0000 0.0000 0.0000 0.0000],0.6254925727844238,0.7216385721158705,1.0,0.0,0.4513795670932338,None
416,0.8514888286590576,0.7740037441253662,1.4059553146362305,1.0960149765014648,[0.1000 0.1000 0.1000 0.1000 0.1000 0.1000 0.1000],[0.0000 0.0000 0.0000 0.0000 0.0000 0.0000 0.0000],0.6254925727844238,0.7216385721158705,1.0,0.0,0.4513795670932338,None
416,0.8514888286590576,0.7740037441253662,1.4059553146362305,1.0960149765014648,[0.1000 0.1000 0.1000 0.1000 0.1000 0.1000 0.1000],[0.0000 0.0000 0.0000 0.0000 0.0000 0.0000 0.0000],0.6254925727844238,0.7216385721158705,1.0,0.0,0.4513795670932338,None
416,0.8514888286590576,0.7740037441253662,1.4059553146362305,1.0960149765014648,[0.1000 0.1000 0.1000 0.1000 0.1000 0.1000 0.1000],[0.0000 0.0000 0.0000 0.0000 0.0000 0.0000 0.0000],0.6254925727844238,0.7216385721158705,1.0,0.0,0.4513795670932338,None
416,0.8514888286590576,0.7740037441253662,1.4059553146362305,1.0960149765014648,[0.1000 0.1000 0.1000 0.1000 0.1000 0.1000 0.1000],[0.0000 0.0000 0.0000 0.0000 0.0000 0.0000 0.0000],0.6254925727844238,0.7216385721158705,1.0,0.0,0.4513795670932338,None
416,0.8514888286590576,0.7740037441253662,1.4059553146362305,1.0960149765014648,[0.1000 0.1000 0.1000 0.1000 0.1000 0.1000 0.1000],[0.0000 0.0000 0.0000 0.0000 0.0000 0.0000 0.0000],0.6254925727844238,0.7216385721158705,1.0,0.0,0.4513795670932338,None
416,0.8514888286590576,0.7740037441253662,1.4059553146362305,1.0960149765014648,[0.1000 0.1000 0.1000 0.1000 0.1000 0.1000 0.1000],[0.0000 0.0000 0.0000 0.0000 0.0000 0.0000 0.0000],0.6254925727844238,0.7216385721158705,1.0,0.0,0.4513795670932338,None
416,0.8514888286590576,0.7740037441253662,1.4059553146362305,1.0960149765014648,[0.1000 0.1000 0.1000 0.1000 0.1000 0.1000 0.1000],[0.0000 0.0000 0.0000 0.0000 0.0000 0.0000 0.0000],0.6254925727844238,0.7216385721158705,1.0,0.0,0.4513795670932338,None
416,0.8514888286590576,0.7740037441253662,1.4059553146362305,1.0960149765014648,[0.1000 0.1000 0.1000 0.1000 0.1000 0.1000 0.1000],[0.0000 0.0000 0.0000 0.0000 0.0000 0.0000 0.0000],0.6254925727844238,0.7216385721158705,1.0,0.0,0.4513795670932338,None
416,0.8514888286590576,0.7740037441253662,1.4059553146362305,1.0960149765014648,[0.1000 0.1000 0.1000 0.1000 0.1000 0.1000 0.1000],[0.0000 0.0000 0.0000 0.0000 0.0000 0.0000 0.0000],0.6254925727844238,0.7216385721158705,1.0,0.0,0.4513795670932338,None
416,0.8514888286590576,0.7740037441253662,1.4059553146362305,1.0960149765014648,[0.1000 0.1000 0.1000 0.1000 0.1000 0.1000 0.1000],[0.0000 0.0000 0.0000 0.0000 0.0000 0.0000 0.0000],0.6254925727844238,0.7216385721158705,1.0,0.0,0.4513795670932338,None
416,0.8514888286590576,0.7740037441253662,1.4059553146362305,1.0960149765014648,[0.1000 0.1000 0.1000 0.1000 0.1000 0.1000 0.1000],[0.0000 0.0000 0.0000 0.0000 0.0000 0.0000 0.0000],0.6254925727844238,0.7216385721158705,1.0,0.0,0.4513795670932338,None
416,0.8514888286590576,0.7740037441253662,1.4059553146362305,1.0960149765014648,[0.1000 0.1000 0.1000 0.1000 0.1000 0.1000 0.1000],[0.0000 0.0000 0.0000 0.0000 0.0000 0.0000 0.0000],0.6254925727844238,0.7216385721158705,1.0,0.0,0.4513795670932338,None
416,0.8514888286590576,0.7740037441253662,1.4059553146362305,1.0960149765014648,[0.1000 0.1000 0.1000 0.1000 0.1000 0.1000 0.1000],[0.0000 0.0000 0.0000 0.0000 0.0000 0.0000 0.0000],0.6254925727844238,0.7216385721158705,1.0,0.0,0.4513795670932338,None
416,0.8514888286590576,0.7740037441253662,1.4059553146362305,1.0960149765014648,[0.1000 0.1000 0.1000 0.1000 0.1000 0.1000 0.1000],[0.0000 0.0000 0.0000 0.0000 0.0000 0.0000 0.0000],0.6254925727844238,0.7216385721158705,1.0,0.0,0.4513795670932338,None
416,0.8514888286590576,0.7740037441253662,1.4059553146362305,1.0960149765014648,[0.1000 0.1000 0.1000 0.1000 0.1000 0.1000 0.1000],[0.0000 0.0000 0.0000 0.0000 0.0000 0.0000 0.0000],0.6254925727844238,0.7216385721158705,1.0,0.0,0.4513795670932338,None
416,0.8514888286590576,0.7740037441253662,1.4059553146362305,1.0960149765014648,[0.1000 0.1000 0.1000 0.1000 0.1000 0.1000 0.1000],[0.0000 0.0000 0.0000 0.0000 0.0000 0.0000 0.0000],0.6254925727844238,0.7216385721158705,1.0,0.0,0.4513795670932338,None
416,0.8514888286590576,0.7740037441253662,1.4059553146362305,1.0960149765014648,[0.1000 0.1000 0.1000 0.1000 0.1000 0.1000 0.1000],[0.0000 0.0000 0.0000 0.0000 0.0000 0.0000 0.0000],0.6254925727844238,0.7216385721158705,1.0,0.0,0.4513795670932338,None
416,0.8514888286590576,0.7740037441253662,1.4059553146362305,1.0960149765014648,[0.1000 0.1000 0.1000 0.1000 0.1000 0.1000 0.1000],[0.0000 0.0000 0.0000 0.0000 0.0000 0.0000 0.0000],0.6254925727844238,0.7216385721158705,1.0,0.0,0.4513795670932338,None
416,0.8514888286590576,0.7740037441253662,1.4059553146362305,1.0960149765014648,[0.1000 0.1000 0.1000 0.1000 0.1000 0.1000 0.1000],[0.0000 0.0000 0.0000 0.0000 0.0000 0.0000 0.0000],0.6254925727844238,0.7216385721158705,1.0,0.0,0.4513795670932338,None
416,0.8514888286590576,0.7740037441253662,1.4059553146362305,1.0960149765014648,[0.1000 0.1000 0.1000 0.1000 0.1000 0.1000 0.1000],[0.0000 0.0000 0.0000 0.0000 0.0000 0.0000 0.0000],0.6254925727844238,0.7216385721158705,1.0,0.0,0.4513795670932338,None
416,0.8514888286590576,0.7740037441253662,1.4059553146362305,1.0960149765014648,[0.1000 0.1000 0.1000 0.1000 0.1000 0.1000 0.1000],[0.0000 0.0000 0.0000 0.0000 0.0000 0.0000 0.0000],0.6254925727844238,0.7216385721158705,1.0,0.0,0.4513795670932338,None
416,0.8514888286590576,0.7740037441253662,1.4059553146362305,1.0960149765014648,[0.1000 0.1000 0.1000 0.1000 0.1000 0.1000 0.1000],[0.0000 0.0000 0.0000 0.0000 0.0000 0.0000 0.0000],0.6254925727844238,0.7216385721158705,1.0,0.0,0.4513795670932338,None
416,0.8514888286590576,0.7740037441253662,1.4059553146362305,1.0960149765014648,[0.1000 0.1000 0.1000 0.1000 0.1000 0.1000 0.1000],[0.0000 0.0000 0.0000 0.0000 0.0000 0.0000 0.0000],0.6254925727844238,0.7216385721158705,1.0,0.0,0.4513795670932338,None
416,0.8514888286590576,0.7740037441253662,1.4059553146362305,1.0960149765014648,[0.1000 0.1000 0.1000 0.1000 0.1000 0.1000 0.1000],[0.0000 0.0000 0.0000 0.0000 0.0000 0.0000 0.0000],0.6254925727844238,0.7216385721158705,1.0,0.0,0.4513795670932338,None
416,0.8514888286590576,0.7740037441253662,1.4059553146362305,1.0960149765014648,[0.1000 0.1000 0.1000 0.1000 0.1000 0.1000 0.1000],[0.0000 0.0000 0.0000 0.0000 0.0000 0.0000 0.0000],0.6254925727844238,0.7216385721158705,1.0,0.0,0.4513795670932338,None
416,0.8514888286590576,0.7740037441253662,1.4059553146362305,1.0960149765014648,[0.1000 0.1000 0.1000 0.1000 0.1000 0.1000 0.1000],[0.0000 0.0000 0.0000 0.0000 0.0000 0.0000 0.0000],0.6254925727844238,0.7216385721158705,1.0,0.0,0.4513795670932338,None
416,0.8514888286590576,0.7740037441253662,1.4059553146362305,1.0960149765014648,[0.1000 0.1000 0.1000 0.1000 0.1000 0.1000 0.1000],[0.0000 0.0000 0.0000 0.0000 0.0000 0.0000 0.0000],0.6254925727844238,0.7216385721158705,1.0,0.0,0.4513795670932338,None
416,0.8495408892631531,0.7740037441253662,1.3981635570526123,1.0960149765014648,[0.1079 0.1000 0.1000 0.1000 0.1000 0.1000 0.1000],[-0.0788 0.0000 0.0000 0.0000 0.0000 0.0000 0.0000],0.6235446333885193,0.7251597825321285,1.0,0.0,0.45216949074709445,None
416,0.849693775177002,0.7740037441253662,1.3987751007080078,1.0960149765014648,[0.1073 0.1000 0.1000 0.1000 0.1000 0.1000 0.1000],[-0.0728 0.0000 0.0000 0.0000 0.0000 0.0000 0.0000],0.6236975193023682,0.7248817871320843,1.0,0.0,0.45210697242174824,None
416,0.8498853445053101,0.7740037441253662,1.3995413780212402,1.0960149765014648,[0.1065 0.1000 0.1000 0.1000 0.1000 0.1000 0.1000],[-0.0652 0.0000 0.0000 0.0000 0.0000 0.0000 0.0000],0.6238890886306763,0.7245338489397584,1.0,0.0,0.4520287626971019,None
416,0.8500683307647705,0.7740037441253662,1.400273323059082,1.0960149765014648,[0.1058 0.1000 0.1000 0.1000 0.1000 0.1000 0.1000],[-0.0579 0.0000 0.0000 0.0000 0.0000 0.0000 0.0000],0.6240720748901367,0.7242019096523613,1.0,0.0,0.4519541883961484,None
416,0.8502469062805176,0.7740037441253662,1.4009876251220703,1.0960149765014648,[0.1051 0.1000 0.1000 0.1000 0.1000 0.1000 0.1000],[-0.0507 0.0000 0.0000 0.0000 0.0000 0.0000 0.0000],0.6242506504058838,0.7238783562356051,1.0,0.0,0.45188153469481857,None
416,0.850419282913208,0.7740037441253662,1.401677131652832,1.0960149765014648,[0.1044 0.1000 0.1000 0.1000 0.1000 0.1000 0.1000],[-0.0438 0.0000 0.0000 0.0000 0.0000 0.0000 0.0000],0.6244230270385742,0.7235663935266883,1.0,0.0,0.45181151770931893,None
416,0.8505645394325256,0.7740037441253662,1.4022581577301025,1.0960149765014648,[0.1038 0.1000 0.1000 0.1000 0.1000 0.1000 0.1000],[-0.0379 0.0000 0.0000 0.0000 0.0000 0.0000 0.0000],0.6245682835578918,0.7233037851593206,1.0,0.0,0.45175260358788305,None
416,0.8507162928581238,0.7740037441253662,1.4028651714324951,1.0960149765014648,[0.1032 0.1000 0.1000 0.1000 0.1000 0.1000 0.1000],[-0.0317 0.0000 0.0000 0.0000 0.0000 0.0000 0.0000],0.62472003698349,0.7230296970201362,1.0,0.0,0.45169113906258107,None
416,0.8508731722831726,0.7740037441253662,1.4034926891326904,1.0960149765014648,[0.1025 0.1000 0.1000 0.1000 0.1000 0.1000 0.1000],[-0.0253 0.0000 0.0000 0.0000 0.0000 0.0000 0.0000],0.6248769164085388,0.7227466354436679,1.0,0.0,0.45162768890068555,None
416,0.8510329723358154,0.7740037441253662,1.4041318893432617,1.0960149765014648,[0.1019 0.1000 0.1000 0.1000 0.1000 0.1000 0.1000],[-0.0188 0.0000 0.0000 0.0000 0.0000 0.0000 0.0000],0.6250367164611816,0.7224586009070912,1.0,0.0,0.4515631516901076,None
416,0.8511900901794434,0.7740037441253662,1.4047603607177734,1.0960149765014648,[0.1012 0.1000 0.1000 0.1000 0.1000 0.1000 0.1000],[-0.0123 0.0000 0.0000 0.0000 0.0000 0.0000 0.0000],0.6251938343048096,0.7221756921108645,1.0,0.0,0.451499789992521,None
416,0.8513470888137817,0.7740037441253662,1.405388355255127,1.0960149765014648,[0.1006 0.1000 0.1000 0.1000 0.1000 0.1000 0.1000],[-0.0059 0.0000 0.0000 0.0000 0.0000 0.0000 0.0000],0.625350832939148,0.7218932854309059,1.0,0.0,0.45143656733739507,None
416,0.8515192270278931,0.7740037441253662,1.4060769081115723,1.0960149765014648,[0.0999 0.1000 0.1000 0.1000 0.1000 0.1000 0.1000],[0.0013 0.0000 0.0000 0.0000 0.0000 0.0000 0.0000],0.6255229711532593,0.7215839751333863,0.9987378865480423,0.0012621134519577581,0.45079767525520337,None
416,0.8516649603843689,0.7740037441253662,1.4066598415374756,1.0960149765014648,[0.0993 0.1000 0.1000 0.1000 0.1000 0.1000 0.1000],[0.0073 0.0000 0.0000 0.0000 0.0000 0.0000 0.0000],0.6256687045097351,0.7213223793359024,0.9926796704530716,0.007320329546928461,0.4480051091868853,None
416,0.8518164753913879,0.7740037441253662,1.4072659015655518,1.0960149765014648,[0.0986 0.1000 0.1000 0.1000 0.1000 0.1000 0.1000],[0.0136 0.0000 0.0000 0.0000 0.0000 0.0000 0.0000],0.6258202195167542,0.7210506654139112,0.9863580018281937,0.013641998171806391,0.4450921601517208,None
416,0.8519729971885681,0.7740037441253662,1.4078919887542725,1.0960149765014648,[0.0980 0.1000 0.1000 0.1000 0.1000 0.1000 0.1000],[0.0202 0.0000 0.0000 0.0000 0.0000 0.0000 0.0000],0.6259767413139343,0.7207702503972725,0.979805663228035,0.020194336771965082,0.4420740224114804,None
416,0.8521255850791931,0.7740037441253662,1.4085023403167725,1.0960149765014648,[0.0973 0.1000 0.1000 0.1000 0.1000 0.1000 0.1000],[0.0266 0.0000 0.0000 0.0000 0.0000 0.0000 0.0000],0.6261293292045593,0.7204971539432435,0.9733876585960388,0.026612341403961237,0.4391189231520093,None
416,0.8522830009460449,0.7740037441253662,1.4091320037841797,1.0960149765014648,[0.0967 0.1000 0.1000 0.1000 0.1000 0.1000 0.1000],[0.0333 0.0000 0.0000 0.0000 0.0000 0.0000 0.0000],0.6262867450714111,0.7202156959000761,0.9667422622442245,0.03325773775577551,0.4360602573947078,None
416,0.8524335026741028,0.7740037441253662,1.4097340106964111,1.0960149765014648,[0.0960 0.1000 0.1000 0.1000 0.1000 0.1000 0.1000],[0.0396 0.0000 0.0000 0.0000 0.0000 0.0000 0.0000],0.626437246799469,0.719946864776099,0.9603603929281235,0.03963960707187658,0.43312400830239706,None
416,0.8525532484054565,0.7740037441253662,1.4102129936218262,1.0960149765014648,[0.0955 0.1000 0.1000 0.1000 0.1000 0.1000 0.1000],[0.0447 0.0000 0.0000 0.0000 0.0000 0.0000 0.0000],0.6265569925308228,0.7197331552250779,0.9552671760320663,0.04473282396793371,0.430781402368157,None
416,0.852702796459198,0.7740037441253662,1.410811185836792,1.0960149765014648,[0.0949 0.1000 0.1000 0.1000 0.1000 0.1000 0.1000],[0.0511 0.0000 0.0000 0.0000 0.0000 0.0000 0.0000],0.6267065405845642,0.7194664862555067,0.9488806873559952,0.05111931264400488,0.42784494328428313,None
416,0.8528507947921753,0.7740037441253662,1.4114031791687012,1.0960149765014648,[0.0943 0.1000 0.1000 0.1000 0.1000 0.1000 0.1000],[0.0575 0.0000 0.0000 0.0000 0.0000 0.0000 0.0000],0.6268545389175415,0.7192028300235043,0.9425351768732071,0.05746482312679296,0.42492837277970186,None
416,0.8529952764511108,0.7740037441253662,1.4119811058044434,1.0960149765014648,[0.0936 0.1000 0.1000 0.1000 0.1000 0.1000 0.1000],[0.0637 0.0000 0.0000 0.0000 0.0000 0.0000 0.0000],0.626999020576477,0.7189456772690649,0.9363145381212234,0.0636854618787766,0.42207021536297146,None
416,0.8531379103660583,0.7740037441253662,1.4125516414642334,1.0960149765014648,[0.0930 0.1000 0.1000 0.1000 0.1000 0.1000 0.1000],[0.0698 0.0000 0.0000 0.0000 0.0000 0.0000 0.0000],0.6271416544914246,0.7186920437657475,0.9301554411649704,0.06984455883502966,0.4192412578881086,None
416,0.8532930612564087,0.7740037441253662,1.4131722450256348,1.0960149765014648,[0.0923 0.1000 0.1000 0.1000 0.1000 0.1000 0.1000],[0.0766 0.0000 0.0000 0.0000 0.0000 0.0000 0.0000],0.6272968053817749,0.7184164118222753,0.9234214574098587,0.07657854259014135,0.41614940955578744,None
416,0.8534404039382935,0.7740037441253662,1.4137616157531738,1.0960149765014648,[0.0917 0.1000 0.1000 0.1000 0.1000 0.1000 0.1000],[0.0830 0.0000 0.0000 0.0000 0.0000 0.0000 0.0000],0.6274441480636597,0.7181549010308548,0.9170029312372208,0.08299706876277929,0.41320343740209575,None
416,0.8535788655281067,0.7740037441253662,1.4143154621124268,1.0960149765014648,[0.0911 0.1000 0.1000 0.1000 0.1000 0.1000 0.1000],[0.0891 0.0000 0.0000 0.0000 0.0000 0.0000 0.0000],0.6275826096534729,0.7179093737772548,0.9109435230493546,0.0890564769506455,0.41042327073659035,None
416,0.8537200689315796,0.7740037441253662,1.4148802757263184,1.0960149765014648,[0.0905 0.1000 0.1000 0.1000 0.1000 0.1000 0.1000],[0.0953 0.0000 0.0000 0.0000 0.0000 0.0000 0.0000],0.6277238130569458,0.7176592044953238,0.9047470241785049,0.09525297582149511,0.40758109042452356,None
416,0.8538653254508972,0.7740037441253662,1.4154613018035889,1.0960149765014648,[0.0898 0.1000 0.1000 0.1000 0.1000 0.1000 0.1000],[0.1017 0.0000 0.0000 0.0000 0.0000 0.0000 0.0000],0.6278690695762634,0.7174020854189985,0.8983398228883743,0.10166017711162573,0.4046433207158796,None
416,0.8539964556694031,0.7740037441253662,1.4159858226776123,1.0960149765014648,[0.0893 0.1000 0.1000 0.1000 0.1000 0.1000 0.1000],[0.1075 0.0000 0.0000 0.0000 0.0000 0.0000 0.0000],0.6280001997947693,0.7171701721104422,0.8925379812717438,0.10746201872825628,0.40198394376923824,None
416,0.8541337251663208,0.7740037441253662,1.4165349006652832,1.0960149765014648,[0.0886 0.1000 0.1000 0.1000 0.1000 0.1000 0.1000],[0.1136 0.0000 0.0000 0.0000 0.0000 0.0000 0.0000],0.628137469291687,0.7169276045938873,0.886433869600296,0.11356613039970404,0.39918695891925776,None
416,0.8542786240577698,0.7740037441253662,1.417114496231079,1.0960149765014648,[0.0880 0.1000 0.1000 0.1000 0.1000 0.1000 0.1000],[0.1200 0.0000 0.0000 0.0000 0.0000 0.0000 0.0000],0.628282368183136,0.7166717805575951,0.8799722045660019,0.12002779543399816,0.3962270587664751,None
416,0.854422390460968,0.7740037441253662,1.417689561843872,1.0960149765014648,[0.0874 0.1000 0.1000 0.1000 0.1000 0.1000 0.1000],[0.1265 0.0000 0.0000 0.0000 0.0000 0.0000 0.0000],0.6284261345863342,0.7164181840533462,0.8735299110412598,0.1264700889587403,0.393277063944441,None
416,0.8545626997947693,0.7740037441253662,1.4182507991790771,1.0960149765014648,[0.0867 0.1000 0.1000 0.1000 0.1000 0.1000 0.1000],[0.1328 0.0000 0.0000 0.0000 0.0000 0.0000 0.0000],0.6285664439201355,0.716170904117631,0.8672154694795609,0.1327845305204392,0.39038658160378187,None
416,0.8547021150588989,0.7740037441253662,1.4188084602355957,1.0960149765014648,[0.0861 0.1000 0.1000 0.1000 0.1000 0.1000 0.1000],[0.1391 0.0000 0.0000 0.0000 0.0000 0.0000 0.0000],0.6287058591842651,0.7159254130804152,0.8609191328287125,0.1390808671712876,0.3875052993329646,None
416,0.854820966720581,0.7740037441253662,1.4192838668823242,1.0960149765014648,[0.0856 0.1000 0.1000 0.1000 0.1000 0.1000 0.1000],[0.1445 0.0000 0.0000 0.0000 0.0000 0.0000 0.0000],0.6288247108459473,0.7157162991038444,0.855528861284256,0.14447113871574407,0.38503940044085405,None
416,0.8549598455429077,0.7740037441253662,1.4198393821716309,1.0960149765014648,[0.0849 0.1000 0.1000 0.1000 0.1000 0.1000 0.1000],[0.1508 0.0000 0.0000 0.0000 0.0000 0.0000 0.0000],0.6289635896682739,0.7154721429850119,0.8492042124271393,0.15079578757286077,0.38214692913087345,None
416,0.8550949692726135,0.7740037441253662,1.420379877090454,1.0960149765014648,[0.0843 0.1000 0.1000 0.1000 0.1000 0.1000 0.1000],[0.1570 0.0000 0.0000 0.0000 0.0000 0.0000 0.0000],0.6290987133979797,0.7152347894365477,0.84303118288517,0.15696881711483007,0.37932465078116534,None
416,0.8552376627922058,0.7740037441253662,1.4209506511688232,1.0960149765014648,[0.0836 0.1000 0.1000 0.1000 0.1000 0.1000 0.1000],[0.1635 0.0000 0.0000 0.0000 0.0000 0.0000 0.0000],0.629241406917572,0.7149843536455593,0.8364793658256531,0.16352063417434698,0.3763301934830927,None
416,0.8537707328796387,0.7743943929672241,1.4150829315185547,1.0975775718688965,[0.0830 0.1071 0.1000 0.1000 0.1000 0.1000 0.1000],[0.1703 -0.0708 0.0000 0.0000 0.0000 0.0000 0.0000],0.6281651258468628,0.7182619303104131,0.8297081291675568,0.1702918708324433,0.3743536011976427,None
416,0.8540863394737244,0.7743478417396545,1.4163453578948975,1.0973913669586182,[0.0824 0.1062 0.1000 0.1000 0.1000 0.1000 0.1000],[0.1756 -0.0624 0.0000 0.0000 0.0000 0.0000 0.0000],0.6284341812133789,0.7176199409765807,0.8244024962186813,0.17559750378131872,0.3717864821217036,None
416,0.8544620871543884,0.7742927074432373,1.4178483486175537,1.0971708297729492,[0.0818 0.1052 0.1000 0.1000 0.1000 0.1000 0.1000],[0.1821 -0.0524 0.0000 0.0000 0.0000 0.0000 0.0000],0.6287547945976257,0.7168580219904666,0.8178837597370148,0.18211624026298529,0.36864304449675545,None
416,0.8548284769058228,0.7742390632629395,1.419313907623291,1.0969562530517578,[0.0811 0.1043 0.1000 0.1000 0.1000 0.1000 0.1000],[0.1887 -0.0427 0.0000 0.0000 0.0000 0.0000 0.0000],0.6290675401687622,0.7161172537069516,0.8113136887550354,0.18868631124496466,0.3654855551512654,None
416,0.8551817536354065,0.774187445640564,1.420727014541626,1.0967497825622559,[0.0805 0.1033 0.1000 0.1000 0.1000 0.1000 0.1000],[0.1952 -0.0333 0.0000 0.0000 0.0000 0.0000 0.0000],0.6293691992759705,0.7154050105942789,0.8048029243946075,0.1951970756053925,0.36236563827824914,None
416,0.8555341362953186,0.7741354703903198,1.4221365451812744,1.0965418815612793,[0.0798 0.1024 0.1000 0.1000 0.1000 0.1000 0.1000],[0.2018 -0.0239 0.0000 0.0000 0.0000 0.0000 0.0000],0.6296696066856384,0.7146954856561173,0.7982126623392105,0.20178733766078955,0.35921327896837263,None
416,0.8558792471885681,0.774084210395813,1.4235169887542725,1.096336841583252,[0.0792 0.1015 0.1000 0.1000 0.1000 0.1000 0.1000],[0.2083 -0.0146 0.0000 0.0000 0.0000 0.0000 0.0000],0.6299634575843811,0.7140016839337071,0.7916728407144547,0.2083271592855454,0.3560904612684293,None
416,0.8562158942222595,0.7740338444709778,1.424863576889038,1.0961353778839111,[0.0785 0.1005 0.1000 0.1000 0.1000 0.1000 0.1000],[0.2148 -0.0054 0.0000 0.0000 0.0000 0.0000 0.0000],0.6302497386932373,0.7133258823135898,0.785181075334549,0.2148189246654511,0.3529965656440731,None
416,0.8564660549163818,0.7739986181259155,1.4258642196655273,1.095994472503662,[0.0780 0.0999 0.1000 0.1000 0.1000 0.1000 0.1000],[0.2202 0.0009 0.0000 0.0000 0.0000 0.0000 0.0000],0.6304646730422974,0.7128285585395611,0.7798365503549576,0.22016344964504247,0.3504688583620324,None
416,0.8567257523536682,0.7739619016647339,1.4269030094146729,1.0958476066589355,[0.0774 0.0992 0.1000 0.1000 0.1000 0.1000 0.1000],[0.2258 0.0076 0.0000 0.0000 0.0000 0.0000 0.0000],0.6306876540184021,0.7123129292287638,0.7742210477590561,0.22577895224094396,0.34781646001903244,None
416,0.85699462890625,0.7739233374595642,1.427978515625,1.0956933498382568,[0.0768 0.0985 0.1000 0.1000 0.1000 0.1000 0.1000],[0.2316 0.0146 0.0000 0.0000 0.0000 0.0000 0.0000],0.6309179663658142,0.7117790926273984,0.7683876156806946,0.23161238431930548,0.3450630673423823,None
416,0.857259213924408,0.7738839983940125,1.4290368556976318,1.0955359935760498,[0.0763 0.0978 0.1000 0.1000 0.1000 0.1000 0.1000],[0.2372 0.0217 0.0000 0.0000 0.0000 0.0000 0.0000],0.6311432123184204,0.7112523324243198,0.7627903670072556,0.2372096329927445,0.34241818376869043,None
416,0.8575229644775391,0.7738442420959473,1.4300918579101562,1.095376968383789,[0.0757 0.0971 0.1000 0.1000 0.1000 0.1000 0.1000],[0.2428 0.0289 0.0000 0.0000 0.0000 0.0000 0.0000],0.6313672065734863,0.7107272526116714,0.757216066122055,0.242783933877945,0.3397854745736763,None
416,0.8577494621276855,0.7738106846809387,1.4309978485107422,1.0952427387237549,[0.0752 0.0965 0.1000 0.1000 0.1000 0.1000 0.1000],[0.2478 0.0350 0.0000 0.0000 0.0000 0.0000 0.0000],0.6315601468086243,0.7102781032666898,0.7522142678499222,0.24778573215007788,0.3374307910553473,None
416,0.8580154180526733,0.7737692594528198,1.4320616722106934,1.0950770378112793,[0.0747 0.0957 0.1000 0.1000 0.1000 0.1000 0.1000],[0.2534 0.0425 0.0000 0.0000 0.0000 0.0000 0.0000],0.6317846775054932,0.7097481118065663,0.7466159760951996,0.25338402390480047,0.334788563115936,None
416,0.8582855463027954,0.7737269401550293,1.4331421852111816,1.0949077606201172,[0.0741 0.0950 0.1000 0.1000 0.1000 0.1000 0.1000],[0.2592 0.0502 0.0000 0.0000 0.0000 0.0000 0.0000],0.6320124864578247,0.7092103747590603,0.7408378273248672,0.2591621726751328,0.3320656003407643,None
416,0.8585531711578369,0.7736853361129761,1.4342126846313477,1.0947413444519043,[0.0735 0.0942 0.1000 0.1000 0.1000 0.1000 0.1000],[0.2651 0.0577 0.0000 0.0000 0.0000 0.0000 0.0000],0.632238507270813,0.7086791544621964,0.7349348813295364,0.2650651186704636,0.3292906976049695,None
416,0.85882568359375,0.773643434047699,1.435302734375,1.094573736190796,[0.0729 0.0935 0.1000 0.1000 0.1000 0.1000 0.1000],[0.2713 0.0653 0.0000 0.0000 0.0000 0.0000 0.0000],0.632469117641449,0.7081400172239246,0.7286940515041351,0.2713059484958649,0.3263650811658899,None
416,0.8590885400772095,0.7736023664474487,1.436354160308838,1.094409465789795,[0.0723 0.0927 0.1000 0.1000 0.1000 0.1000 0.1000],[0.2773 0.0727 0.0000 0.0000 0.0000 0.0000 0.0000],0.6326909065246582,0.7076198132058864,0.7226722687482834,0.27732773125171667,0.32354371425367623,None
416,0.8593603372573853,0.7735583782196045,1.437441349029541,1.094233512878418,[0.0717 0.0919 0.1000 0.1000 0.1000 0.1000 0.1000],[0.2834 0.0807 0.0000 0.0000 0.0000 0.0000 0.0000],0.6329187154769897,0.7070802856791971,0.7165699452161789,0.28343005478382116,0.3206824962044576,None
416,0.8596604466438293,0.7735057473182678,1.4386417865753174,1.0940229892730713,[0.0710 0.0910 0.1000 0.1000 0.1000 0.1000 0.1000],[0.2896 0.0902 0.0000 0.0000 0.0000 0.0000 0.0000],0.6331661939620972,0.7064787923751309,0.7104233652353287,0.2895766347646714,0.3177855056359754,None
416,0.8599517345428467,0.7734544277191162,1.4398069381713867,1.0938177108764648,[0.0704 0.0900 0.1000 0.1000 0.1000 0.1000 0.1000],[0.2957 0.0995 0.0000 0.0000 0.0000 0.0000 0.0000],0.6334061622619629,0.7058957551756002,0.7043470442295074,0.2956529557704926,0.31492674972703416,None
416,0.8602535724639893,0.7734003067016602,1.441014289855957,1.0936012268066406,[0.0698 0.0891 0.1000 0.1000 0.1000 0.1000 0.1000],[0.3020 0.1093 0.0000 0.0000 0.0000 0.0000 0.0000],0.6336538791656494,0.7052912187220592,0.698021724820137,0.30197827517986303,0.31195324969651383,None
416,0.8605499267578125,0.7733469009399414,1.44219970703125,1.0933876037597656,[0.0692 0.0881 0.1000 0.1000 0.1000 0.1000 0.1000],[0.3083 0.1190 0.0000 0.0000 0.0000 0.0000 0.0000],0.6338968276977539,0.7046984154836431,0.6916751712560654,0.3083248287439347,0.30897551134248913,None
416,0.8608464598655701,0.7732938528060913,1.4433858394622803,1.0931754112243652,[0.0685 0.0871 0.1000 0.1000 0.1000 0.1000 0.1000],[0.3150 0.1286 0.0000 0.0000 0.0000 0.0000 0.0000],0.6341403126716614,0.7041071020462324,0.6850475072860718,0.3149524927139283,0.30587556015586403,None
416,0.8610903024673462,0.7732489705085754,1.4443612098693848,1.0929958820343018,[0.0680 0.0863 0.1000 0.1000 0.1000 0.1000 0.1000],[0.3203 0.1367 0.0000 0.0000 0.0000 0.0000 0.0000],0.6343392729759216,0.703619616103274,0.6796907633543015,0.3203092366456986,0.30336879520513577,None
416,0.8613595366477966,0.7731994390487671,1.4454381465911865,1.0927977561950684,[0.0674 0.0854 0.1000 0.1000 0.1000 0.1000 0.1000],[0.3264 0.1456 0.0000 0.0000 0.0000 0.0000 0.0000],0.6345589756965637,0.7030823386879292,0.6735985726118088,0.3264014273881913,0.30052412293361325,None
416,0.8616201281547546,0.7731515765190125,1.4464805126190186,1.0926063060760498,[0.0668 0.0846 0.1000 0.1000 0.1000 0.1000 0.1000],[0.3325 0.1543 0.0000 0.0000 0.0000 0.0000 0.0000],0.6347717046737671,0.7025633653435708,0.6675344705581665,0.33246552944183355,0.2976985755711767,None
416,0.8618748188018799,0.7731044888496399,1.4474992752075195,1.0924179553985596,[0.0661 0.0837 0.1000 0.1000 0.1000 0.1000 0.1000],[0.3385 0.1628 0.0000 0.0000 0.0000 0.0000 0.0000],0.6349793076515198,0.7020564987246072,0.6614842265844345,0.33851577341556555,0.2948839460370123,None
416,0.8621237277984619,0.7730579972267151,1.4484949111938477,1.0922319889068604,[0.0656 0.0829 0.1000 0.1000 0.1000 0.1000 0.1000],[0.3445 0.1712 0.0000 0.0000 0.0000 0.0000 0.0000],0.635181725025177,0.7015611778408398,0.6555136293172836,0.3444863706827164,0.29210922254444616,None
416,0.8623683452606201,0.7730118036270142,1.4494733810424805,1.0920472145080566,[0.0650 0.0820 0.1000 0.1000 0.1000 0.1000 0.1000],[0.3504 0.1796 0.0000 0.0000 0.0000 0.0000 0.0000],0.6353801488876343,0.7010743543394011,0.6495776027441025,0.3504223972558976,0.2893535166467572,None
416,0.8625877499580383,0.7729706764221191,1.4503509998321533,1.0918827056884766,[0.0644 0.0813 0.1000 0.1000 0.1000 0.1000 0.1000],[0.3559 0.1870 0.0000 0.0000 0.0000 0.0000 0.0000],0.6355584263801575,0.7006388910764807,0.6440521031618118,0.3559478968381882,0.28679443787030556,None
416,0.8628082871437073,0.7729295492172241,1.451233148574829,1.0917181968688965,[0.0638 0.0806 0.1000 0.1000 0.1000 0.1000 0.1000],[0.3617 0.1944 0.0000 0.0000 0.0000 0.0000 0.0000],0.6357378363609314,0.7002021715781064,0.6383459270000458,0.3616540729999543,0.2841565063395287,None
416,0.8630326390266418,0.7728871703147888,1.4521305561065674,1.0915486812591553,[0.0632 0.0798 0.1000 0.1000 0.1000 0.1000 0.1000],[0.3675 0.2021 0.0000 0.0000 0.0000 0.0000 0.0000],0.6359198093414307,0.6997576500360867,0.6324900686740875,0.36750993132591253,0.2814515984198197,None
416,0.8632543683052063,0.7728448510169983,1.4530174732208252,1.0913794040679932,[0.0627 0.0790 0.1000 0.1000 0.1000 0.1000 0.1000],[0.3734 0.2097 0.0000 0.0000 0.0000 0.0000 0.0000],0.6360992193222046,0.6993182458342242,0.6266358494758606,0.37336415052413946,0.2787500532898738,None
416,0.8634724617004395,0.7728030681610107,1.4538898468017578,1.091212272644043,[0.0621 0.0783 0.1000 0.1000 0.1000 0.1000 0.1000],[0.3792 0.2173 0.0000 0.0000 0.0000 0.0000 0.0000],0.6362755298614502,0.6988864109020838,0.6207692995667458,0.3792307004332543,0.27604637472980725,None
416,0.8636884689331055,0.7727609276771545,1.4547538757324219,1.0910437107086182,[0.0615 0.0775 0.1000 0.1000 0.1000 0.1000 0.1000],[0.3850 0.2249 0.0000 0.0000 0.0000 0.0000 0.0000],0.63644939661026,0.6984580605356016,0.6149515137076378,0.38504848629236227,0.2733663711118132,None
416,0.863909125328064,0.7727170586585999,1.4556365013122559,1.0908682346343994,[0.0609 0.0767 0.1000 0.1000 0.1000 0.1000 0.1000],[0.3910 0.2328 0.0000 0.0000 0.0000 0.0000 0.0000],0.6366261839866638,0.6980197578160715,0.6090066209435463,0.39099337905645376,0.2706289339517016,None
416,0.8641628623008728,0.7726654410362244,1.4566514492034912,1.0906617641448975,[0.0602 0.0758 0.1000 0.1000 0.1000 0.1000 0.1000],[0.3978 0.2421 0.0000 0.0000 0.0000 0.0000 0.0000],0.6368283033370972,0.6975145933030018,0.6022076308727264,0.3977923691272736,0.2674988440916624,None
416,0.8643575310707092,0.7726239562034607,1.457430124282837,1.0904958248138428,[0.0597 0.0750 0.1000 0.1000 0.1000 0.1000 0.1000],[0.4028 0.2496 0.0000 0.0000 0.0000 0.0000 0.0000],0.6369814872741699,0.6971244894890831,0.5972058698534966,0.4027941301465035,0.26519248791454547,None
416,0.8645606637001038,0.7725802063941956,1.458242654800415,1.0903208255767822,[0.0592 0.0742 0.1000 0.1000 0.1000 0.1000 0.1000],[0.4081 0.2575 0.0000 0.0000 0.0000 0.0000 0.0000],0.6371408700942993,0.6967171991261156,0.591934435069561,0.40806556493043905,0.26276384072510117,None
416,0.8647498488426208,0.7725391387939453,1.4589993953704834,1.0901565551757812,[0.0587 0.0735 0.1000 0.1000 0.1000 0.1000 0.1000],[0.4131 0.2649 0.0000 0.0000 0.0000 0.0000 0.0000],0.6372889876365662,0.6963378356649028,0.5869446694850922,0.4130553305149079,0.260467517023911,None
416,0.8649540543556213,0.7724941372871399,1.4598162174224854,1.0899765491485596,[0.0582 0.0727 0.1000 0.1000 0.1000 0.1000 0.1000],[0.4184 0.2730 0.0000 0.0000 0.0000 0.0000 0.0000],0.6374481916427612,0.6959277765587895,0.5815606936812401,0.41843930631876,0.2579907352127932,None
416,0.8651568293571472,0.7724499702453613,1.4606273174285889,1.0897998809814453,[0.0576 0.0719 0.1000 0.1000 0.1000 0.1000 0.1000],[0.4240 0.2810 0.0000 0.0000 0.0000 0.0000 0.0000],0.6376067996025085,0.6955219891161499,0.5759674683213234,0.42403253167867666,0.25542403372241873,None
416,0.8653618097305298,0.772406280040741,1.4614472389221191,1.0896251201629639,[0.0570 0.0711 0.1000 0.1000 0.1000 0.1000 0.1000],[0.4300 0.2889 0.0000 0.0000 0.0000 0.0000 0.0000],0.6377680897712708,0.6951139070246253,0.5699605867266655,0.43003941327333456,0.25267576438400857,None
416,0.8655785322189331,0.7723595499992371,1.4623141288757324,1.0894381999969482,[0.0564 0.0703 0.1000 0.1000 0.1000 0.1000 0.1000],[0.4365 0.2973 0.0000 0.0000 0.0000 0.0000 0.0000],0.6379380822181702,0.6946821619693733,0.5635472759604454,0.43645272403955465,0.24974398118346583,None
416,0.8657941818237305,0.7723127603530884,1.4631767272949219,1.0892510414123535,[0.0557 0.0694 0.1000 0.1000 0.1000 0.1000 0.1000],[0.4430 0.3058 0.0000 0.0000 0.0000 0.0000 0.0000],0.6381069421768188,0.6942526836247911,0.5570309981703758,0.44296900182962423,0.24676888599517854,None
416,0.8660090565681458,0.7722663879394531,1.464036226272583,1.0890655517578125,[0.0550 0.0686 0.1000 0.1000 0.1000 0.1000 0.1000],[0.4497 0.3141 0.0000 0.0000 0.0000 0.0000 0.0000],0.6382754445075989,0.6938257544653819,0.5503105744719505,0.4496894255280495,0.2437061065212064,None
416,0.8662097454071045,0.7722243070602417,1.464838981628418,1.0888972282409668,[0.0544 0.0678 0.1000 0.1000 0.1000 0.1000 0.1000],[0.4564 0.3217 0.0000 0.0000 0.0000 0.0000 0.0000],0.6384340524673462,0.6934295540224682,0.5436377972364426,0.4563622027635575,0.24067336747186324,None
416,0.8663819432258606,0.7721883058547974,1.4655277729034424,1.0887532234191895,[0.0538 0.0672 0.1000 0.1000 0.1000 0.1000 0.1000],[0.4622 0.3282 0.0000 0.0000 0.0000 0.0000 0.0000],0.638570249080658,0.6930901803932249,0.5377504602074623,0.46224953979253774,0.23800123878088575,None
416,0.866560161113739,0.7721485495567322,1.466240644454956,1.0885941982269287,[0.0532 0.0665 0.1000 0.1000 0.1000 0.1000 0.1000],[0.4680 0.3354 0.0000 0.0000 0.0000 0.0000 0.0000],0.6387087106704712,0.692735274466777,0.5319696664810181,0.468030333518982,0.2353731994739028,None
416,0.8667397499084473,0.7721083164215088,1.466958999633789,1.0884332656860352,[0.0526 0.0657 0.1000 0.1000 0.1000 0.1000 0.1000],[0.4739 0.3427 0.0000 0.0000 0.0000 0.0000 0.0000],0.638848066329956,0.6923777747188307,0.5260554328560829,0.47394456714391714,0.23268704983461636,None
416,0.8669154047966003,0.7720683813095093,1.4676616191864014,1.088273525238037,[0.0520 0.0650 0.1000 0.1000 0.1000 0.1000 0.1000],[0.4798 0.3498 0.0000 0.0000 0.0000 0.0000 0.0000],0.6389837861061096,0.6920275605072898,0.5202224478125572,0.47977755218744284,0.23003944834035278,None
416,0.867089033126831,0.7720284461975098,1.4683561325073242,1.088113784790039,[0.0514 0.0643 0.1000 0.1000 0.1000 0.1000 0.1000],[0.4856 0.3570 0.0000 0.0000 0.0000 0.0000 0.0000],0.6391174793243408,0.6916810305392785,0.5144032463431358,0.4855967536568642,0.22739989575243924,None
416,0.8672633171081543,0.7719877362251282,1.4690532684326172,1.0879509449005127,[0.0509 0.0636 0.1000 0.1000 0.1000 0.1000 0.1000],[0.4915 0.3644 0.0000 0.0000 0.0000 0.0000 0.0000],0.6392510533332825,0.6913325723646466,0.5085428059101105,0.4914571940898896,0.22474290311519843,None
416,0.8663979768753052,0.7719484567642212,1.4655919075012207,1.0877938270568848,[0.0503 0.0629 0.1075 0.1000 0.1000 0.1000 0.1000],[0.4968 0.3715 -0.0749 0.0000 0.0000 0.0000 0.0000],0.6383464336395264,0.6926735935343596,0.5031552538275719,0.4968447461724282,0.22247800412895094,None
416,0.8667789101600647,0.7719045877456665,1.4671156406402588,1.087618350982666,[0.0497 0.0621 0.1061 0.1000 0.1000 0.1000 0.1000],[0.5028 0.3794 -0.0612 0.0000 0.0000 0.0000 0.0000],0.6386834979057312,0.6919832432895927,0.4971526190638542,0.5028473809361458,0.21972071558192505,None
416,0.8671467900276184,0.7718610763549805,1.4685871601104736,1.0874443054199219,[0.0491 0.0613 0.1048 0.1000 0.1000 0.1000 0.1000],[0.5089 0.3872 -0.0479 0.0000 0.0000 0.0000 0.0000],0.6390078663825989,0.6913161590354333,0.4911302775144577,0.5088697224855423,0.21695997465059044,None
416,0.8675007224082947,0.7718179821968079,1.4700028896331787,1.0872719287872314,[0.0485 0.0605 0.1035 0.1000 0.1000 0.1000 0.1000],[0.5149 0.3950 -0.0350 0.0000 0.0000 0.0000 0.0000],0.6393187046051025,0.6906737317790699,0.48507504165172577,0.5149249583482742,0.21419004365972244,None
416,0.8678418397903442,0.7717753648757935,1.471367359161377,1.0871014595031738,[0.0479 0.0597 0.1022 0.1000 0.1000 0.1000 0.1000],[0.5209 0.4027 -0.0223 0.0000 0.0000 0.0000 0.0000],0.6396172046661377,0.6900540774351906,0.4790547117590904,0.5209452882409096,0.21144059853143604,None
416,0.8681762218475342,0.7717326879501343,1.4727048873901367,1.086930751800537,[0.0473 0.0590 0.1010 0.1000 0.1000 0.1000 0.1000],[0.5270 0.4103 -0.0096 0.0000 0.0000 0.0000 0.0000],0.6399089097976685,0.6894464073667801,0.4730254039168358,0.5269745960831642,0.20869071895431693,None
416,0.8685277700424194,0.7716875672340393,1.4741110801696777,1.0867502689361572,[0.0467 0.0582 0.0995 0.1000 0.1000 0.1000 0.1000],[0.5331 0.4185 0.0045 0.0000 0.0000 0.0000 0.0000],0.6402153372764587,0.6888084146247201,0.466914102435112,0.533085897564888,0.20590244766604848,None
416,0.8688598275184631,0.771643877029419,1.4754393100738525,1.0865755081176758,[0.0461 0.0574 0.0982 0.1000 0.1000 0.1000 0.1000],[0.5390 0.4263 0.0183 0.0000 0.0000 0.0000 0.0000],0.6405037045478821,0.6882052750782268,0.46103376895189285,0.5389662310481071,0.20322277627700427,None
416,0.8691839575767517,0.7716001868247986,1.4767358303070068,1.0864007472991943,[0.0455 0.0566 0.0968 0.1000 0.1000 0.1000 0.1000],[0.5449 0.4342 0.0319 0.0000 0.0000 0.0000 0.0000],0.6407841444015503,0.6876159883221404,0.45514170080423355,0.5448582991957664,0.2005415426293526,None
416,0.8694998025894165,0.7715563774108887,1.477999210357666,1.0862255096435547,[0.0449 0.0558 0.0955 0.1000 0.1000 0.1000 0.1000],[0.5508 0.4421 0.0454 0.0000 0.0000 0.0000 0.0000],0.6410561800003052,0.6870408570140061,0.44915810227394104,0.550841897726059,0.19782350576547733,None
416,0.8698031902313232,0.7715129852294922,1.479212760925293,1.0860519409179688,[0.0443 0.0550 0.0942 0.1000 0.1000 0.1000 0.1000],[0.5569 0.4499 0.0585 0.0000 0.0000 0.0000 0.0000],0.6413161754608154,0.6864873128534811,0.44309526681900024,0.5569047331809998,0.1950750918990528,None
416,0.8700933456420898,0.7714701294898987,1.4803733825683594,1.0858805179595947,[0.0437 0.0542 0.0929 0.1000 0.1000 0.1000 0.1000],[0.5630 0.4576 0.0710 0.0000 0.0000 0.0000 0.0000],0.6415634751319885,0.6859566651683383,0.437016561627388,0.562983438372612,0.19232432072778194,None
416,0.8703669309616089,0.7714287042617798,1.4814677238464355,1.0857148170471191,[0.0431 0.0535 0.0917 0.1000 0.1000 0.1000 0.1000],[0.5689 0.4651 0.0830 0.0000 0.0000 0.0000 0.0000],0.6417956352233887,0.6854555250845612,0.4310617595911026,0.5689382404088974,0.18963370836924692,None
416,0.870650053024292,0.771385133266449,1.482600212097168,1.085540533065796,[0.0425 0.0527 0.0904 0.1000 0.1000 0.1000 0.1000],[0.5750 0.4729 0.0960 0.0000 0.0000 0.0000 0.0000],0.642035186290741,0.6849366416768795,0.4249871149659157,0.5750128850340843,0.1868895391050959,None
416,0.8709179162979126,0.7713428735733032,1.4836716651916504,1.085371494293213,[0.0419 0.0519 0.0892 0.1000 0.1000 0.1000 0.1000],[0.5810 0.4805 0.1084 0.0000 0.0000 0.0000 0.0000],0.6422607898712158,0.6844448657926647,0.41901495307683945,0.5809850469231606,0.18419566320778788,None
416,0.8711892366409302,0.7712993621826172,1.4847569465637207,1.0851974487304688,[0.0413 0.0512 0.0878 0.1000 0.1000 0.1000 0.1000],[0.5870 0.4884 0.1216 0.0000 0.0000 0.0000 0.0000],0.6424885988235474,0.6839464057184083,0.4130275920033455,0.5869724079966545,0.18149579282705555,None
416,0.8714467883110046,0.7712565660476685,1.4857871532440186,1.0850262641906738,[0.0407 0.0504 0.0866 0.1000 0.1000 0.1000 0.1000],[0.5931 0.4961 0.1340 0.0000 0.0000 0.0000 0.0000],0.6427033543586731,0.6834716090722095,0.40692631155252457,0.5930736884474754,0.17875031568700306,None
416,0.8716920614242554,0.771214485168457,1.4867682456970215,1.0848579406738281,[0.0401 0.0496 0.0854 0.1000 0.1000 0.1000 0.1000],[0.5992 0.5036 0.1458 0.0000 0.0000 0.0000 0.0000],0.6429065465927124,0.6830180190360999,0.4008045420050621,0.5991954579949379,0.17599999022686913,None
416,0.8719381093978882,0.771171510219574,1.4877524375915527,1.084686040878296,[0.0395 0.0489 0.0842 0.1000 0.1000 0.1000 0.1000],[0.6053 0.5114 0.1582 0.0000 0.0000 0.0000 0.0000],0.6431096196174622,0.6825624483802929,0.39466001093387604,0.605339989066124,0.17324093579202712,None
416,0.8721411824226379,0.7711331248283386,1.4885647296905518,1.0845324993133545,[0.0388 0.0482 0.0833 0.1000 0.1000 0.1000 0.1000],[0.6117 0.5183 0.1671 0.0000 0.0000 0.0000 0.0000],0.6432743072509766,0.6821823516632544,0.38833413273096085,0.6116658672690392,0.1704128149109813,None
416,0.8723564743995667,0.7710928916931152,1.4894258975982666,1.084371566772461,[0.0382 0.0475 0.0822 0.1000 0.1000 0.1000 0.1000],[0.6178 0.5255 0.1778 0.0000 0.0000 0.0000 0.0000],0.6434493660926819,0.6817806060177171,0.3822392597794533,0.6177607402205467,0.1676850373083274,None
416,0.8725724816322327,0.7710518836975098,1.4902899265289307,1.084207534790039,[0.0376 0.0467 0.0811 0.1000 0.1000 0.1000 0.1000],[0.6240 0.5329 0.1888 0.0000 0.0000 0.0000 0.0000],0.6436243653297424,0.6813770285514196,0.3760245442390442,0.6239754557609558,0.1649058863365099,None
416,0.8727841973304749,0.7710106372833252,1.4911367893218994,1.0840425491333008,[0.0370 0.0460 0.0800 0.1000 0.1000 0.1000 0.1000],[0.6302 0.5403 0.1998 0.0000 0.0000 0.0000 0.0000],0.6437948346138,0.6809803140131481,0.36982227116823196,0.630177728831768,0.16213437681204257,None
416,0.8729893565177917,0.7709696888923645,1.491957426071167,1.083878755569458,[0.0364 0.0452 0.0789 0.1000 0.1000 0.1000 0.1000],[0.6364 0.5477 0.2105 0.0000 0.0000 0.0000 0.0000],0.6439590454101562,0.6805948221687268,0.36355573683977127,0.6364442631602287,0.1593374603642866,None
416,0.873209536075592,0.7709258198738098,1.4928381443023682,1.0837032794952393,[0.0357 0.0444 0.0777 0.1000 0.1000 0.1000 0.1000],[0.6427 0.5555 0.2232 0.0000 0.0000 0.0000 0.0000],0.6441353559494019,0.6801817450460618,0.3573259711265564,0.6426740288734436,0.15655490987233667,None
416,0.8733594417572021,0.7708949446678162,1.4934377670288086,1.0835797786712646,[0.0353 0.0439 0.0768 0.1000 0.1000 0.1000 0.1000],[0.6472 0.5611 0.2317 0.0000 0.0000 0.0000 0.0000],0.6442543864250183,0.6798992391615009,0.3527548164129257,0.6472451835870743,0.15451651041361608,None
416,0.8735209703445435,0.7708617448806763,1.4940838813781738,1.083446979522705,[0.0348 0.0433 0.0759 0.1000 0.1000 0.1000 0.1000],[0.6518 0.5670 0.2415 0.0000 0.0000 0.0000 0.0000],0.6443827152252197,0.6795952162281793,0.3481549024581909,0.6518450975418091,0.15246378971234517,None
416,0.8737205862998962,0.7708200812339783,1.494882345199585,1.083280324935913,[0.0342 0.0425 0.0746 0.1000 0.1000 0.1000 0.1000],[0.6576 0.5746 0.2539 0.0000 0.0000 0.0000 0.0000],0.6445406675338745,0.6792189141082068,0.34238845109939575,0.6576115489006042,0.14989225836548686,None
416,0.8739158511161804,0.7707778215408325,1.4956634044647217,1.08311128616333,[0.0336 0.0418 0.0734 0.1000 0.1000 0.1000 0.1000],[0.6636 0.5821 0.2661 0.0000 0.0000 0.0000 0.0000],0.6446936726570129,0.678848899152832,0.33641133457422256,0.6635886654257774,0.1472302826390178,None
416,0.8741089701652527,0.7707348465919495,1.4964358806610107,1.0829393863677979,[0.0330 0.0410 0.0722 0.1000 0.1000 0.1000 0.1000],[0.6697 0.5899 0.2784 0.0000 0.0000 0.0000 0.0000],0.6448438167572021,0.6784815346308968,0.33027686178684235,0.6697231382131577,0.14450095646904626,None
416,0.8743051290512085,0.770690381526947,1.497220516204834,1.082761526107788,[0.0324 0.0402 0.0709 0.1000 0.1000 0.1000 0.1000],[0.6760 0.5979 0.2913 0.0000 0.0000 0.0000 0.0000],0.6449955105781555,0.6781075528623552,0.32403554767370224,0.6759644523262978,0.14172547775142355,None
416,0.8744831085205078,0.770649254322052,1.4979324340820312,1.082597017288208,[0.0318 0.0395 0.0696 0.1000 0.1000 0.1000 0.1000],[0.6816 0.6052 0.3035 0.0000 0.0000 0.0000 0.0000],0.6451323628425598,0.677767391162136,0.31837496906518936,0.6816250309348106,0.13920935287195335,None
416,0.8746622800827026,0.7706067562103271,1.4986491203308105,1.0824270248413086,[0.0312 0.0387 0.0684 0.1000 0.1000 0.1000 0.1000],[0.6875 0.6129 0.3160 0.0000 0.0000 0.0000 0.0000],0.6452690362930298,0.6774236154453096,0.3124566376209259,0.6875433623790741,0.13658119650981057,None
416,0.8748351335525513,0.7705647349357605,1.499340534210205,1.082258939743042,[0.0307 0.0380 0.0672 0.1000 0.1000 0.1000 0.1000],[0.6934 0.6204 0.3283 0.0000 0.0000 0.0000 0.0000],0.6453998684883118,0.6770907269575698,0.30663229525089264,0.6933677047491074,0.13399655483586298,None
416,0.8750045895576477,0.7705225348472595,1.5000183582305908,1.082090139389038,[0.0301 0.0372 0.0659 0.1000 0.1000 0.1000 0.1000],[0.6992 0.6280 0.3407 0.0000 0.0000 0.0000 0.0000],0.6455271244049072,0.6767631600352643,0.3007824718952179,0.6992175281047821,0.13140253067630533,None
416,0.87516850233078,0.7704805731773376,1.5006740093231201,1.0819222927093506,[0.0295 0.0364 0.0647 0.1000 0.1000 0.1000 0.1000],[0.7051 0.6355 0.3529 0.0000 0.0000 0.0000 0.0000],0.6456490755081177,0.676444859176303,0.2949430048465729,0.7050569951534271,0.1288151769928603,None
416,0.8753291368484497,0.7704381942749023,1.5013165473937988,1.0817527770996094,[0.0289 0.0357 0.0635 0.1000 0.1000 0.1000 0.1000],[0.7111 0.6432 0.3650 0.0000 0.0000 0.0000 0.0000],0.645767331123352,0.6761312880601966,0.28893254697322845,0.7110674530267715,0.12615473916625453,None
416,0.875494658946991,0.7703933119773865,1.5019786357879639,1.081573247909546,[0.0283 0.0349 0.0622 0.1000 0.1000 0.1000 0.1000],[0.7175 0.6512 0.3777 0.0000 0.0000 0.0000 0.0000],0.6458879709243774,0.6758066210275039,0.28254184871912,0.71745815128088,0.1233282080039606,None
416,0.8756417632102966,0.7703527212142944,1.5025670528411865,1.0814108848571777,[0.0277 0.0342 0.0610 0.1000 0.1000 0.1000 0.1000],[0.7231 0.6585 0.3895 0.0000 0.0000 0.0000 0.0000],0.6459944844245911,0.6755172701113321,0.27690794318914413,0.7230920568108559,0.1208372074924939,None
416,0.875792920589447,0.7703100442886353,1.503171682357788,1.081240177154541,[0.0271 0.0334 0.0598 0.1000 0.1000 0.1000 0.1000],[0.7290 0.6662 0.4019 0.0000 0.0000 0.0000 0.0000],0.6461029648780823,0.6752187254461677,0.2709851786494255,0.7290148213505745,0.1182202163679217,None
416,0.8759332895278931,0.7702693939208984,1.5037331581115723,1.0810775756835938,[0.0265 0.0327 0.0586 0.1000 0.1000 0.1000 0.1000],[0.7347 0.6735 0.4137 0.0000 0.0000 0.0000 0.0000],0.6462026834487915,0.6749401661124608,0.26532262563705444,0.7346773743629456,0.11571997139856764,None
416,0.8760750889778137,0.7702272534370422,1.5043003559112549,1.080909013748169,[0.0260 0.0319 0.0574 0.1000 0.1000 0.1000 0.1000],[0.7405 0.6810 0.4259 0.0000 0.0000 0.0000 0.0000],0.646302342414856,0.6746573567133083,0.25950320065021515,0.7404967993497849,0.11315186306546413,None
416,0.8762075901031494,0.7701869010925293,1.5048303604125977,1.0807476043701172,[0.0254 0.0312 0.0562 0.1000 0.1000 0.1000 0.1000],[0.7461 0.6883 0.4376 0.0000 0.0000 0.0000 0.0000],0.6463944911956787,0.6743918167327176,0.2538713440299034,0.7461286559700966,0.11066839731541708,None
416,0.8763393759727478,0.7701456546783447,1.5053575038909912,1.080582618713379,[0.0248 0.0304 0.0551 0.1000 0.1000 0.1000 0.1000],[0.7519 0.6957 0.4493 0.0000 0.0000 0.0000 0.0000],0.6464850306510925,0.6741262187680588,0.2481011301279068,0.7518988698720932,0.10812557605713653,None
416,0.8764694929122925,0.7701037526130676,1.50587797164917,1.0804150104522705,[0.0242 0.0297 0.0539 0.1000 0.1000 0.1000 0.1000],[0.7579 0.7032 0.4611 0.0000 0.0000 0.0000 0.0000],0.6465732455253601,0.6738623905477554,0.24213232100009918,0.7578676789999008,0.10549738952438581,None
416,0.8765956163406372,0.7700617909431458,1.5063824653625488,1.080247163772583,[0.0236 0.0289 0.0527 0.1000 0.1000 0.1000 0.1000],[0.7639 0.7107 0.4726 0.0000 0.0000 0.0000 0.0000],0.646657407283783,0.6736048018161244,0.2360532432794571,0.7639467567205429,0.10282279450542178,None
416,0.876724123954773,0.7700181007385254,1.5068964958190918,1.0800724029541016,[0.0230 0.0281 0.0515 0.1000 0.1000 0.1000 0.1000],[0.7703 0.7186 0.4846 0.0000 0.0000 0.0000 0.0000],0.6467422246932983,0.6733411210203409,0.22974979132413864,0.7702502086758614,0.1000510105473988,None
416,0.8768374919891357,0.7699788808822632,1.507349967956543,1.0799155235290527,[0.0224 0.0274 0.0504 0.1000 0.1000 0.1000 0.1000],[0.7758 0.7256 0.4957 0.0000 0.0000 0.0000 0.0000],0.6468163728713989,0.6731076459950882,0.22424126043915749,0.7757587395608425,0.0976294975914884,None
416,0.8769515156745911,0.7699382901191711,1.5078060626983643,1.0797531604766846,[0.0218 0.0267 0.0493 0.1000 0.1000 0.1000 0.1000],[0.7815 0.7329 0.5070 0.0000 0.0000 0.0000 0.0000],0.6468898057937622,0.6728712400973893,0.2184673212468624,0.7815326787531376,0.09509304556728004,None
416,0.877065122127533,0.7698968052864075,1.5082604885101318,1.0795872211456299,[0.0213 0.0260 0.0481 0.1000 0.1000 0.1000 0.1000],[0.7874 0.7403 0.5185 0.0000 0.0000 0.0000 0.0000],0.6469619274139404,0.6726342766245594,0.21255970001220703,0.787440299987793,0.09249934279132734,None
416,0.8771767616271973,0.7698551416397095,1.508707046508789,1.079420566558838,[0.0207 0.0252 0.0470 0.1000 0.1000 0.1000 0.1000],[0.7934 0.7478 0.5302 0.0000 0.0000 0.0000 0.0000],0.6470319032669067,0.6724002136943801,0.20663462579250336,0.7933653742074966,0.08989936742820122,None
416,0.877273440361023,0.7661181688308716,1.5090937614440918,1.0644726753234863,[0.0201 0.0245 0.0458 0.1078 0.1000 0.1000 0.1000],[0.7992 0.7553 0.5419 -0.0783 0.0000 0.0000 0.0000],0.6433916091918945,0.66660043261853,0.20078886300325394,0.7992111369967461,0.08611535661387228,None
416,0.8773735761642456,0.7670249342918396,1.5094943046569824,1.0680997371673584,[0.0195 0.0238 0.0448 0.1058 0.1000 0.1000 0.1000],[0.8050 0.7622 0.5521 -0.0583 0.0000 0.0000 0.0000],0.6443985104560852,0.6678123393736517,0.19502677023410797,0.804973229765892,0.08392728919717625,None
416,0.877479076385498,0.7680002450942993,1.5099163055419922,1.0720009803771973,[0.0189 0.0230 0.0437 0.1037 0.1000 0.1000 0.1000],[0.8112 0.7697 0.5630 -0.0368 0.0000 0.0000 0.0000],0.6454793214797974,0.6691241451976304,0.18884550780057907,0.8111544921994209,0.08156346997721073,None
416,0.8775835633277893,0.7690364718437195,1.5103342533111572,1.076145887374878,[0.0183 0.0223 0.0426 0.1014 0.1000 0.1000 0.1000],[0.8172 0.7772 0.5743 -0.0139 0.0000 0.0000 0.0000],0.6466200351715088,0.6705351437799931,0.18279911950230598,0.817200880497694,0.07925830880149448,None
416,0.8776863813400269,0.7701042890548706,1.5107455253601074,1.0804171562194824,[0.0177 0.0215 0.0414 0.0990 0.1000 0.1000 0.1000],[0.8231 0.7846 0.5859 0.0097 0.0000 0.0000 0.0000],0.6477906703948975,0.6720029081147879,0.1768539473414421,0.8231460526585579,0.07698756770436228,None
416,0.877805769443512,0.7713434100151062,1.5112230777740479,1.0853736400604248,[0.0170 0.0206 0.0401 0.0963 0.1000 0.1000 0.1000],[0.8303 0.7936 0.5995 0.0372 0.0000 0.0000 0.0000],0.6491491794586182,0.6737142978486403,0.1696937531232834,0.8303062468767166,0.07421404987753329,None
416,0.8778852820396423,0.7722287178039551,1.5115411281585693,1.0889148712158203,[0.0165 0.0200 0.0391 0.0943 0.1000 0.1000 0.1000],[0.8350 0.7996 0.6089 0.0568 0.0000 0.0000 0.0000],0.6501139998435974,0.6749514432647219,0.16502756625413895,0.834972433745861,0.07241333405439962,None
416,0.8779751062393188,0.7732223868370056,1.5119004249572754,1.0928895473480225,[0.0160 0.0193 0.0380 0.0921 0.1000 0.1000 0.1000],[0.8404 0.8066 0.6197 0.0789 0.0000 0.0000 0.0000],0.6511974930763245,0.6763447522404229,0.15957292169332504,0.840427078306675,0.07028134132832614,None
416,0.8780640959739685,0.7742153406143188,1.512256383895874,1.0968613624572754,[0.0154 0.0186 0.0369 0.0899 0.1000 0.1000 0.1000],[0.8460 0.8136 0.6306 0.1011 0.0000 0.0000 0.0000],0.6522794365882874,0.6777442702454313,0.1540367491543293,0.8459632508456707,0.06809635823154297,None
416,0.8781492114067078,0.7751714587211609,1.512596845626831,1.1006858348846436,[0.0149 0.0180 0.0359 0.0877 0.1000 0.1000 0.1000],[0.8514 0.8205 0.6412 0.1225 0.0000 0.0000 0.0000],0.6533206701278687,0.679098531188237,0.1486087217926979,0.8513912782073021,0.0659330989613242,None
416,0.8782379031181335,0.7761136889457703,1.5129516124725342,1.104454755783081,[0.0143 0.0172 0.0348 0.0856 0.1000 0.1000 0.1000],[0.8575 0.8279 0.6522 0.1438 0.0000 0.0000 0.0000],0.6543515920639038,0.6804312058846119,0.1425278838723898,0.8574721161276102,0.06345929215762808,None
416,0.8783183693885803,0.7769994735717773,1.5132734775543213,1.1079978942871094,[0.0137 0.0165 0.0338 0.0836 0.1000 0.1000 0.1000],[0.8630 0.8348 0.6625 0.1638 0.0000 0.0000 0.0000],0.6553178429603577,0.6816937075444424,0.1369823981076479,0.8630176018923521,0.06119360562446842,None
416,0.8784006237983704,0.777889609336853,1.5136024951934814,1.111558437347412,[0.0131 0.0158 0.0327 0.0816 0.1000 0.1000 0.1000],[0.8689 0.8420 0.6730 0.1840 0.0000 0.0000 0.0000],0.6562902331352234,0.6829652787760978,0.13108577579259872,0.8689142242074013,0.05875571762709243,None
416,0.8784798979759216,0.7787566781044006,1.5139195919036865,1.1150267124176025,[0.0125 0.0151 0.0317 0.0796 0.1000 0.1000 0.1000],[0.8747 0.8491 0.6834 0.2038 0.0000 0.0000 0.0000],0.6572365760803223,0.6842101650281931,0.12525634840130806,0.8747436515986919,0.05632627005890162,None
416,0.8785558938980103,0.7795824408531189,1.514223575592041,1.1183297634124756,[0.0119 0.0144 0.0306 0.0777 0.1000 0.1000 0.1000],[0.8805 0.8561 0.6935 0.2228 0.0000 0.0000 0.0000],0.6581383347511292,0.685399534258305,0.11947538703680038,0.8805246129631996,0.05389387851469761,None
416,0.8786322474479675,0.7804245352745056,1.5145289897918701,1.1216981410980225,[0.0114 0.0137 0.0296 0.0758 0.1000 0.1000 0.1000],[0.8865 0.8632 0.7039 0.2422 0.0000 0.0000 0.0000],0.6590567827224731,0.6866189026545124,0.11353988200426102,0.886460117995739,0.05137916333894678,None
416,0.8787088394165039,0.7812209129333496,1.5148353576660156,1.1248836517333984,[0.0107 0.0129 0.0286 0.0739 0.1000 0.1000 0.1000],[0.8928 0.8707 0.7143 0.2606 0.0000 0.0000 0.0000],0.6599297523498535,0.6877694337782505,0.10717283934354782,0.8928271606564522,0.048643556032379937,None
416,0.8787820339202881,0.7820215225219727,1.5151281356811523,1.1280860900878906,[0.0101 0.0122 0.0276 0.0721 0.1000 0.1000 0.1000],[0.8989 0.8779 0.7245 0.2793 0.0000 0.0000 0.0000],0.6608035564422607,0.6889364833377025,0.10109447874128819,0.8989055212587118,0.04602343111913026,None
416,0.8788540959358215,0.7828224301338196,1.5154163837432861,1.1312897205352783,[0.0095 0.0115 0.0265 0.0702 0.1000 0.1000 0.1000],[0.9050 0.8851 0.7347 0.2980 0.0000 0.0000 0.0000],0.6616765260696411,0.690110236048362,0.09500280022621155,0.9049971997737885,0.0433811043079671,None
416,0.8789243698120117,0.7835803031921387,1.5156974792480469,1.1343212127685547,[0.0089 0.0108 0.0255 0.0684 0.1000 0.1000 0.1000],[0.9113 0.8924 0.7448 0.3158 0.0000 0.0000 0.0000],0.6625046730041504,0.6912216545483265,0.08874407038092613,0.9112559296190739,0.040639244494131914,None
416,0.878993809223175,0.7843303084373474,1.5159752368927002,1.1373212337493896,[0.0082 0.0100 0.0245 0.0667 0.1000 0.1000 0.1000],[0.9176 0.8998 0.7549 0.3335 0.0000 0.0000 0.0000],0.6633241176605225,0.6923256579013655,0.08238574489951134,0.9176142551004887,0.03783452516798754,None
416,0.8785523176193237,0.7851643562316895,1.514209270477295,1.1406574249267578,[0.0275 0.0092 0.0234 0.0647 0.1000 0.1000 0.1000],[0.7247 0.9081 0.7663 0.3533 0.0000 0.0000 0.0000],0.6637166738510132,0.6944055606074706,0.09190540760755539,0.9080945923924446,0.042358149956584254,None
416,0.8786231279373169,0.7858607172966003,1.5144925117492676,1.1434428691864014,[0.0270 0.0085 0.0224 0.0630 0.1000 0.1000 0.1000],[0.7302 0.9146 0.7756 0.3699 0.0000 0.0000 0.0000],0.6644838452339172,0.695430778572889,0.08535235188901424,0.9146476481109858,0.039441536711490276,None
416,0.877989649772644,0.7876695394515991,1.5119585990905762,1.1506781578063965,[0.0264 0.0284 0.0214 0.0612 0.1000 0.1000 0.1000],[0.7362 0.7164 0.7855 0.3877 0.0000 0.0000 0.0000],0.6656591892242432,0.6994669563574665,0.21448522806167603,0.785514771938324,0.09986573930187122,None
416,0.878078043460846,0.7883822321891785,1.5123121738433838,1.1535289287567139,[0.0258 0.0276 0.0205 0.0595 0.1000 0.1000 0.1000],[0.7421 0.7236 0.7953 0.4049 0.0000 0.0000 0.0000],0.6664602756500244,0.7005074103226134,0.2047378197312355,0.7952621802687645,0.09558397258946463,None
