41,0.9030040502548218,0.8495477437973022,1.612016201019287,1.398190975189209,[0.1000 0.1000 0.1000 0.1000 0.1000 0.1000 0.1000],[0.0000 0.0000 0.0000 0.0000 0.0000 0.0000 0.0000],0.752551794052124,0.7687938009967736,1.0,0.0,0.5785571541962736,None
41,0.9030040502548218,0.8495477437973022,1.612016201019287,1.398190975189209,[0.1000 0.1000 0.1000 0.1000 0.1000 0.1000 0.1000],[0.0000 0.0000 0.0000 0.0000 0.0000 0.0000 0.0000],0.752551794052124,0.7687938009967736,1.0,0.0,0.5785571541962736,None
41,0.9030040502548218,0.8495477437973022,1.612016201019287,1.398190975189209,[0.1000 0.1000 0.1000 0.1000 0.1000 0.1000 0.1000],[0.0000 0.0000 0.0000 0.0000 0.0000 0.0000 0.0000],0.752551794052124,0.7687938009967736,1.0,0.0,0.5785571541962736,None
41,0.9030040502548218,0.8495477437973022,1.612016201019287,1.398190975189209,[0.1000 0.1000 0.1000 0.1000 0.1000 0.1000 0.1000],[0.0000 0.0000 0.0000 0.0000 0.0000 0.0000 0.0000],0.752551794052124,0.7687938009967736,1.0,0.0,0.5785571541962736,None
41,0.9030040502548218,0.8495477437973022,1.612016201019287,1.398190975189209,[0.1000 0.1000 0.1000 0.1000 0.1000 0.1000 0.1000],[0.0000 0.0000 0.0000 0.0000 0.0000 0.0000 0.0000],0.752551794052124,0.7687938009967736,1.0,0.0,0.5785571541962736,None
41,0.9030040502548218,0.8495477437973022,1.612016201019287,1.398190975189209,[0.1000 0.1000 0.1000 0.1000 0.1000 0.1000 0.1000],[0.0000 0.0000 0.0000 0.0000 0.0000 0.0000 0.0000],0.752551794052124,0.7687938009967736,1.0,0.0,0.5785571541962736,None
41,0.9030040502548218,0.8495477437973022,1.612016201019287,1.398190975189209,[0.1000 0.1000 0.1000 0.1000 0.1000 0.1000 0.1000],[0.0000 0.0000 0.0000 0.0000 0.0000 0.0000 0.0000],0.752551794052124,0.7687938009967736,1.0,0.0,0.5785571541962736,None
41,0.9030040502548218,0.8495477437973022,1.612016201019287,1.398190975189209,[0.1000 0.1000 0.1000 0.1000 0.1000 0.1000 0.1000],[0.0000 0.0000 0.0000 0.0000 0.0000 0.0000 0.0000],0.752551794052124,0.7687938009967736,1.0,0.0,0.5785571541962736,None
41,0.9030040502548218,0.8495477437973022,1.612016201019287,1.398190975189209,[0.1000 0.1000 0.1000 0.1000 0.1000 0.1000 0.1000],[0.0000 0.0000 0.0000 0.0000 0.0000 0.0000 0.0000],0.752551794052124,0.7687938009967736,1.0,0.0,0.5785571541962736,None
41,0.9030040502548218,0.8495477437973022,1.612016201019287,1.398190975189209,[0.1000 0.1000 0.1000 0.1000 0.1000 0.1000 0.1000],[0.0000 0.0000 0.0000 0.0000 0.0000 0.0000 0.0000],0.752551794052124,0.7687938009967736,1.0,0.0,0.5785571541962736,None
41,0.9030040502548218,0.8495477437973022,1.612016201019287,1.398190975189209,[0.1000 0.1000 0.1000 0.1000 0.1000 0.1000 0.1000],[0.0000 0.0000 0.0000 0.0000 0.0000 0.0000 0.0000],0.752551794052124,0.7687938009967736,1.0,0.0,0.5785571541962736,None
41,0.9030040502548218,0.8495477437973022,1.612016201019287,1.398190975189209,[0.1000 0.1000 0.1000 0.1000 0.1000 0.1000 0.1000],[0.0000 0.0000 0.0000 0.0000 0.0000 0.0000 0.0000],0.752551794052124,0.7687938009967736,1.0,0.0,0.5785571541962736,None
41,0.9030040502548218,0.8495477437973022,1.612016201019287,1.398190975189209,[0.1000 0.1000 0.1000 0.1000 0.1000 0.1000 0.1000],[0.0000 0.0000 0.0000 0.0000 0.0000 0.0000 0.0000],0.752551794052124,0.7687938009967736,1.0,0.0,0.5785571541962736,None
41,0.9030040502548218,0.8495477437973022,1.612016201019287,1.398190975189209,[0.1000 0.1000 0.1000 0.1000 0.1000 0.1000 0.1000],[0.0000 0.0000 0.0000 0.0000 0.0000 0.0000 0.0000],0.752551794052124,0.7687938009967736,1.0,0.0,0.5785571541962736,None
41,0.9030040502548218,0.8495477437973022,1.612016201019287,1.398190975189209,[0.1000 0.1000 0.1000 0.1000 0.1000 0.1000 0.1000],[0.0000 0.0000 0.0000 0.0000 0.0000 0.0000 0.0000],0.752551794052124,0.7687938009967736,1.0,0.0,0.5785571541962736,None
41,0.9030040502548218,0.8495477437973022,1.612016201019287,1.398190975189209,[0.1000 0.1000 0.1000 0.1000 0.1000 0.1000 0.1000],[0.0000 0.0000 0.0000 0.0000 0.0000 0.0000 0.0000],0.752551794052124,0.7687938009967736,1.0,0.0,0.5785571541962736,None
41,0.9030040502548218,0.8495477437973022,1.612016201019287,1.398190975189209,[0.1000 0.1000 0.1000 0.1000 0.1000 0.1000 0.1000],[0.0000 0.0000 0.0000 0.0000 0.0000 0.0000 0.0000],0.752551794052124,0.7687938009967736,1.0,0.0,0.5785571541962736,None
41,0.9030040502548218,0.8495477437973022,1.612016201019287,1.398190975189209,[0.1000 0.1000 0.1000 0.1000 0.1000 0.1000 0.1000],[0.0000 0.0000 0.0000 0.0000 0.0000 0.0000 0.0000],0.752551794052124,0.7687938009967736,1.0,0.0,0.5785571541962736,None
41,0.9030040502548218,0.8495477437973022,1.612016201019287,1.398190975189209,[0.1000 0.1000 0.1000 0.1000 0.1000 0.1000 0.1000],[0.0000 0.0000 0.0000 0.0000 0.0000 0.0000 0.0000],0.752551794052124,0.7687938009967736,1.0,0.0,0.5785571541962736,None
41,0.9030040502548218,0.8495477437973022,1.612016201019287,1.398190975189209,[0.1000 0.1000 0.1000 0.1000 0.1000 0.1000 0.1000],[0.0000 0.0000 0.0000 0.0000 0.0000 0.0000 0.0000],0.752551794052124,0.7687938009967736,1.0,0.0,0.5785571541962736,None
41,0.9030040502548218,0.8495477437973022,1.612016201019287,1.398190975189209,[0.1000 0.1000 0.1000 0.1000 0.1000 0.1000 0.1000],[0.0000 0.0000 0.0000 0.0000 0.0000 0.0000 0.0000],0.752551794052124,0.7687938009967736,1.0,0.0,0.5785571541962736,None
41,0.9030040502548218,0.8495477437973022,1.612016201019287,1.398190975189209,[0.1000 0.1000 0.1000 0.1000 0.1000 0.1000 0.1000],[0.0000 0.0000 0.0000 0.0000 0.0000 0.0000 0.0000],0.752551794052124,0.7687938009967736,1.0,0.0,0.5785571541962736,None
41,0.9030040502548218,0.8495477437973022,1.612016201019287,1.398190975189209,[0.1000 0.1000 0.1000 0.1000 0.1000 0.1000 0.1000],[0.0000 0.0000 0.0000 0.0000 0.0000 0.0000 0.0000],0.752551794052124,0.7687938009967736,1.0,0.0,0.5785571541962736,None
41,0.9030040502548218,0.8495477437973022,1.612016201019287,1.398190975189209,[0.1000 0.1000 0.1000 0.1000 0.1000 0.1000 0.1000],[0.0000 0.0000 0.0000 0.0000 0.0000 0.0000 0.0000],0.752551794052124,0.7687938009967736,1.0,0.0,0.5785571541962736,None
41,0.9030040502548218,0.8495477437973022,1.612016201019287,1.398190975189209,[0.1000 0.1000 0.1000 0.1000 0.1000 0.1000 0.1000],[0.0000 0.0000 0.0000 0.0000 0.0000 0.0000 0.0000],0.752551794052124,0.7687938009967736,1.0,0.0,0.5785571541962736,None
41,0.9030040502548218,0.8495477437973022,1.612016201019287,1.398190975189209,[0.1000 0.1000 0.1000 0.1000 0.1000 0.1000 0.1000],[0.0000 0.0000 0.0000 0.0000 0.0000 0.0000 0.0000],0.752551794052124,0.7687938009967736,1.0,0.0,0.5785571541962736,None
41,0.9030040502548218,0.8495477437973022,1.612016201019287,1.398190975189209,[0.1000 0.1000 0.1000 0.1000 0.1000 0.1000 0.1000],[0.0000 0.0000 0.0000 0.0000 0.0000 0.0000 0.0000],0.752551794052124,0.7687938009967736,1.0,0.0,0.5785571541962736,None
41,0.9030040502548218,0.8495477437973022,1.612016201019287,1.398190975189209,[0.1000 0.1000 0.1000 0.1000 0.1000 0.1000 0.1000],[0.0000 0.0000 0.0000 0.0000 0.0000 0.0000 0.0000],0.752551794052124,0.7687938009967736,1.0,0.0,0.5785571541962736,None
41,0.9030040502548218,0.8495477437973022,1.612016201019287,1.398190975189209,[0.1000 0.1000 0.1000 0.1000 0.1000 0.1000 0.1000],[0.0000 0.0000 0.0000 0.0000 0.0000 0.0000 0.0000],0.752551794052124,0.7687938009967736,1.0,0.0,0.5785571541962736,None
41,0.9030040502548218,0.8495477437973022,1.612016201019287,1.398190975189209,[0.1000 0.1000 0.1000 0.1000 0.1000 0.1000 0.1000],[0.0000 0.0000 0.0000 0.0000 0.0000 0.0000 0.0000],0.752551794052124,0.7687938009967736,1.0,0.0,0.5785571541962736,None
41,0.9030040502548218,0.8495477437973022,1.612016201019287,1.398190975189209,[0.1000 0.1000 0.1000 0.1000 0.1000 0.1000 0.1000],[0.0000 0.0000 0.0000 0.0000 0.0000 0.0000 0.0000],0.752551794052124,0.7687938009967736,1.0,0.0,0.5785571541962736,None
41,0.9030040502548218,0.8495477437973022,1.612016201019287,1.398190975189209,[0.1000 0.1000 0.1000 0.1000 0.1000 0.1000 0.1000],[0.0000 0.0000 0.0000 0.0000 0.0000 0.0000 0.0000],0.752551794052124,0.7687938009967736,1.0,0.0,0.5785571541962736,None
41,0.9030040502548218,0.8495477437973022,1.612016201019287,1.398190975189209,[0.1000 0.1000 0.1000 0.1000 0.1000 0.1000 0.1000],[0.0000 0.0000 0.0000 0.0000 0.0000 0.0000 0.0000],0.752551794052124,0.7687938009967736,1.0,0.0,0.5785571541962736,None
41,0.9030040502548218,0.8495477437973022,1.612016201019287,1.398190975189209,[0.1000 0.1000 0.1000 0.1000 0.1000 0.1000 0.1000],[0.0000 0.0000 0.0000 0.0000 0.0000 0.0000 0.0000],0.752551794052124,0.7687938009967736,1.0,0.0,0.5785571541962736,None
41,0.9030040502548218,0.8495477437973022,1.612016201019287,1.398190975189209,[0.1000 0.1000 0.1000 0.1000 0.1000 0.1000 0.1000],[0.0000 0.0000 0.0000 0.0000 0.0000 0.0000 0.0000],0.752551794052124,0.7687938009967736,1.0,0.0,0.5785571541962736,None
41,0.9030040502548218,0.8495477437973022,1.612016201019287,1.398190975189209,[0.1000 0.1000 0.1000 0.1000 0.1000 0.1000 0.1000],[0.0000 0.0000 0.0000 0.0000 0.0000 0.0000 0.0000],0.752551794052124,0.7687938009967736,1.0,0.0,0.5785571541962736,None
41,0.9030040502548218,0.8495477437973022,1.612016201019287,1.398190975189209,[0.1000 0.1000 0.1000 0.1000 0.1000 0.1000 0.1000],[0.0000 0.0000 0.0000 0.0000 0.0000 0.0000 0.0000],0.752551794052124,0.7687938009967736,1.0,0.0,0.5785571541962736,None
41,0.9030040502548218,0.8495477437973022,1.612016201019287,1.398190975189209,[0.1000 0.1000 0.1000 0.1000 0.1000 0.1000 0.1000],[0.0000 0.0000 0.0000 0.0000 0.0000 0.0000 0.0000],0.752551794052124,0.7687938009967736,1.0,0.0,0.5785571541962736,None
41,0.9030040502548218,0.8495477437973022,1.612016201019287,1.398190975189209,[0.1000 0.1000 0.1000 0.1000 0.1000 0.1000 0.1000],[0.0000 0.0000 0.0000 0.0000 0.0000 0.0000 0.0000],0.752551794052124,0.7687938009967736,1.0,0.0,0.5785571541962736,None
41,0.9030040502548218,0.8495477437973022,1.612016201019287,1.398190975189209,[0.1000 0.1000 0.1000 0.1000 0.1000 0.1000 0.1000],[0.0000 0.0000 0.0000 0.0000 0.0000 0.0000 0.0000],0.752551794052124,0.7687938009967736,1.0,0.0,0.5785571541962736,None
41,0.9030040502548218,0.8495477437973022,1.612016201019287,1.398190975189209,[0.1000 0.1000 0.1000 0.1000 0.1000 0.1000 0.1000],[0.0000 0.0000 0.0000 0.0000 0.0000 0.0000 0.0000],0.752551794052124,0.7687938009967736,1.0,0.0,0.5785571541962736,None
41,0.9030040502548218,0.8495477437973022,1.612016201019287,1.398190975189209,[0.1000 0.1000 0.1000 0.1000 0.1000 0.1000 0.1000],[0.0000 0.0000 0.0000 0.0000 0.0000 0.0000 0.0000],0.752551794052124,0.7687938009967736,1.0,0.0,0.5785571541962736,None
41,0.9030040502548218,0.8495477437973022,1.612016201019287,1.398190975189209,[0.1000 0.1000 0.1000 0.1000 0.1000 0.1000 0.1000],[0.0000 0.0000 0.0000 0.0000 0.0000 0.0000 0.0000],0.752551794052124,0.7687938009967736,1.0,0.0,0.5785571541962736,None
41,0.9030040502548218,0.8495477437973022,1.612016201019287,1.398190975189209,[0.1000 0.1000 0.1000 0.1000 0.1000 0.1000 0.1000],[0.0000 0.0000 0.0000 0.0000 0.0000 0.0000 0.0000],0.752551794052124,0.7687938009967736,1.0,0.0,0.5785571541962736,None
41,0.9030040502548218,0.8495477437973022,1.612016201019287,1.398190975189209,[0.1000 0.1000 0.1000 0.1000 0.1000 0.1000 0.1000],[0.0000 0.0000 0.0000 0.0000 0.0000 0.0000 0.0000],0.752551794052124,0.7687938009967736,1.0,0.0,0.5785571541962736,None
41,0.9030040502548218,0.8495477437973022,1.612016201019287,1.398190975189209,[0.1000 0.1000 0.1000 0.1000 0.1000 0.1000 0.1000],[0.0000 0.0000 0.0000 0.0000 0.0000 0.0000 0.0000],0.752551794052124,0.7687938009967736,1.0,0.0,0.5785571541962736,None
41,0.9030040502548218,0.8495477437973022,1.612016201019287,1.398190975189209,[0.1000 0.1000 0.1000 0.1000 0.1000 0.1000 0.1000],[0.0000 0.0000 0.0000 0.0000 0.0000 0.0000 0.0000],0.752551794052124,0.7687938009967736,1.0,0.0,0.5785571541962736,None
41,0.9030040502548218,0.8495477437973022,1.612016201019287,1.398190975189209,[0.1000 0.1000 0.1000 0.1000 0.1000 0.1000 0.1000],[0.0000 0.0000 0.0000 0.0000 0.0000 0.0000 0.0000],0.752551794052124,0.7687938009967736,1.0,0.0,0.5785571541962736,None
41,0.9030040502548218,0.8495477437973022,1.612016201019287,1.398190975189209,[0.1000 0.1000 0.1000 0.1000 0.1000 0.1000 0.1000],[0.0000 0.0000 0.0000 0.0000 0.0000 0.0000 0.0000],0.752551794052124,0.7687938009967736,1.0,0.0,0.5785571541962736,None
41,0.9030040502548218,0.8495477437973022,1.612016201019287,1.398190975189209,[0.1000 0.1000 0.1000 0.1000 0.1000 0.1000 0.1000],[0.0000 0.0000 0.0000 0.0000 0.0000 0.0000 0.0000],0.752551794052124,0.7687938009967736,1.0,0.0,0.5785571541962736,None
41,0.9030040502548218,0.8495477437973022,1.612016201019287,1.398190975189209,[0.1000 0.1000 0.1000 0.1000 0.1000 0.1000 0.1000],[0.0000 0.0000 0.0000 0.0000 0.0000 0.0000 0.0000],0.752551794052124,0.7687938009967736,1.0,0.0,0.5785571541962736,None
41,0.9030040502548218,0.8495477437973022,1.612016201019287,1.398190975189209,[0.1000 0.1000 0.1000 0.1000 0.1000 0.1000 0.1000],[0.0000 0.0000 0.0000 0.0000 0.0000 0.0000 0.0000],0.752551794052124,0.7687938009967736,1.0,0.0,0.5785571541962736,None
41,0.9030040502548218,0.8495477437973022,1.612016201019287,1.398190975189209,[0.1000 0.1000 0.1000 0.1000 0.1000 0.1000 0.1000],[0.0000 0.0000 0.0000 0.0000 0.0000 0.0000 0.0000],0.752551794052124,0.7687938009967736,1.0,0.0,0.5785571541962736,None
41,0.9030040502548218,0.8495477437973022,1.612016201019287,1.398190975189209,[0.1000 0.1000 0.1000 0.1000 0.1000 0.1000 0.1000],[0.0000 0.0000 0.0000 0.0000 0.0000 0.0000 0.0000],0.752551794052124,0.7687938009967736,1.0,0.0,0.5785571541962736,None
41,0.9030040502548218,0.8495477437973022,1.612016201019287,1.398190975189209,[0.1000 0.1000 0.1000 0.1000 0.1000 0.1000 0.1000],[0.0000 0.0000 0.0000 0.0000 0.0000 0.0000 0.0000],0.752551794052124,0.7687938009967736,1.0,0.0,0.5785571541962736,None
41,0.9030040502548218,0.8495477437973022,1.612016201019287,1.398190975189209,[0.1000 0.1000 0.1000 0.1000 0.1000 0.1000 0.1000],[0.0000 0.0000 0.0000 0.0000 0.0000 0.0000 0.0000],0.752551794052124,0.7687938009967736,1.0,0.0,0.5785571541962736,None
41,0.9030040502548218,0.8495477437973022,1.612016201019287,1.398190975189209,[0.1000 0.1000 0.1000 0.1000 0.1000 0.1000 0.1000],[0.0000 0.0000 0.0000 0.0000 0.0000 0.0000 0.0000],0.752551794052124,0.7687938009967736,1.0,0.0,0.5785571541962736,None
41,0.9030040502548218,0.8495477437973022,1.612016201019287,1.398190975189209,[0.1000 0.1000 0.1000 0.1000 0.1000 0.1000 0.1000],[0.0000 0.0000 0.0000 0.0000 0.0000 0.0000 0.0000],0.752551794052124,0.7687938009967736,1.0,0.0,0.5785571541962736,None
41,0.9030040502548218,0.8495477437973022,1.612016201019287,1.398190975189209,[0.1000 0.1000 0.1000 0.1000 0.1000 0.1000 0.1000],[0.0000 0.0000 0.0000 0.0000 0.0000 0.0000 0.0000],0.752551794052124,0.7687938009967736,1.0,0.0,0.5785571541962736,None
41,0.9030040502548218,0.8495477437973022,1.612016201019287,1.398190975189209,[0.1000 0.1000 0.1000 0.1000 0.1000 0.1000 0.1000],[0.0000 0.0000 0.0000 0.0000 0.0000 0.0000 0.0000],0.752551794052124,0.7687938009967736,1.0,0.0,0.5785571541962736,None
41,0.9030040502548218,0.8495477437973022,1.612016201019287,1.398190975189209,[0.1000 0.1000 0.1000 0.1000 0.1000 0.1000 0.1000],[0.0000 0.0000 0.0000 0.0000 0.0000 0.0000 0.0000],0.752551794052124,0.7687938009967736,1.0,0.0,0.5785571541962736,None
41,0.9030040502548218,0.8495477437973022,1.612016201019287,1.398190975189209,[0.1000 0.1000 0.1000 0.1000 0.1000 0.1000 0.1000],[0.0000 0.0000 0.0000 0.0000 0.0000 0.0000 0.0000],0.752551794052124,0.7687938009967736,1.0,0.0,0.5785571541962736,None
41,0.9030040502548218,0.8495477437973022,1.612016201019287,1.398190975189209,[0.1000 0.1000 0.1000 0.1000 0.1000 0.1000 0.1000],[0.0000 0.0000 0.0000 0.0000 0.0000 0.0000 0.0000],0.752551794052124,0.7687938009967736,1.0,0.0,0.5785571541962736,None
41,0.9030040502548218,0.8495477437973022,1.612016201019287,1.398190975189209,[0.1000 0.1000 0.1000 0.1000 0.1000 0.1000 0.1000],[0.0000 0.0000 0.0000 0.0000 0.0000 0.0000 0.0000],0.752551794052124,0.7687938009967736,1.0,0.0,0.5785571541962736,None
41,0.9030040502548218,0.8495477437973022,1.612016201019287,1.398190975189209,[0.1000 0.1000 0.1000 0.1000 0.1000 0.1000 0.1000],[0.0000 0.0000 0.0000 0.0000 0.0000 0.0000 0.0000],0.752551794052124,0.7687938009967736,1.0,0.0,0.5785571541962736,None
41,0.9030040502548218,0.8495477437973022,1.612016201019287,1.398190975189209,[0.1000 0.1000 0.1000 0.1000 0.1000 0.1000 0.1000],[0.0000 0.0000 0.0000 0.0000 0.0000 0.0000 0.0000],0.752551794052124,0.7687938009967736,1.0,0.0,0.5785571541962736,None
41,0.9030040502548218,0.8495477437973022,1.612016201019287,1.398190975189209,[0.1000 0.1000 0.1000 0.1000 0.1000 0.1000 0.1000],[0.0000 0.0000 0.0000 0.0000 0.0000 0.0000 0.0000],0.752551794052124,0.7687938009967736,1.0,0.0,0.5785571541962736,None
41,0.9030040502548218,0.8495477437973022,1.612016201019287,1.398190975189209,[0.1000 0.1000 0.1000 0.1000 0.1000 0.1000 0.1000],[0.0000 0.0000 0.0000 0.0000 0.0000 0.0000 0.0000],0.752551794052124,0.7687938009967736,1.0,0.0,0.5785571541962736,None
41,0.9030040502548218,0.8495477437973022,1.612016201019287,1.398190975189209,[0.1000 0.1000 0.1000 0.1000 0.1000 0.1000 0.1000],[0.0000 0.0000 0.0000 0.0000 0.0000 0.0000 0.0000],0.752551794052124,0.7687938009967736,1.0,0.0,0.5785571541962736,None
41,0.9030040502548218,0.8495477437973022,1.612016201019287,1.398190975189209,[0.1000 0.1000 0.1000 0.1000 0.1000 0.1000 0.1000],[0.0000 0.0000 0.0000 0.0000 0.0000 0.0000 0.0000],0.752551794052124,0.7687938009967736,1.0,0.0,0.5785571541962736,None
41,0.9030040502548218,0.8495477437973022,1.612016201019287,1.398190975189209,[0.1000 0.1000 0.1000 0.1000 0.1000 0.1000 0.1000],[0.0000 0.0000 0.0000 0.0000 0.0000 0.0000 0.0000],0.752551794052124,0.7687938009967736,1.0,0.0,0.5785571541962736,None
41,0.9030040502548218,0.8495477437973022,1.612016201019287,1.398190975189209,[0.1000 0.1000 0.1000 0.1000 0.1000 0.1000 0.1000],[0.0000 0.0000 0.0000 0.0000 0.0000 0.0000 0.0000],0.752551794052124,0.7687938009967736,1.0,0.0,0.5785571541962736,None
41,0.9030040502548218,0.8495477437973022,1.612016201019287,1.398190975189209,[0.1000 0.1000 0.1000 0.1000 0.1000 0.1000 0.1000],[0.0000 0.0000 0.0000 0.0000 0.0000 0.0000 0.0000],0.752551794052124,0.7687938009967736,1.0,0.0,0.5785571541962736,None
41,0.9030040502548218,0.8495477437973022,1.612016201019287,1.398190975189209,[0.1000 0.1000 0.1000 0.1000 0.1000 0.1000 0.1000],[0.0000 0.0000 0.0000 0.0000 0.0000 0.0000 0.0000],0.752551794052124,0.7687938009967736,1.0,0.0,0.5785571541962736,None
41,0.9030040502548218,0.8495477437973022,1.612016201019287,1.398190975189209,[0.1000 0.1000 0.1000 0.1000 0.1000 0.1000 0.1000],[0.0000 0.0000 0.0000 0.0000 0.0000 0.0000 0.0000],0.752551794052124,0.7687938009967736,1.0,0.0,0.5785571541962736,None
41,0.9030040502548218,0.8495477437973022,1.612016201019287,1.398190975189209,[0.1000 0.1000 0.1000 0.1000 0.1000 0.1000 0.1000],[0.0000 0.0000 0.0000 0.0000 0.0000 0.0000 0.0000],0.752551794052124,0.7687938009967736,1.0,0.0,0.5785571541962736,None
41,0.9030040502548218,0.8495477437973022,1.612016201019287,1.398190975189209,[0.1000 0.1000 0.1000 0.1000 0.1000 0.1000 0.1000],[0.0000 0.0000 0.0000 0.0000 0.0000 0.0000 0.0000],0.752551794052124,0.7687938009967736,1.0,0.0,0.5785571541962736,None
41,0.9030040502548218,0.8495477437973022,1.612016201019287,1.398190975189209,[0.1000 0.1000 0.1000 0.1000 0.1000 0.1000 0.1000],[0.0000 0.0000 0.0000 0.0000 0.0000 0.0000 0.0000],0.752551794052124,0.7687938009967736,1.0,0.0,0.5785571541962736,None
41,0.9030040502548218,0.8495477437973022,1.612016201019287,1.398190975189209,[0.1000 0.1000 0.1000 0.1000 0.1000 0.1000 0.1000],[0.0000 0.0000 0.0000 0.0000 0.0000 0.0000 0.0000],0.752551794052124,0.7687938009967736,1.0,0.0,0.5785571541962736,None
41,0.9030040502548218,0.8495477437973022,1.612016201019287,1.398190975189209,[0.1000 0.1000 0.1000 0.1000 0.1000 0.1000 0.1000],[0.0000 0.0000 0.0000 0.0000 0.0000 0.0000 0.0000],0.752551794052124,0.7687938009967736,1.0,0.0,0.5785571541962736,None
41,0.9030040502548218,0.8495477437973022,1.612016201019287,1.398190975189209,[0.1000 0.1000 0.1000 0.1000 0.1000 0.1000 0.1000],[0.0000 0.0000 0.0000 0.0000 0.0000 0.0000 0.0000],0.752551794052124,0.7687938009967736,1.0,0.0,0.5785571541962736,None
41,0.9030040502548218,0.8495477437973022,1.612016201019287,1.398190975189209,[0.1000 0.1000 0.1000 0.1000 0.1000 0.1000 0.1000],[0.0000 0.0000 0.0000 0.0000 0.0000 0.0000 0.0000],0.752551794052124,0.7687938009967736,1.0,0.0,0.5785571541962736,None
41,0.9030040502548218,0.8495477437973022,1.612016201019287,1.398190975189209,[0.1000 0.1000 0.1000 0.1000 0.1000 0.1000 0.1000],[0.0000 0.0000 0.0000 0.0000 0.0000 0.0000 0.0000],0.752551794052124,0.7687938009967736,1.0,0.0,0.5785571541962736,None
41,0.9030040502548218,0.8495477437973022,1.612016201019287,1.398190975189209,[0.1000 0.1000 0.1000 0.1000 0.1000 0.1000 0.1000],[0.0000 0.0000 0.0000 0.0000 0.0000 0.0000 0.0000],0.752551794052124,0.7687938009967736,1.0,0.0,0.5785571541962736,None
41,0.9030040502548218,0.8495477437973022,1.612016201019287,1.398190975189209,[0.1000 0.1000 0.1000 0.1000 0.1000 0.1000 0.1000],[0.0000 0.0000 0.0000 0.0000 0.0000 0.0000 0.0000],0.752551794052124,0.7687938009967736,1.0,0.0,0.5785571541962736,None
41,0.9030040502548218,0.8495477437973022,1.612016201019287,1.398190975189209,[0.1000 0.1000 0.1000 0.1000 0.1000 0.1000 0.1000],[0.0000 0.0000 0.0000 0.0000 0.0000 0.0000 0.0000],0.752551794052124,0.7687938009967736,1.0,0.0,0.5785571541962736,None
41,0.9030040502548218,0.8495477437973022,1.612016201019287,1.398190975189209,[0.1000 0.1000 0.1000 0.1000 0.1000 0.1000 0.1000],[0.0000 0.0000 0.0000 0.0000 0.0000 0.0000 0.0000],0.752551794052124,0.7687938009967736,1.0,0.0,0.5785571541962736,None
41,0.9030040502548218,0.8495477437973022,1.612016201019287,1.398190975189209,[0.1000 0.1000 0.1000 0.1000 0.1000 0.1000 0.1000],[0.0000 0.0000 0.0000 0.0000 0.0000 0.0000 0.0000],0.752551794052124,0.7687938009967736,1.0,0.0,0.5785571541962736,None
41,0.9030040502548218,0.8495477437973022,1.612016201019287,1.398190975189209,[0.1000 0.1000 0.1000 0.1000 0.1000 0.1000 0.1000],[0.0000 0.0000 0.0000 0.0000 0.0000 0.0000 0.0000],0.752551794052124,0.7687938009967736,1.0,0.0,0.5785571541962736,None
41,0.9030040502548218,0.8495477437973022,1.612016201019287,1.398190975189209,[0.1000 0.1000 0.1000 0.1000 0.1000 0.1000 0.1000],[0.0000 0.0000 0.0000 0.0000 0.0000 0.0000 0.0000],0.752551794052124,0.7687938009967736,1.0,0.0,0.5785571541962736,None
41,0.9030040502548218,0.8495477437973022,1.612016201019287,1.398190975189209,[0.1000 0.1000 0.1000 0.1000 0.1000 0.1000 0.1000],[0.0000 0.0000 0.0000 0.0000 0.0000 0.0000 0.0000],0.752551794052124,0.7687938009967736,1.0,0.0,0.5785571541962736,None
41,0.9030040502548218,0.8495477437973022,1.612016201019287,1.398190975189209,[0.1000 0.1000 0.1000 0.1000 0.1000 0.1000 0.1000],[0.0000 0.0000 0.0000 0.0000 0.0000 0.0000 0.0000],0.752551794052124,0.7687938009967736,1.0,0.0,0.5785571541962736,None
41,0.9030040502548218,0.8495477437973022,1.612016201019287,1.398190975189209,[0.1000 0.1000 0.1000 0.1000 0.1000 0.1000 0.1000],[0.0000 0.0000 0.0000 0.0000 0.0000 0.0000 0.0000],0.752551794052124,0.7687938009967736,1.0,0.0,0.5785571541962736,None
41,0.9030040502548218,0.8495477437973022,1.612016201019287,1.398190975189209,[0.1000 0.1000 0.1000 0.1000 0.1000 0.1000 0.1000],[0.0000 0.0000 0.0000 0.0000 0.0000 0.0000 0.0000],0.752551794052124,0.7687938009967736,1.0,0.0,0.5785571541962736,None
41,0.9030040502548218,0.8495477437973022,1.612016201019287,1.398190975189209,[0.1000 0.1000 0.1000 0.1000 0.1000 0.1000 0.1000],[0.0000 0.0000 0.0000 0.0000 0.0000 0.0000 0.0000],0.752551794052124,0.7687938009967736,1.0,0.0,0.5785571541962736,None
41,0.9030040502548218,0.8495477437973022,1.612016201019287,1.398190975189209,[0.1000 0.1000 0.1000 0.1000 0.1000 0.1000 0.1000],[0.0000 0.0000 0.0000 0.0000 0.0000 0.0000 0.0000],0.752551794052124,0.7687938009967736,1.0,0.0,0.5785571541962736,None
41,0.9030040502548218,0.8495477437973022,1.612016201019287,1.398190975189209,[0.1000 0.1000 0.1000 0.1000 0.1000 0.1000 0.1000],[0.0000 0.0000 0.0000 0.0000 0.0000 0.0000 0.0000],0.752551794052124,0.7687938009967736,1.0,0.0,0.5785571541962736,None
41,0.9030040502548218,0.8495477437973022,1.612016201019287,1.398190975189209,[0.1000 0.1000 0.1000 0.1000 0.1000 0.1000 0.1000],[0.0000 0.0000 0.0000 0.0000 0.0000 0.0000 0.0000],0.752551794052124,0.7687938009967736,1.0,0.0,0.5785571541962736,None
41,0.9030040502548218,0.8495477437973022,1.612016201019287,1.398190975189209,[0.1000 0.1000 0.1000 0.1000 0.1000 0.1000 0.1000],[0.0000 0.0000 0.0000 0.0000 0.0000 0.0000 0.0000],0.752551794052124,0.7687938009967736,1.0,0.0,0.5785571541962736,None
41,0.9030040502548218,0.8495477437973022,1.612016201019287,1.398190975189209,[0.1000 0.1000 0.1000 0.1000 0.1000 0.1000 0.1000],[0.0000 0.0000 0.0000 0.0000 0.0000 0.0000 0.0000],0.752551794052124,0.7687938009967736,1.0,0.0,0.5785571541962736,None
41,0.9030040502548218,0.8495477437973022,1.612016201019287,1.398190975189209,[0.1000 0.1000 0.1000 0.1000 0.1000 0.1000 0.1000],[0.0000 0.0000 0.0000 0.0000 0.0000 0.0000 0.0000],0.752551794052124,0.7687938009967736,1.0,0.0,0.5785571541962736,None
41,0.9030040502548218,0.8495477437973022,1.612016201019287,1.398190975189209,[0.1000 0.1000 0.1000 0.1000 0.1000 0.1000 0.1000],[0.0000 0.0000 0.0000 0.0000 0.0000 0.0000 0.0000],0.752551794052124,0.7687938009967736,1.0,0.0,0.5785571541962736,None
41,0.9030040502548218,0.8495477437973022,1.612016201019287,1.398190975189209,[0.1000 0.1000 0.1000 0.1000 0.1000 0.1000 0.1000],[0.0000 0.0000 0.0000 0.0000 0.0000 0.0000 0.0000],0.752551794052124,0.7687938009967736,1.0,0.0,0.5785571541962736,None
41,0.9030040502548218,0.8495477437973022,1.612016201019287,1.398190975189209,[0.1000 0.1000 0.1000 0.1000 0.1000 0.1000 0.1000],[0.0000 0.0000 0.0000 0.0000 0.0000 0.0000 0.0000],0.752551794052124,0.7687938009967736,1.0,0.0,0.5785571541962736,None
41,0.9030040502548218,0.8495477437973022,1.612016201019287,1.398190975189209,[0.1000 0.1000 0.1000 0.1000 0.1000 0.1000 0.1000],[0.0000 0.0000 0.0000 0.0000 0.0000 0.0000 0.0000],0.752551794052124,0.7687938009967736,1.0,0.0,0.5785571541962736,None
41,0.9030040502548218,0.8495477437973022,1.612016201019287,1.398190975189209,[0.1000 0.1000 0.1000 0.1000 0.1000 0.1000 0.1000],[0.0000 0.0000 0.0000 0.0000 0.0000 0.0000 0.0000],0.752551794052124,0.7687938009967736,1.0,0.0,0.5785571541962736,None
41,0.9030040502548218,0.8495477437973022,1.612016201019287,1.398190975189209,[0.1000 0.1000 0.1000 0.1000 0.1000 0.1000 0.1000],[0.0000 0.0000 0.0000 0.0000 0.0000 0.0000 0.0000],0.752551794052124,0.7687938009967736,1.0,0.0,0.5785571541962736,None
41,0.9030040502548218,0.8495477437973022,1.612016201019287,1.398190975189209,[0.1000 0.1000 0.1000 0.1000 0.1000 0.1000 0.1000],[0.0000 0.0000 0.0000 0.0000 0.0000 0.0000 0.0000],0.752551794052124,0.7687938009967736,1.0,0.0,0.5785571541962736,None
41,0.9030040502548218,0.8495477437973022,1.612016201019287,1.398190975189209,[0.1000 0.1000 0.1000 0.1000 0.1000 0.1000 0.1000],[0.0000 0.0000 0.0000 0.0000 0.0000 0.0000 0.0000],0.752551794052124,0.7687938009967736,1.0,0.0,0.5785571541962736,None
41,0.9030040502548218,0.8495477437973022,1.612016201019287,1.398190975189209,[0.1000 0.1000 0.1000 0.1000 0.1000 0.1000 0.1000],[0.0000 0.0000 0.0000 0.0000 0.0000 0.0000 0.0000],0.752551794052124,0.7687938009967736,1.0,0.0,0.5785571541962736,None
41,0.9030040502548218,0.8495477437973022,1.612016201019287,1.398190975189209,[0.1000 0.1000 0.1000 0.1000 0.1000 0.1000 0.1000],[0.0000 0.0000 0.0000 0.0000 0.0000 0.0000 0.0000],0.752551794052124,0.7687938009967736,1.0,0.0,0.5785571541962736,None
41,0.9030040502548218,0.8495477437973022,1.612016201019287,1.398190975189209,[0.1000 0.1000 0.1000 0.1000 0.1000 0.1000 0.1000],[0.0000 0.0000 0.0000 0.0000 0.0000 0.0000 0.0000],0.752551794052124,0.7687938009967736,1.0,0.0,0.5785571541962736,None
41,0.9030040502548218,0.8495477437973022,1.612016201019287,1.398190975189209,[0.1000 0.1000 0.1000 0.1000 0.1000 0.1000 0.1000],[0.0000 0.0000 0.0000 0.0000 0.0000 0.0000 0.0000],0.752551794052124,0.7687938009967736,1.0,0.0,0.5785571541962736,None
41,0.9030040502548218,0.8495477437973022,1.612016201019287,1.398190975189209,[0.1000 0.1000 0.1000 0.1000 0.1000 0.1000 0.1000],[0.0000 0.0000 0.0000 0.0000 0.0000 0.0000 0.0000],0.752551794052124,0.7687938009967736,1.0,0.0,0.5785571541962736,None
41,0.9030040502548218,0.8495477437973022,1.612016201019287,1.398190975189209,[0.1000 0.1000 0.1000 0.1000 0.1000 0.1000 0.1000],[0.0000 0.0000 0.0000 0.0000 0.0000 0.0000 0.0000],0.752551794052124,0.7687938009967736,1.0,0.0,0.5785571541962736,None
41,0.9030040502548218,0.8495477437973022,1.612016201019287,1.398190975189209,[0.1000 0.1000 0.1000 0.1000 0.1000 0.1000 0.1000],[0.0000 0.0000 0.0000 0.0000 0.0000 0.0000 0.0000],0.752551794052124,0.7687938009967736,1.0,0.0,0.5785571541962736,None
41,0.9030040502548218,0.8495477437973022,1.612016201019287,1.398190975189209,[0.1000 0.1000 0.1000 0.1000 0.1000 0.1000 0.1000],[0.0000 0.0000 0.0000 0.0000 0.0000 0.0000 0.0000],0.752551794052124,0.7687938009967736,1.0,0.0,0.5785571541962736,None
41,0.9030040502548218,0.8495477437973022,1.612016201019287,1.398190975189209,[0.1000 0.1000 0.1000 0.1000 0.1000 0.1000 0.1000],[0.0000 0.0000 0.0000 0.0000 0.0000 0.0000 0.0000],0.752551794052124,0.7687938009967736,1.0,0.0,0.5785571541962736,None
41,0.9030040502548218,0.8495477437973022,1.612016201019287,1.398190975189209,[0.1000 0.1000 0.1000 0.1000 0.1000 0.1000 0.1000],[0.0000 0.0000 0.0000 0.0000 0.0000 0.0000 0.0000],0.752551794052124,0.7687938009967736,1.0,0.0,0.5785571541962736,None
41,0.9030040502548218,0.8495477437973022,1.612016201019287,1.398190975189209,[0.1000 0.1000 0.1000 0.1000 0.1000 0.1000 0.1000],[0.0000 0.0000 0.0000 0.0000 0.0000 0.0000 0.0000],0.752551794052124,0.7687938009967736,1.0,0.0,0.5785571541962736,None
41,0.9030040502548218,0.8495477437973022,1.612016201019287,1.398190975189209,[0.1000 0.1000 0.1000 0.1000 0.1000 0.1000 0.1000],[0.0000 0.0000 0.0000 0.0000 0.0000 0.0000 0.0000],0.752551794052124,0.7687938009967736,1.0,0.0,0.5785571541962736,None
41,0.9030040502548218,0.8495477437973022,1.612016201019287,1.398190975189209,[0.1000 0.1000 0.1000 0.1000 0.1000 0.1000 0.1000],[0.0000 0.0000 0.0000 0.0000 0.0000 0.0000 0.0000],0.752551794052124,0.7687938009967736,1.0,0.0,0.5785571541962736,None
41,0.9030040502548218,0.8495477437973022,1.612016201019287,1.398190975189209,[0.1000 0.1000 0.1000 0.1000 0.1000 0.1000 0.1000],[0.0000 0.0000 0.0000 0.0000 0.0000 0.0000 0.0000],0.752551794052124,0.7687938009967736,1.0,0.0,0.5785571541962736,None
41,0.9030040502548218,0.8495477437973022,1.612016201019287,1.398190975189209,[0.1000 0.1000 0.1000 0.1000 0.1000 0.1000 0.1000],[0.0000 0.0000 0.0000 0.0000 0.0000 0.0000 0.0000],0.752551794052124,0.7687938009967736,1.0,0.0,0.5785571541962736,None
41,0.9030040502548218,0.8495477437973022,1.612016201019287,1.398190975189209,[0.1000 0.1000 0.1000 0.1000 0.1000 0.1000 0.1000],[0.0000 0.0000 0.0000 0.0000 0.0000 0.0000 0.0000],0.752551794052124,0.7687938009967736,1.0,0.0,0.5785571541962736,None
41,0.9030040502548218,0.8495477437973022,1.612016201019287,1.398190975189209,[0.1000 0.1000 0.1000 0.1000 0.1000 0.1000 0.1000],[0.0000 0.0000 0.0000 0.0000 0.0000 0.0000 0.0000],0.752551794052124,0.7687938009967736,1.0,0.0,0.5785571541962736,None
41,0.9030040502548218,0.8495477437973022,1.612016201019287,1.398190975189209,[0.1000 0.1000 0.1000 0.1000 0.1000 0.1000 0.1000],[0.0000 0.0000 0.0000 0.0000 0.0000 0.0000 0.0000],0.752551794052124,0.7687938009967736,1.0,0.0,0.5785571541962736,None
41,0.9030040502548218,0.8495477437973022,1.612016201019287,1.398190975189209,[0.1000 0.1000 0.1000 0.1000 0.1000 0.1000 0.1000],[0.0000 0.0000 0.0000 0.0000 0.0000 0.0000 0.0000],0.752551794052124,0.7687938009967736,1.0,0.0,0.5785571541962736,None
41,0.9030040502548218,0.8495477437973022,1.612016201019287,1.398190975189209,[0.1000 0.1000 0.1000 0.1000 0.1000 0.1000 0.1000],[0.0000 0.0000 0.0000 0.0000 0.0000 0.0000 0.0000],0.752551794052124,0.7687938009967736,1.0,0.0,0.5785571541962736,None
41,0.9030040502548218,0.8495477437973022,1.612016201019287,1.398190975189209,[0.1000 0.1000 0.1000 0.1000 0.1000 0.1000 0.1000],[0.0000 0.0000 0.0000 0.0000 0.0000 0.0000 0.0000],0.752551794052124,0.7687938009967736,1.0,0.0,0.5785571541962736,None
41,0.9030040502548218,0.8495477437973022,1.612016201019287,1.398190975189209,[0.1000 0.1000 0.1000 0.1000 0.1000 0.1000 0.1000],[0.0000 0.0000 0.0000 0.0000 0.0000 0.0000 0.0000],0.752551794052124,0.7687938009967736,1.0,0.0,0.5785571541962736,None
41,0.9030040502548218,0.8495477437973022,1.612016201019287,1.398190975189209,[0.1000 0.1000 0.1000 0.1000 0.1000 0.1000 0.1000],[0.0000 0.0000 0.0000 0.0000 0.0000 0.0000 0.0000],0.752551794052124,0.7687938009967736,1.0,0.0,0.5785571541962736,None
41,0.9030040502548218,0.8495477437973022,1.612016201019287,1.398190975189209,[0.1000 0.1000 0.1000 0.1000 0.1000 0.1000 0.1000],[0.0000 0.0000 0.0000 0.0000 0.0000 0.0000 0.0000],0.752551794052124,0.7687938009967736,1.0,0.0,0.5785571541962736,None
41,0.9030040502548218,0.8495477437973022,1.612016201019287,1.398190975189209,[0.1000 0.1000 0.1000 0.1000 0.1000 0.1000 0.1000],[0.0000 0.0000 0.0000 0.0000 0.0000 0.0000 0.0000],0.752551794052124,0.7687938009967736,1.0,0.0,0.5785571541962736,None
41,0.9030040502548218,0.8495477437973022,1.612016201019287,1.398190975189209,[0.1000 0.1000 0.1000 0.1000 0.1000 0.1000 0.1000],[0.0000 0.0000 0.0000 0.0000 0.0000 0.0000 0.0000],0.752551794052124,0.7687938009967736,1.0,0.0,0.5785571541962736,None
41,0.9030040502548218,0.8495477437973022,1.612016201019287,1.398190975189209,[0.1000 0.1000 0.1000 0.1000 0.1000 0.1000 0.1000],[0.0000 0.0000 0.0000 0.0000 0.0000 0.0000 0.0000],0.752551794052124,0.7687938009967736,1.0,0.0,0.5785571541962736,None
41,0.9030040502548218,0.8495477437973022,1.612016201019287,1.398190975189209,[0.1000 0.1000 0.1000 0.1000 0.1000 0.1000 0.1000],[0.0000 0.0000 0.0000 0.0000 0.0000 0.0000 0.0000],0.752551794052124,0.7687938009967736,1.0,0.0,0.5785571541962736,None
41,0.9030040502548218,0.8495477437973022,1.612016201019287,1.398190975189209,[0.1000 0.1000 0.1000 0.1000 0.1000 0.1000 0.1000],[0.0000 0.0000 0.0000 0.0000 0.0000 0.0000 0.0000],0.752551794052124,0.7687938009967736,1.0,0.0,0.5785571541962736,None
41,0.9030040502548218,0.8495477437973022,1.612016201019287,1.398190975189209,[0.1000 0.1000 0.1000 0.1000 0.1000 0.1000 0.1000],[0.0000 0.0000 0.0000 0.0000 0.0000 0.0000 0.0000],0.752551794052124,0.7687938009967736,1.0,0.0,0.5785571541962736,None
41,0.9030040502548218,0.8495477437973022,1.612016201019287,1.398190975189209,[0.1000 0.1000 0.1000 0.1000 0.1000 0.1000 0.1000],[0.0000 0.0000 0.0000 0.0000 0.0000 0.0000 0.0000],0.752551794052124,0.7687938009967736,1.0,0.0,0.5785571541962736,None
41,0.9030040502548218,0.8495477437973022,1.612016201019287,1.398190975189209,[0.1000 0.1000 0.1000 0.1000 0.1000 0.1000 0.1000],[0.0000 0.0000 0.0000 0.0000 0.0000 0.0000 0.0000],0.752551794052124,0.7687938009967736,1.0,0.0,0.5785571541962736,None
41,0.9030040502548218,0.8495477437973022,1.612016201019287,1.398190975189209,[0.1000 0.1000 0.1000 0.1000 0.1000 0.1000 0.1000],[0.0000 0.0000 0.0000 0.0000 0.0000 0.0000 0.0000],0.752551794052124,0.7687938009967736,1.0,0.0,0.5785571541962736,None
41,0.9030040502548218,0.8495477437973022,1.612016201019287,1.398190975189209,[0.1000 0.1000 0.1000 0.1000 0.1000 0.1000 0.1000],[0.0000 0.0000 0.0000 0.0000 0.0000 0.0000 0.0000],0.752551794052124,0.7687938009967736,1.0,0.0,0.5785571541962736,None
41,0.9030040502548218,0.8495477437973022,1.612016201019287,1.398190975189209,[0.1000 0.1000 0.1000 0.1000 0.1000 0.1000 0.1000],[0.0000 0.0000 0.0000 0.0000 0.0000 0.0000 0.0000],0.752551794052124,0.7687938009967736,1.0,0.0,0.5785571541962736,None
41,0.9030040502548218,0.8495477437973022,1.612016201019287,1.398190975189209,[0.1000 0.1000 0.1000 0.1000 0.1000 0.1000 0.1000],[0.0000 0.0000 0.0000 0.0000 0.0000 0.0000 0.0000],0.752551794052124,0.7687938009967736,1.0,0.0,0.5785571541962736,None
41,0.9030040502548218,0.8495477437973022,1.612016201019287,1.398190975189209,[0.1000 0.1000 0.1000 0.1000 0.1000 0.1000 0.1000],[0.0000 0.0000 0.0000 0.0000 0.0000 0.0000 0.0000],0.752551794052124,0.7687938009967736,1.0,0.0,0.5785571541962736,None
41,0.9030040502548218,0.8495477437973022,1.612016201019287,1.398190975189209,[0.1000 0.1000 0.1000 0.1000 0.1000 0.1000 0.1000],[0.0000 0.0000 0.0000 0.0000 0.0000 0.0000 0.0000],0.752551794052124,0.7687938009967736,1.0,0.0,0.5785571541962736,None
41,0.9030040502548218,0.8495477437973022,1.612016201019287,1.398190975189209,[0.1000 0.1000 0.1000 0.1000 0.1000 0.1000 0.1000],[0.0000 0.0000 0.0000 0.0000 0.0000 0.0000 0.0000],0.752551794052124,0.7687938009967736,1.0,0.0,0.5785571541962736,None
41,0.9030040502548218,0.8495477437973022,1.612016201019287,1.398190975189209,[0.1000 0.1000 0.1000 0.1000 0.1000 0.1000 0.1000],[0.0000 0.0000 0.0000 0.0000 0.0000 0.0000 0.0000],0.752551794052124,0.7687938009967736,1.0,0.0,0.5785571541962736,None
41,0.9030040502548218,0.8495477437973022,1.612016201019287,1.398190975189209,[0.1000 0.1000 0.1000 0.1000 0.1000 0.1000 0.1000],[0.0000 0.0000 0.0000 0.0000 0.0000 0.0000 0.0000],0.752551794052124,0.7687938009967736,1.0,0.0,0.5785571541962736,None
41,0.9030040502548218,0.8495477437973022,1.612016201019287,1.398190975189209,[0.1000 0.1000 0.1000 0.1000 0.1000 0.1000 0.1000],[0.0000 0.0000 0.0000 0.0000 0.0000 0.0000 0.0000],0.752551794052124,0.7687938009967736,1.0,0.0,0.5785571541962736,None
41,0.9030040502548218,0.8495477437973022,1.612016201019287,1.398190975189209,[0.1000 0.1000 0.1000 0.1000 0.1000 0.1000 0.1000],[0.0000 0.0000 0.0000 0.0000 0.0000 0.0000 0.0000],0.752551794052124,0.7687938009967736,1.0,0.0,0.5785571541962736,None
41,0.9030040502548218,0.8495477437973022,1.612016201019287,1.398190975189209,[0.1000 0.1000 0.1000 0.1000 0.1000 0.1000 0.1000],[0.0000 0.0000 0.0000 0.0000 0.0000 0.0000 0.0000],0.752551794052124,0.7687938009967736,1.0,0.0,0.5785571541962736,None
41,0.9030040502548218,0.8495477437973022,1.612016201019287,1.398190975189209,[0.1000 0.1000 0.1000 0.1000 0.1000 0.1000 0.1000],[0.0000 0.0000 0.0000 0.0000 0.0000 0.0000 0.0000],0.752551794052124,0.7687938009967736,1.0,0.0,0.5785571541962736,None
41,0.9030040502548218,0.8495477437973022,1.612016201019287,1.398190975189209,[0.1000 0.1000 0.1000 0.1000 0.1000 0.1000 0.1000],[0.0000 0.0000 0.0000 0.0000 0.0000 0.0000 0.0000],0.752551794052124,0.7687938009967736,1.0,0.0,0.5785571541962736,None
41,0.9030040502548218,0.8495477437973022,1.612016201019287,1.398190975189209,[0.1000 0.1000 0.1000 0.1000 0.1000 0.1000 0.1000],[0.0000 0.0000 0.0000 0.0000 0.0000 0.0000 0.0000],0.752551794052124,0.7687938009967736,1.0,0.0,0.5785571541962736,None
41,0.9030040502548218,0.8495477437973022,1.612016201019287,1.398190975189209,[0.1000 0.1000 0.1000 0.1000 0.1000 0.1000 0.1000],[0.0000 0.0000 0.0000 0.0000 0.0000 0.0000 0.0000],0.752551794052124,0.7687938009967736,1.0,0.0,0.5785571541962736,None
41,0.9030040502548218,0.8495477437973022,1.612016201019287,1.398190975189209,[0.1000 0.1000 0.1000 0.1000 0.1000 0.1000 0.1000],[0.0000 0.0000 0.0000 0.0000 0.0000 0.0000 0.0000],0.752551794052124,0.7687938009967736,1.0,0.0,0.5785571541962736,None
41,0.9030040502548218,0.8495477437973022,1.612016201019287,1.398190975189209,[0.1000 0.1000 0.1000 0.1000 0.1000 0.1000 0.1000],[0.0000 0.0000 0.0000 0.0000 0.0000 0.0000 0.0000],0.752551794052124,0.7687938009967736,1.0,0.0,0.5785571541962736,None
41,0.9030040502548218,0.8495477437973022,1.612016201019287,1.398190975189209,[0.1000 0.1000 0.1000 0.1000 0.1000 0.1000 0.1000],[0.0000 0.0000 0.0000 0.0000 0.0000 0.0000 0.0000],0.752551794052124,0.7687938009967736,1.0,0.0,0.5785571541962736,None
41,0.9030040502548218,0.8495477437973022,1.612016201019287,1.398190975189209,[0.1000 0.1000 0.1000 0.1000 0.1000 0.1000 0.1000],[0.0000 0.0000 0.0000 0.0000 0.0000 0.0000 0.0000],0.752551794052124,0.7687938009967736,1.0,0.0,0.5785571541962736,None
41,0.9030040502548218,0.8495477437973022,1.612016201019287,1.398190975189209,[0.1000 0.1000 0.1000 0.1000 0.1000 0.1000 0.1000],[0.0000 0.0000 0.0000 0.0000 0.0000 0.0000 0.0000],0.752551794052124,0.7687938009967736,1.0,0.0,0.5785571541962736,None
41,0.9030040502548218,0.8495477437973022,1.612016201019287,1.398190975189209,[0.1000 0.1000 0.1000 0.1000 0.1000 0.1000 0.1000],[0.0000 0.0000 0.0000 0.0000 0.0000 0.0000 0.0000],0.752551794052124,0.7687938009967736,1.0,0.0,0.5785571541962736,None
41,0.9030040502548218,0.8495477437973022,1.612016201019287,1.398190975189209,[0.1000 0.1000 0.1000 0.1000 0.1000 0.1000 0.1000],[0.0000 0.0000 0.0000 0.0000 0.0000 0.0000 0.0000],0.752551794052124,0.7687938009967736,1.0,0.0,0.5785571541962736,None
41,0.9030040502548218,0.8495477437973022,1.612016201019287,1.398190975189209,[0.1000 0.1000 0.1000 0.1000 0.1000 0.1000 0.1000],[0.0000 0.0000 0.0000 0.0000 0.0000 0.0000 0.0000],0.752551794052124,0.7687938009967736,1.0,0.0,0.5785571541962736,None
41,0.9030040502548218,0.8495477437973022,1.612016201019287,1.398190975189209,[0.1000 0.1000 0.1000 0.1000 0.1000 0.1000 0.1000],[0.0000 0.0000 0.0000 0.0000 0.0000 0.0000 0.0000],0.752551794052124,0.7687938009967736,1.0,0.0,0.5785571541962736,None
41,0.9030040502548218,0.8495477437973022,1.612016201019287,1.398190975189209,[0.1000 0.1000 0.1000 0.1000 0.1000 0.1000 0.1000],[0.0000 0.0000 0.0000 0.0000 0.0000 0.0000 0.0000],0.752551794052124,0.7687938009967736,1.0,0.0,0.5785571541962736,None
41,0.9030040502548218,0.8495477437973022,1.612016201019287,1.398190975189209,[0.1000 0.1000 0.1000 0.1000 0.1000 0.1000 0.1000],[0.0000 0.0000 0.0000 0.0000 0.0000 0.0000 0.0000],0.752551794052124,0.7687938009967736,1.0,0.0,0.5785571541962736,None
41,0.9030040502548218,0.8495477437973022,1.612016201019287,1.398190975189209,[0.1000 0.1000 0.1000 0.1000 0.1000 0.1000 0.1000],[0.0000 0.0000 0.0000 0.0000 0.0000 0.0000 0.0000],0.752551794052124,0.7687938009967736,1.0,0.0,0.5785571541962736,None
41,0.9030040502548218,0.8495477437973022,1.612016201019287,1.398190975189209,[0.1000 0.1000 0.1000 0.1000 0.1000 0.1000 0.1000],[0.0000 0.0000 0.0000 0.0000 0.0000 0.0000 0.0000],0.752551794052124,0.7687938009967736,1.0,0.0,0.5785571541962736,None
41,0.9030040502548218,0.8495477437973022,1.612016201019287,1.398190975189209,[0.1000 0.1000 0.1000 0.1000 0.1000 0.1000 0.1000],[0.0000 0.0000 0.0000 0.0000 0.0000 0.0000 0.0000],0.752551794052124,0.7687938009967736,1.0,0.0,0.5785571541962736,None
41,0.9030040502548218,0.8495477437973022,1.612016201019287,1.398190975189209,[0.1000 0.1000 0.1000 0.1000 0.1000 0.1000 0.1000],[0.0000 0.0000 0.0000 0.0000 0.0000 0.0000 0.0000],0.752551794052124,0.7687938009967736,1.0,0.0,0.5785571541962736,None
41,0.9030040502548218,0.8495477437973022,1.612016201019287,1.398190975189209,[0.1000 0.1000 0.1000 0.1000 0.1000 0.1000 0.1000],[0.0000 0.0000 0.0000 0.0000 0.0000 0.0000 0.0000],0.752551794052124,0.7687938009967736,1.0,0.0,0.5785571541962736,None
41,0.9030040502548218,0.8495477437973022,1.612016201019287,1.398190975189209,[0.1000 0.1000 0.1000 0.1000 0.1000 0.1000 0.1000],[0.0000 0.0000 0.0000 0.0000 0.0000 0.0000 0.0000],0.752551794052124,0.7687938009967736,1.0,0.0,0.5785571541962736,None
41,0.9030040502548218,0.8495477437973022,1.612016201019287,1.398190975189209,[0.1000 0.1000 0.1000 0.1000 0.1000 0.1000 0.1000],[0.0000 0.0000 0.0000 0.0000 0.0000 0.0000 0.0000],0.752551794052124,0.7687938009967736,1.0,0.0,0.5785571541962736,None
41,0.9030040502548218,0.8495477437973022,1.612016201019287,1.398190975189209,[0.1000 0.1000 0.1000 0.1000 0.1000 0.1000 0.1000],[0.0000 0.0000 0.0000 0.0000 0.0000 0.0000 0.0000],0.752551794052124,0.7687938009967736,1.0,0.0,0.5785571541962736,None
41,0.9030040502548218,0.8495477437973022,1.612016201019287,1.398190975189209,[0.1000 0.1000 0.1000 0.1000 0.1000 0.1000 0.1000],[0.0000 0.0000 0.0000 0.0000 0.0000 0.0000 0.0000],0.752551794052124,0.7687938009967736,1.0,0.0,0.5785571541962736,None
41,0.9030040502548218,0.8495477437973022,1.612016201019287,1.398190975189209,[0.1000 0.1000 0.1000 0.1000 0.1000 0.1000 0.1000],[0.0000 0.0000 0.0000 0.0000 0.0000 0.0000 0.0000],0.752551794052124,0.7687938009967736,1.0,0.0,0.5785571541962736,None
41,0.9030040502548218,0.8495477437973022,1.612016201019287,1.398190975189209,[0.1000 0.1000 0.1000 0.1000 0.1000 0.1000 0.1000],[0.0000 0.0000 0.0000 0.0000 0.0000 0.0000 0.0000],0.752551794052124,0.7687938009967736,1.0,0.0,0.5785571541962736,None
41,0.9030040502548218,0.8495477437973022,1.612016201019287,1.398190975189209,[0.1000 0.1000 0.1000 0.1000 0.1000 0.1000 0.1000],[0.0000 0.0000 0.0000 0.0000 0.0000 0.0000 0.0000],0.752551794052124,0.7687938009967736,1.0,0.0,0.5785571541962736,None
41,0.9030040502548218,0.8495477437973022,1.612016201019287,1.398190975189209,[0.1000 0.1000 0.1000 0.1000 0.1000 0.1000 0.1000],[0.0000 0.0000 0.0000 0.0000 0.0000 0.0000 0.0000],0.752551794052124,0.7687938009967736,1.0,0.0,0.5785571541962736,None
41,0.9030040502548218,0.8495477437973022,1.612016201019287,1.398190975189209,[0.1000 0.1000 0.1000 0.1000 0.1000 0.1000 0.1000],[0.0000 0.0000 0.0000 0.0000 0.0000 0.0000 0.0000],0.752551794052124,0.7687938009967736,1.0,0.0,0.5785571541962736,None
41,0.9030040502548218,0.8495477437973022,1.612016201019287,1.398190975189209,[0.1000 0.1000 0.1000 0.1000 0.1000 0.1000 0.1000],[0.0000 0.0000 0.0000 0.0000 0.0000 0.0000 0.0000],0.752551794052124,0.7687938009967736,1.0,0.0,0.5785571541962736,None
41,0.9030040502548218,0.8495477437973022,1.612016201019287,1.398190975189209,[0.1000 0.1000 0.1000 0.1000 0.1000 0.1000 0.1000],[0.0000 0.0000 0.0000 0.0000 0.0000 0.0000 0.0000],0.752551794052124,0.7687938009967736,1.0,0.0,0.5785571541962736,None
41,0.9030040502548218,0.8495477437973022,1.612016201019287,1.398190975189209,[0.1000 0.1000 0.1000 0.1000 0.1000 0.1000 0.1000],[0.0000 0.0000 0.0000 0.0000 0.0000 0.0000 0.0000],0.752551794052124,0.7687938009967736,1.0,0.0,0.5785571541962736,None
41,0.9030040502548218,0.8495477437973022,1.612016201019287,1.398190975189209,[0.1000 0.1000 0.1000 0.1000 0.1000 0.1000 0.1000],[0.0000 0.0000 0.0000 0.0000 0.0000 0.0000 0.0000],0.752551794052124,0.7687938009967736,1.0,0.0,0.5785571541962736,None
41,0.9030040502548218,0.8475245237350464,1.612016201019287,1.3900980949401855,[0.1079 0.1000 0.1000 0.1000 0.1000 0.1000 0.1000],[-0.0787 0.0000 0.0000 0.0000 0.0000 0.0000 0.0000],0.7505285739898682,0.7644590767620723,1.0,0.0,0.5737483807558492,None
41,0.9030040502548218,0.8476983904838562,1.612016201019287,1.3907935619354248,[0.1072 0.1000 0.1000 0.1000 0.1000 0.1000 0.1000],[-0.0720 0.0000 0.0000 0.0000 0.0000 0.0000 0.0000],0.750702440738678,0.764828446084639,1.0,0.0,0.5741585812221088,None
41,0.9030040502548218,0.847873330116272,1.612016201019287,1.391493320465088,[0.1065 0.1000 0.1000 0.1000 0.1000 0.1000 0.1000],[-0.0653 0.0000 0.0000 0.0000 0.0000 0.0000 0.0000],0.7508773803710938,0.7652006811369552,1.0,0.0,0.5745718829102935,None
41,0.9030040502548218,0.8480184674263,1.612016201019287,1.3920738697052002,[0.1060 0.1000 0.1000 0.1000 0.1000 0.1000 0.1000],[-0.0598 0.0000 0.0000 0.0000 0.0000 0.0000 0.0000],0.7510225176811218,0.7655099515362715,1.0,0.0,0.5749152111127243,None
41,0.9030040502548218,0.8481724858283997,1.612016201019287,1.3926899433135986,[0.1054 0.1000 0.1000 0.1000 0.1000 0.1000 0.1000],[-0.0539 0.0000 0.0000 0.0000 0.0000 0.0000 0.0000],0.7511765360832214,0.7658385932173661,1.0,0.0,0.5752799816518683,None
41,0.9030040502548218,0.8483296632766724,1.612016201019287,1.3933186531066895,[0.1048 0.1000 0.1000 0.1000 0.1000 0.1000 0.1000],[-0.0478 0.0000 0.0000 0.0000 0.0000 0.0000 0.0000],0.7513337135314941,0.7661744518275443,1.0,0.0,0.5756526961045457,None
41,0.9030040502548218,0.8484874963760376,1.612016201019287,1.3939499855041504,[0.1042 0.1000 0.1000 0.1000 0.1000 0.1000 0.1000],[-0.0417 0.0000 0.0000 0.0000 0.0000 0.0000 0.0000],0.7514915466308594,0.7665121975802929,1.0,0.0,0.5760274368710332,None
41,0.9030040502548218,0.8486394882202148,1.612016201019287,1.3945579528808594,[0.1036 0.1000 0.1000 0.1000 0.1000 0.1000 0.1000],[-0.0358 0.0000 0.0000 0.0000 0.0000 0.0000 0.0000],0.7516435384750366,0.7668379060940502,1.0,0.0,0.5763887571733197,None
41,0.9030040502548218,0.8487851619720459,1.612016201019287,1.3951406478881836,[0.1030 0.1000 0.1000 0.1000 0.1000 0.1000 0.1000],[-0.0301 0.0000 0.0000 0.0000 0.0000 0.0000 0.0000],0.7517892122268677,0.7671505029363905,1.0,0.0,0.5767354722619944,None
41,0.9030040502548218,0.8489111661911011,1.612016201019287,1.3956446647644043,[0.1025 0.1000 0.1000 0.1000 0.1000 0.1000 0.1000],[-0.0251 0.0000 0.0000 0.0000 0.0000 0.0000 0.0000],0.7519152164459229,0.7674212304105967,1.0,0.0,0.5770357005693802,None
41,0.9030040502548218,0.849050760269165,1.612016201019287,1.3962030410766602,[0.1020 0.1000 0.1000 0.1000 0.1000 0.1000 0.1000],[-0.0197 0.0000 0.0000 0.0000 0.0000 0.0000 0.0000],0.7520548105239868,0.7677215249196414,1.0,0.0,0.5773686659586271,None
41,0.9030040502548218,0.849210798740387,1.612016201019287,1.3968431949615479,[0.1013 0.1000 0.1000 0.1000 0.1000 0.1000 0.1000],[-0.0134 0.0000 0.0000 0.0000 0.0000 0.0000 0.0000],0.7522148489952087,0.7680662777549698,1.0,0.0,0.5777508591397666,None
41,0.9030040502548218,0.8493708968162537,1.612016201019287,1.3974835872650146,[0.1007 0.1000 0.1000 0.1000 0.1000 0.1000 0.1000],[-0.0070 0.0000 0.0000 0.0000 0.0000 0.0000 0.0000],0.7523749470710754,0.7684116724906712,1.0,0.0,0.5781336914189653,None
41,0.9030040502548218,0.8495281338691711,1.612016201019287,1.3981125354766846,[0.1001 0.1000 0.1000 0.1000 0.1000 0.1000 0.1000],[-0.0008 0.0000 0.0000 0.0000 0.0000 0.0000 0.0000],0.7525321841239929,0.7687513970082184,1.0,0.0,0.5785101678389654,None
41,0.9030040502548218,0.8496861457824707,1.612016201019287,1.3987445831298828,[0.0994 0.1000 0.1000 0.1000 0.1000 0.1000 0.1000],[0.0055 0.0000 0.0000 0.0000 0.0000 0.0000 0.0000],0.7526901960372925,0.7690932992043084,0.9944844245910645,0.005515575408935602,0.5756960802925516,None
41,0.9030040502548218,0.8498305678367615,1.612016201019287,1.399322271347046,[0.0989 0.1000 0.1000 0.1000 0.1000 0.1000 0.1000],[0.0113 0.0000 0.0000 0.0000 0.0000 0.0000 0.0000],0.7528346180915833,0.7694062394207937,0.9887073189020157,0.01129268109798437,0.5726945289083669,None
41,0.9030040502548218,0.8499670028686523,1.612016201019287,1.3998680114746094,[0.0983 0.1000 0.1000 0.1000 0.1000 0.1000 0.1000],[0.0168 0.0000 0.0000 0.0000 0.0000 0.0000 0.0000],0.7529710531234741,0.7697022636104093,0.9832331538200378,0.016766846179962214,0.5698460715634539,None
41,0.9030040502548218,0.850120484828949,1.612016201019287,1.400481939315796,[0.0977 0.1000 0.1000 0.1000 0.1000 0.1000 0.1000],[0.0229 0.0000 0.0000 0.0000 0.0000 0.0000 0.0000],0.7531245350837708,0.7700357301103652,0.9770531952381134,0.022946804761886652,0.5666251964722554,None
41,0.9030040502548218,0.8502724170684814,1.612016201019287,1.4010896682739258,[0.0971 0.1000 0.1000 0.1000 0.1000 0.1000 0.1000],[0.0291 0.0000 0.0000 0.0000 0.0000 0.0000 0.0000],0.7532764673233032,0.7703663065089525,0.9709123522043228,0.02908764779567724,0.563419282512995,None
41,0.9030040502548218,0.8504152894020081,1.612016201019287,1.4016611576080322,[0.0965 0.1000 0.1000 0.1000 0.1000 0.1000 0.1000],[0.0349 0.0000 0.0000 0.0000 0.0000 0.0000 0.0000],0.7534193396568298,0.7706776049906732,0.9651140123605728,0.03488598763942724,0.5603870933380474,None
41,0.9030040502548218,0.8505616188049316,1.612016201019287,1.4022464752197266,[0.0959 0.1000 0.1000 0.1000 0.1000 0.1000 0.1000],[0.0408 0.0000 0.0000 0.0000 0.0000 0.0000 0.0000],0.7535656690597534,0.7709968745848866,0.9591544419527054,0.04084555804729467,0.5572656381148631,None
41,0.9030040502548218,0.8507182598114014,1.612016201019287,1.4028730392456055,[0.0953 0.1000 0.1000 0.1000 0.1000 0.1000 0.1000],[0.0472 0.0000 0.0000 0.0000 0.0000 0.0000 0.0000],0.7537223100662231,0.7713391366162097,0.9527552127838135,0.04724478721618658,0.5539085533537025,None
41,0.9030040502548218,0.8508901596069336,1.612016201019287,1.4035606384277344,[0.0946 0.1000 0.1000 0.1000 0.1000 0.1000 0.1000],[0.0543 0.0000 0.0000 0.0000 0.0000 0.0000 0.0000],0.7538942098617554,0.7717153298009518,0.9456980973482132,0.05430190265178686,0.5501993215206811,None
41,0.9030040502548218,0.8510730862617493,1.612016201019287,1.404292345046997,[0.0938 0.1000 0.1000 0.1000 0.1000 0.1000 0.1000],[0.0618 0.0000 0.0000 0.0000 0.0000 0.0000 0.0000],0.754077136516571,0.7721163367130665,0.9381589293479919,0.06184107065200811,0.5462292233918177,None
41,0.9030040502548218,0.8512531518936157,1.612016201019287,1.405012607574463,[0.0931 0.1000 0.1000 0.1000 0.1000 0.1000 0.1000],[0.0693 0.0000 0.0000 0.0000 0.0000 0.0000 0.0000],0.7542572021484375,0.772511762147565,0.9306997060775757,0.06930029392242437,0.5422931806517983,None
41,0.9030040502548218,0.8514329791069031,1.612016201019287,1.4057319164276123,[0.0923 0.1000 0.1000 0.1000 0.1000 0.1000 0.1000],[0.0768 0.0000 0.0000 0.0000 0.0000 0.0000 0.0000],0.7544370293617249,0.7729073511803636,0.9232166409492493,0.07678335905075079,0.5383367871825183,None
41,0.9030040502548218,0.8515886664390564,1.612016201019287,1.4063546657562256,[0.0917 0.1000 0.1000 0.1000 0.1000 0.1000 0.1000],[0.0833 0.0000 0.0000 0.0000 0.0000 0.0000 0.0000],0.7545927166938782,0.773250394011885,0.9167102724313736,0.08328972756862646,0.5348904660326163,None
41,0.9030040502548218,0.8517459034919739,1.612016201019287,1.4069836139678955,[0.0910 0.1000 0.1000 0.1000 0.1000 0.1000 0.1000],[0.0899 0.0000 0.0000 0.0000 0.0000 0.0000 0.0000],0.7547499537467957,0.7735973790724853,0.9101121127605438,0.08988788723945623,0.5313895128944072,None
41,0.9030040502548218,0.8519141674041748,1.612016201019287,1.4076566696166992,[0.0903 0.1000 0.1000 0.1000 0.1000 0.1000 0.1000],[0.0970 0.0000 0.0000 0.0000 0.0000 0.0000 0.0000],0.7549182176589966,0.7739692878154675,0.9030185639858246,0.09698143601417547,0.5276188609291467,None
41,0.9030040502548218,0.8520920276641846,1.612016201019287,1.4083681106567383,[0.0895 0.1000 0.1000 0.1000 0.1000 0.1000 0.1000],[0.1045 0.0000 0.0000 0.0000 0.0000 0.0000 0.0000],0.7550960779190063,0.7743630735215594,0.895492285490036,0.10450771450996404,0.5236109235757901,None
41,0.9030040502548218,0.8522608280181885,1.612016201019287,1.409043312072754,[0.0888 0.1000 0.1000 0.1000 0.1000 0.1000 0.1000],[0.1117 0.0000 0.0000 0.0000 0.0000 0.0000 0.0000],0.7552648782730103,0.774737437116965,0.8883087337017059,0.11169126629829412,0.5197778447712469,None
41,0.9030040502548218,0.8524388074874878,1.612016201019287,1.4097552299499512,[0.0881 0.1000 0.1000 0.1000 0.1000 0.1000 0.1000],[0.1193 0.0000 0.0000 0.0000 0.0000 0.0000 0.0000],0.7554428577423096,0.7751328330606401,0.8807045966386795,0.11929540336132055,0.5157129246736359,None
41,0.9030040502548218,0.8525860905647278,1.612016201019287,1.4103443622589111,[0.0874 0.1000 0.1000 0.1000 0.1000 0.1000 0.1000],[0.1256 0.0000 0.0000 0.0000 0.0000 0.0000 0.0000],0.7555901408195496,0.775460560947316,0.8743815124034882,0.1256184875965119,0.5123266694837709,None
41,0.9030040502548218,0.8527470827102661,1.612016201019287,1.4109883308410645,[0.0867 0.1000 0.1000 0.1000 0.1000 0.1000 0.1000],[0.1326 0.0000 0.0000 0.0000 0.0000 0.0000 0.0000],0.7557511329650879,0.7758193417251263,0.8674356341362,0.1325643658638001,0.5086003661739711,None
41,0.9030040502548218,0.8528974652290344,1.612016201019287,1.4115898609161377,[0.0861 0.1000 0.1000 0.1000 0.1000 0.1000 0.1000],[0.1391 0.0000 0.0000 0.0000 0.0000 0.0000 0.0000],0.7559015154838562,0.7761549977645528,0.8609283715486526,0.1390716284513474,0.5051038681523424,None
41,0.9030040502548218,0.8530469536781311,1.612016201019287,1.4121878147125244,[0.0854 0.1000 0.1000 0.1000 0.1000 0.1000 0.1000],[0.1456 0.0000 0.0000 0.0000 0.0000 0.0000 0.0000],0.7560510039329529,0.7764891578095356,0.8544263988733292,0.1455736011266709,0.5016041818666748,None
41,0.9030040502548218,0.8531922698020935,1.612016201019287,1.412769079208374,[0.0848 0.1000 0.1000 0.1000 0.1000 0.1000 0.1000],[0.1519 0.0000 0.0000 0.0000 0.0000 0.0000 0.0000],0.7561963200569153,0.7768144707810825,0.8480805903673172,0.15191940963268286,0.498183099793138,None
41,0.9030040502548218,0.8533298373222351,1.612016201019287,1.4133193492889404,[0.0842 0.1000 0.1000 0.1000 0.1000 0.1000 0.1000],[0.1579 0.0000 0.0000 0.0000 0.0000 0.0000 0.0000],0.7563338875770569,0.7771228748108352,0.8420510590076447,0.1579489409923554,0.4949276060210883,None
41,0.9030040502548218,0.8534728288650513,1.612016201019287,1.413891315460205,[0.0836 0.1000 0.1000 0.1000 0.1000 0.1000 0.1000],[0.1642 0.0000 0.0000 0.0000 0.0000 0.0000 0.0000],0.756476879119873,0.7774438915918718,0.8357561379671097,0.16424386203289038,0.4915235031474209,None
41,0.9030040502548218,0.8536121845245361,1.612016201019287,1.4144487380981445,[0.0830 0.1000 0.1000 0.1000 0.1000 0.1000 0.1000],[0.1704 0.0000 0.0000 0.0000 0.0000 0.0000 0.0000],0.7566162347793579,0.777757191949243,0.8295998722314835,0.1704001277685166,0.48818942538612375,None
41,0.9030040502548218,0.853748619556427,1.612016201019287,1.414994478225708,[0.0824 0.1000 0.1000 0.1000 0.1000 0.1000 0.1000],[0.1765 0.0000 0.0000 0.0000 0.0000 0.0000 0.0000],0.7567526698112488,0.7780643546016216,0.8235416561365128,0.1764583438634873,0.48490320285614963,None
41,0.9030040502548218,0.8538860082626343,1.612016201019287,1.415544033050537,[0.0817 0.1000 0.1000 0.1000 0.1000 0.1000 0.1000],[0.1826 0.0000 0.0000 0.0000 0.0000 0.0000 0.0000],0.756890058517456,0.7783740944921206,0.8174238353967667,0.1825761646032334,0.48158003249703885,None
41,0.9030040502548218,0.8540245294570923,1.612016201019287,1.4160981178283691,[0.0811 0.1000 0.1000 0.1000 0.1000 0.1000 0.1000],[0.1888 0.0000 0.0000 0.0000 0.0000 0.0000 0.0000],0.7570285797119141,0.7786868264252453,0.8112285286188126,0.1887714713811875,0.4782096307241006,None
41,0.9030040502548218,0.8541391491889954,1.612016201019287,1.4165565967559814,[0.0806 0.1000 0.1000 0.1000 0.1000 0.1000 0.1000],[0.1939 0.0000 0.0000 0.0000 0.0000 0.0000 0.0000],0.7571431994438171,0.7789459318043968,0.8060838282108307,0.19391617178916937,0.47540697335704246,None
41,0.9030040502548218,0.8542611002922058,1.612016201019287,1.4170444011688232,[0.0801 0.1000 0.1000 0.1000 0.1000 0.1000 0.1000],[0.1994 0.0000 0.0000 0.0000 0.0000 0.0000 0.0000],0.7572651505470276,0.7792219441098913,0.8005880564451218,0.1994119435548783,0.4724090972019585,None
41,0.9030040502548218,0.8543877005577087,1.612016201019287,1.417550802230835,[0.0795 0.1000 0.1000 0.1000 0.1000 0.1000 0.1000],[0.2051 0.0000 0.0000 0.0000 0.0000 0.0000 0.0000],0.7573917508125305,0.779508844401611,0.7948633283376694,0.20513667166233068,0.46928219683554756,None
41,0.9030040502548218,0.8545094132423401,1.612016201019287,1.4180376529693604,[0.0789 0.1000 0.1000 0.1000 0.1000 0.1000 0.1000],[0.2107 0.0000 0.0000 0.0000 0.0000 0.0000 0.0000],0.7575134634971619,0.7797850209171009,0.7893349230289459,0.21066507697105413,0.4662582856575283,None
41,0.9030040502548218,0.854632556438446,1.612016201019287,1.4185302257537842,[0.0784 0.1000 0.1000 0.1000 0.1000 0.1000 0.1000],[0.2163 0.0000 0.0000 0.0000 0.0000 0.0000 0.0000],0.7576366066932678,0.780064796323154,0.7837300002574921,0.216269999742508,0.46318885453307695,None
41,0.9030040502548218,0.8547506332397461,1.612016201019287,1.4190025329589844,[0.0778 0.1000 0.1000 0.1000 0.1000 0.1000 0.1000],[0.2217 0.0000 0.0000 0.0000 0.0000 0.0000 0.0000],0.7577546834945679,0.7803333957674137,0.778328999876976,0.22167100012302404,0.46022693803685216,None
41,0.9030040502548218,0.854867696762085,1.612016201019287,1.4194707870483398,[0.0773 0.1000 0.1000 0.1000 0.1000 0.1000 0.1000],[0.2270 0.0000 0.0000 0.0000 0.0000 0.0000 0.0000],0.7578717470169067,0.7806000148296796,0.772957056760788,0.2270429432392121,0.4572772957577953,None
41,0.9030040502548218,0.8549739718437195,1.612016201019287,1.419895887374878,[0.0768 0.1000 0.1000 0.1000 0.1000 0.1000 0.1000],[0.2319 0.0000 0.0000 0.0000 0.0000 0.0000 0.0000],0.7579780220985413,0.7808423434805385,0.7680589705705643,0.23194102942943579,0.45458440774373,None
41,0.9031800627708435,0.8551636338233948,1.612720251083374,1.420654535293579,[0.0763 0.1078 0.1000 0.1000 0.1000 0.1000 0.1000],[0.2372 -0.0784 0.0000 0.0000 0.0000 0.0000 0.0000],0.7583436965942383,0.7808734864343232,0.7627550512552261,0.23724494874477392,0.45168102961054685,None
41,0.9031640887260437,0.8552783131599426,1.6126563549041748,1.4211132526397705,[0.0757 0.1071 0.1000 0.1000 0.1000 0.1000 0.1000],[0.2429 -0.0713 0.0000 0.0000 0.0000 0.0000 0.0000],0.7584424018859863,0.7811718126792139,0.7571181654930115,0.24288183450698858,0.44857269616353107,None
41,0.9031474590301514,0.8553934097290039,1.6125898361206055,1.4215736389160156,[0.0751 0.1064 0.1000 0.1000 0.1000 0.1000 0.1000],[0.2486 -0.0639 0.0000 0.0000 0.0000 0.0000 0.0000],0.7585408687591553,0.7814730009789466,0.7514258474111557,0.24857415258884435,0.4454296195064414,None
41,0.9031275510787964,0.8555181622505188,1.6125102043151855,1.4220726490020752,[0.0745 0.1055 0.1000 0.1000 0.1000 0.1000 0.1000],[0.2548 -0.0550 0.0000 0.0000 0.0000 0.0000 0.0000],0.7586457133293152,0.7818042419562709,0.7451922446489334,0.25480775535106664,0.4419827881251807,None
41,0.9031068086624146,0.8556445240974426,1.6124272346496582,1.4225780963897705,[0.0739 0.1046 0.1000 0.1000 0.1000 0.1000 0.1000],[0.2612 -0.0458 0.0000 0.0000 0.0000 0.0000 0.0000],0.7587513327598572,0.7821415951472794,0.7388473302125931,0.261152669787407,0.4384696705041094,None
41,0.9030887484550476,0.8557568788528442,1.6123549938201904,1.423027515411377,[0.0733 0.1038 0.1000 0.1000 0.1000 0.1000 0.1000],[0.2668 -0.0377 0.0000 0.0000 0.0000 0.0000 0.0000],0.7588456273078918,0.7824411123346063,0.7331887632608414,0.2668112367391587,0.435332306823329,None
41,0.9030706882476807,0.8558735251426697,1.6122827529907227,1.4234941005706787,[0.0727 0.1030 0.1000 0.1000 0.1000 0.1000 0.1000],[0.2727 -0.0296 0.0000 0.0000 0.0000 0.0000 0.0000],0.7589442133903503,0.7827509192079032,0.7273025810718536,0.2726974189281464,0.43206448464575076,None
41,0.9030537605285645,0.8559883832931519,1.6122150421142578,1.4239535331726074,[0.0722 0.1022 0.1000 0.1000 0.1000 0.1000 0.1000],[0.2785 -0.0221 0.0000 0.0000 0.0000 0.0000 0.0000],0.7590421438217163,0.7830544371612718,0.7215065509080887,0.27849344909191137,0.4288428001225868,None
41,0.9030379056930542,0.8561000823974609,1.6121516227722168,1.4244003295898438,[0.0716 0.1015 0.1000 0.1000 0.1000 0.1000 0.1000],[0.2841 -0.0151 0.0000 0.0000 0.0000 0.0000 0.0000],0.7591379880905151,0.7833486134464096,0.715857669711113,0.2841423302888871,0.4256988588069798,None
41,0.9030203223228455,0.8562159538269043,1.6120812892913818,1.4248638153076172,[0.0710 0.1007 0.1000 0.1000 0.1000 0.1000 0.1000],[0.2900 -0.0072 0.0000 0.0000 0.0000 0.0000 0.0000],0.7592362761497498,0.7836568270179501,0.7099557667970657,0.2900442332029343,0.42240997279669784,None
41,0.9030012488365173,0.8563371896743774,1.6120049953460693,1.4253487586975098,[0.0704 0.0999 0.1000 0.1000 0.1000 0.1000 0.1000],[0.2963 0.0013 0.0000 0.0000 0.0000 0.0000 0.0000],0.7593384385108948,0.7839813453376309,0.7037380337715149,0.29626196622848516,0.41894029772133473,None
41,0.902980625629425,0.8564661741256714,1.6119225025177002,1.4258646965026855,[0.0697 0.0990 0.1000 0.1000 0.1000 0.1000 0.1000],[0.3029 0.0105 0.0000 0.0000 0.0000 0.0000 0.0000],0.7594467997550964,0.7843279074526478,0.6970928609371185,0.3029071390628815,0.41522707064479414,None
41,0.902959942817688,0.8565855026245117,1.611839771270752,1.4263420104980469,[0.0691 0.0980 0.1000 0.1000 0.1000 0.1000 0.1000],[0.3091 0.0197 0.0000 0.0000 0.0000 0.0000 0.0000],0.7595454454421997,0.7846527450995108,0.6908827275037766,0.3091172724962235,0.4117518863925506,None
41,0.9029397964477539,0.856704592704773,1.6117591857910156,1.4268183708190918,[0.0685 0.0971 0.1000 0.1000 0.1000 0.1000 0.1000],[0.3153 0.0286 0.0000 0.0000 0.0000 0.0000 0.0000],0.7596443891525269,0.7849762716745406,0.6846728175878525,0.3153271824121476,0.40827233217572517,None
41,0.9029192328453064,0.8568252325057983,1.6116769313812256,1.4273009300231934,[0.0678 0.0962 0.1000 0.1000 0.1000 0.1000 0.1000],[0.3216 0.0378 0.0000 0.0000 0.0000 0.0000 0.0000],0.7597444653511047,0.7853048665211341,0.6783505529165268,0.32164944708347326,0.404724986342182,None
41,0.9028982520103455,0.8569484949111938,1.6115930080413818,1.4277939796447754,[0.0672 0.0953 0.1000 0.1000 0.1000 0.1000 0.1000],[0.3281 0.0471 0.0000 0.0000 0.0000 0.0000 0.0000],0.7598467469215393,0.7856410554720153,0.6718654930591583,0.32813450694084173,0.4010813935888497,None
41,0.9028797745704651,0.8570590019226074,1.6115190982818604,1.4282360076904297,[0.0666 0.0945 0.1000 0.1000 0.1000 0.1000 0.1000],[0.3340 0.0553 0.0000 0.0000 0.0000 0.0000 0.0000],0.7599387764930725,0.785942127806853,0.6660356372594833,0.3339643627405167,0.39780170572503243,None
41,0.9028597474098206,0.8571779131889343,1.6114389896392822,1.4287116527557373,[0.0660 0.0936 0.1000 0.1000 0.1000 0.1000 0.1000],[0.3403 0.0643 0.0000 0.0000 0.0000 0.0000 0.0000],0.7600376605987549,0.7862669089240362,0.6597308069467545,0.3402691930532456,0.3942501572233338,None
41,0.9028403162956238,0.8572959899902344,1.6113612651824951,1.4291839599609375,[0.0653 0.0927 0.1000 0.1000 0.1000 0.1000 0.1000],[0.3465 0.0729 0.0000 0.0000 0.0000 0.0000 0.0000],0.7601363062858582,0.786588832753791,0.6534571200609207,0.34654287993907934,0.390711637439302,None
41,0.9028209447860718,0.8574137687683105,1.611283779144287,1.4296550750732422,[0.0647 0.0919 0.1000 0.1000 0.1000 0.1000 0.1000],[0.3528 0.0815 0.0000 0.0000 0.0000 0.0000 0.0000],0.7602347135543823,0.7869104037786894,0.6471701711416245,0.3528298288583756,0.3871608863061511,None
41,0.9028002619743347,0.8575333952903748,1.6112010478973389,1.430133581161499,[0.0641 0.0909 0.1000 0.1000 0.1000 0.1000 0.1000],[0.3593 0.0907 0.0000 0.0000 0.0000 0.0000 0.0000],0.7603336572647095,0.7872398846494956,0.6407362967729568,0.3592637032270432,0.38352230907337775,None
41,0.902777373790741,0.8576580286026001,1.6111094951629639,1.4306321144104004,[0.0634 0.0899 0.1000 0.1000 0.1000 0.1000 0.1000],[0.3660 0.1009 0.0000 0.0000 0.0000 0.0000 0.0000],0.7604354023933411,0.7875868526005491,0.6339793652296066,0.3660206347703934,0.3796959002140627,None
41,0.9027573466300964,0.8577731251716614,1.6110293865203857,1.4310925006866455,[0.0628 0.0890 0.1000 0.1000 0.1000 0.1000 0.1000],[0.3723 0.1098 0.0000 0.0000 0.0000 0.0000 0.0000],0.7605304718017578,0.7879051592837887,0.6277308613061905,0.37226913869380956,0.3761525793544676,None
41,0.9027369022369385,0.8578901886940002,1.610947608947754,1.431560754776001,[0.0621 0.0881 0.1000 0.1000 0.1000 0.1000 0.1000],[0.3787 0.1188 0.0000 0.0000 0.0000 0.0000 0.0000],0.7606270909309387,0.7882295734930436,0.6213483586907387,0.3786516413092614,0.37252864262362617,None
41,0.902716338634491,0.8580084443092346,1.6108653545379639,1.4320337772369385,[0.0615 0.0872 0.1000 0.1000 0.1000 0.1000 0.1000],[0.3851 0.1280 0.0000 0.0000 0.0000 0.0000 0.0000],0.7607247829437256,0.7885575862669546,0.614871047437191,0.38512895256280905,0.36884595321358077,None
41,0.9026961326599121,0.8581250309944153,1.6107845306396484,1.4325001239776611,[0.0608 0.0863 0.1000 0.1000 0.1000 0.1000 0.1000],[0.3915 0.1369 0.0000 0.0000 0.0000 0.0000 0.0000],0.7608211636543274,0.7888813090569742,0.6084683164954185,0.3915316835045815,0.3652012205239635,None
41,0.9026763439178467,0.8582401871681213,1.6107053756713867,1.4329607486724854,[0.0602 0.0854 0.1000 0.1000 0.1000 0.1000 0.1000],[0.3979 0.1457 0.0000 0.0000 0.0000 0.0000 0.0000],0.760916531085968,0.7892011462324205,0.602109357714653,0.39789064228534704,0.36157642258826866,None
41,0.9026579856872559,0.8583518266677856,1.6106319427490234,1.4334073066711426,[0.0596 0.0846 0.1000 0.1000 0.1000 0.1000 0.1000],[0.4041 0.1539 0.0000 0.0000 0.0000 0.0000 0.0000],0.7610098123550415,0.7895097175177196,0.5959434434771538,0.4040565565228463,0.3580575060678716,None
41,0.9026398062705994,0.8584582805633545,1.6105592250823975,1.433833122253418,[0.0590 0.0838 0.1000 0.1000 0.1000 0.1000 0.1000],[0.4100 0.1620 0.0000 0.0000 0.0000 0.0000 0.0000],0.7610980868339539,0.7898059808004878,0.5900175869464874,0.40998241305351263,0.35467126622691053,None
41,0.9026219248771667,0.8585646152496338,1.610487699508667,1.4342584609985352,[0.0584 0.0830 0.1000 0.1000 0.1000 0.1000 0.1000],[0.4159 0.1699 0.0000 0.0000 0.0000 0.0000 0.0000],0.7611865401268005,0.7901016683545747,0.5840859189629555,0.4159140810370446,0.35127789001748727,None
41,0.9026039838790894,0.8586735129356384,1.6104159355163574,1.4346940517425537,[0.0578 0.0822 0.1000 0.1000 0.1000 0.1000 0.1000],[0.4220 0.1778 0.0000 0.0000 0.0000 0.0000 0.0000],0.7612774968147278,0.7904040292766797,0.5779969319701195,0.4220030680298806,0.34779046482353004,None
41,0.9025870561599731,0.858780026435852,1.6103482246398926,1.4351201057434082,[0.0572 0.0815 0.1000 0.1000 0.1000 0.1000 0.1000],[0.4280 0.1854 0.0000 0.0000 0.0000 0.0000 0.0000],0.7613670825958252,0.7906987106486892,0.572022870182991,0.427977129817009,0.34436461527216444,None
41,0.9025704264640808,0.8588846921920776,1.6102817058563232,1.4355387687683105,[0.0566 0.0807 0.1000 0.1000 0.1000 0.1000 0.1000],[0.4339 0.1927 0.0000 0.0000 0.0000 0.0000 0.0000],0.7614551186561584,0.7909886742972927,0.5661303550004959,0.43386964499950414,0.3409816572873522,None
41,0.902553379535675,0.8589903712272644,1.6102135181427002,1.4359614849090576,[0.0560 0.0800 0.1000 0.1000 0.1000 0.1000 0.1000],[0.4399 0.2003 0.0000 0.0000 0.0000 0.0000 0.0000],0.7615437507629395,0.7912824676544621,0.5601491406559944,0.43985085934400564,0.33754375386040025,None
41,0.9025323987007141,0.8591099381446838,1.6101295948028564,1.4364397525787354,[0.0553 0.0790 0.1000 0.1000 0.1000 0.1000 0.1000],[0.4467 0.2096 0.0000 0.0000 0.0000 0.0000 0.0000],0.761642336845398,0.7916194333532268,0.553320087492466,0.4466799125075341,0.33361376456853864,None
41,0.9025128483772278,0.859217643737793,1.6100513935089111,1.4368705749511719,[0.0547 0.0782 0.1000 0.1000 0.1000 0.1000 0.1000],[0.4529 0.2183 0.0000 0.0000 0.0000 0.0000 0.0000],0.7617304921150208,0.7919250023682931,0.5471238866448402,0.4528761133551598,0.33004341427406614,None
41,0.9024930596351624,0.8593260645866394,1.6099722385406494,1.4373042583465576,[0.0541 0.0773 0.1000 0.1000 0.1000 0.1000 0.1000],[0.4591 0.2270 0.0000 0.0000 0.0000 0.0000 0.0000],0.7618191242218018,0.7922333158359528,0.5408571287989616,0.4591428712010384,0.3264280952805079,None
41,0.9024725556373596,0.8594380021095276,1.6098902225494385,1.4377520084381104,[0.0534 0.0764 0.1000 0.1000 0.1000 0.1000 0.1000],[0.4656 0.2361 0.0000 0.0000 0.0000 0.0000 0.0000],0.7619105577468872,0.7925522872436719,0.5343597754836082,0.4656402245163918,0.3226752639348572,None
41,0.9024521112442017,0.8595497608184814,1.6098084449768066,1.4381990432739258,[0.0528 0.0755 0.1000 0.1000 0.1000 0.1000 0.1000],[0.4722 0.2452 0.0000 0.0000 0.0000 0.0000 0.0000],0.7620018720626831,0.7928711743244794,0.5278390273451805,0.47216097265481954,0.31890414576654735,None
41,0.9024298787117004,0.8596729040145874,1.6097195148468018,1.4386916160583496,[0.0521 0.0745 0.1000 0.1000 0.1000 0.1000 0.1000],[0.4794 0.2550 0.0000 0.0000 0.0000 0.0000 0.0000],0.7621027827262878,0.7932224028161826,0.5206276476383209,0.47937235236167913,0.31472826393135656,None
41,0.9024105072021484,0.8597789406776428,1.6096420288085938,1.4391157627105713,[0.0514 0.0736 0.1000 0.1000 0.1000 0.1000 0.1000],[0.4856 0.2636 0.0000 0.0000 0.0000 0.0000 0.0000],0.7621894478797913,0.793525869599832,0.5143825709819794,0.4856174290180207,0.3111073462869193,None
41,0.9023906588554382,0.8598860502243042,1.609562635421753,1.4395442008972168,[0.0508 0.0728 0.1000 0.1000 0.1000 0.1000 0.1000],[0.4920 0.2724 0.0000 0.0000 0.0000 0.0000 0.0000],0.7622767090797424,0.7938335414497935,0.5080423504114151,0.49195764958858496,0.30742700343866375,None
41,0.9023703336715698,0.8599952459335327,1.6094813346862793,1.4399809837341309,[0.0502 0.0719 0.1000 0.1000 0.1000 0.1000 0.1000],[0.4985 0.2814 0.0000 0.0000 0.0000 0.0000 0.0000],0.7623655796051025,0.7941478983880973,0.5015451833605766,0.4984548166394234,0.3036510133658877,None
41,0.9023503661155701,0.8601035475730896,1.6094014644622803,1.4404141902923584,[0.0495 0.0710 0.1000 0.1000 0.1000 0.1000 0.1000],[0.5049 0.2902 0.0000 0.0000 0.0000 0.0000 0.0000],0.7624539136886597,0.7944596911978565,0.4950767382979393,0.5049232617020607,0.2998872392789811,None
41,0.9023287296295166,0.860221803188324,1.6093149185180664,1.440887212753296,[0.0488 0.0700 0.1000 0.1000 0.1000 0.1000 0.1000],[0.5120 0.2998 0.0000 0.0000 0.0000 0.0000 0.0000],0.7625505328178406,0.7948002767029336,0.4879840463399887,0.5120159536600113,0.29575511362752577,None
41,0.902309775352478,0.8603236675262451,1.609239101409912,1.4412946701049805,[0.0482 0.0692 0.1000 0.1000 0.1000 0.1000 0.1000],[0.5182 0.3082 0.0000 0.0000 0.0000 0.0000 0.0000],0.7626334428787231,0.7950948809174526,0.4818371683359146,0.5181628316640854,0.29216965061246974,None
41,0.9022903442382812,0.8604276776313782,1.609161376953125,1.4417107105255127,[0.0476 0.0683 0.1000 0.1000 0.1000 0.1000 0.1000],[0.5245 0.3168 0.0000 0.0000 0.0000 0.0000 0.0000],0.7627180218696594,0.7953963181980758,0.47553692013025284,0.5244630798697472,0.2884907051828799,None
41,0.9022705554962158,0.8605337142944336,1.6090822219848633,1.4421348571777344,[0.0469 0.0674 0.1000 0.1000 0.1000 0.1000 0.1000],[0.5309 0.3256 0.0000 0.0000 0.0000 0.0000 0.0000],0.7628042697906494,0.7957040352777808,0.4690784215927124,0.5309215784072876,0.28471485757078724,None
41,0.9022507667541504,0.8606390953063965,1.6090030670166016,1.442556381225586,[0.0463 0.0666 0.1000 0.1000 0.1000 0.1000 0.1000],[0.5374 0.3343 0.0000 0.0000 0.0000 0.0000 0.0000],0.7628898620605469,0.7960106094725662,0.4626272991299629,0.5373727008700371,0.2809389508694434,None
41,0.9022294282913208,0.8607548475265503,1.6089177131652832,1.4430193901062012,[0.0456 0.0656 0.1000 0.1000 0.1000 0.1000 0.1000],[0.5445 0.3438 0.0000 0.0000 0.0000 0.0000 0.0000],0.7629842758178711,0.7963469107409109,0.45551612973213196,0.544483870267868,0.27677167831460814,None
41,0.9022104144096375,0.860857367515564,1.6088416576385498,1.4434294700622559,[0.0449 0.0648 0.1000 0.1000 0.1000 0.1000 0.1000],[0.5508 0.3521 0.0000 0.0000 0.0000 0.0000 0.0000],0.7630677819252014,0.7966455142022348,0.44919420033693314,0.5508057996630669,0.27306269527250193,None
41,0.9021915793418884,0.8609606027603149,1.6087663173675537,1.4438424110412598,[0.0443 0.0640 0.1000 0.1000 0.1000 0.1000 0.1000],[0.5572 0.3605 0.0000 0.0000 0.0000 0.0000 0.0000],0.7631521821022034,0.7969458777035702,0.44279124587774277,0.5572087541222572,0.26930164423960706,None
41,0.9021725654602051,0.8610633015632629,1.6086902618408203,1.4442532062530518,[0.0436 0.0631 0.1000 0.1000 0.1000 0.1000 0.1000],[0.5636 0.3689 0.0000 0.0000 0.0000 0.0000 0.0000],0.763235867023468,0.79724580424331,0.43639805167913437,0.5636019483208656,0.2655423634976828,None
41,0.9021532535552979,0.8611664772033691,1.6086130142211914,1.4446659088134766,[0.0430 0.0623 0.1000 0.1000 0.1000 0.1000 0.1000],[0.5701 0.3774 0.0000 0.0000 0.0000 0.0000 0.0000],0.763319730758667,0.7975480887916128,0.42993489652872086,0.5700651034712791,0.2617375687693211,None
41,0.9021313190460205,0.8612855076789856,1.608525276184082,1.4451420307159424,[0.0422 0.0613 0.1000 0.1000 0.1000 0.1000 0.1000],[0.5775 0.3871 0.0000 0.0000 0.0000 0.0000 0.0000],0.7634168267250061,0.7978965330157968,0.422450453042984,0.577549546957016,0.2573262471789809,None
41,0.9021157026290894,0.8613796830177307,1.6084628105163574,1.4455187320709229,[0.0417 0.0606 0.1000 0.1000 0.1000 0.1000 0.1000],[0.5835 0.3940 0.0000 0.0000 0.0000 0.0000 0.0000],0.7634953856468201,0.798168338431854,0.4165361821651459,0.5834638178348541,0.2538362510937268,None
41,0.902099609375,0.8614760041236877,1.6083984375,1.445904016494751,[0.0410 0.0599 0.1000 0.1000 0.1000 0.1000 0.1000],[0.5895 0.4012 0.0000 0.0000 0.0000 0.0000 0.0000],0.7635756134986877,0.7984470162678998,0.41045840829610825,0.5895415917038918,0.25024609474690224,None
41,0.9020820260047913,0.8615742921829224,1.608328104019165,1.4462971687316895,[0.0404 0.0591 0.1000 0.1000 0.1000 0.1000 0.1000],[0.5958 0.4089 0.0000 0.0000 0.0000 0.0000 0.0000],0.7636563181877136,0.7987346681073243,0.40420345962047577,0.5957965403795242,0.24654744742675425,None
41,0.902064323425293,0.8616728186607361,1.6082572937011719,1.4466912746429443,[0.0398 0.0583 0.1000 0.1000 0.1000 0.1000 0.1000],[0.6021 0.4167 0.0000 0.0000 0.0000 0.0000 0.0000],0.763737142086029,0.7990236213766482,0.3979075700044632,0.6020924299955368,0.24282071393390117,None
41,0.9020476341247559,0.8617687821388245,1.6081905364990234,1.4470751285552979,[0.0392 0.0576 0.1000 0.1000 0.1000 0.1000 0.1000],[0.6082 0.4241 0.0000 0.0000 0.0000 0.0000 0.0000],0.7638164162635803,0.7993040807940246,0.39175353944301605,0.608246460556984,0.23917398928251618,None
41,0.9020333290100098,0.8618545532226562,1.608133316040039,1.447418212890625,[0.0386 0.0570 0.1000 0.1000 0.1000 0.1000 0.1000],[0.6138 0.4304 0.0000 0.0000 0.0000 0.0000 0.0000],0.763887882232666,0.7995535588059656,0.38624491542577744,0.6137550845742226,0.2359065268773834,None
41,0.902018129825592,0.8619473576545715,1.6080725193023682,1.4477894306182861,[0.0380 0.0563 0.1000 0.1000 0.1000 0.1000 0.1000],[0.6197 0.4371 0.0000 0.0000 0.0000 0.0000 0.0000],0.7639654874801636,0.7998231477642319,0.3802689164876938,0.6197310835123062,0.2323584847717067,None
41,0.9020020961761475,0.8620414137840271,1.6080083847045898,1.4481656551361084,[0.0374 0.0556 0.1000 0.1000 0.1000 0.1000 0.1000],[0.6258 0.4442 0.0000 0.0000 0.0000 0.0000 0.0000],0.7640435099601746,0.8000983181858633,0.37416569888591766,0.6258343011140823,0.22873120619905551,None
41,0.9019857048988342,0.8621353507041931,1.607942819595337,1.4485414028167725,[0.0368 0.0549 0.1000 0.1000 0.1000 0.1000 0.1000],[0.6320 0.4514 0.0000 0.0000 0.0000 0.0000 0.0000],0.7641210556030273,0.8003744650736256,0.36803748458623886,0.6319625154137611,0.2250854619907527,None
41,0.9019680619239807,0.8622293472290039,1.6078722476959229,1.4489173889160156,[0.0362 0.0541 0.1000 0.1000 0.1000 0.1000 0.1000],[0.6382 0.4592 0.0000 0.0000 0.0000 0.0000 0.0000],0.7641974091529846,0.8006542834797377,0.3618481755256653,0.6381518244743347,0.2213996753121612,None
41,0.9019513726234436,0.8623176217079163,1.6078054904937744,1.449270486831665,[0.0356 0.0533 0.1000 0.1000 0.1000 0.1000 0.1000],[0.6440 0.4666 0.0000 0.0000 0.0000 0.0000 0.0000],0.7642689943313599,0.8009177282741445,0.3560054674744606,0.6439945325255394,0.21791685160776952,None
41,0.9019336700439453,0.8624090552330017,1.6077346801757812,1.4496362209320068,[0.0350 0.0526 0.1000 0.1000 0.1000 0.1000 0.1000],[0.6501 0.4744 0.0000 0.0000 0.0000 0.0000 0.0000],0.764342725276947,0.8011920152233729,0.3499190881848335,0.6500809118151665,0.21428530172982216,None
41,0.9019162654876709,0.8624991178512573,1.6076650619506836,1.4499964714050293,[0.0344 0.0518 0.1000 0.1000 0.1000 0.1000 0.1000],[0.6561 0.4821 0.0000 0.0000 0.0000 0.0000 0.0000],0.7644153833389282,0.8014624780138183,0.3438926860690117,0.6561073139309883,0.21068593918640344,None
41,0.9018980860710144,0.8625921010971069,1.6075923442840576,1.4503684043884277,[0.0338 0.0510 0.1000 0.1000 0.1000 0.1000 0.1000],[0.6624 0.4901 0.0000 0.0000 0.0000 0.0000 0.0000],0.7644901871681213,0.8017426294588081,0.3376421704888344,0.6623578295111656,0.20694911559648116,None
41,0.9018795490264893,0.8626852035522461,1.607518196105957,1.4507408142089844,[0.0331 0.0502 0.1000 0.1000 0.1000 0.1000 0.1000],[0.6687 0.4983 0.0000 0.0000 0.0000 0.0000 0.0000],0.7645647525787354,0.8020243816167174,0.3313421458005905,0.6686578541994095,0.2031788622863387,None
41,0.9005060195922852,0.862832248210907,1.6020240783691406,1.451328992843628,[0.0324 0.0493 0.1076 0.1000 0.1000 0.1000 0.1000],[0.6755 0.5071 -0.0760 0.0000 0.0000 0.0000 0.0000],0.7633382678031921,0.8059026754914479,0.3244982659816742,0.6755017340183258,0.19962365960323764,None
41,0.9007405042648315,0.8629147410392761,1.6029620170593262,1.4516589641571045,[0.0318 0.0485 0.1062 0.1000 0.1000 0.1000 0.1000],[0.6817 0.5150 -0.0621 0.0000 0.0000 0.0000 0.0000],0.7636552453041077,0.8055115344665514,0.31827498227357864,0.6817250177264214,0.19578147918728755,None
41,0.9009710550308228,0.8629971742630005,1.603884220123291,1.451988697052002,[0.0312 0.0477 0.1048 0.1000 0.1000 0.1000 0.1000],[0.6880 0.5229 -0.0483 0.0000 0.0000 0.0000 0.0000],0.7639682292938232,0.8051311190368706,0.31203944236040115,0.6879605576395988,0.19193377453501617,None
41,0.9011903405189514,0.8630803227424622,1.6047613620758057,1.4523212909698486,[0.0306 0.0469 0.1035 0.1000 0.1000 0.1000 0.1000],[0.6942 0.5308 -0.0350 0.0000 0.0000 0.0000 0.0000],0.7642706632614136,0.8047821274153177,0.30575644224882126,0.6942435577511787,0.18806203391222986,None
41,0.9014146327972412,0.8631635308265686,1.6056585311889648,1.4526541233062744,[0.0299 0.0461 0.1021 0.1000 0.1000 0.1000 0.1000],[0.7006 0.5387 -0.0213 0.0000 0.0000 0.0000 0.0000],0.7645781636238098,0.8044211106211292,0.29942508786916733,0.7005749121308327,0.18415924908604375,None
41,0.9016565680503845,0.8632532954216003,1.606626272201538,1.4530131816864014,[0.0293 0.0453 0.1006 0.1000 0.1000 0.1000 0.1000],[0.7075 0.5474 -0.0064 0.0000 0.0000 0.0000 0.0000],0.7649098634719849,0.8040324704733354,0.2925468608736992,0.7074531391263008,0.17991993742777806,None
41,0.9018761515617371,0.8633331060409546,1.6075046062469482,1.4533324241638184,[0.0286 0.0445 0.0993 0.1000 0.1000 0.1000 0.1000],[0.7136 0.5552 0.0072 0.0000 0.0000 0.0000 0.0000],0.7652092576026917,0.803676171795723,0.28639618307352066,0.7136038169264793,0.1761280526205722,None
41,0.9020935893058777,0.8634120225906372,1.6083743572235107,1.4536480903625488,[0.0280 0.0437 0.0979 0.1000 0.1000 0.1000 0.1000],[0.7197 0.5630 0.0209 0.0000 0.0000 0.0000 0.0000],0.7655056118965149,0.8033237006773808,0.2802770957350731,0.7197229042649269,0.17235606398069908,None
41,0.9023074507713318,0.8634921908378601,1.6092298030853271,1.4539687633514404,[0.0274 0.0429 0.0966 0.1000 0.1000 0.1000 0.1000],[0.7259 0.5709 0.0344 0.0000 0.0000 0.0000 0.0000],0.7657996416091919,0.802984112484623,0.2740543708205223,0.7259456291794777,0.16852286905690586,None
41,0.9025262594223022,0.8635733127593994,1.610105037689209,1.4542932510375977,[0.0268 0.0421 0.0952 0.1000 0.1000 0.1000 0.1000],[0.7323 0.5789 0.0483 0.0000 0.0000 0.0000 0.0000],0.7660995721817017,0.8026349912904954,0.267709419131279,0.732290580868721,0.16461407299444897,None
41,0.9027220606803894,0.8636502623558044,1.6108882427215576,1.4546010494232178,[0.0262 0.0414 0.0939 0.1000 0.1000 0.1000 0.1000],[0.7383 0.5864 0.0610 0.0000 0.0000 0.0000 0.0000],0.7663723230361938,0.8023341245318631,0.2617092803120613,0.7382907196879387,0.1609215470596883,None
41,0.9029152393341064,0.8637298345565796,1.6116609573364258,1.4549193382263184,[0.0255 0.0406 0.0926 0.1000 0.1000 0.1000 0.1000],[0.7445 0.5941 0.0736 0.0000 0.0000 0.0000 0.0000],0.766645073890686,0.8020469632020593,0.25549307465553284,0.7445069253444672,0.15709894949260403,None
41,0.903113067150116,0.8638104200363159,1.6124522686004639,1.4552416801452637,[0.0249 0.0398 0.0913 0.1000 0.1000 0.1000 0.1000],[0.7508 0.6019 0.0865 0.0000 0.0000 0.0000 0.0000],0.7669234871864319,0.8017510476350505,0.24916723370552063,0.7508327662944794,0.15320837456430872,None
41,0.9033037424087524,0.863891065120697,1.6132149696350098,1.455564260482788,[0.0243 0.0390 0.0901 0.1000 0.1000 0.1000 0.1000],[0.7572 0.6097 0.0992 0.0000 0.0000 0.0000 0.0000],0.7671948075294495,0.8014737365282482,0.24282101541757584,0.7571789845824242,0.14930736163419633,None
41,0.9034925103187561,0.8639717698097229,1.6139700412750244,1.4558870792388916,[0.0236 0.0383 0.0888 0.1000 0.1000 0.1000 0.1000],[0.7636 0.6175 0.1119 0.0000 0.0000 0.0000 0.0000],0.767464280128479,0.8012017592909002,0.23644451051950455,0.7635554894804955,0.1453882473499182,None
41,0.9036756753921509,0.864052414894104,1.6147027015686035,1.456209659576416,[0.0230 0.0375 0.0876 0.1000 0.1000 0.1000 0.1000],[0.7699 0.6252 0.1243 0.0000 0.0000 0.0000 0.0000],0.7677280902862549,0.8009440769581401,0.23006150498986244,0.7699384950101376,0.14146649118990717,None
41,0.9038865566253662,0.8641424775123596,1.6155462265014648,1.4565699100494385,[0.0223 0.0366 0.0861 0.1000 0.1000 0.1000 0.1000],[0.7771 0.6341 0.1386 0.0000 0.0000 0.0000 0.0000],0.7680290341377258,0.8006408288715902,0.22286958992481232,0.7771304100751877,0.13704594359128036,None
41,0.9040563702583313,0.8642221689224243,1.6162254810333252,1.4568886756896973,[0.0217 0.0358 0.0850 0.1000 0.1000 0.1000 0.1000],[0.7835 0.6416 0.1504 0.0000 0.0000 0.0000 0.0000],0.7682785391807556,0.800414927071419,0.2165297046303749,0.7834702953696251,0.13315312537503124,None
41,0.9042485356330872,0.8643006086349487,1.6169941425323486,1.457202434539795,[0.0210 0.0350 0.0836 0.1000 0.1000 0.1000 0.1000],[0.7898 0.6496 0.1637 0.0000 0.0000 0.0000 0.0000],0.7685491442680359,0.800130224900966,0.2101648598909378,0.7898351401090622,0.12923865276899174,None
41,0.904455840587616,0.864379346370697,1.6178233623504639,1.457517385482788,[0.0204 0.0342 0.0822 0.1000 0.1000 0.1000 0.1000],[0.7963 0.6579 0.1781 0.0000 0.0000 0.0000 0.0000],0.768835186958313,0.7998088557979676,0.20369037985801697,0.796309620141983,0.12525353101386133,None
41,0.9046610593795776,0.8644632697105408,1.6186442375183105,1.457853078842163,[0.0197 0.0334 0.0807 0.1000 0.1000 0.1000 0.1000],[0.8032 0.6665 0.1926 0.0000 0.0000 0.0000 0.0000],0.7691243290901184,0.7995061355825649,0.19680965691804886,0.8031903430819511,0.12102211947062615,None
41,0.9048575758934021,0.8645324110984802,1.6194303035736084,1.458129644393921,[0.0191 0.0326 0.0793 0.1000 0.1000 0.1000 0.1000],[0.8090 0.6741 0.2065 0.0000 0.0000 0.0000 0.0000],0.7693899869918823,0.7991887333964505,0.1910107582807541,0.8089892417192459,0.11745018669134676,None
41,0.9050412178039551,0.8646024465560913,1.6201648712158203,1.4584097862243652,[0.0185 0.0318 0.0780 0.1000 0.1000 0.1000 0.1000],[0.8148 0.6816 0.2197 0.0000 0.0000 0.0000 0.0000],0.7696436643600464,0.7989060636223365,0.18516367301344872,0.8148363269865513,0.11385214131807306,None
41,0.9052109718322754,0.8646719455718994,1.6208438873291016,1.4586877822875977,[0.0179 0.0311 0.0768 0.1000 0.1000 0.1000 0.1000],[0.8206 0.6889 0.2320 0.0000 0.0000 0.0000 0.0000],0.7698829174041748,0.7986569438486244,0.17937259748578072,0.8206274025142193,0.11029124837760612,None
41,0.9053969979286194,0.864743709564209,1.6215879917144775,1.458974838256836,[0.0173 0.0303 0.0754 0.1000 0.1000 0.1000 0.1000],[0.8267 0.6967 0.2456 0.0000 0.0000 0.0000 0.0000],0.7701407074928284,0.7983733937090385,0.17332181334495544,0.8266781866550446,0.10656862420258921,None
41,0.9055527448654175,0.864821195602417,1.62221097946167,1.459284782409668,[0.0167 0.0296 0.0743 0.1000 0.1000 0.1000 0.1000],[0.8331 0.7043 0.2573 0.0000 0.0000 0.0000 0.0000],0.7703739404678345,0.7981794131833908,0.16693675890564919,0.8330632410943508,0.10264884876049894,None
41,0.9057180881500244,0.8648963570594788,1.6228723526000977,1.459585428237915,[0.0161 0.0288 0.0730 0.1000 0.1000 0.1000 0.1000],[0.8394 0.7120 0.2697 0.0000 0.0000 0.0000 0.0000],0.7706144452095032,0.7979561159288764,0.16064289957284927,0.8393571004271507,0.09878197109383548,None
41,0.9058787822723389,0.8649734854698181,1.6235151290893555,1.4598939418792725,[0.0154 0.0280 0.0718 0.1000 0.1000 0.1000 0.1000],[0.8458 0.7197 0.2819 0.0000 0.0000 0.0000 0.0000],0.770852267742157,0.7977494207609759,0.15418929979205132,0.8458107002079487,0.09481823964264635,None
41,0.9060344696044922,0.8650510907173157,1.6241378784179688,1.4602043628692627,[0.0148 0.0273 0.0706 0.1000 0.1000 0.1000 0.1000],[0.8523 0.7275 0.2938 0.0000 0.0000 0.0000 0.0000],0.7710855603218079,0.7975564797599674,0.1476852037012577,0.8523147962987423,0.09082407941570333,None
41,0.906195878982544,0.8651275634765625,1.6247835159301758,1.46051025390625,[0.0141 0.0265 0.0694 0.1000 0.1000 0.1000 0.1000],[0.8588 0.7353 0.3063 0.0000 0.0000 0.0000 0.0000],0.7713234424591064,0.7973468097808933,0.14121230691671371,0.8587876930832863,0.08684730370992629,None
41,0.9063814282417297,0.8652148842811584,1.625525712966919,1.4608595371246338,[0.0134 0.0256 0.0679 0.1000 0.1000 0.1000 0.1000],[0.8662 0.7444 0.3208 0.0000 0.0000 0.0000 0.0000],0.7715963125228882,0.7971045984735698,0.13376034796237946,0.8662396520376205,0.08226836152883506,None
41,0.9065366387367249,0.865286111831665,1.6261465549468994,1.4611444473266602,[0.0128 0.0248 0.0667 0.1000 0.1000 0.1000 0.1000],[0.8724 0.7519 0.3330 0.0000 0.0000 0.0000 0.0000],0.7718227505683899,0.7968977427376549,0.12763725593686104,0.872362744063139,0.07850505664365166,None
41,0.9066969752311707,0.865361213684082,1.6267879009246826,1.4614448547363281,[0.0121 0.0240 0.0654 0.1000 0.1000 0.1000 0.1000],[0.8788 0.7598 0.3457 0.0000 0.0000 0.0000 0.0000],0.7720581889152527,0.7966880191747456,0.12116126716136932,0.8788387328386307,0.07452502435409772,None
41,0.9068559408187866,0.8654373288154602,1.6274237632751465,1.4617493152618408,[0.0115 0.0232 0.0642 0.1000 0.1000 0.1000 0.1000],[0.8854 0.7678 0.3585 0.0000 0.0000 0.0000 0.0000],0.7722932696342468,0.7964843691424994,0.11457598768174648,0.8854240123182535,0.0704779262779426,None
41,0.9070138335227966,0.8655133247375488,1.6280553340911865,1.4620532989501953,[0.0108 0.0224 0.0629 0.1000 0.1000 0.1000 0.1000],[0.8920 0.7759 0.3713 0.0000 0.0000 0.0000 0.0000],0.7725271582603455,0.796283263364917,0.10796434246003628,0.8920356575399637,0.06641431348306398,None
41,0.907164454460144,0.8655891418457031,1.6286578178405762,1.4623565673828125,[0.0101 0.0216 0.0616 0.1000 0.1000 0.1000 0.1000],[0.8986 0.7838 0.3837 0.0000 0.0000 0.0000 0.0000],0.7727535963058472,0.796099748370825,0.10135668329894543,0.8986433167010546,0.06235351092261316,None
41,0.9073115587234497,0.865665078163147,1.6292462348937988,1.462660312652588,[0.0095 0.0208 0.0604 0.1000 0.1000 0.1000 0.1000],[0.9053 0.7918 0.3959 0.0000 0.0000 0.0000 0.0000],0.7729766368865967,0.795925306418697,0.09472156874835491,0.9052784312516451,0.05827570860102919,None
41,0.9074575901031494,0.8657373785972595,1.6298303604125977,1.462949514389038,[0.0088 0.0201 0.0592 0.1000 0.1000 0.1000 0.1000],[0.9117 0.7995 0.4081 0.0000 0.0000 0.0000 0.0000],0.7731949687004089,0.795744739343414,0.08834202773869038,0.9116579722613096,0.054353830917181094,None
41,0.9076024293899536,0.865809440612793,1.6304097175598145,1.4632377624511719,[0.0082 0.0193 0.0580 0.1000 0.1000 0.1000 0.1000],[0.9181 0.8072 0.4203 0.0000 0.0000 0.0000 0.0000],0.7734118700027466,0.795566664222391,0.08194598369300365,0.9180540163069963,0.05042142125043645,None
