57,0.8506597280502319,0.8079783916473389,1.4026389122009277,1.2319135665893555,[0.1000 0.1000 0.1000 0.1000 0.1000 0.1000 0.1000],[0.0000 0.0000 0.0000 0.0000 0.0000 0.0000 0.0000],0.6586381196975708,0.7934053814764453,1.0,0.0,0.5225670286135798,None
57,0.8506597280502319,0.8079783916473389,1.4026389122009277,1.2319135665893555,[0.1000 0.1000 0.1000 0.1000 0.1000 0.1000 0.1000],[0.0000 0.0000 0.0000 0.0000 0.0000 0.0000 0.0000],0.6586381196975708,0.7934053814764453,1.0,0.0,0.5225670286135798,None
57,0.8506597280502319,0.8079783916473389,1.4026389122009277,1.2319135665893555,[0.1000 0.1000 0.1000 0.1000 0.1000 0.1000 0.1000],[0.0000 0.0000 0.0000 0.0000 0.0000 0.0000 0.0000],0.6586381196975708,0.7934053814764453,1.0,0.0,0.5225670286135798,None
57,0.8506597280502319,0.8079783916473389,1.4026389122009277,1.2319135665893555,[0.1000 0.1000 0.1000 0.1000 0.1000 0.1000 0.1000],[0.0000 0.0000 0.0000 0.0000 0.0000 0.0000 0.0000],0.6586381196975708,0.7934053814764453,1.0,0.0,0.5225670286135798,None
57,0.8506597280502319,0.8079783916473389,1.4026389122009277,1.2319135665893555,[0.1000 0.1000 0.1000 0.1000 0.1000 0.1000 0.1000],[0.0000 0.0000 0.0000 0.0000 0.0000 0.0000 0.0000],0.6586381196975708,0.7934053814764453,1.0,0.0,0.5225670286135798,None
57,0.8506597280502319,0.8079783916473389,1.4026389122009277,1.2319135665893555,[0.1000 0.1000 0.1000 0.1000 0.1000 0.1000 0.1000],[0.0000 0.0000 0.0000 0.0000 0.0000 0.0000 0.0000],0.6586381196975708,0.7934053814764453,1.0,0.0,0.5225670286135798,None
57,0.8506597280502319,0.8079783916473389,1.4026389122009277,1.2319135665893555,[0.1000 0.1000 0.1000 0.1000 0.1000 0.1000 0.1000],[0.0000 0.0000 0.0000 0.0000 0.0000 0.0000 0.0000],0.6586381196975708,0.7934053814764453,1.0,0.0,0.5225670286135798,None
57,0.8506597280502319,0.8079783916473389,1.4026389122009277,1.2319135665893555,[0.1000 0.1000 0.1000 0.1000 0.1000 0.1000 0.1000],[0.0000 0.0000 0.0000 0.0000 0.0000 0.0000 0.0000],0.6586381196975708,0.7934053814764453,1.0,0.0,0.5225670286135798,None
57,0.8506597280502319,0.8079783916473389,1.4026389122009277,1.2319135665893555,[0.1000 0.1000 0.1000 0.1000 0.1000 0.1000 0.1000],[0.0000 0.0000 0.0000 0.0000 0.0000 0.0000 0.0000],0.6586381196975708,0.7934053814764453,1.0,0.0,0.5225670286135798,None
57,0.8506597280502319,0.8079783916473389,1.4026389122009277,1.2319135665893555,[0.1000 0.1000 0.1000 0.1000 0.1000 0.1000 0.1000],[0.0000 0.0000 0.0000 0.0000 0.0000 0.0000 0.0000],0.6586381196975708,0.7934053814764453,1.0,0.0,0.5225670286135798,None
57,0.8506597280502319,0.8079783916473389,1.4026389122009277,1.2319135665893555,[0.1000 0.1000 0.1000 0.1000 0.1000 0.1000 0.1000],[0.0000 0.0000 0.0000 0.0000 0.0000 0.0000 0.0000],0.6586381196975708,0.7934053814764453,1.0,0.0,0.5225670286135798,None
57,0.8506597280502319,0.8079783916473389,1.4026389122009277,1.2319135665893555,[0.1000 0.1000 0.1000 0.1000 0.1000 0.1000 0.1000],[0.0000 0.0000 0.0000 0.0000 0.0000 0.0000 0.0000],0.6586381196975708,0.7934053814764453,1.0,0.0,0.5225670286135798,None
57,0.8506597280502319,0.8079783916473389,1.4026389122009277,1.2319135665893555,[0.1000 0.1000 0.1000 0.1000 0.1000 0.1000 0.1000],[0.0000 0.0000 0.0000 0.0000 0.0000 0.0000 0.0000],0.6586381196975708,0.7934053814764453,1.0,0.0,0.5225670286135798,None
57,0.8506597280502319,0.8079783916473389,1.4026389122009277,1.2319135665893555,[0.1000 0.1000 0.1000 0.1000 0.1000 0.1000 0.1000],[0.0000 0.0000 0.0000 0.0000 0.0000 0.0000 0.0000],0.6586381196975708,0.7934053814764453,1.0,0.0,0.5225670286135798,None
57,0.8506597280502319,0.8079783916473389,1.4026389122009277,1.2319135665893555,[0.1000 0.1000 0.1000 0.1000 0.1000 0.1000 0.1000],[0.0000 0.0000 0.0000 0.0000 0.0000 0.0000 0.0000],0.6586381196975708,0.7934053814764453,1.0,0.0,0.5225670286135798,None
57,0.8506597280502319,0.8079783916473389,1.4026389122009277,1.2319135665893555,[0.1000 0.1000 0.1000 0.1000 0.1000 0.1000 0.1000],[0.0000 0.0000 0.0000 0.0000 0.0000 0.0000 0.0000],0.6586381196975708,0.7934053814764453,1.0,0.0,0.5225670286135798,None
57,0.8506597280502319,0.8079783916473389,1.4026389122009277,1.2319135665893555,[0.1000 0.1000 0.1000 0.1000 0.1000 0.1000 0.1000],[0.0000 0.0000 0.0000 0.0000 0.0000 0.0000 0.0000],0.6586381196975708,0.7934053814764453,1.0,0.0,0.5225670286135798,None
57,0.8506597280502319,0.8079783916473389,1.4026389122009277,1.2319135665893555,[0.1000 0.1000 0.1000 0.1000 0.1000 0.1000 0.1000],[0.0000 0.0000 0.0000 0.0000 0.0000 0.0000 0.0000],0.6586381196975708,0.7934053814764453,1.0,0.0,0.5225670286135798,None
57,0.8506597280502319,0.8079783916473389,1.4026389122009277,1.2319135665893555,[0.1000 0.1000 0.1000 0.1000 0.1000 0.1000 0.1000],[0.0000 0.0000 0.0000 0.0000 0.0000 0.0000 0.0000],0.6586381196975708,0.7934053814764453,1.0,0.0,0.5225670286135798,None
57,0.8506597280502319,0.8079783916473389,1.4026389122009277,1.2319135665893555,[0.1000 0.1000 0.1000 0.1000 0.1000 0.1000 0.1000],[0.0000 0.0000 0.0000 0.0000 0.0000 0.0000 0.0000],0.6586381196975708,0.7934053814764453,1.0,0.0,0.5225670286135798,None
57,0.8506597280502319,0.8079783916473389,1.4026389122009277,1.2319135665893555,[0.1000 0.1000 0.1000 0.1000 0.1000 0.1000 0.1000],[0.0000 0.0000 0.0000 0.0000 0.0000 0.0000 0.0000],0.6586381196975708,0.7934053814764453,1.0,0.0,0.5225670286135798,None
57,0.8506597280502319,0.8079783916473389,1.4026389122009277,1.2319135665893555,[0.1000 0.1000 0.1000 0.1000 0.1000 0.1000 0.1000],[0.0000 0.0000 0.0000 0.0000 0.0000 0.0000 0.0000],0.6586381196975708,0.7934053814764453,1.0,0.0,0.5225670286135798,None
57,0.8506597280502319,0.8079783916473389,1.4026389122009277,1.2319135665893555,[0.1000 0.1000 0.1000 0.1000 0.1000 0.1000 0.1000],[0.0000 0.0000 0.0000 0.0000 0.0000 0.0000 0.0000],0.6586381196975708,0.7934053814764453,1.0,0.0,0.5225670286135798,None
57,0.8506597280502319,0.8079783916473389,1.4026389122009277,1.2319135665893555,[0.1000 0.1000 0.1000 0.1000 0.1000 0.1000 0.1000],[0.0000 0.0000 0.0000 0.0000 0.0000 0.0000 0.0000],0.6586381196975708,0.7934053814764453,1.0,0.0,0.5225670286135798,None
57,0.8506597280502319,0.8079783916473389,1.4026389122009277,1.2319135665893555,[0.1000 0.1000 0.1000 0.1000 0.1000 0.1000 0.1000],[0.0000 0.0000 0.0000 0.0000 0.0000 0.0000 0.0000],0.6586381196975708,0.7934053814764453,1.0,0.0,0.5225670286135798,None
57,0.8506597280502319,0.8079783916473389,1.4026389122009277,1.2319135665893555,[0.1000 0.1000 0.1000 0.1000 0.1000 0.1000 0.1000],[0.0000 0.0000 0.0000 0.0000 0.0000 0.0000 0.0000],0.6586381196975708,0.7934053814764453,1.0,0.0,0.5225670286135798,None
57,0.8506597280502319,0.8079783916473389,1.4026389122009277,1.2319135665893555,[0.1000 0.1000 0.1000 0.1000 0.1000 0.1000 0.1000],[0.0000 0.0000 0.0000 0.0000 0.0000 0.0000 0.0000],0.6586381196975708,0.7934053814764453,1.0,0.0,0.5225670286135798,None
57,0.8506597280502319,0.8079783916473389,1.4026389122009277,1.2319135665893555,[0.1000 0.1000 0.1000 0.1000 0.1000 0.1000 0.1000],[0.0000 0.0000 0.0000 0.0000 0.0000 0.0000 0.0000],0.6586381196975708,0.7934053814764453,1.0,0.0,0.5225670286135798,None
57,0.8506597280502319,0.8079783916473389,1.4026389122009277,1.2319135665893555,[0.1000 0.1000 0.1000 0.1000 0.1000 0.1000 0.1000],[0.0000 0.0000 0.0000 0.0000 0.0000 0.0000 0.0000],0.6586381196975708,0.7934053814764453,1.0,0.0,0.5225670286135798,None
57,0.8506597280502319,0.8079783916473389,1.4026389122009277,1.2319135665893555,[0.1000 0.1000 0.1000 0.1000 0.1000 0.1000 0.1000],[0.0000 0.0000 0.0000 0.0000 0.0000 0.0000 0.0000],0.6586381196975708,0.7934053814764453,1.0,0.0,0.5225670286135798,None
57,0.8506597280502319,0.8079783916473389,1.4026389122009277,1.2319135665893555,[0.1000 0.1000 0.1000 0.1000 0.1000 0.1000 0.1000],[0.0000 0.0000 0.0000 0.0000 0.0000 0.0000 0.0000],0.6586381196975708,0.7934053814764453,1.0,0.0,0.5225670286135798,None
57,0.8506597280502319,0.8079783916473389,1.4026389122009277,1.2319135665893555,[0.1000 0.1000 0.1000 0.1000 0.1000 0.1000 0.1000],[0.0000 0.0000 0.0000 0.0000 0.0000 0.0000 0.0000],0.6586381196975708,0.7934053814764453,1.0,0.0,0.5225670286135798,None
57,0.8506597280502319,0.8079783916473389,1.4026389122009277,1.2319135665893555,[0.1000 0.1000 0.1000 0.1000 0.1000 0.1000 0.1000],[0.0000 0.0000 0.0000 0.0000 0.0000 0.0000 0.0000],0.6586381196975708,0.7934053814764453,1.0,0.0,0.5225670286135798,None
57,0.8506597280502319,0.8079783916473389,1.4026389122009277,1.2319135665893555,[0.1000 0.1000 0.1000 0.1000 0.1000 0.1000 0.1000],[0.0000 0.0000 0.0000 0.0000 0.0000 0.0000 0.0000],0.6586381196975708,0.7934053814764453,1.0,0.0,0.5225670286135798,None
57,0.8506597280502319,0.8079783916473389,1.4026389122009277,1.2319135665893555,[0.1000 0.1000 0.1000 0.1000 0.1000 0.1000 0.1000],[0.0000 0.0000 0.0000 0.0000 0.0000 0.0000 0.0000],0.6586381196975708,0.7934053814764453,1.0,0.0,0.5225670286135798,None
57,0.8506597280502319,0.8079783916473389,1.4026389122009277,1.2319135665893555,[0.1000 0.1000 0.1000 0.1000 0.1000 0.1000 0.1000],[0.0000 0.0000 0.0000 0.0000 0.0000 0.0000 0.0000],0.6586381196975708,0.7934053814764453,1.0,0.0,0.5225670286135798,None
57,0.8506597280502319,0.8079783916473389,1.4026389122009277,1.2319135665893555,[0.1000 0.1000 0.1000 0.1000 0.1000 0.1000 0.1000],[0.0000 0.0000 0.0000 0.0000 0.0000 0.0000 0.0000],0.6586381196975708,0.7934053814764453,1.0,0.0,0.5225670286135798,None
57,0.8506597280502319,0.8079783916473389,1.4026389122009277,1.2319135665893555,[0.1000 0.1000 0.1000 0.1000 0.1000 0.1000 0.1000],[0.0000 0.0000 0.0000 0.0000 0.0000 0.0000 0.0000],0.6586381196975708,0.7934053814764453,1.0,0.0,0.5225670286135798,None
57,0.8506597280502319,0.8079783916473389,1.4026389122009277,1.2319135665893555,[0.1000 0.1000 0.1000 0.1000 0.1000 0.1000 0.1000],[0.0000 0.0000 0.0000 0.0000 0.0000 0.0000 0.0000],0.6586381196975708,0.7934053814764453,1.0,0.0,0.5225670286135798,None
57,0.8506597280502319,0.8079783916473389,1.4026389122009277,1.2319135665893555,[0.1000 0.1000 0.1000 0.1000 0.1000 0.1000 0.1000],[0.0000 0.0000 0.0000 0.0000 0.0000 0.0000 0.0000],0.6586381196975708,0.7934053814764453,1.0,0.0,0.5225670286135798,None
57,0.8506597280502319,0.8079783916473389,1.4026389122009277,1.2319135665893555,[0.1000 0.1000 0.1000 0.1000 0.1000 0.1000 0.1000],[0.0000 0.0000 0.0000 0.0000 0.0000 0.0000 0.0000],0.6586381196975708,0.7934053814764453,1.0,0.0,0.5225670286135798,None
57,0.8506597280502319,0.8079783916473389,1.4026389122009277,1.2319135665893555,[0.1000 0.1000 0.1000 0.1000 0.1000 0.1000 0.1000],[0.0000 0.0000 0.0000 0.0000 0.0000 0.0000 0.0000],0.6586381196975708,0.7934053814764453,1.0,0.0,0.5225670286135798,None
57,0.8506597280502319,0.8079783916473389,1.4026389122009277,1.2319135665893555,[0.1000 0.1000 0.1000 0.1000 0.1000 0.1000 0.1000],[0.0000 0.0000 0.0000 0.0000 0.0000 0.0000 0.0000],0.6586381196975708,0.7934053814764453,1.0,0.0,0.5225670286135798,None
57,0.8506597280502319,0.8079783916473389,1.4026389122009277,1.2319135665893555,[0.1000 0.1000 0.1000 0.1000 0.1000 0.1000 0.1000],[0.0000 0.0000 0.0000 0.0000 0.0000 0.0000 0.0000],0.6586381196975708,0.7934053814764453,1.0,0.0,0.5225670286135798,None
57,0.8506597280502319,0.8079783916473389,1.4026389122009277,1.2319135665893555,[0.1000 0.1000 0.1000 0.1000 0.1000 0.1000 0.1000],[0.0000 0.0000 0.0000 0.0000 0.0000 0.0000 0.0000],0.6586381196975708,0.7934053814764453,1.0,0.0,0.5225670286135798,None
57,0.8506597280502319,0.8079783916473389,1.4026389122009277,1.2319135665893555,[0.1000 0.1000 0.1000 0.1000 0.1000 0.1000 0.1000],[0.0000 0.0000 0.0000 0.0000 0.0000 0.0000 0.0000],0.6586381196975708,0.7934053814764453,1.0,0.0,0.5225670286135798,None
57,0.8506597280502319,0.8079783916473389,1.4026389122009277,1.2319135665893555,[0.1000 0.1000 0.1000 0.1000 0.1000 0.1000 0.1000],[0.0000 0.0000 0.0000 0.0000 0.0000 0.0000 0.0000],0.6586381196975708,0.7934053814764453,1.0,0.0,0.5225670286135798,None
57,0.8506597280502319,0.8079783916473389,1.4026389122009277,1.2319135665893555,[0.1000 0.1000 0.1000 0.1000 0.1000 0.1000 0.1000],[0.0000 0.0000 0.0000 0.0000 0.0000 0.0000 0.0000],0.6586381196975708,0.7934053814764453,1.0,0.0,0.5225670286135798,None
57,0.8506597280502319,0.8079783916473389,1.4026389122009277,1.2319135665893555,[0.1000 0.1000 0.1000 0.1000 0.1000 0.1000 0.1000],[0.0000 0.0000 0.0000 0.0000 0.0000 0.0000 0.0000],0.6586381196975708,0.7934053814764453,1.0,0.0,0.5225670286135798,None
57,0.8506597280502319,0.8079783916473389,1.4026389122009277,1.2319135665893555,[0.1000 0.1000 0.1000 0.1000 0.1000 0.1000 0.1000],[0.0000 0.0000 0.0000 0.0000 0.0000 0.0000 0.0000],0.6586381196975708,0.7934053814764453,1.0,0.0,0.5225670286135798,None
57,0.8506597280502319,0.8079783916473389,1.4026389122009277,1.2319135665893555,[0.1000 0.1000 0.1000 0.1000 0.1000 0.1000 0.1000],[0.0000 0.0000 0.0000 0.0000 0.0000 0.0000 0.0000],0.6586381196975708,0.7934053814764453,1.0,0.0,0.5225670286135798,None
57,0.8506597280502319,0.8079783916473389,1.4026389122009277,1.2319135665893555,[0.1000 0.1000 0.1000 0.1000 0.1000 0.1000 0.1000],[0.0000 0.0000 0.0000 0.0000 0.0000 0.0000 0.0000],0.6586381196975708,0.7934053814764453,1.0,0.0,0.5225670286135798,None
57,0.8506597280502319,0.8079783916473389,1.4026389122009277,1.2319135665893555,[0.1000 0.1000 0.1000 0.1000 0.1000 0.1000 0.1000],[0.0000 0.0000 0.0000 0.0000 0.0000 0.0000 0.0000],0.6586381196975708,0.7934053814764453,1.0,0.0,0.5225670286135798,None
57,0.8506597280502319,0.8079783916473389,1.4026389122009277,1.2319135665893555,[0.1000 0.1000 0.1000 0.1000 0.1000 0.1000 0.1000],[0.0000 0.0000 0.0000 0.0000 0.0000 0.0000 0.0000],0.6586381196975708,0.7934053814764453,1.0,0.0,0.5225670286135798,None
57,0.8506597280502319,0.8079783916473389,1.4026389122009277,1.2319135665893555,[0.1000 0.1000 0.1000 0.1000 0.1000 0.1000 0.1000],[0.0000 0.0000 0.0000 0.0000 0.0000 0.0000 0.0000],0.6586381196975708,0.7934053814764453,1.0,0.0,0.5225670286135798,None
57,0.8506597280502319,0.8079783916473389,1.4026389122009277,1.2319135665893555,[0.1000 0.1000 0.1000 0.1000 0.1000 0.1000 0.1000],[0.0000 0.0000 0.0000 0.0000 0.0000 0.0000 0.0000],0.6586381196975708,0.7934053814764453,1.0,0.0,0.5225670286135798,None
57,0.8506597280502319,0.8079783916473389,1.4026389122009277,1.2319135665893555,[0.1000 0.1000 0.1000 0.1000 0.1000 0.1000 0.1000],[0.0000 0.0000 0.0000 0.0000 0.0000 0.0000 0.0000],0.6586381196975708,0.7934053814764453,1.0,0.0,0.5225670286135798,None
57,0.8506597280502319,0.8079783916473389,1.4026389122009277,1.2319135665893555,[0.1000 0.1000 0.1000 0.1000 0.1000 0.1000 0.1000],[0.0000 0.0000 0.0000 0.0000 0.0000 0.0000 0.0000],0.6586381196975708,0.7934053814764453,1.0,0.0,0.5225670286135798,None
57,0.8506597280502319,0.8079783916473389,1.4026389122009277,1.2319135665893555,[0.1000 0.1000 0.1000 0.1000 0.1000 0.1000 0.1000],[0.0000 0.0000 0.0000 0.0000 0.0000 0.0000 0.0000],0.6586381196975708,0.7934053814764453,1.0,0.0,0.5225670286135798,None
57,0.8506597280502319,0.8079783916473389,1.4026389122009277,1.2319135665893555,[0.1000 0.1000 0.1000 0.1000 0.1000 0.1000 0.1000],[0.0000 0.0000 0.0000 0.0000 0.0000 0.0000 0.0000],0.6586381196975708,0.7934053814764453,1.0,0.0,0.5225670286135798,None
57,0.8506597280502319,0.8079783916473389,1.4026389122009277,1.2319135665893555,[0.1000 0.1000 0.1000 0.1000 0.1000 0.1000 0.1000],[0.0000 0.0000 0.0000 0.0000 0.0000 0.0000 0.0000],0.6586381196975708,0.7934053814764453,1.0,0.0,0.5225670286135798,None
57,0.8506597280502319,0.8079783916473389,1.4026389122009277,1.2319135665893555,[0.1000 0.1000 0.1000 0.1000 0.1000 0.1000 0.1000],[0.0000 0.0000 0.0000 0.0000 0.0000 0.0000 0.0000],0.6586381196975708,0.7934053814764453,1.0,0.0,0.5225670286135798,None
57,0.8506597280502319,0.8079783916473389,1.4026389122009277,1.2319135665893555,[0.1000 0.1000 0.1000 0.1000 0.1000 0.1000 0.1000],[0.0000 0.0000 0.0000 0.0000 0.0000 0.0000 0.0000],0.6586381196975708,0.7934053814764453,1.0,0.0,0.5225670286135798,None
57,0.8506597280502319,0.8079783916473389,1.4026389122009277,1.2319135665893555,[0.1000 0.1000 0.1000 0.1000 0.1000 0.1000 0.1000],[0.0000 0.0000 0.0000 0.0000 0.0000 0.0000 0.0000],0.6586381196975708,0.7934053814764453,1.0,0.0,0.5225670286135798,None
57,0.8506597280502319,0.8079783916473389,1.4026389122009277,1.2319135665893555,[0.1000 0.1000 0.1000 0.1000 0.1000 0.1000 0.1000],[0.0000 0.0000 0.0000 0.0000 0.0000 0.0000 0.0000],0.6586381196975708,0.7934053814764453,1.0,0.0,0.5225670286135798,None
57,0.8506597280502319,0.8079783916473389,1.4026389122009277,1.2319135665893555,[0.1000 0.1000 0.1000 0.1000 0.1000 0.1000 0.1000],[0.0000 0.0000 0.0000 0.0000 0.0000 0.0000 0.0000],0.6586381196975708,0.7934053814764453,1.0,0.0,0.5225670286135798,None
57,0.8506597280502319,0.8079783916473389,1.4026389122009277,1.2319135665893555,[0.1000 0.1000 0.1000 0.1000 0.1000 0.1000 0.1000],[0.0000 0.0000 0.0000 0.0000 0.0000 0.0000 0.0000],0.6586381196975708,0.7934053814764453,1.0,0.0,0.5225670286135798,None
57,0.8506597280502319,0.8079783916473389,1.4026389122009277,1.2319135665893555,[0.1000 0.1000 0.1000 0.1000 0.1000 0.1000 0.1000],[0.0000 0.0000 0.0000 0.0000 0.0000 0.0000 0.0000],0.6586381196975708,0.7934053814764453,1.0,0.0,0.5225670286135798,None
57,0.8506597280502319,0.8079783916473389,1.4026389122009277,1.2319135665893555,[0.1000 0.1000 0.1000 0.1000 0.1000 0.1000 0.1000],[0.0000 0.0000 0.0000 0.0000 0.0000 0.0000 0.0000],0.6586381196975708,0.7934053814764453,1.0,0.0,0.5225670286135798,None
57,0.8506597280502319,0.8079783916473389,1.4026389122009277,1.2319135665893555,[0.1000 0.1000 0.1000 0.1000 0.1000 0.1000 0.1000],[0.0000 0.0000 0.0000 0.0000 0.0000 0.0000 0.0000],0.6586381196975708,0.7934053814764453,1.0,0.0,0.5225670286135798,None
57,0.8506597280502319,0.8079783916473389,1.4026389122009277,1.2319135665893555,[0.1000 0.1000 0.1000 0.1000 0.1000 0.1000 0.1000],[0.0000 0.0000 0.0000 0.0000 0.0000 0.0000 0.0000],0.6586381196975708,0.7934053814764453,1.0,0.0,0.5225670286135798,None
57,0.8506597280502319,0.8079783916473389,1.4026389122009277,1.2319135665893555,[0.1000 0.1000 0.1000 0.1000 0.1000 0.1000 0.1000],[0.0000 0.0000 0.0000 0.0000 0.0000 0.0000 0.0000],0.6586381196975708,0.7934053814764453,1.0,0.0,0.5225670286135798,None
57,0.8506597280502319,0.8079783916473389,1.4026389122009277,1.2319135665893555,[0.1000 0.1000 0.1000 0.1000 0.1000 0.1000 0.1000],[0.0000 0.0000 0.0000 0.0000 0.0000 0.0000 0.0000],0.6586381196975708,0.7934053814764453,1.0,0.0,0.5225670286135798,None
57,0.8506597280502319,0.8079783916473389,1.4026389122009277,1.2319135665893555,[0.1000 0.1000 0.1000 0.1000 0.1000 0.1000 0.1000],[0.0000 0.0000 0.0000 0.0000 0.0000 0.0000 0.0000],0.6586381196975708,0.7934053814764453,1.0,0.0,0.5225670286135798,None
57,0.8506597280502319,0.8079783916473389,1.4026389122009277,1.2319135665893555,[0.1000 0.1000 0.1000 0.1000 0.1000 0.1000 0.1000],[0.0000 0.0000 0.0000 0.0000 0.0000 0.0000 0.0000],0.6586381196975708,0.7934053814764453,1.0,0.0,0.5225670286135798,None
57,0.8506597280502319,0.8079783916473389,1.4026389122009277,1.2319135665893555,[0.1000 0.1000 0.1000 0.1000 0.1000 0.1000 0.1000],[0.0000 0.0000 0.0000 0.0000 0.0000 0.0000 0.0000],0.6586381196975708,0.7934053814764453,1.0,0.0,0.5225670286135798,None
57,0.8506597280502319,0.8079783916473389,1.4026389122009277,1.2319135665893555,[0.1000 0.1000 0.1000 0.1000 0.1000 0.1000 0.1000],[0.0000 0.0000 0.0000 0.0000 0.0000 0.0000 0.0000],0.6586381196975708,0.7934053814764453,1.0,0.0,0.5225670286135798,None
57,0.8506597280502319,0.8079783916473389,1.4026389122009277,1.2319135665893555,[0.1000 0.1000 0.1000 0.1000 0.1000 0.1000 0.1000],[0.0000 0.0000 0.0000 0.0000 0.0000 0.0000 0.0000],0.6586381196975708,0.7934053814764453,1.0,0.0,0.5225670286135798,None
57,0.8506597280502319,0.8079783916473389,1.4026389122009277,1.2319135665893555,[0.1000 0.1000 0.1000 0.1000 0.1000 0.1000 0.1000],[0.0000 0.0000 0.0000 0.0000 0.0000 0.0000 0.0000],0.6586381196975708,0.7934053814764453,1.0,0.0,0.5225670286135798,None
57,0.8506597280502319,0.8079783916473389,1.4026389122009277,1.2319135665893555,[0.1000 0.1000 0.1000 0.1000 0.1000 0.1000 0.1000],[0.0000 0.0000 0.0000 0.0000 0.0000 0.0000 0.0000],0.6586381196975708,0.7934053814764453,1.0,0.0,0.5225670286135798,None
57,0.8506597280502319,0.8079783916473389,1.4026389122009277,1.2319135665893555,[0.1000 0.1000 0.1000 0.1000 0.1000 0.1000 0.1000],[0.0000 0.0000 0.0000 0.0000 0.0000 0.0000 0.0000],0.6586381196975708,0.7934053814764453,1.0,0.0,0.5225670286135798,None
57,0.8506597280502319,0.8079783916473389,1.4026389122009277,1.2319135665893555,[0.1000 0.1000 0.1000 0.1000 0.1000 0.1000 0.1000],[0.0000 0.0000 0.0000 0.0000 0.0000 0.0000 0.0000],0.6586381196975708,0.7934053814764453,1.0,0.0,0.5225670286135798,None
57,0.8506597280502319,0.8079783916473389,1.4026389122009277,1.2319135665893555,[0.1000 0.1000 0.1000 0.1000 0.1000 0.1000 0.1000],[0.0000 0.0000 0.0000 0.0000 0.0000 0.0000 0.0000],0.6586381196975708,0.7934053814764453,1.0,0.0,0.5225670286135798,None
57,0.8506597280502319,0.8079783916473389,1.4026389122009277,1.2319135665893555,[0.1000 0.1000 0.1000 0.1000 0.1000 0.1000 0.1000],[0.0000 0.0000 0.0000 0.0000 0.0000 0.0000 0.0000],0.6586381196975708,0.7934053814764453,1.0,0.0,0.5225670286135798,None
57,0.8506597280502319,0.8079783916473389,1.4026389122009277,1.2319135665893555,[0.1000 0.1000 0.1000 0.1000 0.1000 0.1000 0.1000],[0.0000 0.0000 0.0000 0.0000 0.0000 0.0000 0.0000],0.6586381196975708,0.7934053814764453,1.0,0.0,0.5225670286135798,None
57,0.8506597280502319,0.8079783916473389,1.4026389122009277,1.2319135665893555,[0.1000 0.1000 0.1000 0.1000 0.1000 0.1000 0.1000],[0.0000 0.0000 0.0000 0.0000 0.0000 0.0000 0.0000],0.6586381196975708,0.7934053814764453,1.0,0.0,0.5225670286135798,None
57,0.8506597280502319,0.8079783916473389,1.4026389122009277,1.2319135665893555,[0.1000 0.1000 0.1000 0.1000 0.1000 0.1000 0.1000],[0.0000 0.0000 0.0000 0.0000 0.0000 0.0000 0.0000],0.6586381196975708,0.7934053814764453,1.0,0.0,0.5225670286135798,None
57,0.8506597280502319,0.8079783916473389,1.4026389122009277,1.2319135665893555,[0.1000 0.1000 0.1000 0.1000 0.1000 0.1000 0.1000],[0.0000 0.0000 0.0000 0.0000 0.0000 0.0000 0.0000],0.6586381196975708,0.7934053814764453,1.0,0.0,0.5225670286135798,None
57,0.8506597280502319,0.8079783916473389,1.4026389122009277,1.2319135665893555,[0.1000 0.1000 0.1000 0.1000 0.1000 0.1000 0.1000],[0.0000 0.0000 0.0000 0.0000 0.0000 0.0000 0.0000],0.6586381196975708,0.7934053814764453,1.0,0.0,0.5225670286135798,None
57,0.8506597280502319,0.8079783916473389,1.4026389122009277,1.2319135665893555,[0.1000 0.1000 0.1000 0.1000 0.1000 0.1000 0.1000],[0.0000 0.0000 0.0000 0.0000 0.0000 0.0000 0.0000],0.6586381196975708,0.7934053814764453,1.0,0.0,0.5225670286135798,None
57,0.8506597280502319,0.8079783916473389,1.4026389122009277,1.2319135665893555,[0.1000 0.1000 0.1000 0.1000 0.1000 0.1000 0.1000],[0.0000 0.0000 0.0000 0.0000 0.0000 0.0000 0.0000],0.6586381196975708,0.7934053814764453,1.0,0.0,0.5225670286135798,None
57,0.8506597280502319,0.8079783916473389,1.4026389122009277,1.2319135665893555,[0.1000 0.1000 0.1000 0.1000 0.1000 0.1000 0.1000],[0.0000 0.0000 0.0000 0.0000 0.0000 0.0000 0.0000],0.6586381196975708,0.7934053814764453,1.0,0.0,0.5225670286135798,None
57,0.8506597280502319,0.8079783916473389,1.4026389122009277,1.2319135665893555,[0.1000 0.1000 0.1000 0.1000 0.1000 0.1000 0.1000],[0.0000 0.0000 0.0000 0.0000 0.0000 0.0000 0.0000],0.6586381196975708,0.7934053814764453,1.0,0.0,0.5225670286135798,None
57,0.8506597280502319,0.8079783916473389,1.4026389122009277,1.2319135665893555,[0.1000 0.1000 0.1000 0.1000 0.1000 0.1000 0.1000],[0.0000 0.0000 0.0000 0.0000 0.0000 0.0000 0.0000],0.6586381196975708,0.7934053814764453,1.0,0.0,0.5225670286135798,None
57,0.8506597280502319,0.8079783916473389,1.4026389122009277,1.2319135665893555,[0.1000 0.1000 0.1000 0.1000 0.1000 0.1000 0.1000],[0.0000 0.0000 0.0000 0.0000 0.0000 0.0000 0.0000],0.6586381196975708,0.7934053814764453,1.0,0.0,0.5225670286135798,None
57,0.8506597280502319,0.8079783916473389,1.4026389122009277,1.2319135665893555,[0.1000 0.1000 0.1000 0.1000 0.1000 0.1000 0.1000],[0.0000 0.0000 0.0000 0.0000 0.0000 0.0000 0.0000],0.6586381196975708,0.7934053814764453,1.0,0.0,0.5225670286135798,None
57,0.8506597280502319,0.8079783916473389,1.4026389122009277,1.2319135665893555,[0.1000 0.1000 0.1000 0.1000 0.1000 0.1000 0.1000],[0.0000 0.0000 0.0000 0.0000 0.0000 0.0000 0.0000],0.6586381196975708,0.7934053814764453,1.0,0.0,0.5225670286135798,None
57,0.8506597280502319,0.8079783916473389,1.4026389122009277,1.2319135665893555,[0.1000 0.1000 0.1000 0.1000 0.1000 0.1000 0.1000],[0.0000 0.0000 0.0000 0.0000 0.0000 0.0000 0.0000],0.6586381196975708,0.7934053814764453,1.0,0.0,0.5225670286135798,None
57,0.8506597280502319,0.8079783916473389,1.4026389122009277,1.2319135665893555,[0.1000 0.1000 0.1000 0.1000 0.1000 0.1000 0.1000],[0.0000 0.0000 0.0000 0.0000 0.0000 0.0000 0.0000],0.6586381196975708,0.7934053814764453,1.0,0.0,0.5225670286135798,None
57,0.8506597280502319,0.8079783916473389,1.4026389122009277,1.2319135665893555,[0.1000 0.1000 0.1000 0.1000 0.1000 0.1000 0.1000],[0.0000 0.0000 0.0000 0.0000 0.0000 0.0000 0.0000],0.6586381196975708,0.7934053814764453,1.0,0.0,0.5225670286135798,None
57,0.8506597280502319,0.8079783916473389,1.4026389122009277,1.2319135665893555,[0.1000 0.1000 0.1000 0.1000 0.1000 0.1000 0.1000],[0.0000 0.0000 0.0000 0.0000 0.0000 0.0000 0.0000],0.6586381196975708,0.7934053814764453,1.0,0.0,0.5225670286135798,None
57,0.8506597280502319,0.8079783916473389,1.4026389122009277,1.2319135665893555,[0.1000 0.1000 0.1000 0.1000 0.1000 0.1000 0.1000],[0.0000 0.0000 0.0000 0.0000 0.0000 0.0000 0.0000],0.6586381196975708,0.7934053814764453,1.0,0.0,0.5225670286135798,None
57,0.8506597280502319,0.8079783916473389,1.4026389122009277,1.2319135665893555,[0.1000 0.1000 0.1000 0.1000 0.1000 0.1000 0.1000],[0.0000 0.0000 0.0000 0.0000 0.0000 0.0000 0.0000],0.6586381196975708,0.7934053814764453,1.0,0.0,0.5225670286135798,None
57,0.8506597280502319,0.8079783916473389,1.4026389122009277,1.2319135665893555,[0.1000 0.1000 0.1000 0.1000 0.1000 0.1000 0.1000],[0.0000 0.0000 0.0000 0.0000 0.0000 0.0000 0.0000],0.6586381196975708,0.7934053814764453,1.0,0.0,0.5225670286135798,None
57,0.8506597280502319,0.8079783916473389,1.4026389122009277,1.2319135665893555,[0.1000 0.1000 0.1000 0.1000 0.1000 0.1000 0.1000],[0.0000 0.0000 0.0000 0.0000 0.0000 0.0000 0.0000],0.6586381196975708,0.7934053814764453,1.0,0.0,0.5225670286135798,None
57,0.8506597280502319,0.8079783916473389,1.4026389122009277,1.2319135665893555,[0.1000 0.1000 0.1000 0.1000 0.1000 0.1000 0.1000],[0.0000 0.0000 0.0000 0.0000 0.0000 0.0000 0.0000],0.6586381196975708,0.7934053814764453,1.0,0.0,0.5225670286135798,None
57,0.8506597280502319,0.8079783916473389,1.4026389122009277,1.2319135665893555,[0.1000 0.1000 0.1000 0.1000 0.1000 0.1000 0.1000],[0.0000 0.0000 0.0000 0.0000 0.0000 0.0000 0.0000],0.6586381196975708,0.7934053814764453,1.0,0.0,0.5225670286135798,None
57,0.8506597280502319,0.8079783916473389,1.4026389122009277,1.2319135665893555,[0.1000 0.1000 0.1000 0.1000 0.1000 0.1000 0.1000],[0.0000 0.0000 0.0000 0.0000 0.0000 0.0000 0.0000],0.6586381196975708,0.7934053814764453,1.0,0.0,0.5225670286135798,None
57,0.8506597280502319,0.8079783916473389,1.4026389122009277,1.2319135665893555,[0.1000 0.1000 0.1000 0.1000 0.1000 0.1000 0.1000],[0.0000 0.0000 0.0000 0.0000 0.0000 0.0000 0.0000],0.6586381196975708,0.7934053814764453,1.0,0.0,0.5225670286135798,None
57,0.8506597280502319,0.8079783916473389,1.4026389122009277,1.2319135665893555,[0.1000 0.1000 0.1000 0.1000 0.1000 0.1000 0.1000],[0.0000 0.0000 0.0000 0.0000 0.0000 0.0000 0.0000],0.6586381196975708,0.7934053814764453,1.0,0.0,0.5225670286135798,None
57,0.8506597280502319,0.8079783916473389,1.4026389122009277,1.2319135665893555,[0.1000 0.1000 0.1000 0.1000 0.1000 0.1000 0.1000],[0.0000 0.0000 0.0000 0.0000 0.0000 0.0000 0.0000],0.6586381196975708,0.7934053814764453,1.0,0.0,0.5225670286135798,None
57,0.8506597280502319,0.8079783916473389,1.4026389122009277,1.2319135665893555,[0.1000 0.1000 0.1000 0.1000 0.1000 0.1000 0.1000],[0.0000 0.0000 0.0000 0.0000 0.0000 0.0000 0.0000],0.6586381196975708,0.7934053814764453,1.0,0.0,0.5225670286135798,None
57,0.8506597280502319,0.8079783916473389,1.4026389122009277,1.2319135665893555,[0.1000 0.1000 0.1000 0.1000 0.1000 0.1000 0.1000],[0.0000 0.0000 0.0000 0.0000 0.0000 0.0000 0.0000],0.6586381196975708,0.7934053814764453,1.0,0.0,0.5225670286135798,None
57,0.8506597280502319,0.8079783916473389,1.4026389122009277,1.2319135665893555,[0.1000 0.1000 0.1000 0.1000 0.1000 0.1000 0.1000],[0.0000 0.0000 0.0000 0.0000 0.0000 0.0000 0.0000],0.6586381196975708,0.7934053814764453,1.0,0.0,0.5225670286135798,None
57,0.8506597280502319,0.8079783916473389,1.4026389122009277,1.2319135665893555,[0.1000 0.1000 0.1000 0.1000 0.1000 0.1000 0.1000],[0.0000 0.0000 0.0000 0.0000 0.0000 0.0000 0.0000],0.6586381196975708,0.7934053814764453,1.0,0.0,0.5225670286135798,None
57,0.8506597280502319,0.8079783916473389,1.4026389122009277,1.2319135665893555,[0.1000 0.1000 0.1000 0.1000 0.1000 0.1000 0.1000],[0.0000 0.0000 0.0000 0.0000 0.0000 0.0000 0.0000],0.6586381196975708,0.7934053814764453,1.0,0.0,0.5225670286135798,None
57,0.8506597280502319,0.8079783916473389,1.4026389122009277,1.2319135665893555,[0.1000 0.1000 0.1000 0.1000 0.1000 0.1000 0.1000],[0.0000 0.0000 0.0000 0.0000 0.0000 0.0000 0.0000],0.6586381196975708,0.7934053814764453,1.0,0.0,0.5225670286135798,None
57,0.8506597280502319,0.8079783916473389,1.4026389122009277,1.2319135665893555,[0.1000 0.1000 0.1000 0.1000 0.1000 0.1000 0.1000],[0.0000 0.0000 0.0000 0.0000 0.0000 0.0000 0.0000],0.6586381196975708,0.7934053814764453,1.0,0.0,0.5225670286135798,None
57,0.8506597280502319,0.8079783916473389,1.4026389122009277,1.2319135665893555,[0.1000 0.1000 0.1000 0.1000 0.1000 0.1000 0.1000],[0.0000 0.0000 0.0000 0.0000 0.0000 0.0000 0.0000],0.6586381196975708,0.7934053814764453,1.0,0.0,0.5225670286135798,None
57,0.8506597280502319,0.8079783916473389,1.4026389122009277,1.2319135665893555,[0.1000 0.1000 0.1000 0.1000 0.1000 0.1000 0.1000],[0.0000 0.0000 0.0000 0.0000 0.0000 0.0000 0.0000],0.6586381196975708,0.7934053814764453,1.0,0.0,0.5225670286135798,None
57,0.8506597280502319,0.8079783916473389,1.4026389122009277,1.2319135665893555,[0.1000 0.1000 0.1000 0.1000 0.1000 0.1000 0.1000],[0.0000 0.0000 0.0000 0.0000 0.0000 0.0000 0.0000],0.6586381196975708,0.7934053814764453,1.0,0.0,0.5225670286135798,None
57,0.8506597280502319,0.8079783916473389,1.4026389122009277,1.2319135665893555,[0.1000 0.1000 0.1000 0.1000 0.1000 0.1000 0.1000],[0.0000 0.0000 0.0000 0.0000 0.0000 0.0000 0.0000],0.6586381196975708,0.7934053814764453,1.0,0.0,0.5225670286135798,None
57,0.8506597280502319,0.8079783916473389,1.4026389122009277,1.2319135665893555,[0.1000 0.1000 0.1000 0.1000 0.1000 0.1000 0.1000],[0.0000 0.0000 0.0000 0.0000 0.0000 0.0000 0.0000],0.6586381196975708,0.7934053814764453,1.0,0.0,0.5225670286135798,None
57,0.8506597280502319,0.8079783916473389,1.4026389122009277,1.2319135665893555,[0.1000 0.1000 0.1000 0.1000 0.1000 0.1000 0.1000],[0.0000 0.0000 0.0000 0.0000 0.0000 0.0000 0.0000],0.6586381196975708,0.7934053814764453,1.0,0.0,0.5225670286135798,None
57,0.8506597280502319,0.8079783916473389,1.4026389122009277,1.2319135665893555,[0.1000 0.1000 0.1000 0.1000 0.1000 0.1000 0.1000],[0.0000 0.0000 0.0000 0.0000 0.0000 0.0000 0.0000],0.6586381196975708,0.7934053814764453,1.0,0.0,0.5225670286135798,None
57,0.8506597280502319,0.8079783916473389,1.4026389122009277,1.2319135665893555,[0.1000 0.1000 0.1000 0.1000 0.1000 0.1000 0.1000],[0.0000 0.0000 0.0000 0.0000 0.0000 0.0000 0.0000],0.6586381196975708,0.7934053814764453,1.0,0.0,0.5225670286135798,None
57,0.8506597280502319,0.8079783916473389,1.4026389122009277,1.2319135665893555,[0.1000 0.1000 0.1000 0.1000 0.1000 0.1000 0.1000],[0.0000 0.0000 0.0000 0.0000 0.0000 0.0000 0.0000],0.6586381196975708,0.7934053814764453,1.0,0.0,0.5225670286135798,None
57,0.8506597280502319,0.8079783916473389,1.4026389122009277,1.2319135665893555,[0.1000 0.1000 0.1000 0.1000 0.1000 0.1000 0.1000],[0.0000 0.0000 0.0000 0.0000 0.0000 0.0000 0.0000],0.6586381196975708,0.7934053814764453,1.0,0.0,0.5225670286135798,None
57,0.8506597280502319,0.8079783916473389,1.4026389122009277,1.2319135665893555,[0.1000 0.1000 0.1000 0.1000 0.1000 0.1000 0.1000],[0.0000 0.0000 0.0000 0.0000 0.0000 0.0000 0.0000],0.6586381196975708,0.7934053814764453,1.0,0.0,0.5225670286135798,None
57,0.8506597280502319,0.8079783916473389,1.4026389122009277,1.2319135665893555,[0.1000 0.1000 0.1000 0.1000 0.1000 0.1000 0.1000],[0.0000 0.0000 0.0000 0.0000 0.0000 0.0000 0.0000],0.6586381196975708,0.7934053814764453,1.0,0.0,0.5225670286135798,None
57,0.8506597280502319,0.8079783916473389,1.4026389122009277,1.2319135665893555,[0.1000 0.1000 0.1000 0.1000 0.1000 0.1000 0.1000],[0.0000 0.0000 0.0000 0.0000 0.0000 0.0000 0.0000],0.6586381196975708,0.7934053814764453,1.0,0.0,0.5225670286135798,None
57,0.8506597280502319,0.8079783916473389,1.4026389122009277,1.2319135665893555,[0.1000 0.1000 0.1000 0.1000 0.1000 0.1000 0.1000],[0.0000 0.0000 0.0000 0.0000 0.0000 0.0000 0.0000],0.6586381196975708,0.7934053814764453,1.0,0.0,0.5225670286135798,None
57,0.8506597280502319,0.8079783916473389,1.4026389122009277,1.2319135665893555,[0.1000 0.1000 0.1000 0.1000 0.1000 0.1000 0.1000],[0.0000 0.0000 0.0000 0.0000 0.0000 0.0000 0.0000],0.6586381196975708,0.7934053814764453,1.0,0.0,0.5225670286135798,None
57,0.8506597280502319,0.8079783916473389,1.4026389122009277,1.2319135665893555,[0.1000 0.1000 0.1000 0.1000 0.1000 0.1000 0.1000],[0.0000 0.0000 0.0000 0.0000 0.0000 0.0000 0.0000],0.6586381196975708,0.7934053814764453,1.0,0.0,0.5225670286135798,None
57,0.8506597280502319,0.8079783916473389,1.4026389122009277,1.2319135665893555,[0.1000 0.1000 0.1000 0.1000 0.1000 0.1000 0.1000],[0.0000 0.0000 0.0000 0.0000 0.0000 0.0000 0.0000],0.6586381196975708,0.7934053814764453,1.0,0.0,0.5225670286135798,None
57,0.8506597280502319,0.8079783916473389,1.4026389122009277,1.2319135665893555,[0.1000 0.1000 0.1000 0.1000 0.1000 0.1000 0.1000],[0.0000 0.0000 0.0000 0.0000 0.0000 0.0000 0.0000],0.6586381196975708,0.7934053814764453,1.0,0.0,0.5225670286135798,None
57,0.8506597280502319,0.8079783916473389,1.4026389122009277,1.2319135665893555,[0.1000 0.1000 0.1000 0.1000 0.1000 0.1000 0.1000],[0.0000 0.0000 0.0000 0.0000 0.0000 0.0000 0.0000],0.6586381196975708,0.7934053814764453,1.0,0.0,0.5225670286135798,None
57,0.8506597280502319,0.8079783916473389,1.4026389122009277,1.2319135665893555,[0.1000 0.1000 0.1000 0.1000 0.1000 0.1000 0.1000],[0.0000 0.0000 0.0000 0.0000 0.0000 0.0000 0.0000],0.6586381196975708,0.7934053814764453,1.0,0.0,0.5225670286135798,None
57,0.8506597280502319,0.8079783916473389,1.4026389122009277,1.2319135665893555,[0.1000 0.1000 0.1000 0.1000 0.1000 0.1000 0.1000],[0.0000 0.0000 0.0000 0.0000 0.0000 0.0000 0.0000],0.6586381196975708,0.7934053814764453,1.0,0.0,0.5225670286135798,None
57,0.8506597280502319,0.8079783916473389,1.4026389122009277,1.2319135665893555,[0.1000 0.1000 0.1000 0.1000 0.1000 0.1000 0.1000],[0.0000 0.0000 0.0000 0.0000 0.0000 0.0000 0.0000],0.6586381196975708,0.7934053814764453,1.0,0.0,0.5225670286135798,None
57,0.8506597280502319,0.8079783916473389,1.4026389122009277,1.2319135665893555,[0.1000 0.1000 0.1000 0.1000 0.1000 0.1000 0.1000],[0.0000 0.0000 0.0000 0.0000 0.0000 0.0000 0.0000],0.6586381196975708,0.7934053814764453,1.0,0.0,0.5225670286135798,None
57,0.8506597280502319,0.8079783916473389,1.4026389122009277,1.2319135665893555,[0.1000 0.1000 0.1000 0.1000 0.1000 0.1000 0.1000],[0.0000 0.0000 0.0000 0.0000 0.0000 0.0000 0.0000],0.6586381196975708,0.7934053814764453,1.0,0.0,0.5225670286135798,None
57,0.8506597280502319,0.8079783916473389,1.4026389122009277,1.2319135665893555,[0.1000 0.1000 0.1000 0.1000 0.1000 0.1000 0.1000],[0.0000 0.0000 0.0000 0.0000 0.0000 0.0000 0.0000],0.6586381196975708,0.7934053814764453,1.0,0.0,0.5225670286135798,None
57,0.8506597280502319,0.8079783916473389,1.4026389122009277,1.2319135665893555,[0.1000 0.1000 0.1000 0.1000 0.1000 0.1000 0.1000],[0.0000 0.0000 0.0000 0.0000 0.0000 0.0000 0.0000],0.6586381196975708,0.7934053814764453,1.0,0.0,0.5225670286135798,None
57,0.8506597280502319,0.8079783916473389,1.4026389122009277,1.2319135665893555,[0.1000 0.1000 0.1000 0.1000 0.1000 0.1000 0.1000],[0.0000 0.0000 0.0000 0.0000 0.0000 0.0000 0.0000],0.6586381196975708,0.7934053814764453,1.0,0.0,0.5225670286135798,None
57,0.8506597280502319,0.8079783916473389,1.4026389122009277,1.2319135665893555,[0.1000 0.1000 0.1000 0.1000 0.1000 0.1000 0.1000],[0.0000 0.0000 0.0000 0.0000 0.0000 0.0000 0.0000],0.6586381196975708,0.7934053814764453,1.0,0.0,0.5225670286135798,None
57,0.8506597280502319,0.8079783916473389,1.4026389122009277,1.2319135665893555,[0.1000 0.1000 0.1000 0.1000 0.1000 0.1000 0.1000],[0.0000 0.0000 0.0000 0.0000 0.0000 0.0000 0.0000],0.6586381196975708,0.7934053814764453,1.0,0.0,0.5225670286135798,None
57,0.8506597280502319,0.8079783916473389,1.4026389122009277,1.2319135665893555,[0.1000 0.1000 0.1000 0.1000 0.1000 0.1000 0.1000],[0.0000 0.0000 0.0000 0.0000 0.0000 0.0000 0.0000],0.6586381196975708,0.7934053814764453,1.0,0.0,0.5225670286135798,None
57,0.8506597280502319,0.8079783916473389,1.4026389122009277,1.2319135665893555,[0.1000 0.1000 0.1000 0.1000 0.1000 0.1000 0.1000],[0.0000 0.0000 0.0000 0.0000 0.0000 0.0000 0.0000],0.6586381196975708,0.7934053814764453,1.0,0.0,0.5225670286135798,None
57,0.8506597280502319,0.8079783916473389,1.4026389122009277,1.2319135665893555,[0.1000 0.1000 0.1000 0.1000 0.1000 0.1000 0.1000],[0.0000 0.0000 0.0000 0.0000 0.0000 0.0000 0.0000],0.6586381196975708,0.7934053814764453,1.0,0.0,0.5225670286135798,None
57,0.8506597280502319,0.8079783916473389,1.4026389122009277,1.2319135665893555,[0.1000 0.1000 0.1000 0.1000 0.1000 0.1000 0.1000],[0.0000 0.0000 0.0000 0.0000 0.0000 0.0000 0.0000],0.6586381196975708,0.7934053814764453,1.0,0.0,0.5225670286135798,None
57,0.8506597280502319,0.8079783916473389,1.4026389122009277,1.2319135665893555,[0.1000 0.1000 0.1000 0.1000 0.1000 0.1000 0.1000],[0.0000 0.0000 0.0000 0.0000 0.0000 0.0000 0.0000],0.6586381196975708,0.7934053814764453,1.0,0.0,0.5225670286135798,None
57,0.8506597280502319,0.8079783916473389,1.4026389122009277,1.2319135665893555,[0.1000 0.1000 0.1000 0.1000 0.1000 0.1000 0.1000],[0.0000 0.0000 0.0000 0.0000 0.0000 0.0000 0.0000],0.6586381196975708,0.7934053814764453,1.0,0.0,0.5225670286135798,None
57,0.8506597280502319,0.8079783916473389,1.4026389122009277,1.2319135665893555,[0.1000 0.1000 0.1000 0.1000 0.1000 0.1000 0.1000],[0.0000 0.0000 0.0000 0.0000 0.0000 0.0000 0.0000],0.6586381196975708,0.7934053814764453,1.0,0.0,0.5225670286135798,None
57,0.8506597280502319,0.8079783916473389,1.4026389122009277,1.2319135665893555,[0.1000 0.1000 0.1000 0.1000 0.1000 0.1000 0.1000],[0.0000 0.0000 0.0000 0.0000 0.0000 0.0000 0.0000],0.6586381196975708,0.7934053814764453,1.0,0.0,0.5225670286135798,None
57,0.8506597280502319,0.8079783916473389,1.4026389122009277,1.2319135665893555,[0.1000 0.1000 0.1000 0.1000 0.1000 0.1000 0.1000],[0.0000 0.0000 0.0000 0.0000 0.0000 0.0000 0.0000],0.6586381196975708,0.7934053814764453,1.0,0.0,0.5225670286135798,None
57,0.8506597280502319,0.8079783916473389,1.4026389122009277,1.2319135665893555,[0.1000 0.1000 0.1000 0.1000 0.1000 0.1000 0.1000],[0.0000 0.0000 0.0000 0.0000 0.0000 0.0000 0.0000],0.6586381196975708,0.7934053814764453,1.0,0.0,0.5225670286135798,None
57,0.8506597280502319,0.8079783916473389,1.4026389122009277,1.2319135665893555,[0.1000 0.1000 0.1000 0.1000 0.1000 0.1000 0.1000],[0.0000 0.0000 0.0000 0.0000 0.0000 0.0000 0.0000],0.6586381196975708,0.7934053814764453,1.0,0.0,0.5225670286135798,None
57,0.8506597280502319,0.8079783916473389,1.4026389122009277,1.2319135665893555,[0.1000 0.1000 0.1000 0.1000 0.1000 0.1000 0.1000],[0.0000 0.0000 0.0000 0.0000 0.0000 0.0000 0.0000],0.6586381196975708,0.7934053814764453,1.0,0.0,0.5225670286135798,None
57,0.8506597280502319,0.8079783916473389,1.4026389122009277,1.2319135665893555,[0.1000 0.1000 0.1000 0.1000 0.1000 0.1000 0.1000],[0.0000 0.0000 0.0000 0.0000 0.0000 0.0000 0.0000],0.6586381196975708,0.7934053814764453,1.0,0.0,0.5225670286135798,None
57,0.8506597280502319,0.8079783916473389,1.4026389122009277,1.2319135665893555,[0.1000 0.1000 0.1000 0.1000 0.1000 0.1000 0.1000],[0.0000 0.0000 0.0000 0.0000 0.0000 0.0000 0.0000],0.6586381196975708,0.7934053814764453,1.0,0.0,0.5225670286135798,None
57,0.8506597280502319,0.8079783916473389,1.4026389122009277,1.2319135665893555,[0.1000 0.1000 0.1000 0.1000 0.1000 0.1000 0.1000],[0.0000 0.0000 0.0000 0.0000 0.0000 0.0000 0.0000],0.6586381196975708,0.7934053814764453,1.0,0.0,0.5225670286135798,None
57,0.8506597280502319,0.8079783916473389,1.4026389122009277,1.2319135665893555,[0.1000 0.1000 0.1000 0.1000 0.1000 0.1000 0.1000],[0.0000 0.0000 0.0000 0.0000 0.0000 0.0000 0.0000],0.6586381196975708,0.7934053814764453,1.0,0.0,0.5225670286135798,None
57,0.8506597280502319,0.8079783916473389,1.4026389122009277,1.2319135665893555,[0.1000 0.1000 0.1000 0.1000 0.1000 0.1000 0.1000],[0.0000 0.0000 0.0000 0.0000 0.0000 0.0000 0.0000],0.6586381196975708,0.7934053814764453,1.0,0.0,0.5225670286135798,None
57,0.8506597280502319,0.8079783916473389,1.4026389122009277,1.2319135665893555,[0.1000 0.1000 0.1000 0.1000 0.1000 0.1000 0.1000],[0.0000 0.0000 0.0000 0.0000 0.0000 0.0000 0.0000],0.6586381196975708,0.7934053814764453,1.0,0.0,0.5225670286135798,None
57,0.8506597280502319,0.8079783916473389,1.4026389122009277,1.2319135665893555,[0.1000 0.1000 0.1000 0.1000 0.1000 0.1000 0.1000],[0.0000 0.0000 0.0000 0.0000 0.0000 0.0000 0.0000],0.6586381196975708,0.7934053814764453,1.0,0.0,0.5225670286135798,None
57,0.8506597280502319,0.8079783916473389,1.4026389122009277,1.2319135665893555,[0.1000 0.1000 0.1000 0.1000 0.1000 0.1000 0.1000],[0.0000 0.0000 0.0000 0.0000 0.0000 0.0000 0.0000],0.6586381196975708,0.7934053814764453,1.0,0.0,0.5225670286135798,None
57,0.8506597280502319,0.8079783916473389,1.4026389122009277,1.2319135665893555,[0.1000 0.1000 0.1000 0.1000 0.1000 0.1000 0.1000],[0.0000 0.0000 0.0000 0.0000 0.0000 0.0000 0.0000],0.6586381196975708,0.7934053814764453,1.0,0.0,0.5225670286135798,None
57,0.8506597280502319,0.8079783916473389,1.4026389122009277,1.2319135665893555,[0.1000 0.1000 0.1000 0.1000 0.1000 0.1000 0.1000],[0.0000 0.0000 0.0000 0.0000 0.0000 0.0000 0.0000],0.6586381196975708,0.7934053814764453,1.0,0.0,0.5225670286135798,None
57,0.8506597280502319,0.8079783916473389,1.4026389122009277,1.2319135665893555,[0.1000 0.1000 0.1000 0.1000 0.1000 0.1000 0.1000],[0.0000 0.0000 0.0000 0.0000 0.0000 0.0000 0.0000],0.6586381196975708,0.7934053814764453,1.0,0.0,0.5225670286135798,None
57,0.8506597280502319,0.8079783916473389,1.4026389122009277,1.2319135665893555,[0.1000 0.1000 0.1000 0.1000 0.1000 0.1000 0.1000],[0.0000 0.0000 0.0000 0.0000 0.0000 0.0000 0.0000],0.6586381196975708,0.7934053814764453,1.0,0.0,0.5225670286135798,None
57,0.8506597280502319,0.8079783916473389,1.4026389122009277,1.2319135665893555,[0.1000 0.1000 0.1000 0.1000 0.1000 0.1000 0.1000],[0.0000 0.0000 0.0000 0.0000 0.0000 0.0000 0.0000],0.6586381196975708,0.7934053814764453,1.0,0.0,0.5225670286135798,None
57,0.8506597280502319,0.8079783916473389,1.4026389122009277,1.2319135665893555,[0.1000 0.1000 0.1000 0.1000 0.1000 0.1000 0.1000],[0.0000 0.0000 0.0000 0.0000 0.0000 0.0000 0.0000],0.6586381196975708,0.7934053814764453,1.0,0.0,0.5225670286135798,None
57,0.8506597280502319,0.8079783916473389,1.4026389122009277,1.2319135665893555,[0.1000 0.1000 0.1000 0.1000 0.1000 0.1000 0.1000],[0.0000 0.0000 0.0000 0.0000 0.0000 0.0000 0.0000],0.6586381196975708,0.7934053814764453,1.0,0.0,0.5225670286135798,None
57,0.8506597280502319,0.8079783916473389,1.4026389122009277,1.2319135665893555,[0.1000 0.1000 0.1000 0.1000 0.1000 0.1000 0.1000],[0.0000 0.0000 0.0000 0.0000 0.0000 0.0000 0.0000],0.6586381196975708,0.7934053814764453,1.0,0.0,0.5225670286135798,None
57,0.8506597280502319,0.8079783916473389,1.4026389122009277,1.2319135665893555,[0.1000 0.1000 0.1000 0.1000 0.1000 0.1000 0.1000],[0.0000 0.0000 0.0000 0.0000 0.0000 0.0000 0.0000],0.6586381196975708,0.7934053814764453,1.0,0.0,0.5225670286135798,None
57,0.8506597280502319,0.8079783916473389,1.4026389122009277,1.2319135665893555,[0.1000 0.1000 0.1000 0.1000 0.1000 0.1000 0.1000],[0.0000 0.0000 0.0000 0.0000 0.0000 0.0000 0.0000],0.6586381196975708,0.7934053814764453,1.0,0.0,0.5225670286135798,None
57,0.8506597280502319,0.8079783916473389,1.4026389122009277,1.2319135665893555,[0.1000 0.1000 0.1000 0.1000 0.1000 0.1000 0.1000],[0.0000 0.0000 0.0000 0.0000 0.0000 0.0000 0.0000],0.6586381196975708,0.7934053814764453,1.0,0.0,0.5225670286135798,None
57,0.8506597280502319,0.8079783916473389,1.4026389122009277,1.2319135665893555,[0.1000 0.1000 0.1000 0.1000 0.1000 0.1000 0.1000],[0.0000 0.0000 0.0000 0.0000 0.0000 0.0000 0.0000],0.6586381196975708,0.7934053814764453,1.0,0.0,0.5225670286135798,None
57,0.8506597280502319,0.8079783916473389,1.4026389122009277,1.2319135665893555,[0.1000 0.1000 0.1000 0.1000 0.1000 0.1000 0.1000],[0.0000 0.0000 0.0000 0.0000 0.0000 0.0000 0.0000],0.6586381196975708,0.7934053814764453,1.0,0.0,0.5225670286135798,None
57,0.8506597280502319,0.8079783916473389,1.4026389122009277,1.2319135665893555,[0.1000 0.1000 0.1000 0.1000 0.1000 0.1000 0.1000],[0.0000 0.0000 0.0000 0.0000 0.0000 0.0000 0.0000],0.6586381196975708,0.7934053814764453,1.0,0.0,0.5225670286135798,None
57,0.8506597280502319,0.8079783916473389,1.4026389122009277,1.2319135665893555,[0.1000 0.1000 0.1000 0.1000 0.1000 0.1000 0.1000],[0.0000 0.0000 0.0000 0.0000 0.0000 0.0000 0.0000],0.6586381196975708,0.7934053814764453,1.0,0.0,0.5225670286135798,None
57,0.8506597280502319,0.8079783916473389,1.4026389122009277,1.2319135665893555,[0.1000 0.1000 0.1000 0.1000 0.1000 0.1000 0.1000],[0.0000 0.0000 0.0000 0.0000 0.0000 0.0000 0.0000],0.6586381196975708,0.7934053814764453,1.0,0.0,0.5225670286135798,None
57,0.8506597280502319,0.8079783916473389,1.4026389122009277,1.2319135665893555,[0.1000 0.1000 0.1000 0.1000 0.1000 0.1000 0.1000],[0.0000 0.0000 0.0000 0.0000 0.0000 0.0000 0.0000],0.6586381196975708,0.7934053814764453,1.0,0.0,0.5225670286135798,None
57,0.8506597280502319,0.8079783916473389,1.4026389122009277,1.2319135665893555,[0.1000 0.1000 0.1000 0.1000 0.1000 0.1000 0.1000],[0.0000 0.0000 0.0000 0.0000 0.0000 0.0000 0.0000],0.6586381196975708,0.7934053814764453,1.0,0.0,0.5225670286135798,None
57,0.8506597280502319,0.8079783916473389,1.4026389122009277,1.2319135665893555,[0.1000 0.1000 0.1000 0.1000 0.1000 0.1000 0.1000],[0.0000 0.0000 0.0000 0.0000 0.0000 0.0000 0.0000],0.6586381196975708,0.7934053814764453,1.0,0.0,0.5225670286135798,None
57,0.8506589531898499,0.8079783916473389,1.4026358127593994,1.2319135665893555,[0.1076 0.1000 0.1000 0.1000 0.1000 0.1000 0.1000],[-0.0757 0.0000 0.0000 0.0000 0.0000 0.0000 0.0000],0.6586373448371887,0.7934072568009443,1.0,0.0,0.5225676489939315,None
57,0.8506590127944946,0.8079783916473389,1.4026360511779785,1.2319135665893555,[0.1069 0.1000 0.1000 0.1000 0.1000 0.1000 0.1000],[-0.0692 0.0000 0.0000 0.0000 0.0000 0.0000 0.0000],0.6586374044418335,0.7934071125446092,1.0,0.0,0.522567601272071,None
57,0.8506590723991394,0.8079783916473389,1.4026362895965576,1.2319135665893555,[0.1063 0.1000 0.1000 0.1000 0.1000 0.1000 0.1000],[-0.0628 0.0000 0.0000 0.0000 0.0000 0.0000 0.0000],0.6586374640464783,0.7934069682883749,1.0,0.0,0.5225675535502599,None
57,0.8506590723991394,0.8079783916473389,1.4026362895965576,1.2319135665893555,[0.1057 0.1000 0.1000 0.1000 0.1000 0.1000 0.1000],[-0.0574 0.0000 0.0000 0.0000 0.0000 0.0000 0.0000],0.6586374640464783,0.7934069682883749,1.0,0.0,0.5225675535502599,None
57,0.850659191608429,0.8079783916473389,1.4026367664337158,1.2319135665893555,[0.1052 0.1000 0.1000 0.1000 0.1000 0.1000 0.1000],[-0.0520 0.0000 0.0000 0.0000 0.0000 0.0000 0.0000],0.6586375832557678,0.7934066797762085,1.0,0.0,0.5225674581067848,None
57,0.8506592512130737,0.8079783916473389,1.402637004852295,1.2319135665893555,[0.1045 0.1000 0.1000 0.1000 0.1000 0.1000 0.1000],[-0.0455 0.0000 0.0000 0.0000 0.0000 0.0000 0.0000],0.6586376428604126,0.7934065355202763,1.0,0.0,0.522567410385121,None
57,0.8506592512130737,0.8079783916473389,1.402637004852295,1.2319135665893555,[0.1040 0.1000 0.1000 0.1000 0.1000 0.1000 0.1000],[-0.0401 0.0000 0.0000 0.0000 0.0000 0.0000 0.0000],0.6586376428604126,0.7934065355202763,1.0,0.0,0.522567410385121,None
57,0.8506593704223633,0.8079783916473389,1.4026374816894531,1.2319135665893555,[0.1035 0.1000 0.1000 0.1000 0.1000 0.1000 0.1000],[-0.0347 0.0000 0.0000 0.0000 0.0000 0.0000 0.0000],0.6586377620697021,0.7934062470087142,1.0,0.0,0.5225673149419409,None
57,0.8506594300270081,0.8079783916473389,1.4026377201080322,1.2319135665893555,[0.1029 0.1000 0.1000 0.1000 0.1000 0.1000 0.1000],[-0.0291 0.0000 0.0000 0.0000 0.0000 0.0000 0.0000],0.6586378216743469,0.7934061027530842,1.0,0.0,0.5225672672204245,None
57,0.8506594300270081,0.8079783916473389,1.4026377201080322,1.2319135665893555,[0.1023 0.1000 0.1000 0.1000 0.1000 0.1000 0.1000],[-0.0233 0.0000 0.0000 0.0000 0.0000 0.0000 0.0000],0.6586378216743469,0.7934061027530842,1.0,0.0,0.5225672672204245,None
57,0.8506595492362976,0.8079783916473389,1.4026381969451904,1.2319135665893555,[0.1017 0.1000 0.1000 0.1000 0.1000 0.1000 0.1000],[-0.0173 0.0000 0.0000 0.0000 0.0000 0.0000 0.0000],0.6586379408836365,0.7934058142421265,1.0,0.0,0.5225671717775392,None
57,0.8506595492362976,0.8079783916473389,1.4026381969451904,1.2319135665893555,[0.1011 0.1000 0.1000 0.1000 0.1000 0.1000 0.1000],[-0.0114 0.0000 0.0000 0.0000 0.0000 0.0000 0.0000],0.6586379408836365,0.7934058142421265,1.0,0.0,0.5225671717775392,None
57,0.8506596088409424,0.8079783916473389,1.4026384353637695,1.2319135665893555,[0.1005 0.1000 0.1000 0.1000 0.1000 0.1000 0.1000],[-0.0052 0.0000 0.0000 0.0000 0.0000 0.0000 0.0000],0.6586380004882812,0.7934056699867987,1.0,0.0,0.5225671240561702,None
57,0.8506597280502319,0.8079783916473389,1.4026389122009277,1.2319135665893555,[0.0999 0.1000 0.1000 0.1000 0.1000 0.1000 0.1000],[0.0008 0.0000 0.0000 0.0000 0.0000 0.0000 0.0000],0.6586381196975708,0.7934053814764453,0.999181866645813,0.0008181333541870672,0.5221394990976727,None
57,0.8506597876548767,0.8079783916473389,1.4026391506195068,1.2319135665893555,[0.0994 0.1000 0.1000 0.1000 0.1000 0.1000 0.1000],[0.0065 0.0000 0.0000 0.0000 0.0000 0.0000 0.0000],0.6586381793022156,0.7934052372214198,0.9935302287340164,0.006469771265983637,0.5191860920548291,None
57,0.8506597876548767,0.8079783916473389,1.4026391506195068,1.2319135665893555,[0.0988 0.1000 0.1000 0.1000 0.1000 0.1000 0.1000],[0.0116 0.0000 0.0000 0.0000 0.0000 0.0000 0.0000],0.6586381793022156,0.7934052372214198,0.9884226322174072,0.011577367782592829,0.5165170307635284,None
57,0.8506597876548767,0.8079783916473389,1.4026391506195068,1.2319135665893555,[0.0984 0.1000 0.1000 0.1000 0.1000 0.1000 0.1000],[0.0164 0.0000 0.0000 0.0000 0.0000 0.0000 0.0000],0.6586381793022156,0.7934052372214198,0.9835592657327652,0.016440734267234858,0.5139755960226758,None
57,0.8506599068641663,0.8079783916473389,1.402639627456665,1.2319135665893555,[0.0979 0.1000 0.1000 0.1000 0.1000 0.1000 0.1000],[0.0213 0.0000 0.0000 0.0000 0.0000 0.0000 0.0000],0.6586382985115051,0.7934049487116708,0.9786586463451385,0.021341353654861506,0.5114146007393535,None
57,0.850659966468811,0.8079783916473389,1.4026398658752441,1.2319135665893555,[0.0974 0.1000 0.1000 0.1000 0.1000 0.1000 0.1000],[0.0263 0.0000 0.0000 0.0000 0.0000 0.0000 0.0000],0.6586383581161499,0.7934048044569473,0.9737300127744675,0.026269987225532587,0.5088390135773613,None
57,0.850659966468811,0.8079783916473389,1.4026398658752441,1.2319135665893555,[0.0968 0.1000 0.1000 0.1000 0.1000 0.1000 0.1000],[0.0322 0.0000 0.0000 0.0000 0.0000 0.0000 0.0000],0.6586383581161499,0.7934048044569473,0.9677667170763016,0.03223328292369848,0.5057227930019278,None
57,0.8506600260734558,0.8079783916473389,1.4026401042938232,1.2319135665893555,[0.0963 0.1000 0.1000 0.1000 0.1000 0.1000 0.1000],[0.0372 0.0000 0.0000 0.0000 0.0000 0.0000 0.0000],0.6586384177207947,0.7934046602023246,0.9627686440944672,0.03723135590553289,0.5031109198647654,None
57,0.8506600260734558,0.8079783916473389,1.4026401042938232,1.2319135665893555,[0.0958 0.1000 0.1000 0.1000 0.1000 0.1000 0.1000],[0.0421 0.0000 0.0000 0.0000 0.0000 0.0000 0.0000],0.6586384177207947,0.7934046602023246,0.9579136222600937,0.04208637773990637,0.5005738466893583,None
57,0.8506601452827454,0.8079783916473389,1.4026405811309814,1.2319135665893555,[0.0953 0.1000 0.1000 0.1000 0.1000 0.1000 0.1000],[0.0469 0.0000 0.0000 0.0000 0.0000 0.0000 0.0000],0.6586385369300842,0.7934043716933814,0.9531468898057938,0.04685311019420629,0.4980828196417356,None
57,0.8506601452827454,0.8079783916473389,1.4026405811309814,1.2319135665893555,[0.0948 0.1000 0.1000 0.1000 0.1000 0.1000 0.1000],[0.0516 0.0000 0.0000 0.0000 0.0000 0.0000 0.0000],0.6586385369300842,0.7934043716933814,0.948370173573494,0.0516298264265061,0.49558666682934266,None
57,0.8506602048873901,0.8079783916473389,1.4026408195495605,1.2319135665893555,[0.0943 0.1000 0.1000 0.1000 0.1000 0.1000 0.1000],[0.0574 0.0000 0.0000 0.0000 0.0000 0.0000 0.0000],0.658638596534729,0.7934042274390609,0.9425801783800125,0.05741982161998754,0.49256096319877857,None
57,0.8506603240966797,0.8079783916473389,1.4026412963867188,1.2319135665893555,[0.0938 0.1000 0.1000 0.1000 0.1000 0.1000 0.1000],[0.0619 0.0000 0.0000 0.0000 0.0000 0.0000 0.0000],0.6586387157440186,0.793403938930722,0.9380938112735748,0.061906188726425226,0.49021644785026947,None
57,0.8506603240966797,0.8079783916473389,1.4026412963867188,1.2319135665893555,[0.0934 0.1000 0.1000 0.1000 0.1000 0.1000 0.1000],[0.0663 0.0000 0.0000 0.0000 0.0000 0.0000 0.0000],0.6586387157440186,0.793403938930722,0.9337134659290314,0.06628653407096868,0.4879274258896147,None
57,0.8506603837013245,0.8079783916473389,1.4026415348052979,1.2319135665893555,[0.0929 0.1000 0.1000 0.1000 0.1000 0.1000 0.1000],[0.0712 0.0000 0.0000 0.0000 0.0000 0.0000 0.0000],0.6586387753486633,0.7934037946767037,0.9287738054990768,0.07122619450092321,0.4853460802518647,None
57,0.8506603837013245,0.8079783916473389,1.4026415348052979,1.2319135665893555,[0.0924 0.1000 0.1000 0.1000 0.1000 0.1000 0.1000],[0.0761 0.0000 0.0000 0.0000 0.0000 0.0000 0.0000],0.6586387753486633,0.7934037946767037,0.923864021897316,0.07613597810268408,0.48278039180125315,None
57,0.850660502910614,0.8079783916473389,1.402642011642456,1.2319135665893555,[0.0919 0.1000 0.1000 0.1000 0.1000 0.1000 0.1000],[0.0806 0.0000 0.0000 0.0000 0.0000 0.0000 0.0000],0.6586388945579529,0.7934035061689693,0.9194014221429825,0.08059857785701757,0.4804482989014166,None
57,0.850660502910614,0.8079783916473389,1.402642011642456,1.2319135665893555,[0.0915 0.1000 0.1000 0.1000 0.1000 0.1000 0.1000],[0.0849 0.0000 0.0000 0.0000 0.0000 0.0000 0.0000],0.6586388945579529,0.7934035061689693,0.9151166677474976,0.0848833322525025,0.4782092301867709,None
57,0.8506605625152588,0.8079783916473389,1.4026422500610352,1.2319135665893555,[0.0910 0.1000 0.1000 0.1000 0.1000 0.1000 0.1000],[0.0904 0.0000 0.0000 0.0000 0.0000 0.0000 0.0000],0.6586389541625977,0.7934033619152531,0.9096435457468033,0.09035645425319677,0.47534911707228045,None
57,0.8506606817245483,0.8079783916473389,1.4026427268981934,1.2319135665893555,[0.0904 0.1000 0.1000 0.1000 0.1000 0.1000 0.1000],[0.0961 0.0000 0.0000 0.0000 0.0000 0.0000 0.0000],0.6586390733718872,0.7934030734081229,0.9039373695850372,0.09606263041496282,0.4723671750902323,None
57,0.8506606817245483,0.8079783916473389,1.4026427268981934,1.2319135665893555,[0.0898 0.1000 0.1000 0.1000 0.1000 0.1000 0.1000],[0.1017 0.0000 0.0000 0.0000 0.0000 0.0000 0.0000],0.6586390733718872,0.7934030734081229,0.8983127027750015,0.10168729722499853,0.4694279139629929,None
57,0.8506607413291931,0.8079783916473389,1.4026429653167725,1.2319135665893555,[0.0893 0.1000 0.1000 0.1000 0.1000 0.1000 0.1000],[0.1073 0.0000 0.0000 0.0000 0.0000 0.0000 0.0000],0.658639132976532,0.7934029291547089,0.8927279710769653,0.10727202892303472,0.46650947897670936,None
57,0.8506607413291931,0.8079783916473389,1.4026429653167725,1.2319135665893555,[0.0888 0.1000 0.1000 0.1000 0.1000 0.1000 0.1000],[0.1118 0.0000 0.0000 0.0000 0.0000 0.0000 0.0000],0.658639132976532,0.7934029291547089,0.8881933987140656,0.1118066012859345,0.4641398646496859,None
57,0.8506608009338379,0.8079783916473389,1.4026432037353516,1.2319135665893555,[0.0883 0.1000 0.1000 0.1000 0.1000 0.1000 0.1000],[0.1171 0.0000 0.0000 0.0000 0.0000 0.0000 0.0000],0.6586391925811768,0.7934027849013956,0.8828623592853546,0.11713764071464544,0.46135400141029753,None
57,0.8506608009338379,0.8079783916473389,1.4026432037353516,1.2319135665893555,[0.0877 0.1000 0.1000 0.1000 0.1000 0.1000 0.1000],[0.1227 0.0000 0.0000 0.0000 0.0000 0.0000 0.0000],0.6586391925811768,0.7934027849013956,0.8772832155227661,0.12271678447723394,0.4584385296244157,None
57,0.8506609201431274,0.8079783916473389,1.4026436805725098,1.2319135665893555,[0.0872 0.1000 0.1000 0.1000 0.1000 0.1000 0.1000],[0.1281 0.0000 0.0000 0.0000 0.0000 0.0000 0.0000],0.6586393117904663,0.7934024963950712,0.8718570321798325,0.1281429678201676,0.45560290656855956,None
57,0.8506609797477722,0.8079783916473389,1.4026439189910889,1.2319135665893555,[0.0866 0.1000 0.1000 0.1000 0.1000 0.1000 0.1000],[0.1338 0.0000 0.0000 0.0000 0.0000 0.0000 0.0000],0.6586393713951111,0.7934023521420601,0.866195559501648,0.1338044404983521,0.4526443716818799,None
57,0.8506609797477722,0.8079783916473389,1.4026439189910889,1.2319135665893555,[0.0861 0.1000 0.1000 0.1000 0.1000 0.1000 0.1000],[0.1393 0.0000 0.0000 0.0000 0.0000 0.0000 0.0000],0.6586393713951111,0.7934023521420601,0.8607081323862076,0.13929186761379247,0.4497768286985752,None
57,0.8506610989570618,0.8079783916473389,1.402644395828247,1.2319135665893555,[0.0856 0.1000 0.1000 0.1000 0.1000 0.1000 0.1000],[0.1437 0.0000 0.0000 0.0000 0.0000 0.0000 0.0000],0.6586394906044006,0.79340206363634,0.8562986552715302,0.1437013447284699,0.44747250403848543,None
57,0.8506610989570618,0.8079783916473389,1.402644395828247,1.2319135665893555,[0.0851 0.1000 0.1000 0.1000 0.1000 0.1000 0.1000],[0.1487 0.0000 0.0000 0.0000 0.0000 0.0000 0.0000],0.6586394906044006,0.79340206363634,0.8512847125530243,0.14871528744697576,0.4448523883936186,None
57,0.8506611585617065,0.8079783916473389,1.4026446342468262,1.2319135665893555,[0.0846 0.1000 0.1000 0.1000 0.1000 0.1000 0.1000],[0.1538 0.0000 0.0000 0.0000 0.0000 0.0000 0.0000],0.6586395502090454,0.793401919383631,0.8462308347225189,0.15376916527748113,0.44221136363755603,None
57,0.8506611585617065,0.8079783916473389,1.4026446342468262,1.2319135665893555,[0.0841 0.1000 0.1000 0.1000 0.1000 0.1000 0.1000],[0.1588 0.0000 0.0000 0.0000 0.0000 0.0000 0.0000],0.6586395502090454,0.793401919383631,0.8411728590726852,0.1588271409273148,0.4395682381243007,None
57,0.8506612777709961,0.8079783916473389,1.4026451110839844,1.2319135665893555,[0.0836 0.1000 0.1000 0.1000 0.1000 0.1000 0.1000],[0.1638 0.0000 0.0000 0.0000 0.0000 0.0000 0.0000],0.658639669418335,0.7934016308785153,0.8361701667308807,0.16382983326911932,0.4369539219776284,None
57,0.8506613373756409,0.8079783916473389,1.4026453495025635,1.2319135665893555,[0.0832 0.1000 0.1000 0.1000 0.1000 0.1000 0.1000],[0.1679 0.0000 0.0000 0.0000 0.0000 0.0000 0.0000],0.6586397290229797,0.7934014866261085,0.8321420848369598,0.16785791516304022,0.4348489444793218,None
57,0.8506613373756409,0.8079783916473389,1.4026453495025635,1.2319135665893555,[0.0827 0.1000 0.1000 0.1000 0.1000 0.1000 0.1000],[0.1730 0.0000 0.0000 0.0000 0.0000 0.0000 0.0000],0.6586397290229797,0.7934014866261085,0.8269838243722916,0.1730161756277085,0.4321534142816755,None
57,0.8506614565849304,0.8079783916473389,1.4026458263397217,1.2319135665893555,[0.0822 0.1000 0.1000 0.1000 0.1000 0.1000 0.1000],[0.1782 0.0000 0.0000 0.0000 0.0000 0.0000 0.0000],0.6586398482322693,0.7934011981215972,0.8217880874872208,0.1782119125127793,0.4294382217594216,None
57,0.8506614565849304,0.8079783916473389,1.4026458263397217,1.2319135665893555,[0.0817 0.1000 0.1000 0.1000 0.1000 0.1000 0.1000],[0.1835 0.0000 0.0000 0.0000 0.0000 0.0000 0.0000],0.6586398482322693,0.7934011981215972,0.8165039122104645,0.18349608778953558,0.42667689329911995,None
57,0.8506615161895752,0.8079783916473389,1.4026460647583008,1.2319135665893555,[0.0811 0.1000 0.1000 0.1000 0.1000 0.1000 0.1000],[0.1887 0.0000 0.0000 0.0000 0.0000 0.0000 0.0000],0.6586399078369141,0.7934010538694926,0.8113455027341843,0.1886544972658158,0.42398124700818546,None
57,0.85066157579422,0.8079783916473389,1.4026463031768799,1.2319135665893555,[0.0806 0.1000 0.1000 0.1000 0.1000 0.1000 0.1000],[0.1939 0.0000 0.0000 0.0000 0.0000 0.0000 0.0000],0.6586399674415588,0.7934009096174887,0.8061112463474274,0.1938887536525727,0.42124596622717275,None
57,0.85066157579422,0.8079783916473389,1.4026463031768799,1.2319135665893555,[0.0800 0.1000 0.1000 0.1000 0.1000 0.1000 0.1000],[0.1997 0.0000 0.0000 0.0000 0.0000 0.0000 0.0000],0.6586399674415588,0.7934009096174887,0.8002545684576035,0.1997454315423966,0.41818546812872925,None
57,0.8506616950035095,0.8079783916473389,1.402646780014038,1.2319135665893555,[0.0795 0.1000 0.1000 0.1000 0.1000 0.1000 0.1000],[0.2051 0.0000 0.0000 0.0000 0.0000 0.0000 0.0000],0.6586400866508484,0.793400621113783,0.7949451357126236,0.20505486428737646,0.41541086562094665,None
57,0.8506616950035095,0.8079783916473389,1.402646780014038,1.2319135665893555,[0.0790 0.1000 0.1000 0.1000 0.1000 0.1000 0.1000],[0.2101 0.0000 0.0000 0.0000 0.0000 0.0000 0.0000],0.6586400866508484,0.793400621113783,0.7898588478565216,0.21014115214347845,0.4127529472990658,None
57,0.8506617546081543,0.8079783916473389,1.4026470184326172,1.2319135665893555,[0.0785 0.1000 0.1000 0.1000 0.1000 0.1000 0.1000],[0.2155 0.0000 0.0000 0.0000 0.0000 0.0000 0.0000],0.6586401462554932,0.7934004768620813,0.784517303109169,0.21548269689083105,0.4099616031071113,None
57,0.8509090542793274,0.8086754679679871,1.4036362171173096,1.2347018718719482,[0.0779 0.1079 0.1000 0.1000 0.1000 0.1000 0.1000],[0.2207 -0.0787 0.0000 0.0000 0.0000 0.0000 0.0000],0.6595845222473145,0.7944918826144808,0.7792558521032333,0.22074414789676672,0.4083569888751004,None
57,0.8508870601654053,0.8086132407188416,1.403548240661621,1.2344529628753662,[0.0774 0.1072 0.1000 0.1000 0.1000 0.1000 0.1000],[0.2259 -0.0717 0.0000 0.0000 0.0000 0.0000 0.0000],0.6595003008842468,0.7943940189426297,0.7741063833236694,0.22589361667633062,0.4055567297057773,None
57,0.8508679866790771,0.8085592985153198,1.4034719467163086,1.2342371940612793,[0.0770 0.1066 0.1000 0.1000 0.1000 0.1000 0.1000],[0.2303 -0.0656 0.0000 0.0000 0.0000 0.0000 0.0000],0.659427285194397,0.7943092414235454,0.7696791738271713,0.23032082617282873,0.4031496284609665,None
57,0.8508473038673401,0.8085007071495056,1.4033892154693604,1.2340028285980225,[0.0765 0.1059 0.1000 0.1000 0.1000 0.1000 0.1000],[0.2353 -0.0589 0.0000 0.0000 0.0000 0.0000 0.0000],0.6593480110168457,0.7942171126700899,0.7647092640399933,0.23529073596000677,0.4004518388850666,None
57,0.8508266806602478,0.8084423542022705,1.4033067226409912,1.233769416809082,[0.0760 0.1052 0.1000 0.1000 0.1000 0.1000 0.1000],[0.2403 -0.0523 0.0000 0.0000 0.0000 0.0000 0.0000],0.6592690348625183,0.7941254594225471,0.7596904784440994,0.24030952155590063,0.3977301195118014,None
57,0.8508049249649048,0.8083810210227966,1.4032196998596191,1.2335240840911865,[0.0755 0.1045 0.1000 0.1000 0.1000 0.1000 0.1000],[0.2454 -0.0454 0.0000 0.0000 0.0000 0.0000 0.0000],0.6591859459877014,0.794029361456279,0.7545845955610275,0.24541540443897253,0.3949593837271835,None
57,0.8507840037345886,0.808322012424469,1.4031360149383545,1.233288049697876,[0.0749 0.1039 0.1000 0.1000 0.1000 0.1000 0.1000],[0.2505 -0.0388 0.0000 0.0000 0.0000 0.0000 0.0000],0.6591060161590576,0.7939369239525925,0.7494731992483139,0.25052680075168615,0.39219078344155356,None
57,0.8507670164108276,0.8082739114761353,1.4030680656433105,1.233095645904541,[0.0745 0.1033 0.1000 0.1000 0.1000 0.1000 0.1000],[0.2547 -0.0333 0.0000 0.0000 0.0000 0.0000 0.0000],0.6590409278869629,0.7938614423871837,0.7453443109989166,0.25465568900108343,0.3899545893964952,None
57,0.8507477045059204,0.8082193732261658,1.4029908180236816,1.232877492904663,[0.0741 0.1027 0.1000 0.1000 0.1000 0.1000 0.1000],[0.2595 -0.0272 0.0000 0.0000 0.0000 0.0000 0.0000],0.6589670777320862,0.793776016720279,0.7405046373605728,0.25949536263942724,0.3873374357686046,None
57,0.850727915763855,0.8081635236740112,1.40291166305542,1.232654094696045,[0.0736 0.1021 0.1000 0.1000 0.1000 0.1000 0.1000],[0.2644 -0.0209 0.0000 0.0000 0.0000 0.0000 0.0000],0.6588914394378662,0.793688604071797,0.7356084138154984,0.2643915861845017,0.3846898235195136,None
57,0.8507073521614075,0.8081051111221313,1.4028294086456299,1.2324204444885254,[0.0731 0.1014 0.1000 0.1000 0.1000 0.1000 0.1000],[0.2694 -0.0143 0.0000 0.0000 0.0000 0.0000 0.0000],0.6588124632835388,0.7935968967305091,0.7305804640054703,0.2694195359945298,0.38197049914610925,None
57,0.8506850600242615,0.8080424666404724,1.402740240097046,1.2321698665618896,[0.0725 0.1007 0.1000 0.1000 0.1000 0.1000 0.1000],[0.2746 -0.0072 0.0000 0.0000 0.0000 0.0000 0.0000],0.6587275266647339,0.7934991685639279,0.7254037261009216,0.2745962738990784,0.37916834245090125,None
57,0.8506584763526917,0.8079674243927002,1.4026339054107666,1.2318696975708008,[0.0719 0.0999 0.1000 0.1000 0.1000 0.1000 0.1000],[0.2808 0.0012 0.0000 0.0000 0.0000 0.0000 0.0000],0.6586259007453918,0.7933818692370114,0.7192341238260269,0.28076587617397314,0.37582992839664114,None
57,0.8506364822387695,0.8079052567481995,1.4025459289550781,1.2316210269927979,[0.0714 0.0992 0.1000 0.1000 0.1000 0.1000 0.1000],[0.2859 0.0082 0.0000 0.0000 0.0000 0.0000 0.0000],0.658541738986969,0.7932846752401504,0.7140529900789261,0.28594700992107397,0.37302918625848125,None
57,0.8506125807762146,0.8078381419181824,1.4024503231048584,1.2313525676727295,[0.0709 0.0984 0.1000 0.1000 0.1000 0.1000 0.1000],[0.2913 0.0158 0.0000 0.0000 0.0000 0.0000 0.0000],0.658450722694397,0.7931801777922817,0.7086537033319473,0.29134629666805273,0.37010861307553666,None
57,0.8505876064300537,0.8077675104141235,1.4023504257202148,1.2310700416564941,[0.0703 0.0976 0.1000 0.1000 0.1000 0.1000 0.1000],[0.2969 0.0238 0.0000 0.0000 0.0000 0.0000 0.0000],0.6583551168441772,0.7930698281643536,0.7030978053808212,0.2969021946191788,0.3671025366087813,None
57,0.8505617380142212,0.8076946139335632,1.4022469520568848,1.230778455734253,[0.0698 0.0968 0.1000 0.1000 0.1000 0.1000 0.1000],[0.3024 0.0320 0.0000 0.0000 0.0000 0.0000 0.0000],0.6582563519477844,0.7929562266556708,0.6975726038217545,0.3024273961782456,0.36411090683229413,None
57,0.8505328893661499,0.8076134324073792,1.4021315574645996,1.2304537296295166,[0.0691 0.0959 0.1000 0.1000 0.1000 0.1000 0.1000],[0.3085 0.0411 0.0000 0.0000 0.0000 0.0000 0.0000],0.658146321773529,0.7928298840113016,0.6914674490690231,0.3085325509309769,0.3608063817432858,None
57,0.850506603717804,0.8075394630432129,1.4020264148712158,1.2301578521728516,[0.0686 0.0951 0.1000 0.1000 0.1000 0.1000 0.1000],[0.3139 0.0494 0.0000 0.0000 0.0000 0.0000 0.0000],0.6580460667610168,0.7927148324780785,0.6861014664173126,0.31389853358268743,0.3578999432505723,None
57,0.8504818677902222,0.8074696063995361,1.4019274711608887,1.2298784255981445,[0.0681 0.0943 0.1000 0.1000 0.1000 0.1000 0.1000],[0.3190 0.0573 0.0000 0.0000 0.0000 0.0000 0.0000],0.6579514741897583,0.7926060237357747,0.6810120493173599,0.31898795068264013,0.3551452651788828,None
57,0.8504579663276672,0.807402491569519,1.401831865310669,1.2296099662780762,[0.0676 0.0935 0.1000 0.1000 0.1000 0.1000 0.1000],[0.3240 0.0649 0.0000 0.0000 0.0000 0.0000 0.0000],0.6578604578971863,0.7925018680610638,0.6759554147720337,0.32404458522796636,0.35241316910140874,None
57,0.8504360914230347,0.8073409199714661,1.4017443656921387,1.2293636798858643,[0.0671 0.0928 0.1000 0.1000 0.1000 0.1000 0.1000],[0.3288 0.0718 0.0000 0.0000 0.0000 0.0000 0.0000],0.6577770113945007,0.7924062345551568,0.6711510568857193,0.32884894311428076,0.34982178667240826,None
57,0.8504152297973633,0.8072822690010071,1.4016609191894531,1.2291290760040283,[0.0666 0.0922 0.1000 0.1000 0.1000 0.1000 0.1000],[0.3336 0.0784 0.0000 0.0000 0.0000 0.0000 0.0000],0.6576974987983704,0.7923152369663191,0.6664006412029266,0.3335993587970734,0.34726387287507676,None
57,0.8503922820091248,0.8072178363800049,1.401569128036499,1.2288713455200195,[0.0661 0.0914 0.1000 0.1000 0.1000 0.1000 0.1000],[0.3388 0.0856 0.0000 0.0000 0.0000 0.0000 0.0000],0.6576101183891296,0.7922153864476008,0.661187469959259,0.338812530040741,0.34445807855110744,None
57,0.8503687381744385,0.8071518540382385,1.401474952697754,1.228607416152954,[0.0656 0.0907 0.1000 0.1000 0.1000 0.1000 0.1000],[0.3441 0.0931 0.0000 0.0000 0.0000 0.0000 0.0000],0.657520592212677,0.7921132901405192,0.6558562815189362,0.3441437184810639,0.34159015154765393,None
57,0.8503451347351074,0.8070854544639587,1.4013805389404297,1.228341817855835,[0.0651 0.0899 0.1000 0.1000 0.1000 0.1000 0.1000],[0.3495 0.1005 0.0000 0.0000 0.0000 0.0000 0.0000],0.6574305891990662,0.7920103842227966,0.6505217403173447,0.3494782596826554,0.33872137074130243,None
57,0.8503199815750122,0.8070148825645447,1.4012799263000488,1.2280595302581787,[0.0645 0.0892 0.1000 0.1000 0.1000 0.1000 0.1000],[0.3549 0.1085 0.0000 0.0000 0.0000 0.0000 0.0000],0.6573348641395569,0.7919012277535796,0.6451019644737244,0.3548980355262757,0.33580414146665705,None
57,0.8502947092056274,0.8069438934326172,1.4011788368225098,1.2277755737304688,[0.0640 0.0884 0.1000 0.1000 0.1000 0.1000 0.1000],[0.3604 0.1164 0.0000 0.0000 0.0000 0.0000 0.0000],0.6572386026382446,0.7917914128259589,0.6395930051803589,0.36040699481964117,0.33284156588985114,None
57,0.8502709269523621,0.8068773150444031,1.4010837078094482,1.2275092601776123,[0.0634 0.0876 0.1000 0.1000 0.1000 0.1000 0.1000],[0.3658 0.1239 0.0000 0.0000 0.0000 0.0000 0.0000],0.6571482419967651,0.7916886659157525,0.6342178583145142,0.3657821416854859,0.3299561629925346,None
57,0.8502508401870728,0.8068212270736694,1.401003360748291,1.2272849082946777,[0.0629 0.0870 0.1000 0.1000 0.1000 0.1000 0.1000],[0.3710 0.1303 0.0000 0.0000 0.0000 0.0000 0.0000],0.6570720672607422,0.7916022718132385,0.6290193647146225,0.37098063528537756,0.3271779695652968,None
57,0.8502326607704163,0.8067700862884521,1.400930643081665,1.2270803451538086,[0.0624 0.0864 0.1000 0.1000 0.1000 0.1000 0.1000],[0.3760 0.1360 0.0000 0.0000 0.0000 0.0000 0.0000],0.6570027470588684,0.7915232039723267,0.6239641830325127,0.3760358169674874,0.3244819156851237,None
57,0.8502166271209717,0.8067253232002258,1.4008665084838867,1.2269012928009033,[0.0619 0.0859 0.1000 0.1000 0.1000 0.1000 0.1000],[0.3810 0.1410 0.0000 0.0000 0.0000 0.0000 0.0000],0.6569419503211975,0.7914543121502009,0.6190026178956032,0.3809973821043969,0.3218439360447464,None
57,0.8502007722854614,0.8066810965538025,1.4008030891418457,1.22672438621521,[0.0614 0.0854 0.1000 0.1000 0.1000 0.1000 0.1000],[0.3858 0.1460 0.0000 0.0000 0.0000 0.0000 0.0000],0.6568818688392639,0.7913863002301649,0.6142235919833183,0.3857764080166817,0.3193024831790381,None
57,0.8501831889152527,0.8066319227218628,1.4007327556610107,1.2265276908874512,[0.0609 0.0848 0.1000 0.1000 0.1000 0.1000 0.1000],[0.3906 0.1515 0.0000 0.0000 0.0000 0.0000 0.0000],0.6568151116371155,0.7913105987516618,0.6093748658895493,0.3906251341104508,0.3167193929700697,None
57,0.8501657247543335,0.8065828680992126,1.400662899017334,1.2263314723968506,[0.0605 0.0843 0.1000 0.1000 0.1000 0.1000 0.1000],[0.3951 0.1571 0.0000 0.0000 0.0000 0.0000 0.0000],0.6567485928535461,0.791234924723696,0.6048720702528954,0.3951279297471047,0.3143171884506516,None
57,0.8501469492912292,0.8065302968025208,1.400587797164917,1.226121187210083,[0.0600 0.0837 0.1000 0.1000 0.1000 0.1000 0.1000],[0.4000 0.1630 0.0000 0.0000 0.0000 0.0000 0.0000],0.65667724609375,0.7911539981500519,0.600031279027462,0.39996872097253805,0.3117359477263591,None
57,0.8501307368278503,0.8064849972724915,1.4005229473114014,1.2259399890899658,[0.0595 0.0832 0.1000 0.1000 0.1000 0.1000 0.1000],[0.4046 0.1681 0.0000 0.0000 0.0000 0.0000 0.0000],0.6566157341003418,0.7910843721610111,0.5953758582472801,0.40462414175271993,0.30926111045207105,None
57,0.8501129150390625,0.8064353466033936,1.40045166015625,1.2257413864135742,[0.0590 0.0826 0.1000 0.1000 0.1000 0.1000 0.1000],[0.4095 0.1737 0.0000 0.0000 0.0000 0.0000 0.0000],0.656548261642456,0.7910082096452855,0.5904555693268776,0.40954443067312246,0.3066442814686193,None
57,0.8500946164131165,0.8063843846321106,1.4003784656524658,1.2255375385284424,[0.0585 0.0821 0.1000 0.1000 0.1000 0.1000 0.1000],[0.4145 0.1794 0.0000 0.0000 0.0000 0.0000 0.0000],0.656479001045227,0.7909300792055303,0.5854927003383636,0.4145072996616364,0.3040047824498997,None
57,0.8500763773918152,0.8063334822654724,1.4003055095672607,1.2253339290618896,[0.0581 0.0815 0.1000 0.1000 0.1000 0.1000 0.1000],[0.4195 0.1851 0.0000 0.0000 0.0000 0.0000 0.0000],0.6564098596572876,0.7908519779525927,0.5805237218737602,0.41947627812623983,0.3013632368864302,None
57,0.8500589728355408,0.8062849640846252,1.400235891342163,1.225139856338501,[0.0576 0.0809 0.1000 0.1000 0.1000 0.1000 0.1000],[0.4245 0.1906 0.0000 0.0000 0.0000 0.0000 0.0000],0.656343936920166,0.790777609346142,0.5755018815398216,0.42449811846017843,0.2986981889796769,None
57,0.8500380516052246,0.8062265515327454,1.4001522064208984,1.2249062061309814,[0.0570 0.0803 0.1000 0.1000 0.1000 0.1000 0.1000],[0.4305 0.1972 0.0000 0.0000 0.0000 0.0000 0.0000],0.65626460313797,0.7906880317027255,0.5695365369319916,0.4304634630680085,0.29553283212993237,None
57,0.8500106334686279,0.8061503767967224,1.4000425338745117,1.2246015071868896,[0.0563 0.0794 0.1000 0.1000 0.1000 0.1000 0.1000],[0.4366 0.2057 0.0000 0.0000 0.0000 0.0000 0.0000],0.6561610102653503,0.7905715953555834,0.5634039267897606,0.43659607321023947,0.2922614244140883,None
57,0.8499837517738342,0.8060754537582397,1.399935007095337,1.224301815032959,[0.0558 0.0786 0.1000 0.1000 0.1000 0.1000 0.1000],[0.4424 0.2142 0.0000 0.0000 0.0000 0.0000 0.0000],0.656059205532074,0.7904569304042854,0.5576154962182045,0.44238450378179556,0.2891718940507072,None
57,0.8499575853347778,0.8060028553009033,1.3998303413391113,1.2240114212036133,[0.0552 0.0778 0.1000 0.1000 0.1000 0.1000 0.1000],[0.4481 0.2223 0.0000 0.0000 0.0000 0.0000 0.0000],0.6559604406356812,0.7903461661836958,0.5519310384988785,0.4480689615011216,0.28614082021002457,None
57,0.8499316573143005,0.8059307932853699,1.3997266292572021,1.2237231731414795,[0.0546 0.0770 0.1000 0.1000 0.1000 0.1000 0.1000],[0.4538 0.2305 0.0000 0.0000 0.0000 0.0000 0.0000],0.6558624505996704,0.7902361708279269,0.5462382361292839,0.45376176387071615,0.2831077569328963,None
57,0.8499064445495605,0.8058608770370483,1.3996257781982422,1.2234435081481934,[0.0540 0.0762 0.1000 0.1000 0.1000 0.1000 0.1000],[0.4596 0.2383 0.0000 0.0000 0.0000 0.0000 0.0000],0.6557673215866089,0.7901296411769585,0.5403774976730347,0.4596225023269654,0.2799918442871708,None
57,0.8498822450637817,0.8057937622070312,1.399528980255127,1.223175048828125,[0.0534 0.0754 0.1000 0.1000 0.1000 0.1000 0.1000],[0.4655 0.2459 0.0000 0.0000 0.0000 0.0000 0.0000],0.655676007270813,0.7900274235602409,0.534496083855629,0.4655039161443711,0.2768700547081397,None
57,0.8498508930206299,0.8057069182395935,1.3994035720825195,1.222827672958374,[0.0528 0.0744 0.1000 0.1000 0.1000 0.1000 0.1000],[0.4721 0.2557 0.0000 0.0000 0.0000 0.0000 0.0000],0.6555578112602234,0.7898953242285256,0.5279228463768959,0.47207715362310415,0.2733700904872235,None
57,0.8498251438140869,0.8056358098983765,1.3993005752563477,1.2225432395935059,[0.0523 0.0736 0.1000 0.1000 0.1000 0.1000 0.1000],[0.4775 0.2637 0.0000 0.0000 0.0000 0.0000 0.0000],0.6554609537124634,0.7897874078088792,0.5225111171603203,0.4774888828396798,0.2704908420200118,None
57,0.8497996926307678,0.8055654764175415,1.3991987705230713,1.222261905670166,[0.0517 0.0728 0.1000 0.1000 0.1000 0.1000 0.1000],[0.4829 0.2716 0.0000 0.0000 0.0000 0.0000 0.0000],0.6553651690483093,0.7896806803614411,0.5170834064483643,0.4829165935516358,0.2676057681770233,None
57,0.8497739434242249,0.8054944276809692,1.3990957736968994,1.221977710723877,[0.0512 0.0720 0.1000 0.1000 0.1000 0.1000 0.1000],[0.4884 0.2797 0.0000 0.0000 0.0000 0.0000 0.0000],0.6552683711051941,0.7895730156485257,0.5116207525134087,0.4883792474865914,0.2647034826943086,None
57,0.8497458696365356,0.8054168224334717,1.3989834785461426,1.2216672897338867,[0.0506 0.0712 0.1000 0.1000 0.1000 0.1000 0.1000],[0.4941 0.2884 0.0000 0.0000 0.0000 0.0000 0.0000],0.6551626920700073,0.7894553557958218,0.5058752372860909,0.4941247627139092,0.26164964828066456,None
57,0.8497224450111389,0.8053523302078247,1.3988897800445557,1.2214093208312988,[0.0500 0.0704 0.1000 0.1000 0.1000 0.1000 0.1000],[0.4996 0.2957 0.0000 0.0000 0.0000 0.0000 0.0000],0.6550747752189636,0.7893578513133845,0.5003580823540688,0.4996419176459313,0.2587293687458467,None
57,0.8496997356414795,0.805289626121521,1.398798942565918,1.221158504486084,[0.0495 0.0697 0.1000 0.1000 0.1000 0.1000 0.1000],[0.5049 0.3028 0.0000 0.0000 0.0000 0.0000 0.0000],0.6549893617630005,0.7892629374790507,0.4951084032654762,0.5048915967345238,0.25595065972792175,None
57,0.8496772646903992,0.805228054523468,1.3987090587615967,1.220912218093872,[0.0490 0.0690 0.1000 0.1000 0.1000 0.1000 0.1000],[0.5101 0.3097 0.0000 0.0000 0.0000 0.0000 0.0000],0.6549053192138672,0.7891701867217752,0.4898747429251671,0.5101252570748329,0.25318282216048704,None
57,0.849654495716095,0.80516517162323,1.3986179828643799,1.22066068649292,[0.0484 0.0683 0.1000 0.1000 0.1000 0.1000 0.1000],[0.5155 0.3168 0.0000 0.0000 0.0000 0.0000 0.0000],0.654819667339325,0.7890750747472812,0.4844985157251358,0.5155014842748642,0.2503412929400217,None
57,0.8496317267417908,0.8051027655601501,1.398526906967163,1.2204110622406006,[0.0479 0.0676 0.1000 0.1000 0.1000 0.1000 0.1000],[0.5209 0.3239 0.0000 0.0000 0.0000 0.0000 0.0000],0.6547344923019409,0.7889811354839558,0.47914694994688034,0.5208530500531197,0.24751445556062213,None
57,0.8496113419532776,0.8050467371940613,1.3984453678131104,1.2201869487762451,[0.0474 0.0670 0.1000 0.1000 0.1000 0.1000 0.1000],[0.5257 0.3302 0.0000 0.0000 0.0000 0.0000 0.0000],0.6546580791473389,0.7888966964748862,0.4742707684636116,0.5257292315363884,0.24494074091478554,None
57,0.8495886325836182,0.8049846291542053,1.3983545303344727,1.2199385166168213,[0.0469 0.0663 0.1000 0.1000 0.1000 0.1000 0.1000],[0.5309 0.3373 0.0000 0.0000 0.0000 0.0000 0.0000],0.6545732617378235,0.7888034009994175,0.4690886661410332,0.5309113338589668,0.24220437041858284,None
57,0.8495666980743408,0.8049245476722717,1.3982667922973633,1.219698190689087,[0.0464 0.0656 0.1000 0.1000 0.1000 0.1000 0.1000],[0.5359 0.3441 0.0000 0.0000 0.0000 0.0000 0.0000],0.6544912457466125,0.7887131087784454,0.46408992260694504,0.535910077393055,0.23956592142041824,None
57,0.8495449423789978,0.8048648238182068,1.3981797695159912,1.2194592952728271,[0.0459 0.0649 0.1000 0.1000 0.1000 0.1000 0.1000],[0.5409 0.3508 0.0000 0.0000 0.0000 0.0000 0.0000],0.6544097661972046,0.7886232781009437,0.4590620845556259,0.5409379154443741,0.23691403451298212,None
57,0.8495222926139832,0.8048028349876404,1.3980891704559326,1.2192113399505615,[0.0454 0.0642 0.1000 0.1000 0.1000 0.1000 0.1000],[0.5461 0.3578 0.0000 0.0000 0.0000 0.0000 0.0000],0.6543251276016235,0.7885302441805383,0.4539079964160919,0.5460920035839081,0.23419616957591238,None
57,0.8494994044303894,0.8047404289245605,1.3979976177215576,1.2189617156982422,[0.0449 0.0635 0.1000 0.1000 0.1000 0.1000 0.1000],[0.5513 0.3649 0.0000 0.0000 0.0000 0.0000 0.0000],0.65423983335495,0.788436828569269,0.4486900195479393,0.5513099804520607,0.23144632770275167,None
57,0.849479615688324,0.8046863079071045,1.397918462753296,1.218745231628418,[0.0444 0.0629 0.1000 0.1000 0.1000 0.1000 0.1000],[0.5561 0.3710 0.0000 0.0000 0.0000 0.0000 0.0000],0.6541659235954285,0.7883557045861631,0.4439110681414604,0.5560889318585396,0.22893179076753106,None
57,0.8494564890861511,0.8046233654022217,1.3978259563446045,1.2184934616088867,[0.0439 0.0622 0.1000 0.1000 0.1000 0.1000 0.1000],[0.5614 0.3782 0.0000 0.0000 0.0000 0.0000 0.0000],0.6540798544883728,0.7882616622245053,0.4385828971862793,0.5614171028137207,0.22612723378846336,None
57,0.8494312763214111,0.8045546412467957,1.3977251052856445,1.2182185649871826,[0.0433 0.0614 0.1000 0.1000 0.1000 0.1000 0.1000],[0.5670 0.3860 0.0000 0.0000 0.0000 0.0000 0.0000],0.6539859175682068,0.7881589391203503,0.4330253228545189,0.5669746771454811,0.22320067128163237,None
57,0.849407970905304,0.8044912219047546,1.3976318836212158,1.2179648876190186,[0.0428 0.0607 0.1000 0.1000 0.1000 0.1000 0.1000],[0.5724 0.3932 0.0000 0.0000 0.0000 0.0000 0.0000],0.6538991928100586,0.7880642809705044,0.42763490229845047,0.5723650977015495,0.22036650743045832,None
57,0.8493849635124207,0.8044285774230957,1.3975398540496826,1.2177143096923828,[0.0422 0.0600 0.1000 0.1000 0.1000 0.1000 0.1000],[0.5778 0.4003 0.0000 0.0000 0.0000 0.0000 0.0000],0.6538135409355164,0.7879707895375617,0.4222448542714119,0.5777551457285881,0.2175346256957026,None
57,0.8493592143058777,0.804358720779419,1.3974368572235107,1.2174348831176758,[0.0416 0.0592 0.1000 0.1000 0.1000 0.1000 0.1000],[0.5839 0.4082 0.0000 0.0000 0.0000 0.0000 0.0000],0.6537179350852966,0.7878668023942063,0.4161263257265091,0.5838736742734909,0.21432280935839726,None
57,0.8493364453315735,0.8042968511581421,1.397345781326294,1.2171874046325684,[0.0411 0.0585 0.1000 0.1000 0.1000 0.1000 0.1000],[0.5893 0.4153 0.0000 0.0000 0.0000 0.0000 0.0000],0.6536332964897156,0.7877746618015855,0.4107173904776573,0.5892826095223427,0.21148485277980983,None
57,0.8493131399154663,0.8042338490486145,1.3972525596618652,1.216935396194458,[0.0405 0.0578 0.1000 0.1000 0.1000 0.1000 0.1000],[0.5948 0.4225 0.0000 0.0000 0.0000 0.0000 0.0000],0.6535469889640808,0.7876811575322346,0.4052235186100006,0.5947764813899994,0.20860365714759782,None
57,0.8492898344993591,0.8041707277297974,1.3971593379974365,1.2166829109191895,[0.0400 0.0570 0.1000 0.1000 0.1000 0.1000 0.1000],[0.6002 0.4296 0.0000 0.0000 0.0000 0.0000 0.0000],0.6534605622291565,0.787587413815561,0.39976295083761215,0.6002370491623878,0.20574092660935298,None
57,0.8492661714553833,0.8041068911552429,1.3970646858215332,1.2164275646209717,[0.0394 0.0563 0.1000 0.1000 0.1000 0.1000 0.1000],[0.6057 0.4369 0.0000 0.0000 0.0000 0.0000 0.0000],0.6533730626106262,0.7874928700016388,0.3943322226405144,0.6056677773594856,0.20289442892831347,None
57,0.8492371439933777,0.804028332233429,1.3969485759735107,1.2161133289337158,[0.0388 0.0554 0.1000 0.1000 0.1000 0.1000 0.1000],[0.6125 0.4459 0.0000 0.0000 0.0000 0.0000 0.0000],0.6532654762268066,0.7873763612390459,0.3875226154923439,0.6124773845076561,0.19932837765355724,None
57,0.8492150902748108,0.8039689660072327,1.3968603610992432,1.2158758640289307,[0.0383 0.0547 0.1000 0.1000 0.1000 0.1000 0.1000],[0.6174 0.4526 0.0000 0.0000 0.0000 0.0000 0.0000],0.6531840562820435,0.7872886362518963,0.38258638232946396,0.617413617670536,0.19674289884898344,None
57,0.8491913080215454,0.8039047718048096,1.3967652320861816,1.2156190872192383,[0.0377 0.0540 0.1000 0.1000 0.1000 0.1000 0.1000],[0.6228 0.4600 0.0000 0.0000 0.0000 0.0000 0.0000],0.653096079826355,0.7871936649985818,0.3771660476922989,0.6228339523077011,0.19390600473965092,None
57,0.8491672277450562,0.8038400411605835,1.3966689109802246,1.215360164642334,[0.0372 0.0533 0.1000 0.1000 0.1000 0.1000 0.1000],[0.6283 0.4674 0.0000 0.0000 0.0000 0.0000 0.0000],0.6530072689056396,0.7870981761833106,0.3716658800840378,0.6283341199159622,0.19102913767325125,None
57,0.8471992611885071,0.8037757277488708,1.3887970447540283,1.2151029109954834,[0.0366 0.0525 0.1074 0.1000 0.1000 0.1000 0.1000],[0.6338 0.4747 -0.0736 0.0000 0.0000 0.0000 0.0000],0.6509749889373779,0.7916168590321275,0.36616384983062744,0.6338361501693726,0.18869257158427014,None
57,0.8475412130355835,0.8037118911743164,1.390164852142334,1.2148475646972656,[0.0361 0.0518 0.1060 0.1000 0.1000 0.1000 0.1000],[0.6393 0.4820 -0.0599 0.0000 0.0000 0.0000 0.0000],0.6512531042098999,0.7906454637193951,0.3607197478413582,0.6392802521586418,0.18573831811359368,None
57,0.8478724956512451,0.8036489486694336,1.3914899826049805,1.2145957946777344,[0.0355 0.0511 0.1047 0.1000 0.1000 0.1000 0.1000],[0.6447 0.4892 -0.0466 0.0000 0.0000 0.0000 0.0000],0.6515214443206787,0.7897060462547448,0.3553156554698944,0.6446843445301056,0.18281360849446,None
57,0.8482279777526855,0.8035787343978882,1.3929119110107422,1.2143149375915527,[0.0349 0.0503 0.1032 0.1000 0.1000 0.1000 0.1000],[0.6508 0.4973 -0.0322 0.0000 0.0000 0.0000 0.0000],0.6518067121505737,0.7886963243225585,0.3491618484258652,0.6508381515741348,0.17949627040017507,None
57,0.8485586643218994,0.8035158514976501,1.3942346572875977,1.2140634059906006,[0.0344 0.0496 0.1019 0.1000 0.1000 0.1000 0.1000],[0.6562 0.5045 -0.0187 0.0000 0.0000 0.0000 0.0000],0.6520745158195496,0.7877670788396642,0.34380923956632614,0.6561907604336739,0.1766089053997925,None
57,0.8488973379135132,0.8034510016441345,1.3955893516540527,1.213804006576538,[0.0338 0.0488 0.1005 0.1000 0.1000 0.1000 0.1000],[0.6617 0.5119 -0.0048 0.0000 0.0000 0.0000 0.0000],0.6523483395576477,0.7868185367594578,0.3383001685142517,0.6616998314857483,0.1736426313287672,None
57,0.8492121696472168,0.8033890724182129,1.3968486785888672,1.2135562896728516,[0.0333 0.0481 0.0992 0.1000 0.1000 0.1000 0.1000],[0.6670 0.5190 0.0082 0.0000 0.0000 0.0000 0.0000],0.6526012420654297,0.7859366980797411,0.3329526260495186,0.6670473739504814,0.17077248910820214,None
57,0.8495323061943054,0.8033255934715271,1.3981292247772217,1.2133023738861084,[0.0327 0.0474 0.0978 0.1000 0.1000 0.1000 0.1000],[0.6725 0.5263 0.0216 0.0000 0.0000 0.0000 0.0000],0.6528578996658325,0.7850425327587378,0.32747626304626465,0.6725237369537354,0.16783853355794212,None
57,0.8497923612594604,0.8032696843147278,1.3991694450378418,1.2130787372589111,[0.0322 0.0467 0.0967 0.1000 0.1000 0.1000 0.1000],[0.6776 0.5327 0.0326 0.0000 0.0000 0.0000 0.0000],0.6530620455741882,0.7843088389740259,0.32240714877843857,0.6775928512215614,0.16513769434192235,None
57,0.8500828146934509,0.8032095432281494,1.4003312587738037,1.2128381729125977,[0.0317 0.0460 0.0955 0.1000 0.1000 0.1000 0.1000],[0.6829 0.5397 0.0449 0.0000 0.0000 0.0000 0.0000],0.6532923579216003,0.7834976409705855,0.3171089291572571,0.6828910708427429,0.16231316346898145,None
57,0.8503791093826294,0.803148090839386,1.4015164375305176,1.212592363357544,[0.0312 0.0453 0.0942 0.1000 0.1000 0.1000 0.1000],[0.6883 0.5467 0.0575 0.0000 0.0000 0.0000 0.0000],0.6535272002220154,0.7826730146915865,0.31170766800642014,0.6882923319935799,0.15943788118153465,None
57,0.8506751656532288,0.8030863404273987,1.402700662612915,1.2123453617095947,[0.0306 0.0446 0.0930 0.1000 0.1000 0.1000 0.1000],[0.6937 0.5538 0.0702 0.0000 0.0000 0.0000 0.0000],0.6537615060806274,0.7818513689572404,0.30628252774477005,0.69371747225523,0.15655457697559316,None
57,0.8509629964828491,0.8030253052711487,1.4038519859313965,1.2121012210845947,[0.0301 0.0439 0.0917 0.1000 0.1000 0.1000 0.1000],[0.6991 0.5609 0.0827 0.0000 0.0000 0.0000 0.0000],0.6539883017539978,0.781053222878937,0.30087172985076904,0.699128270149231,0.15368518056383296,None
57,0.8512511849403381,0.8029641509056091,1.4050047397613525,1.2118566036224365,[0.0295 0.0432 0.0905 0.1000 0.1000 0.1000 0.1000],[0.7045 0.5680 0.0952 0.0000 0.0000 0.0000 0.0000],0.6542153358459473,0.780256890814003,0.29547344893217087,0.7045265510678291,0.1508262019010707,None
57,0.8514804244041443,0.802910327911377,1.4059216976165771,1.2116413116455078,[0.0290 0.0426 0.0895 0.1000 0.1000 0.1000 0.1000],[0.7096 0.5742 0.1053 0.0000 0.0000 0.0000 0.0000],0.6543907523155212,0.7796137561172038,0.2904452756047249,0.7095547243952751,0.14817705655074145,None
57,0.8517696261405945,0.8028481006622314,1.407078504562378,1.2113924026489258,[0.0285 0.0419 0.0882 0.1000 0.1000 0.1000 0.1000],[0.7151 0.5814 0.1181 0.0000 0.0000 0.0000 0.0000],0.6546177268028259,0.7788178906910348,0.28494060039520264,0.7150593996047974,0.14527069561974987,None
57,0.8520512580871582,0.8027861714363098,1.4082050323486328,1.2111446857452393,[0.0279 0.0411 0.0869 0.1000 0.1000 0.1000 0.1000],[0.7206 0.5885 0.1306 0.0000 0.0000 0.0000 0.0000],0.654837429523468,0.7780426017208519,0.27941685169935226,0.7205831483006477,0.14236048780954325,None
57,0.8523213267326355,0.8027248382568359,1.409285306930542,1.2108993530273438,[0.0274 0.0404 0.0857 0.1000 0.1000 0.1000 0.1000],[0.7262 0.5956 0.1428 0.0000 0.0000 0.0000 0.0000],0.6550461649894714,0.7772973092308951,0.27384698390960693,0.7261530160903931,0.13943346974956364,None
57,0.852599561214447,0.8026625514030457,1.410398244857788,1.2106502056121826,[0.0268 0.0397 0.0845 0.1000 0.1000 0.1000 0.1000],[0.7317 0.6028 0.1553 0.0000 0.0000 0.0000 0.0000],0.6552621126174927,0.7765340969825567,0.2682608738541603,0.7317391261458397,0.1365000852625423,None
57,0.8529254794120789,0.8025903701782227,1.4117019176483154,1.2103614807128906,[0.0262 0.0389 0.0830 0.1000 0.1000 0.1000 0.1000],[0.7381 0.6112 0.1701 0.0000 0.0000 0.0000 0.0000],0.6555158495903015,0.7756451265653982,0.26186738163232803,0.738132618367672,0.13314586111913806,None
57,0.8531911969184875,0.8025327920913696,1.4127647876739502,1.2101311683654785,[0.0257 0.0382 0.0818 0.1000 0.1000 0.1000 0.1000],[0.7431 0.6179 0.1823 0.0000 0.0000 0.0000 0.0000],0.6557239890098572,0.7749257792924344,0.25686804205179214,0.7431319579482079,0.13052426498657027,None
57,0.8534722328186035,0.8024716973304749,1.413888931274414,1.2098867893218994,[0.0252 0.0375 0.0805 0.1000 0.1000 0.1000 0.1000],[0.7484 0.6250 0.1952 0.0000 0.0000 0.0000 0.0000],0.6559439301490784,0.7741670185997434,0.2515704557299614,0.7484295442700386,0.12775003256346293,None
57,0.8537516593933105,0.8024097084999084,1.4150066375732422,1.2096388339996338,[0.0246 0.0368 0.0792 0.1000 0.1000 0.1000 0.1000],[0.7538 0.6322 0.2082 0.0000 0.0000 0.0000 0.0000],0.656161367893219,0.7734123770074762,0.24615556001663208,0.7538444399833679,0.12491984163192596,None
57,0.8540281057357788,0.8023483157157898,1.4161124229431152,1.2093932628631592,[0.0241 0.0361 0.0779 0.1000 0.1000 0.1000 0.1000],[0.7592 0.6394 0.2211 0.0000 0.0000 0.0000 0.0000],0.6563764214515686,0.7726681060211986,0.2408105507493019,0.7591894492506981,0.12212975016700962,None
57,0.8542643189430237,0.8022922277450562,1.4170572757720947,1.2091689109802246,[0.0236 0.0354 0.0768 0.1000 0.1000 0.1000 0.1000],[0.7643 0.6459 0.2323 0.0000 0.0000 0.0000 0.0000],0.6565565466880798,0.7720261172897923,0.235710758715868,0.764289241284132,0.11947678688345588,None
57,0.854453444480896,0.8022406101226807,1.417813777923584,1.2089624404907227,[0.0231 0.0348 0.0759 0.1000 0.1000 0.1000 0.1000],[0.7694 0.6519 0.2414 0.0000 0.0000 0.0000 0.0000],0.6566940546035767,0.7714987213203932,0.23063493892550468,0.7693650610744953,0.11684856797101058,None
57,0.8546949625015259,0.8021807074546814,1.4187798500061035,1.2087228298187256,[0.0225 0.0341 0.0747 0.1000 0.1000 0.1000 0.1000],[0.7749 0.6589 0.2530 0.0000 0.0000 0.0000 0.0000],0.6568756699562073,0.7708401103010292,0.22506974637508392,0.7749302536249161,0.11396319142967985,None
57,0.8549361824989319,0.8021198511123657,1.4197447299957275,1.208479404449463,[0.0219 0.0334 0.0735 0.1000 0.1000 0.1000 0.1000],[0.7806 0.6660 0.2647 0.0000 0.0000 0.0000 0.0000],0.6570560336112976,0.770181960267332,0.21939026191830635,0.7806097380816936,0.11102303526893406,None
57,0.8551715016365051,0.8020592927932739,1.4206860065460205,1.2082371711730957,[0.0214 0.0327 0.0724 0.1000 0.1000 0.1000 0.1000],[0.7863 0.6731 0.2762 0.0000 0.0000 0.0000 0.0000],0.657230794429779,0.7695391381530668,0.2136625349521637,0.7863374650478363,0.10806299334133766,None
57,0.8554118871688843,0.8019980788230896,1.421647548675537,1.2079923152923584,[0.0208 0.0320 0.0712 0.1000 0.1000 0.1000 0.1000],[0.7920 0.6803 0.2880 0.0000 0.0000 0.0000 0.0000],0.6574099659919739,0.7688857244872254,0.20795579999685287,0.7920442000031471,0.10511607078697728,None
57,0.855611264705658,0.8019443154335022,1.4224450588226318,1.2077772617340088,[0.0203 0.0313 0.0702 0.1000 0.1000 0.1000 0.1000],[0.7972 0.6866 0.2979 0.0000 0.0000 0.0000 0.0000],0.6575555801391602,0.7683387186598594,0.20276246592402458,0.7972375340759754,0.10244075036265482,None
57,0.8558658361434937,0.8018821477890015,1.4234633445739746,1.2075285911560059,[0.0197 0.0306 0.0690 0.1000 0.1000 0.1000 0.1000],[0.8028 0.6939 0.3105 0.0000 0.0000 0.0000 0.0000],0.6577479839324951,0.7676560989513772,0.1971549168229103,0.8028450831770897,0.09954829879427746,None
57,0.8561111688613892,0.8018203377723694,1.4244446754455566,1.2072813510894775,[0.0191 0.0299 0.0677 0.1000 0.1000 0.1000 0.1000],[0.8085 0.7011 0.3228 0.0000 0.0000 0.0000 0.0000],0.6579315066337585,0.7669960706575536,0.19147444516420364,0.8085255548357964,0.09662391782772016,None
57,0.8563741445541382,0.8017565011978149,1.4254965782165527,1.2070260047912598,[0.0186 0.0291 0.0664 0.1000 0.1000 0.1000 0.1000],[0.8142 0.7086 0.3360 0.0000 0.0000 0.0000 0.0000],0.6581306457519531,0.7662958208411257,0.18578952178359032,0.8142104782164097,0.09369788503800117,None
57,0.8566426634788513,0.8016932606697083,1.4265706539154053,1.206773042678833,[0.0180 0.0284 0.0650 0.1000 0.1000 0.1000 0.1000],[0.8197 0.7161 0.3495 0.0000 0.0000 0.0000 0.0000],0.6583359241485596,0.7655871104031541,0.18030989915132523,0.8196901008486748,0.09087862296706559,None
57,0.856877326965332,0.8016323447227478,1.4275093078613281,1.2065293788909912,[0.0175 0.0277 0.0638 0.1000 0.1000 0.1000 0.1000],[0.8253 0.7232 0.3616 0.0000 0.0000 0.0000 0.0000],0.6585096716880798,0.7649574884354232,0.17468463629484177,0.8253153637051582,0.08799422453903599,None
57,0.8570622205734253,0.8015771508216858,1.4282488822937012,1.2063086032867432,[0.0169 0.0270 0.0629 0.1000 0.1000 0.1000 0.1000],[0.8309 0.7298 0.3712 0.0000 0.0000 0.0000 0.0000],0.6586393713951111,0.7644473100307715,0.16914267092943192,0.8308573290705681,0.08516250529390042,None
57,0.8572447299957275,0.8015188574790955,1.4289789199829102,1.2060754299163818,[0.0163 0.0263 0.0619 0.1000 0.1000 0.1000 0.1000],[0.8369 0.7366 0.3809 0.0000 0.0000 0.0000 0.0000],0.658763587474823,0.7639367192538575,0.1631011813879013,0.8368988186120987,0.08208127199324818,None
57,0.8574247360229492,0.8014608025550842,1.4296989440917969,1.205843210220337,[0.0157 0.0257 0.0610 0.1000 0.1000 0.1000 0.1000],[0.8429 0.7435 0.3905 0.0000 0.0000 0.0000 0.0000],0.6588855385780334,0.7634330254074653,0.157066211104393,0.842933788895607,0.07900665705523484,None
57,0.8576028347015381,0.8014051914215088,1.4304113388061523,1.2056207656860352,[0.0151 0.0250 0.0600 0.1000 0.1000 0.1000 0.1000],[0.8486 0.7501 0.3999 0.0000 0.0000 0.0000 0.0000],0.6590080261230469,0.7629395788411122,0.15138575807213783,0.8486142419278622,0.07611423191017605,None
57,0.8578037023544312,0.8013494610786438,1.4312148094177246,1.2053978443145752,[0.0146 0.0243 0.0589 0.1000 0.1000 0.1000 0.1000],[0.8539 0.7567 0.4106 0.0000 0.0000 0.0000 0.0000],0.659153163433075,0.7623989872164108,0.1460728794336319,0.8539271205663681,0.07340712947965533,None
57,0.8579643964767456,0.8012973666191101,1.4318575859069824,1.2051894664764404,[0.0141 0.0237 0.0581 0.1000 0.1000 0.1000 0.1000],[0.8593 0.7628 0.4193 0.0000 0.0000 0.0000 0.0000],0.6592617630958557,0.7619516228628401,0.14067087322473526,0.8593291267752647,0.0706625766147249,None
57,0.8581608533859253,0.8012400269508362,1.4326434135437012,1.2049601078033447,[0.0135 0.0230 0.0570 0.1000 0.1000 0.1000 0.1000],[0.8649 0.7697 0.4299 0.0000 0.0000 0.0000 0.0000],0.6594008803367615,0.7614191406774443,0.13505390845239162,0.8649460915476084,0.06780792735530108,None
57,0.8583792448043823,0.8011789321899414,1.4335169792175293,1.2047157287597656,[0.0129 0.0223 0.0558 0.1000 0.1000 0.1000 0.1000],[0.8707 0.7769 0.4417 0.0000 0.0000 0.0000 0.0000],0.6595581769943237,0.7608341315855439,0.12926490977406502,0.870735090225935,0.06486698962637436,None
57,0.8586071133613586,0.8011171221733093,1.4344284534454346,1.2044684886932373,[0.0124 0.0216 0.0546 0.1000 0.1000 0.1000 0.1000],[0.8765 0.7842 0.4541 0.0000 0.0000 0.0000 0.0000],0.659724235534668,0.760229294558219,0.123541709035635,0.876458290964365,0.061961317557888196,None
57,0.8588294386863708,0.8010555505752563,1.4353177547454834,1.2042222023010254,[0.0118 0.0208 0.0534 0.1000 0.1000 0.1000 0.1000],[0.8822 0.7916 0.4663 0.0000 0.0000 0.0000 0.0000],0.6598849892616272,0.7596380061009759,0.1177766639739275,0.8822233360260725,0.05903834618480189,None
57,0.8590487837791443,0.8009942173957825,1.4361951351165771,1.2039768695831299,[0.0112 0.0201 0.0522 0.1000 0.1000 0.1000 0.1000],[0.8880 0.7989 0.4785 0.0000 0.0000 0.0000 0.0000],0.6600430011749268,0.7590548477695352,0.11202190071344376,0.8879780992865562,0.05612396250618907,None
57,0.8592643737792969,0.8009328842163086,1.4370574951171875,1.2037315368652344,[0.0106 0.0194 0.0510 0.1000 0.1000 0.1000 0.1000],[0.8938 0.8062 0.4905 0.0000 0.0000 0.0000 0.0000],0.6601972579956055,0.758480871227581,0.10623089969158173,0.8937691003084183,0.05319480341709696,None
57,0.859474778175354,0.8008720874786377,1.437899112701416,1.2034883499145508,[0.0100 0.0187 0.0498 0.1000 0.1000 0.1000 0.1000],[0.8996 0.8135 0.5023 0.0000 0.0000 0.0000 0.0000],0.6603468656539917,0.7579200737427485,0.10044969618320465,0.8995503038167953,0.05027408301921515,None
57,0.859693169593811,0.8008109331130981,1.4387726783752441,1.2032437324523926,[0.0095 0.0179 0.0485 0.1000 0.1000 0.1000 0.1000],[0.9052 0.8208 0.5147 0.0000 0.0000 0.0000 0.0000],0.6605041027069092,0.7573433774225131,0.094790393486619,0.905209606513381,0.04741684762233674,None
57,0.859920084476471,0.8007460236549377,1.4396803379058838,1.202984094619751,[0.0089 0.0171 0.0472 0.1000 0.1000 0.1000 0.1000],[0.9113 0.8286 0.5277 0.0000 0.0000 0.0000 0.0000],0.6606661081314087,0.7567428093117632,0.08871106430888176,0.9112889356911182,0.04435148042600627,None
57,0.8600903153419495,0.8006959557533264,1.4403612613677979,1.2027838230133057,[0.0084 0.0165 0.0463 0.1000 0.1000 0.1000 0.1000],[0.9161 0.8346 0.5375 0.0000 0.0000 0.0000 0.0000],0.6607862710952759,0.7562904195797321,0.08394947275519371,0.9160505272448063,0.041953440597444595,None
57,0.8602626919746399,0.80064457654953,1.4410507678985596,1.2025783061981201,[0.0284 0.0159 0.0452 0.1000 0.1000 0.1000 0.1000],[0.7160 0.8408 0.5476 0.0000 0.0000 0.0000 0.0000],0.6609072685241699,0.7558317886679147,0.1592487096786499,0.8407512903213501,0.07955026006345758,None
57,0.860434889793396,0.8005927205085754,1.441739559173584,1.2023708820343018,[0.0279 0.0153 0.0442 0.1000 0.1000 0.1000 0.1000],[0.7211 0.8470 0.5577 0.0000 0.0000 0.0000 0.0000],0.6610276103019714,0.7553734084674756,0.1530157681554556,0.8469842318445444,0.0764042432976176,None
