77,0.8224098682403564,0.7373221516609192,1.2896394729614258,0.9492886066436768,[0.1000 0.1000 0.1000 0.1000 0.1000 0.1000 0.1000],[0.0000 0.0000 0.0000 0.0000 0.0000 0.0000 0.0000],0.5597320199012756,0.7083020113551737,1.0,0.0,0.39645931551596764,None
77,0.8224098682403564,0.7373221516609192,1.2896394729614258,0.9492886066436768,[0.1000 0.1000 0.1000 0.1000 0.1000 0.1000 0.1000],[0.0000 0.0000 0.0000 0.0000 0.0000 0.0000 0.0000],0.5597320199012756,0.7083020113551737,1.0,0.0,0.39645931551596764,None
77,0.8224098682403564,0.7373221516609192,1.2896394729614258,0.9492886066436768,[0.1000 0.1000 0.1000 0.1000 0.1000 0.1000 0.1000],[0.0000 0.0000 0.0000 0.0000 0.0000 0.0000 0.0000],0.5597320199012756,0.7083020113551737,1.0,0.0,0.39645931551596764,None
77,0.8224098682403564,0.7373221516609192,1.2896394729614258,0.9492886066436768,[0.1000 0.1000 0.1000 0.1000 0.1000 0.1000 0.1000],[0.0000 0.0000 0.0000 0.0000 0.0000 0.0000 0.0000],0.5597320199012756,0.7083020113551737,1.0,0.0,0.39645931551596764,None
77,0.8224098682403564,0.7373221516609192,1.2896394729614258,0.9492886066436768,[0.1000 0.1000 0.1000 0.1000 0.1000 0.1000 0.1000],[0.0000 0.0000 0.0000 0.0000 0.0000 0.0000 0.0000],0.5597320199012756,0.7083020113551737,1.0,0.0,0.39645931551596764,None
77,0.8224098682403564,0.7373221516609192,1.2896394729614258,0.9492886066436768,[0.1000 0.1000 0.1000 0.1000 0.1000 0.1000 0.1000],[0.0000 0.0000 0.0000 0.0000 0.0000 0.0000 0.0000],0.5597320199012756,0.7083020113551737,1.0,0.0,0.39645931551596764,None
77,0.8224098682403564,0.7373221516609192,1.2896394729614258,0.9492886066436768,[0.1000 0.1000 0.1000 0.1000 0.1000 0.1000 0.1000],[0.0000 0.0000 0.0000 0.0000 0.0000 0.0000 0.0000],0.5597320199012756,0.7083020113551737,1.0,0.0,0.39645931551596764,None
77,0.8224098682403564,0.7373221516609192,1.2896394729614258,0.9492886066436768,[0.1000 0.1000 0.1000 0.1000 0.1000 0.1000 0.1000],[0.0000 0.0000 0.0000 0.0000 0.0000 0.0000 0.0000],0.5597320199012756,0.7083020113551737,1.0,0.0,0.39645931551596764,None
77,0.8224098682403564,0.7373221516609192,1.2896394729614258,0.9492886066436768,[0.1000 0.1000 0.1000 0.1000 0.1000 0.1000 0.1000],[0.0000 0.0000 0.0000 0.0000 0.0000 0.0000 0.0000],0.5597320199012756,0.7083020113551737,1.0,0.0,0.39645931551596764,None
77,0.8224098682403564,0.7373221516609192,1.2896394729614258,0.9492886066436768,[0.1000 0.1000 0.1000 0.1000 0.1000 0.1000 0.1000],[0.0000 0.0000 0.0000 0.0000 0.0000 0.0000 0.0000],0.5597320199012756,0.7083020113551737,1.0,0.0,0.39645931551596764,None
77,0.8224098682403564,0.7373221516609192,1.2896394729614258,0.9492886066436768,[0.1000 0.1000 0.1000 0.1000 0.1000 0.1000 0.1000],[0.0000 0.0000 0.0000 0.0000 0.0000 0.0000 0.0000],0.5597320199012756,0.7083020113551737,1.0,0.0,0.39645931551596764,None
77,0.8224098682403564,0.7373221516609192,1.2896394729614258,0.9492886066436768,[0.1000 0.1000 0.1000 0.1000 0.1000 0.1000 0.1000],[0.0000 0.0000 0.0000 0.0000 0.0000 0.0000 0.0000],0.5597320199012756,0.7083020113551737,1.0,0.0,0.39645931551596764,None
77,0.8224098682403564,0.7373221516609192,1.2896394729614258,0.9492886066436768,[0.1000 0.1000 0.1000 0.1000 0.1000 0.1000 0.1000],[0.0000 0.0000 0.0000 0.0000 0.0000 0.0000 0.0000],0.5597320199012756,0.7083020113551737,1.0,0.0,0.39645931551596764,None
77,0.8224098682403564,0.7373221516609192,1.2896394729614258,0.9492886066436768,[0.1000 0.1000 0.1000 0.1000 0.1000 0.1000 0.1000],[0.0000 0.0000 0.0000 0.0000 0.0000 0.0000 0.0000],0.5597320199012756,0.7083020113551737,1.0,0.0,0.39645931551596764,None
77,0.8224098682403564,0.7373221516609192,1.2896394729614258,0.9492886066436768,[0.1000 0.1000 0.1000 0.1000 0.1000 0.1000 0.1000],[0.0000 0.0000 0.0000 0.0000 0.0000 0.0000 0.0000],0.5597320199012756,0.7083020113551737,1.0,0.0,0.39645931551596764,None
77,0.8224098682403564,0.7373221516609192,1.2896394729614258,0.9492886066436768,[0.1000 0.1000 0.1000 0.1000 0.1000 0.1000 0.1000],[0.0000 0.0000 0.0000 0.0000 0.0000 0.0000 0.0000],0.5597320199012756,0.7083020113551737,1.0,0.0,0.39645931551596764,None
77,0.8224098682403564,0.7373221516609192,1.2896394729614258,0.9492886066436768,[0.1000 0.1000 0.1000 0.1000 0.1000 0.1000 0.1000],[0.0000 0.0000 0.0000 0.0000 0.0000 0.0000 0.0000],0.5597320199012756,0.7083020113551737,1.0,0.0,0.39645931551596764,None
77,0.8224098682403564,0.7373221516609192,1.2896394729614258,0.9492886066436768,[0.1000 0.1000 0.1000 0.1000 0.1000 0.1000 0.1000],[0.0000 0.0000 0.0000 0.0000 0.0000 0.0000 0.0000],0.5597320199012756,0.7083020113551737,1.0,0.0,0.39645931551596764,None
77,0.8224098682403564,0.7373221516609192,1.2896394729614258,0.9492886066436768,[0.1000 0.1000 0.1000 0.1000 0.1000 0.1000 0.1000],[0.0000 0.0000 0.0000 0.0000 0.0000 0.0000 0.0000],0.5597320199012756,0.7083020113551737,1.0,0.0,0.39645931551596764,None
77,0.8224098682403564,0.7373221516609192,1.2896394729614258,0.9492886066436768,[0.1000 0.1000 0.1000 0.1000 0.1000 0.1000 0.1000],[0.0000 0.0000 0.0000 0.0000 0.0000 0.0000 0.0000],0.5597320199012756,0.7083020113551737,1.0,0.0,0.39645931551596764,None
77,0.8224098682403564,0.7373221516609192,1.2896394729614258,0.9492886066436768,[0.1000 0.1000 0.1000 0.1000 0.1000 0.1000 0.1000],[0.0000 0.0000 0.0000 0.0000 0.0000 0.0000 0.0000],0.5597320199012756,0.7083020113551737,1.0,0.0,0.39645931551596764,None
77,0.8224098682403564,0.7373221516609192,1.2896394729614258,0.9492886066436768,[0.1000 0.1000 0.1000 0.1000 0.1000 0.1000 0.1000],[0.0000 0.0000 0.0000 0.0000 0.0000 0.0000 0.0000],0.5597320199012756,0.7083020113551737,1.0,0.0,0.39645931551596764,None
77,0.8224098682403564,0.7373221516609192,1.2896394729614258,0.9492886066436768,[0.1000 0.1000 0.1000 0.1000 0.1000 0.1000 0.1000],[0.0000 0.0000 0.0000 0.0000 0.0000 0.0000 0.0000],0.5597320199012756,0.7083020113551737,1.0,0.0,0.39645931551596764,None
77,0.8224098682403564,0.7373221516609192,1.2896394729614258,0.9492886066436768,[0.1000 0.1000 0.1000 0.1000 0.1000 0.1000 0.1000],[0.0000 0.0000 0.0000 0.0000 0.0000 0.0000 0.0000],0.5597320199012756,0.7083020113551737,1.0,0.0,0.39645931551596764,None
77,0.8224098682403564,0.7373221516609192,1.2896394729614258,0.9492886066436768,[0.1000 0.1000 0.1000 0.1000 0.1000 0.1000 0.1000],[0.0000 0.0000 0.0000 0.0000 0.0000 0.0000 0.0000],0.5597320199012756,0.7083020113551737,1.0,0.0,0.39645931551596764,None
77,0.8224098682403564,0.7373221516609192,1.2896394729614258,0.9492886066436768,[0.1000 0.1000 0.1000 0.1000 0.1000 0.1000 0.1000],[0.0000 0.0000 0.0000 0.0000 0.0000 0.0000 0.0000],0.5597320199012756,0.7083020113551737,1.0,0.0,0.39645931551596764,None
77,0.8224098682403564,0.7373221516609192,1.2896394729614258,0.9492886066436768,[0.1000 0.1000 0.1000 0.1000 0.1000 0.1000 0.1000],[0.0000 0.0000 0.0000 0.0000 0.0000 0.0000 0.0000],0.5597320199012756,0.7083020113551737,1.0,0.0,0.39645931551596764,None
77,0.8224098682403564,0.7373221516609192,1.2896394729614258,0.9492886066436768,[0.1000 0.1000 0.1000 0.1000 0.1000 0.1000 0.1000],[0.0000 0.0000 0.0000 0.0000 0.0000 0.0000 0.0000],0.5597320199012756,0.7083020113551737,1.0,0.0,0.39645931551596764,None
77,0.8224098682403564,0.7373221516609192,1.2896394729614258,0.9492886066436768,[0.1000 0.1000 0.1000 0.1000 0.1000 0.1000 0.1000],[0.0000 0.0000 0.0000 0.0000 0.0000 0.0000 0.0000],0.5597320199012756,0.7083020113551737,1.0,0.0,0.39645931551596764,None
77,0.8224098682403564,0.7373221516609192,1.2896394729614258,0.9492886066436768,[0.1000 0.1000 0.1000 0.1000 0.1000 0.1000 0.1000],[0.0000 0.0000 0.0000 0.0000 0.0000 0.0000 0.0000],0.5597320199012756,0.7083020113551737,1.0,0.0,0.39645931551596764,None
77,0.8224098682403564,0.7373221516609192,1.2896394729614258,0.9492886066436768,[0.1000 0.1000 0.1000 0.1000 0.1000 0.1000 0.1000],[0.0000 0.0000 0.0000 0.0000 0.0000 0.0000 0.0000],0.5597320199012756,0.7083020113551737,1.0,0.0,0.39645931551596764,None
77,0.8224098682403564,0.7373221516609192,1.2896394729614258,0.9492886066436768,[0.1000 0.1000 0.1000 0.1000 0.1000 0.1000 0.1000],[0.0000 0.0000 0.0000 0.0000 0.0000 0.0000 0.0000],0.5597320199012756,0.7083020113551737,1.0,0.0,0.39645931551596764,None
77,0.8224098682403564,0.7373221516609192,1.2896394729614258,0.9492886066436768,[0.1000 0.1000 0.1000 0.1000 0.1000 0.1000 0.1000],[0.0000 0.0000 0.0000 0.0000 0.0000 0.0000 0.0000],0.5597320199012756,0.7083020113551737,1.0,0.0,0.39645931551596764,None
77,0.8224098682403564,0.7373221516609192,1.2896394729614258,0.9492886066436768,[0.1000 0.1000 0.1000 0.1000 0.1000 0.1000 0.1000],[0.0000 0.0000 0.0000 0.0000 0.0000 0.0000 0.0000],0.5597320199012756,0.7083020113551737,1.0,0.0,0.39645931551596764,None
77,0.8224098682403564,0.7373221516609192,1.2896394729614258,0.9492886066436768,[0.1000 0.1000 0.1000 0.1000 0.1000 0.1000 0.1000],[0.0000 0.0000 0.0000 0.0000 0.0000 0.0000 0.0000],0.5597320199012756,0.7083020113551737,1.0,0.0,0.39645931551596764,None
77,0.8224098682403564,0.7373221516609192,1.2896394729614258,0.9492886066436768,[0.1000 0.1000 0.1000 0.1000 0.1000 0.1000 0.1000],[0.0000 0.0000 0.0000 0.0000 0.0000 0.0000 0.0000],0.5597320199012756,0.7083020113551737,1.0,0.0,0.39645931551596764,None
77,0.8224098682403564,0.7373221516609192,1.2896394729614258,0.9492886066436768,[0.1000 0.1000 0.1000 0.1000 0.1000 0.1000 0.1000],[0.0000 0.0000 0.0000 0.0000 0.0000 0.0000 0.0000],0.5597320199012756,0.7083020113551737,1.0,0.0,0.39645931551596764,None
77,0.8224098682403564,0.7373221516609192,1.2896394729614258,0.9492886066436768,[0.1000 0.1000 0.1000 0.1000 0.1000 0.1000 0.1000],[0.0000 0.0000 0.0000 0.0000 0.0000 0.0000 0.0000],0.5597320199012756,0.7083020113551737,1.0,0.0,0.39645931551596764,None
77,0.8224098682403564,0.7373221516609192,1.2896394729614258,0.9492886066436768,[0.1000 0.1000 0.1000 0.1000 0.1000 0.1000 0.1000],[0.0000 0.0000 0.0000 0.0000 0.0000 0.0000 0.0000],0.5597320199012756,0.7083020113551737,1.0,0.0,0.39645931551596764,None
77,0.8224098682403564,0.7373221516609192,1.2896394729614258,0.9492886066436768,[0.1000 0.1000 0.1000 0.1000 0.1000 0.1000 0.1000],[0.0000 0.0000 0.0000 0.0000 0.0000 0.0000 0.0000],0.5597320199012756,0.7083020113551737,1.0,0.0,0.39645931551596764,None
77,0.8224098682403564,0.7373221516609192,1.2896394729614258,0.9492886066436768,[0.1000 0.1000 0.1000 0.1000 0.1000 0.1000 0.1000],[0.0000 0.0000 0.0000 0.0000 0.0000 0.0000 0.0000],0.5597320199012756,0.7083020113551737,1.0,0.0,0.39645931551596764,None
77,0.8224098682403564,0.7373221516609192,1.2896394729614258,0.9492886066436768,[0.1000 0.1000 0.1000 0.1000 0.1000 0.1000 0.1000],[0.0000 0.0000 0.0000 0.0000 0.0000 0.0000 0.0000],0.5597320199012756,0.7083020113551737,1.0,0.0,0.39645931551596764,None
77,0.8224098682403564,0.7373221516609192,1.2896394729614258,0.9492886066436768,[0.1000 0.1000 0.1000 0.1000 0.1000 0.1000 0.1000],[0.0000 0.0000 0.0000 0.0000 0.0000 0.0000 0.0000],0.5597320199012756,0.7083020113551737,1.0,0.0,0.39645931551596764,None
77,0.8224098682403564,0.7373221516609192,1.2896394729614258,0.9492886066436768,[0.1000 0.1000 0.1000 0.1000 0.1000 0.1000 0.1000],[0.0000 0.0000 0.0000 0.0000 0.0000 0.0000 0.0000],0.5597320199012756,0.7083020113551737,1.0,0.0,0.39645931551596764,None
77,0.8224098682403564,0.7373221516609192,1.2896394729614258,0.9492886066436768,[0.1000 0.1000 0.1000 0.1000 0.1000 0.1000 0.1000],[0.0000 0.0000 0.0000 0.0000 0.0000 0.0000 0.0000],0.5597320199012756,0.7083020113551737,1.0,0.0,0.39645931551596764,None
77,0.8224098682403564,0.7373221516609192,1.2896394729614258,0.9492886066436768,[0.1000 0.1000 0.1000 0.1000 0.1000 0.1000 0.1000],[0.0000 0.0000 0.0000 0.0000 0.0000 0.0000 0.0000],0.5597320199012756,0.7083020113551737,1.0,0.0,0.39645931551596764,None
77,0.8224098682403564,0.7373221516609192,1.2896394729614258,0.9492886066436768,[0.1000 0.1000 0.1000 0.1000 0.1000 0.1000 0.1000],[0.0000 0.0000 0.0000 0.0000 0.0000 0.0000 0.0000],0.5597320199012756,0.7083020113551737,1.0,0.0,0.39645931551596764,None
77,0.8224098682403564,0.7373221516609192,1.2896394729614258,0.9492886066436768,[0.1000 0.1000 0.1000 0.1000 0.1000 0.1000 0.1000],[0.0000 0.0000 0.0000 0.0000 0.0000 0.0000 0.0000],0.5597320199012756,0.7083020113551737,1.0,0.0,0.39645931551596764,None
77,0.8224098682403564,0.7373221516609192,1.2896394729614258,0.9492886066436768,[0.1000 0.1000 0.1000 0.1000 0.1000 0.1000 0.1000],[0.0000 0.0000 0.0000 0.0000 0.0000 0.0000 0.0000],0.5597320199012756,0.7083020113551737,1.0,0.0,0.39645931551596764,None
77,0.8224098682403564,0.7373221516609192,1.2896394729614258,0.9492886066436768,[0.1000 0.1000 0.1000 0.1000 0.1000 0.1000 0.1000],[0.0000 0.0000 0.0000 0.0000 0.0000 0.0000 0.0000],0.5597320199012756,0.7083020113551737,1.0,0.0,0.39645931551596764,None
77,0.8224098682403564,0.7373221516609192,1.2896394729614258,0.9492886066436768,[0.1000 0.1000 0.1000 0.1000 0.1000 0.1000 0.1000],[0.0000 0.0000 0.0000 0.0000 0.0000 0.0000 0.0000],0.5597320199012756,0.7083020113551737,1.0,0.0,0.39645931551596764,None
77,0.8224098682403564,0.7373221516609192,1.2896394729614258,0.9492886066436768,[0.1000 0.1000 0.1000 0.1000 0.1000 0.1000 0.1000],[0.0000 0.0000 0.0000 0.0000 0.0000 0.0000 0.0000],0.5597320199012756,0.7083020113551737,1.0,0.0,0.39645931551596764,None
77,0.8224098682403564,0.7373221516609192,1.2896394729614258,0.9492886066436768,[0.1000 0.1000 0.1000 0.1000 0.1000 0.1000 0.1000],[0.0000 0.0000 0.0000 0.0000 0.0000 0.0000 0.0000],0.5597320199012756,0.7083020113551737,1.0,0.0,0.39645931551596764,None
77,0.8224098682403564,0.7373221516609192,1.2896394729614258,0.9492886066436768,[0.1000 0.1000 0.1000 0.1000 0.1000 0.1000 0.1000],[0.0000 0.0000 0.0000 0.0000 0.0000 0.0000 0.0000],0.5597320199012756,0.7083020113551737,1.0,0.0,0.39645931551596764,None
77,0.8224098682403564,0.7373221516609192,1.2896394729614258,0.9492886066436768,[0.1000 0.1000 0.1000 0.1000 0.1000 0.1000 0.1000],[0.0000 0.0000 0.0000 0.0000 0.0000 0.0000 0.0000],0.5597320199012756,0.7083020113551737,1.0,0.0,0.39645931551596764,None
77,0.8224098682403564,0.7373221516609192,1.2896394729614258,0.9492886066436768,[0.1000 0.1000 0.1000 0.1000 0.1000 0.1000 0.1000],[0.0000 0.0000 0.0000 0.0000 0.0000 0.0000 0.0000],0.5597320199012756,0.7083020113551737,1.0,0.0,0.39645931551596764,None
77,0.8224098682403564,0.7373221516609192,1.2896394729614258,0.9492886066436768,[0.1000 0.1000 0.1000 0.1000 0.1000 0.1000 0.1000],[0.0000 0.0000 0.0000 0.0000 0.0000 0.0000 0.0000],0.5597320199012756,0.7083020113551737,1.0,0.0,0.39645931551596764,None
77,0.8224098682403564,0.7373221516609192,1.2896394729614258,0.9492886066436768,[0.1000 0.1000 0.1000 0.1000 0.1000 0.1000 0.1000],[0.0000 0.0000 0.0000 0.0000 0.0000 0.0000 0.0000],0.5597320199012756,0.7083020113551737,1.0,0.0,0.39645931551596764,None
77,0.8224098682403564,0.7373221516609192,1.2896394729614258,0.9492886066436768,[0.1000 0.1000 0.1000 0.1000 0.1000 0.1000 0.1000],[0.0000 0.0000 0.0000 0.0000 0.0000 0.0000 0.0000],0.5597320199012756,0.7083020113551737,1.0,0.0,0.39645931551596764,None
77,0.8224098682403564,0.7373221516609192,1.2896394729614258,0.9492886066436768,[0.1000 0.1000 0.1000 0.1000 0.1000 0.1000 0.1000],[0.0000 0.0000 0.0000 0.0000 0.0000 0.0000 0.0000],0.5597320199012756,0.7083020113551737,1.0,0.0,0.39645931551596764,None
77,0.8224098682403564,0.7373221516609192,1.2896394729614258,0.9492886066436768,[0.1000 0.1000 0.1000 0.1000 0.1000 0.1000 0.1000],[0.0000 0.0000 0.0000 0.0000 0.0000 0.0000 0.0000],0.5597320199012756,0.7083020113551737,1.0,0.0,0.39645931551596764,None
77,0.8224098682403564,0.7373221516609192,1.2896394729614258,0.9492886066436768,[0.1000 0.1000 0.1000 0.1000 0.1000 0.1000 0.1000],[0.0000 0.0000 0.0000 0.0000 0.0000 0.0000 0.0000],0.5597320199012756,0.7083020113551737,1.0,0.0,0.39645931551596764,None
77,0.8224098682403564,0.7373221516609192,1.2896394729614258,0.9492886066436768,[0.1000 0.1000 0.1000 0.1000 0.1000 0.1000 0.1000],[0.0000 0.0000 0.0000 0.0000 0.0000 0.0000 0.0000],0.5597320199012756,0.7083020113551737,1.0,0.0,0.39645931551596764,None
77,0.8224098682403564,0.7373221516609192,1.2896394729614258,0.9492886066436768,[0.1000 0.1000 0.1000 0.1000 0.1000 0.1000 0.1000],[0.0000 0.0000 0.0000 0.0000 0.0000 0.0000 0.0000],0.5597320199012756,0.7083020113551737,1.0,0.0,0.39645931551596764,None
77,0.8224098682403564,0.7373221516609192,1.2896394729614258,0.9492886066436768,[0.1000 0.1000 0.1000 0.1000 0.1000 0.1000 0.1000],[0.0000 0.0000 0.0000 0.0000 0.0000 0.0000 0.0000],0.5597320199012756,0.7083020113551737,1.0,0.0,0.39645931551596764,None
77,0.8224098682403564,0.7373221516609192,1.2896394729614258,0.9492886066436768,[0.1000 0.1000 0.1000 0.1000 0.1000 0.1000 0.1000],[0.0000 0.0000 0.0000 0.0000 0.0000 0.0000 0.0000],0.5597320199012756,0.7083020113551737,1.0,0.0,0.39645931551596764,None
77,0.8224098682403564,0.7373221516609192,1.2896394729614258,0.9492886066436768,[0.1000 0.1000 0.1000 0.1000 0.1000 0.1000 0.1000],[0.0000 0.0000 0.0000 0.0000 0.0000 0.0000 0.0000],0.5597320199012756,0.7083020113551737,1.0,0.0,0.39645931551596764,None
77,0.8224098682403564,0.7373221516609192,1.2896394729614258,0.9492886066436768,[0.1000 0.1000 0.1000 0.1000 0.1000 0.1000 0.1000],[0.0000 0.0000 0.0000 0.0000 0.0000 0.0000 0.0000],0.5597320199012756,0.7083020113551737,1.0,0.0,0.39645931551596764,None
77,0.8224098682403564,0.7373221516609192,1.2896394729614258,0.9492886066436768,[0.1000 0.1000 0.1000 0.1000 0.1000 0.1000 0.1000],[0.0000 0.0000 0.0000 0.0000 0.0000 0.0000 0.0000],0.5597320199012756,0.7083020113551737,1.0,0.0,0.39645931551596764,None
77,0.8224098682403564,0.7373221516609192,1.2896394729614258,0.9492886066436768,[0.1000 0.1000 0.1000 0.1000 0.1000 0.1000 0.1000],[0.0000 0.0000 0.0000 0.0000 0.0000 0.0000 0.0000],0.5597320199012756,0.7083020113551737,1.0,0.0,0.39645931551596764,None
77,0.8224098682403564,0.7373221516609192,1.2896394729614258,0.9492886066436768,[0.1000 0.1000 0.1000 0.1000 0.1000 0.1000 0.1000],[0.0000 0.0000 0.0000 0.0000 0.0000 0.0000 0.0000],0.5597320199012756,0.7083020113551737,1.0,0.0,0.39645931551596764,None
77,0.8224098682403564,0.7373221516609192,1.2896394729614258,0.9492886066436768,[0.1000 0.1000 0.1000 0.1000 0.1000 0.1000 0.1000],[0.0000 0.0000 0.0000 0.0000 0.0000 0.0000 0.0000],0.5597320199012756,0.7083020113551737,1.0,0.0,0.39645931551596764,None
77,0.8224098682403564,0.7373221516609192,1.2896394729614258,0.9492886066436768,[0.1000 0.1000 0.1000 0.1000 0.1000 0.1000 0.1000],[0.0000 0.0000 0.0000 0.0000 0.0000 0.0000 0.0000],0.5597320199012756,0.7083020113551737,1.0,0.0,0.39645931551596764,None
77,0.8224098682403564,0.7373221516609192,1.2896394729614258,0.9492886066436768,[0.1000 0.1000 0.1000 0.1000 0.1000 0.1000 0.1000],[0.0000 0.0000 0.0000 0.0000 0.0000 0.0000 0.0000],0.5597320199012756,0.7083020113551737,1.0,0.0,0.39645931551596764,None
77,0.8224098682403564,0.7373221516609192,1.2896394729614258,0.9492886066436768,[0.1000 0.1000 0.1000 0.1000 0.1000 0.1000 0.1000],[0.0000 0.0000 0.0000 0.0000 0.0000 0.0000 0.0000],0.5597320199012756,0.7083020113551737,1.0,0.0,0.39645931551596764,None
77,0.8224098682403564,0.7373221516609192,1.2896394729614258,0.9492886066436768,[0.1000 0.1000 0.1000 0.1000 0.1000 0.1000 0.1000],[0.0000 0.0000 0.0000 0.0000 0.0000 0.0000 0.0000],0.5597320199012756,0.7083020113551737,1.0,0.0,0.39645931551596764,None
77,0.8224098682403564,0.7373221516609192,1.2896394729614258,0.9492886066436768,[0.1000 0.1000 0.1000 0.1000 0.1000 0.1000 0.1000],[0.0000 0.0000 0.0000 0.0000 0.0000 0.0000 0.0000],0.5597320199012756,0.7083020113551737,1.0,0.0,0.39645931551596764,None
77,0.8224098682403564,0.7373221516609192,1.2896394729614258,0.9492886066436768,[0.1000 0.1000 0.1000 0.1000 0.1000 0.1000 0.1000],[0.0000 0.0000 0.0000 0.0000 0.0000 0.0000 0.0000],0.5597320199012756,0.7083020113551737,1.0,0.0,0.39645931551596764,None
77,0.8224098682403564,0.7373221516609192,1.2896394729614258,0.9492886066436768,[0.1000 0.1000 0.1000 0.1000 0.1000 0.1000 0.1000],[0.0000 0.0000 0.0000 0.0000 0.0000 0.0000 0.0000],0.5597320199012756,0.7083020113551737,1.0,0.0,0.39645931551596764,None
77,0.8224098682403564,0.7373221516609192,1.2896394729614258,0.9492886066436768,[0.1000 0.1000 0.1000 0.1000 0.1000 0.1000 0.1000],[0.0000 0.0000 0.0000 0.0000 0.0000 0.0000 0.0000],0.5597320199012756,0.7083020113551737,1.0,0.0,0.39645931551596764,None
77,0.8224098682403564,0.7373221516609192,1.2896394729614258,0.9492886066436768,[0.1000 0.1000 0.1000 0.1000 0.1000 0.1000 0.1000],[0.0000 0.0000 0.0000 0.0000 0.0000 0.0000 0.0000],0.5597320199012756,0.7083020113551737,1.0,0.0,0.39645931551596764,None
77,0.8224098682403564,0.7373221516609192,1.2896394729614258,0.9492886066436768,[0.1000 0.1000 0.1000 0.1000 0.1000 0.1000 0.1000],[0.0000 0.0000 0.0000 0.0000 0.0000 0.0000 0.0000],0.5597320199012756,0.7083020113551737,1.0,0.0,0.39645931551596764,None
77,0.8224098682403564,0.7373221516609192,1.2896394729614258,0.9492886066436768,[0.1000 0.1000 0.1000 0.1000 0.1000 0.1000 0.1000],[0.0000 0.0000 0.0000 0.0000 0.0000 0.0000 0.0000],0.5597320199012756,0.7083020113551737,1.0,0.0,0.39645931551596764,None
77,0.8224098682403564,0.7373221516609192,1.2896394729614258,0.9492886066436768,[0.1000 0.1000 0.1000 0.1000 0.1000 0.1000 0.1000],[0.0000 0.0000 0.0000 0.0000 0.0000 0.0000 0.0000],0.5597320199012756,0.7083020113551737,1.0,0.0,0.39645931551596764,None
77,0.8224098682403564,0.7373221516609192,1.2896394729614258,0.9492886066436768,[0.1000 0.1000 0.1000 0.1000 0.1000 0.1000 0.1000],[0.0000 0.0000 0.0000 0.0000 0.0000 0.0000 0.0000],0.5597320199012756,0.7083020113551737,1.0,0.0,0.39645931551596764,None
77,0.8224098682403564,0.7373221516609192,1.2896394729614258,0.9492886066436768,[0.1000 0.1000 0.1000 0.1000 0.1000 0.1000 0.1000],[0.0000 0.0000 0.0000 0.0000 0.0000 0.0000 0.0000],0.5597320199012756,0.7083020113551737,1.0,0.0,0.39645931551596764,None
77,0.8224098682403564,0.7373221516609192,1.2896394729614258,0.9492886066436768,[0.1000 0.1000 0.1000 0.1000 0.1000 0.1000 0.1000],[0.0000 0.0000 0.0000 0.0000 0.0000 0.0000 0.0000],0.5597320199012756,0.7083020113551737,1.0,0.0,0.39645931551596764,None
77,0.8224098682403564,0.7373221516609192,1.2896394729614258,0.9492886066436768,[0.1000 0.1000 0.1000 0.1000 0.1000 0.1000 0.1000],[0.0000 0.0000 0.0000 0.0000 0.0000 0.0000 0.0000],0.5597320199012756,0.7083020113551737,1.0,0.0,0.39645931551596764,None
77,0.8224098682403564,0.7373221516609192,1.2896394729614258,0.9492886066436768,[0.1000 0.1000 0.1000 0.1000 0.1000 0.1000 0.1000],[0.0000 0.0000 0.0000 0.0000 0.0000 0.0000 0.0000],0.5597320199012756,0.7083020113551737,1.0,0.0,0.39645931551596764,None
77,0.8224098682403564,0.7373221516609192,1.2896394729614258,0.9492886066436768,[0.1000 0.1000 0.1000 0.1000 0.1000 0.1000 0.1000],[0.0000 0.0000 0.0000 0.0000 0.0000 0.0000 0.0000],0.5597320199012756,0.7083020113551737,1.0,0.0,0.39645931551596764,None
77,0.8224098682403564,0.7373221516609192,1.2896394729614258,0.9492886066436768,[0.1000 0.1000 0.1000 0.1000 0.1000 0.1000 0.1000],[0.0000 0.0000 0.0000 0.0000 0.0000 0.0000 0.0000],0.5597320199012756,0.7083020113551737,1.0,0.0,0.39645931551596764,None
77,0.8224098682403564,0.7373221516609192,1.2896394729614258,0.9492886066436768,[0.1000 0.1000 0.1000 0.1000 0.1000 0.1000 0.1000],[0.0000 0.0000 0.0000 0.0000 0.0000 0.0000 0.0000],0.5597320199012756,0.7083020113551737,1.0,0.0,0.39645931551596764,None
77,0.8224098682403564,0.7373221516609192,1.2896394729614258,0.9492886066436768,[0.1000 0.1000 0.1000 0.1000 0.1000 0.1000 0.1000],[0.0000 0.0000 0.0000 0.0000 0.0000 0.0000 0.0000],0.5597320199012756,0.7083020113551737,1.0,0.0,0.39645931551596764,None
77,0.8224098682403564,0.7373221516609192,1.2896394729614258,0.9492886066436768,[0.1000 0.1000 0.1000 0.1000 0.1000 0.1000 0.1000],[0.0000 0.0000 0.0000 0.0000 0.0000 0.0000 0.0000],0.5597320199012756,0.7083020113551737,1.0,0.0,0.39645931551596764,None
77,0.8224098682403564,0.7373221516609192,1.2896394729614258,0.9492886066436768,[0.1000 0.1000 0.1000 0.1000 0.1000 0.1000 0.1000],[0.0000 0.0000 0.0000 0.0000 0.0000 0.0000 0.0000],0.5597320199012756,0.7083020113551737,1.0,0.0,0.39645931551596764,None
77,0.8224098682403564,0.7373221516609192,1.2896394729614258,0.9492886066436768,[0.1000 0.1000 0.1000 0.1000 0.1000 0.1000 0.1000],[0.0000 0.0000 0.0000 0.0000 0.0000 0.0000 0.0000],0.5597320199012756,0.7083020113551737,1.0,0.0,0.39645931551596764,None
77,0.8224098682403564,0.7373221516609192,1.2896394729614258,0.9492886066436768,[0.1000 0.1000 0.1000 0.1000 0.1000 0.1000 0.1000],[0.0000 0.0000 0.0000 0.0000 0.0000 0.0000 0.0000],0.5597320199012756,0.7083020113551737,1.0,0.0,0.39645931551596764,None
77,0.8224098682403564,0.7373221516609192,1.2896394729614258,0.9492886066436768,[0.1000 0.1000 0.1000 0.1000 0.1000 0.1000 0.1000],[0.0000 0.0000 0.0000 0.0000 0.0000 0.0000 0.0000],0.5597320199012756,0.7083020113551737,1.0,0.0,0.39645931551596764,None
77,0.8224098682403564,0.7373221516609192,1.2896394729614258,0.9492886066436768,[0.1000 0.1000 0.1000 0.1000 0.1000 0.1000 0.1000],[0.0000 0.0000 0.0000 0.0000 0.0000 0.0000 0.0000],0.5597320199012756,0.7083020113551737,1.0,0.0,0.39645931551596764,None
77,0.8224098682403564,0.7373221516609192,1.2896394729614258,0.9492886066436768,[0.1000 0.1000 0.1000 0.1000 0.1000 0.1000 0.1000],[0.0000 0.0000 0.0000 0.0000 0.0000 0.0000 0.0000],0.5597320199012756,0.7083020113551737,1.0,0.0,0.39645931551596764,None
77,0.8224098682403564,0.7373221516609192,1.2896394729614258,0.9492886066436768,[0.1000 0.1000 0.1000 0.1000 0.1000 0.1000 0.1000],[0.0000 0.0000 0.0000 0.0000 0.0000 0.0000 0.0000],0.5597320199012756,0.7083020113551737,1.0,0.0,0.39645931551596764,None
77,0.8224098682403564,0.7373221516609192,1.2896394729614258,0.9492886066436768,[0.1000 0.1000 0.1000 0.1000 0.1000 0.1000 0.1000],[0.0000 0.0000 0.0000 0.0000 0.0000 0.0000 0.0000],0.5597320199012756,0.7083020113551737,1.0,0.0,0.39645931551596764,None
77,0.8224098682403564,0.7373221516609192,1.2896394729614258,0.9492886066436768,[0.1000 0.1000 0.1000 0.1000 0.1000 0.1000 0.1000],[0.0000 0.0000 0.0000 0.0000 0.0000 0.0000 0.0000],0.5597320199012756,0.7083020113551737,1.0,0.0,0.39645931551596764,None
77,0.8224098682403564,0.7373221516609192,1.2896394729614258,0.9492886066436768,[0.1000 0.1000 0.1000 0.1000 0.1000 0.1000 0.1000],[0.0000 0.0000 0.0000 0.0000 0.0000 0.0000 0.0000],0.5597320199012756,0.7083020113551737,1.0,0.0,0.39645931551596764,None
77,0.8224098682403564,0.7373221516609192,1.2896394729614258,0.9492886066436768,[0.1000 0.1000 0.1000 0.1000 0.1000 0.1000 0.1000],[0.0000 0.0000 0.0000 0.0000 0.0000 0.0000 0.0000],0.5597320199012756,0.7083020113551737,1.0,0.0,0.39645931551596764,None
77,0.8224098682403564,0.7373221516609192,1.2896394729614258,0.9492886066436768,[0.1000 0.1000 0.1000 0.1000 0.1000 0.1000 0.1000],[0.0000 0.0000 0.0000 0.0000 0.0000 0.0000 0.0000],0.5597320199012756,0.7083020113551737,1.0,0.0,0.39645931551596764,None
77,0.8224098682403564,0.7373221516609192,1.2896394729614258,0.9492886066436768,[0.1000 0.1000 0.1000 0.1000 0.1000 0.1000 0.1000],[0.0000 0.0000 0.0000 0.0000 0.0000 0.0000 0.0000],0.5597320199012756,0.7083020113551737,1.0,0.0,0.39645931551596764,None
77,0.8224098682403564,0.7373221516609192,1.2896394729614258,0.9492886066436768,[0.1000 0.1000 0.1000 0.1000 0.1000 0.1000 0.1000],[0.0000 0.0000 0.0000 0.0000 0.0000 0.0000 0.0000],0.5597320199012756,0.7083020113551737,1.0,0.0,0.39645931551596764,None
77,0.8224098682403564,0.7373221516609192,1.2896394729614258,0.9492886066436768,[0.1000 0.1000 0.1000 0.1000 0.1000 0.1000 0.1000],[0.0000 0.0000 0.0000 0.0000 0.0000 0.0000 0.0000],0.5597320199012756,0.7083020113551737,1.0,0.0,0.39645931551596764,None
77,0.8224098682403564,0.7373221516609192,1.2896394729614258,0.9492886066436768,[0.1000 0.1000 0.1000 0.1000 0.1000 0.1000 0.1000],[0.0000 0.0000 0.0000 0.0000 0.0000 0.0000 0.0000],0.5597320199012756,0.7083020113551737,1.0,0.0,0.39645931551596764,None
77,0.8224098682403564,0.7373221516609192,1.2896394729614258,0.9492886066436768,[0.1000 0.1000 0.1000 0.1000 0.1000 0.1000 0.1000],[0.0000 0.0000 0.0000 0.0000 0.0000 0.0000 0.0000],0.5597320199012756,0.7083020113551737,1.0,0.0,0.39645931551596764,None
77,0.8224098682403564,0.7373221516609192,1.2896394729614258,0.9492886066436768,[0.1000 0.1000 0.1000 0.1000 0.1000 0.1000 0.1000],[0.0000 0.0000 0.0000 0.0000 0.0000 0.0000 0.0000],0.5597320199012756,0.7083020113551737,1.0,0.0,0.39645931551596764,None
77,0.8224098682403564,0.7373221516609192,1.2896394729614258,0.9492886066436768,[0.1000 0.1000 0.1000 0.1000 0.1000 0.1000 0.1000],[0.0000 0.0000 0.0000 0.0000 0.0000 0.0000 0.0000],0.5597320199012756,0.7083020113551737,1.0,0.0,0.39645931551596764,None
77,0.8224098682403564,0.7373221516609192,1.2896394729614258,0.9492886066436768,[0.1000 0.1000 0.1000 0.1000 0.1000 0.1000 0.1000],[0.0000 0.0000 0.0000 0.0000 0.0000 0.0000 0.0000],0.5597320199012756,0.7083020113551737,1.0,0.0,0.39645931551596764,None
77,0.8224098682403564,0.7373221516609192,1.2896394729614258,0.9492886066436768,[0.1000 0.1000 0.1000 0.1000 0.1000 0.1000 0.1000],[0.0000 0.0000 0.0000 0.0000 0.0000 0.0000 0.0000],0.5597320199012756,0.7083020113551737,1.0,0.0,0.39645931551596764,None
77,0.8224098682403564,0.7373221516609192,1.2896394729614258,0.9492886066436768,[0.1000 0.1000 0.1000 0.1000 0.1000 0.1000 0.1000],[0.0000 0.0000 0.0000 0.0000 0.0000 0.0000 0.0000],0.5597320199012756,0.7083020113551737,1.0,0.0,0.39645931551596764,None
77,0.8224098682403564,0.7373221516609192,1.2896394729614258,0.9492886066436768,[0.1000 0.1000 0.1000 0.1000 0.1000 0.1000 0.1000],[0.0000 0.0000 0.0000 0.0000 0.0000 0.0000 0.0000],0.5597320199012756,0.7083020113551737,1.0,0.0,0.39645931551596764,None
77,0.8224098682403564,0.7373221516609192,1.2896394729614258,0.9492886066436768,[0.1000 0.1000 0.1000 0.1000 0.1000 0.1000 0.1000],[0.0000 0.0000 0.0000 0.0000 0.0000 0.0000 0.0000],0.5597320199012756,0.7083020113551737,1.0,0.0,0.39645931551596764,None
77,0.8224098682403564,0.7373221516609192,1.2896394729614258,0.9492886066436768,[0.1000 0.1000 0.1000 0.1000 0.1000 0.1000 0.1000],[0.0000 0.0000 0.0000 0.0000 0.0000 0.0000 0.0000],0.5597320199012756,0.7083020113551737,1.0,0.0,0.39645931551596764,None
77,0.8224098682403564,0.7373221516609192,1.2896394729614258,0.9492886066436768,[0.1000 0.1000 0.1000 0.1000 0.1000 0.1000 0.1000],[0.0000 0.0000 0.0000 0.0000 0.0000 0.0000 0.0000],0.5597320199012756,0.7083020113551737,1.0,0.0,0.39645931551596764,None
77,0.8224098682403564,0.7373221516609192,1.2896394729614258,0.9492886066436768,[0.1000 0.1000 0.1000 0.1000 0.1000 0.1000 0.1000],[0.0000 0.0000 0.0000 0.0000 0.0000 0.0000 0.0000],0.5597320199012756,0.7083020113551737,1.0,0.0,0.39645931551596764,None
77,0.8224098682403564,0.7373221516609192,1.2896394729614258,0.9492886066436768,[0.1000 0.1000 0.1000 0.1000 0.1000 0.1000 0.1000],[0.0000 0.0000 0.0000 0.0000 0.0000 0.0000 0.0000],0.5597320199012756,0.7083020113551737,1.0,0.0,0.39645931551596764,None
77,0.8224098682403564,0.7373221516609192,1.2896394729614258,0.9492886066436768,[0.1000 0.1000 0.1000 0.1000 0.1000 0.1000 0.1000],[0.0000 0.0000 0.0000 0.0000 0.0000 0.0000 0.0000],0.5597320199012756,0.7083020113551737,1.0,0.0,0.39645931551596764,None
77,0.8224098682403564,0.7373221516609192,1.2896394729614258,0.9492886066436768,[0.1000 0.1000 0.1000 0.1000 0.1000 0.1000 0.1000],[0.0000 0.0000 0.0000 0.0000 0.0000 0.0000 0.0000],0.5597320199012756,0.7083020113551737,1.0,0.0,0.39645931551596764,None
77,0.8224098682403564,0.7373221516609192,1.2896394729614258,0.9492886066436768,[0.1000 0.1000 0.1000 0.1000 0.1000 0.1000 0.1000],[0.0000 0.0000 0.0000 0.0000 0.0000 0.0000 0.0000],0.5597320199012756,0.7083020113551737,1.0,0.0,0.39645931551596764,None
77,0.8224098682403564,0.7373221516609192,1.2896394729614258,0.9492886066436768,[0.1000 0.1000 0.1000 0.1000 0.1000 0.1000 0.1000],[0.0000 0.0000 0.0000 0.0000 0.0000 0.0000 0.0000],0.5597320199012756,0.7083020113551737,1.0,0.0,0.39645931551596764,None
77,0.8224098682403564,0.7373221516609192,1.2896394729614258,0.9492886066436768,[0.1000 0.1000 0.1000 0.1000 0.1000 0.1000 0.1000],[0.0000 0.0000 0.0000 0.0000 0.0000 0.0000 0.0000],0.5597320199012756,0.7083020113551737,1.0,0.0,0.39645931551596764,None
77,0.8224098682403564,0.7373221516609192,1.2896394729614258,0.9492886066436768,[0.1000 0.1000 0.1000 0.1000 0.1000 0.1000 0.1000],[0.0000 0.0000 0.0000 0.0000 0.0000 0.0000 0.0000],0.5597320199012756,0.7083020113551737,1.0,0.0,0.39645931551596764,None
77,0.8224098682403564,0.7373221516609192,1.2896394729614258,0.9492886066436768,[0.1000 0.1000 0.1000 0.1000 0.1000 0.1000 0.1000],[0.0000 0.0000 0.0000 0.0000 0.0000 0.0000 0.0000],0.5597320199012756,0.7083020113551737,1.0,0.0,0.39645931551596764,None
77,0.8224098682403564,0.7373221516609192,1.2896394729614258,0.9492886066436768,[0.1000 0.1000 0.1000 0.1000 0.1000 0.1000 0.1000],[0.0000 0.0000 0.0000 0.0000 0.0000 0.0000 0.0000],0.5597320199012756,0.7083020113551737,1.0,0.0,0.39645931551596764,None
77,0.8224098682403564,0.7373221516609192,1.2896394729614258,0.9492886066436768,[0.1000 0.1000 0.1000 0.1000 0.1000 0.1000 0.1000],[0.0000 0.0000 0.0000 0.0000 0.0000 0.0000 0.0000],0.5597320199012756,0.7083020113551737,1.0,0.0,0.39645931551596764,None
77,0.8224098682403564,0.7373221516609192,1.2896394729614258,0.9492886066436768,[0.1000 0.1000 0.1000 0.1000 0.1000 0.1000 0.1000],[0.0000 0.0000 0.0000 0.0000 0.0000 0.0000 0.0000],0.5597320199012756,0.7083020113551737,1.0,0.0,0.39645931551596764,None
77,0.8224098682403564,0.7373221516609192,1.2896394729614258,0.9492886066436768,[0.1000 0.1000 0.1000 0.1000 0.1000 0.1000 0.1000],[0.0000 0.0000 0.0000 0.0000 0.0000 0.0000 0.0000],0.5597320199012756,0.7083020113551737,1.0,0.0,0.39645931551596764,None
77,0.8224098682403564,0.7373221516609192,1.2896394729614258,0.9492886066436768,[0.1000 0.1000 0.1000 0.1000 0.1000 0.1000 0.1000],[0.0000 0.0000 0.0000 0.0000 0.0000 0.0000 0.0000],0.5597320199012756,0.7083020113551737,1.0,0.0,0.39645931551596764,None
77,0.8224098682403564,0.7373221516609192,1.2896394729614258,0.9492886066436768,[0.1000 0.1000 0.1000 0.1000 0.1000 0.1000 0.1000],[0.0000 0.0000 0.0000 0.0000 0.0000 0.0000 0.0000],0.5597320199012756,0.7083020113551737,1.0,0.0,0.39645931551596764,None
77,0.8224098682403564,0.7373221516609192,1.2896394729614258,0.9492886066436768,[0.1000 0.1000 0.1000 0.1000 0.1000 0.1000 0.1000],[0.0000 0.0000 0.0000 0.0000 0.0000 0.0000 0.0000],0.5597320199012756,0.7083020113551737,1.0,0.0,0.39645931551596764,None
77,0.8224098682403564,0.7373221516609192,1.2896394729614258,0.9492886066436768,[0.1000 0.1000 0.1000 0.1000 0.1000 0.1000 0.1000],[0.0000 0.0000 0.0000 0.0000 0.0000 0.0000 0.0000],0.5597320199012756,0.7083020113551737,1.0,0.0,0.39645931551596764,None
77,0.8224098682403564,0.7373221516609192,1.2896394729614258,0.9492886066436768,[0.1000 0.1000 0.1000 0.1000 0.1000 0.1000 0.1000],[0.0000 0.0000 0.0000 0.0000 0.0000 0.0000 0.0000],0.5597320199012756,0.7083020113551737,1.0,0.0,0.39645931551596764,None
77,0.8224098682403564,0.7373221516609192,1.2896394729614258,0.9492886066436768,[0.1000 0.1000 0.1000 0.1000 0.1000 0.1000 0.1000],[0.0000 0.0000 0.0000 0.0000 0.0000 0.0000 0.0000],0.5597320199012756,0.7083020113551737,1.0,0.0,0.39645931551596764,None
77,0.8224098682403564,0.7373221516609192,1.2896394729614258,0.9492886066436768,[0.1000 0.1000 0.1000 0.1000 0.1000 0.1000 0.1000],[0.0000 0.0000 0.0000 0.0000 0.0000 0.0000 0.0000],0.5597320199012756,0.7083020113551737,1.0,0.0,0.39645931551596764,None
77,0.8224098682403564,0.7373221516609192,1.2896394729614258,0.9492886066436768,[0.1000 0.1000 0.1000 0.1000 0.1000 0.1000 0.1000],[0.0000 0.0000 0.0000 0.0000 0.0000 0.0000 0.0000],0.5597320199012756,0.7083020113551737,1.0,0.0,0.39645931551596764,None
77,0.8224098682403564,0.7373221516609192,1.2896394729614258,0.9492886066436768,[0.1000 0.1000 0.1000 0.1000 0.1000 0.1000 0.1000],[0.0000 0.0000 0.0000 0.0000 0.0000 0.0000 0.0000],0.5597320199012756,0.7083020113551737,1.0,0.0,0.39645931551596764,None
77,0.8224098682403564,0.7373221516609192,1.2896394729614258,0.9492886066436768,[0.1000 0.1000 0.1000 0.1000 0.1000 0.1000 0.1000],[0.0000 0.0000 0.0000 0.0000 0.0000 0.0000 0.0000],0.5597320199012756,0.7083020113551737,1.0,0.0,0.39645931551596764,None
77,0.8224098682403564,0.7373221516609192,1.2896394729614258,0.9492886066436768,[0.1000 0.1000 0.1000 0.1000 0.1000 0.1000 0.1000],[0.0000 0.0000 0.0000 0.0000 0.0000 0.0000 0.0000],0.5597320199012756,0.7083020113551737,1.0,0.0,0.39645931551596764,None
77,0.8224098682403564,0.7373221516609192,1.2896394729614258,0.9492886066436768,[0.1000 0.1000 0.1000 0.1000 0.1000 0.1000 0.1000],[0.0000 0.0000 0.0000 0.0000 0.0000 0.0000 0.0000],0.5597320199012756,0.7083020113551737,1.0,0.0,0.39645931551596764,None
77,0.8224098682403564,0.7373221516609192,1.2896394729614258,0.9492886066436768,[0.1000 0.1000 0.1000 0.1000 0.1000 0.1000 0.1000],[0.0000 0.0000 0.0000 0.0000 0.0000 0.0000 0.0000],0.5597320199012756,0.7083020113551737,1.0,0.0,0.39645931551596764,None
77,0.8224098682403564,0.7373221516609192,1.2896394729614258,0.9492886066436768,[0.1000 0.1000 0.1000 0.1000 0.1000 0.1000 0.1000],[0.0000 0.0000 0.0000 0.0000 0.0000 0.0000 0.0000],0.5597320199012756,0.7083020113551737,1.0,0.0,0.39645931551596764,None
77,0.8195082545280457,0.7373221516609192,1.2780330181121826,0.9492886066436768,[0.1079 0.1000 0.1000 0.1000 0.1000 0.1000 0.1000],[-0.0790 0.0000 0.0000 0.0000 0.0000 0.0000 0.0000],0.5568304061889648,0.7133188131963898,1.0,0.0,0.3971976044943761,None
77,0.819769024848938,0.7373221516609192,1.279076099395752,0.9492886066436768,[0.1072 0.1000 0.1000 0.1000 0.1000 0.1000 0.1000],[-0.0719 0.0000 0.0000 0.0000 0.0000 0.0000 0.0000],0.5570911765098572,0.7128643644755692,1.0,0.0,0.3971304474976465,None
77,0.8200334906578064,0.7373221516609192,1.2801339626312256,0.9492886066436768,[0.1065 0.1000 0.1000 0.1000 0.1000 0.1000 0.1000],[-0.0648 0.0000 0.0000 0.0000 0.0000 0.0000 0.0000],0.5573556423187256,0.7124042090070037,1.0,0.0,0.3970625055016622,None
77,0.8202512860298157,0.7373221516609192,1.2810051441192627,0.9492886066436768,[0.1059 0.1000 0.1000 0.1000 0.1000 0.1000 0.1000],[-0.0589 0.0000 0.0000 0.0000 0.0000 0.0000 0.0000],0.5575734376907349,0.7120258095438126,1.0,0.0,0.39700667835187203,None
77,0.8205122351646423,0.7373221516609192,1.2820489406585693,0.9492886066436768,[0.1052 0.1000 0.1000 0.1000 0.1000 0.1000 0.1000],[-0.0518 0.0000 0.0000 0.0000 0.0000 0.0000 0.0000],0.5578343868255615,0.7115730881077094,1.0,0.0,0.3969399372861353,None
77,0.820768415927887,0.7373221516609192,1.2830736637115479,0.9492886066436768,[0.1045 0.1000 0.1000 0.1000 0.1000 0.1000 0.1000],[-0.0448 0.0000 0.0000 0.0000 0.0000 0.0000 0.0000],0.5580905675888062,0.7111293295141098,1.0,0.0,0.3968745711375767,None
77,0.8210263848304749,0.7373221516609192,1.2841055393218994,0.9492886066436768,[0.1038 0.1000 0.1000 0.1000 0.1000 0.1000 0.1000],[-0.0378 0.0000 0.0000 0.0000 0.0000 0.0000 0.0000],0.558348536491394,0.71068316127547,1.0,0.0,0.39680890300723604,None
77,0.8212801218032837,0.7373221516609192,1.2851204872131348,0.9492886066436768,[0.1031 0.1000 0.1000 0.1000 0.1000 0.1000 0.1000],[-0.0309 0.0000 0.0000 0.0000 0.0000 0.0000 0.0000],0.5586022734642029,0.7102449825415192,1.0,0.0,0.39674446196423574,None
77,0.8214925527572632,0.7373221516609192,1.2859702110290527,0.9492886066436768,[0.1025 0.1000 0.1000 0.1000 0.1000 0.1000 0.1000],[-0.0251 0.0000 0.0000 0.0000 0.0000 0.0000 0.0000],0.5588147044181824,0.7098786441911868,1.0,0.0,0.39669062472647815,None
77,0.8217411637306213,0.7373221516609192,1.2869646549224854,0.9492886066436768,[0.1018 0.1000 0.1000 0.1000 0.1000 0.1000 0.1000],[-0.0183 0.0000 0.0000 0.0000 0.0000 0.0000 0.0000],0.5590633153915405,0.7094504997944375,1.0,0.0,0.3966277485212637,None
77,0.8219966888427734,0.7373221516609192,1.2879867553710938,0.9492886066436768,[0.1011 0.1000 0.1000 0.1000 0.1000 0.1000 0.1000],[-0.0113 0.0000 0.0000 0.0000 0.0000 0.0000 0.0000],0.5593188405036926,0.709011104710413,1.0,0.0,0.39656326899087035,None
77,0.822245180606842,0.7373221516609192,1.2889807224273682,0.9492886066436768,[0.1005 0.1000 0.1000 0.1000 0.1000 0.1000 0.1000],[-0.0045 0.0000 0.0000 0.0000 0.0000 0.0000 0.0000],0.5595673322677612,0.708584439423831,1.0,0.0,0.39650070445484015,None
77,0.8224851489067078,0.7373221516609192,1.289940595626831,0.9492886066436768,[0.0998 0.1000 0.1000 0.1000 0.1000 0.1000 0.1000],[0.0021 0.0000 0.0000 0.0000 0.0000 0.0000 0.0000],0.559807300567627,0.7081730011705761,0.9979386627674103,0.002061337232589777,0.3956232187299233,None
77,0.8227258920669556,0.7373221516609192,1.2909035682678223,0.9492886066436768,[0.0991 0.1000 0.1000 0.1000 0.1000 0.1000 0.1000],[0.0087 0.0000 0.0000 0.0000 0.0000 0.0000 0.0000],0.5600480437278748,0.7077608164430438,0.9913402050733566,0.008659794926643427,0.392947490637704,None
77,0.8229385018348694,0.7373221516609192,1.2917540073394775,0.9492886066436768,[0.0986 0.1000 0.1000 0.1000 0.1000 0.1000 0.1000],[0.0145 0.0000 0.0000 0.0000 0.0000 0.0000 0.0000],0.5602606534957886,0.707397282695546,0.9855055063962936,0.014494493603706415,0.3905823066906059,None
77,0.8231753706932068,0.7373221516609192,1.2927014827728271,0.9492886066436768,[0.0979 0.1000 0.1000 0.1000 0.1000 0.1000 0.1000],[0.0210 0.0000 0.0000 0.0000 0.0000 0.0000 0.0000],0.560497522354126,0.7069928003746536,0.9790004044771194,0.02099959552288061,0.3879462512418454,None
77,0.8233882784843445,0.7373221516609192,1.293553113937378,0.9492886066436768,[0.0973 0.1000 0.1000 0.1000 0.1000 0.1000 0.1000],[0.0269 0.0000 0.0000 0.0000 0.0000 0.0000 0.0000],0.5607104301452637,0.7066297103941415,0.9731455147266388,0.02685448527336126,0.3855745084153924,None
77,0.8236156105995178,0.7373221516609192,1.2944624423980713,0.9492886066436768,[0.0967 0.1000 0.1000 0.1000 0.1000 0.1000 0.1000],[0.0331 0.0000 0.0000 0.0000 0.0000 0.0000 0.0000],0.560937762260437,0.7062425167955739,0.9668873250484467,0.0331126749515534,0.383040242689615,None
77,0.823848307132721,0.7373221516609192,1.2953932285308838,0.9492886066436768,[0.0960 0.1000 0.1000 0.1000 0.1000 0.1000 0.1000],[0.0395 0.0000 0.0000 0.0000 0.0000 0.0000 0.0000],0.5611704587936401,0.7058467143277136,0.9604734927415848,0.03952650725841528,0.3804438621651742,None
77,0.8240655064582825,0.7373221516609192,1.2962620258331299,0.9492886066436768,[0.0954 0.1000 0.1000 0.1000 0.1000 0.1000 0.1000],[0.0455 0.0000 0.0000 0.0000 0.0000 0.0000 0.0000],0.5613876581192017,0.7054777516088755,0.9544817358255386,0.04551826417446142,0.37801915348967774,None
77,0.8242664933204651,0.7373221516609192,1.2970659732818604,0.9492886066436768,[0.0949 0.1000 0.1000 0.1000 0.1000 0.1000 0.1000],[0.0511 0.0000 0.0000 0.0000 0.0000 0.0000 0.0000],0.5615886449813843,0.7051367407431948,0.9489298611879349,0.05107013881206518,0.3757731758915669,None
77,0.8244909048080444,0.7373221516609192,1.2979636192321777,0.9492886066436768,[0.0943 0.1000 0.1000 0.1000 0.1000 0.1000 0.1000],[0.0573 0.0000 0.0000 0.0000 0.0000 0.0000 0.0000],0.5618130564689636,0.7047564511337712,0.9427255392074585,0.05727446079254156,0.3732640470688325,None
77,0.8247045874595642,0.7373221516609192,1.2988183498382568,0.9492886066436768,[0.0937 0.1000 0.1000 0.1000 0.1000 0.1000 0.1000],[0.0632 0.0000 0.0000 0.0000 0.0000 0.0000 0.0000],0.5620267391204834,0.704394797409374,0.9368123859167099,0.06318761408329016,0.37087344794820737,None
77,0.8249253630638123,0.7373221516609192,1.299701452255249,0.9492886066436768,[0.0931 0.1000 0.1000 0.1000 0.1000 0.1000 0.1000],[0.0693 0.0000 0.0000 0.0000 0.0000 0.0000 0.0000],0.5622475147247314,0.7040216031483157,0.9306942671537399,0.06930573284626013,0.3684008037348126,None
77,0.8251470923423767,0.7373221516609192,1.3005883693695068,0.9492886066436768,[0.0925 0.1000 0.1000 0.1000 0.1000 0.1000 0.1000],[0.0755 0.0000 0.0000 0.0000 0.0000 0.0000 0.0000],0.5624692440032959,0.7036472698262128,0.9245418012142181,0.07545819878578192,0.3659151059197567,None
77,0.8253699541091919,0.7373221516609192,1.3014798164367676,0.9492886066436768,[0.0918 0.1000 0.1000 0.1000 0.1000 0.1000 0.1000],[0.0816 0.0000 0.0000 0.0000 0.0000 0.0000 0.0000],0.5626921057701111,0.7032715004448129,0.9183504432439804,0.08164955675601965,0.3634145244146952,None
77,0.8255481719970703,0.7373221516609192,1.3021926879882812,0.9492886066436768,[0.0913 0.1000 0.1000 0.1000 0.1000 0.1000 0.1000],[0.0866 0.0000 0.0000 0.0000 0.0000 0.0000 0.0000],0.5628703236579895,0.7029713476175217,0.9133920073509216,0.08660799264907842,0.3614125113285436,None
77,0.8257641792297363,0.7373221516609192,1.3030567169189453,0.9492886066436768,[0.0907 0.1000 0.1000 0.1000 0.1000 0.1000 0.1000],[0.0926 0.0000 0.0000 0.0000 0.0000 0.0000 0.0000],0.5630863308906555,0.7026079564466845,0.9073781222105026,0.09262187778949743,0.35898504126679526,None
77,0.8259826302528381,0.7373221516609192,1.3039305210113525,0.9492886066436768,[0.0901 0.1000 0.1000 0.1000 0.1000 0.1000 0.1000],[0.0987 0.0000 0.0000 0.0000 0.0000 0.0000 0.0000],0.5633047819137573,0.7022409051062941,0.9012890607118607,0.0987109392881394,0.35652801495338626,None
77,0.8262017965316772,0.7373221516609192,1.304807186126709,0.9492886066436768,[0.0895 0.1000 0.1000 0.1000 0.1000 0.1000 0.1000],[0.1048 0.0000 0.0000 0.0000 0.0000 0.0000 0.0000],0.5635239481925964,0.7018731060927947,0.8951694518327713,0.10483054816722875,0.3540594839479671,None
77,0.8264135122299194,0.7373221516609192,1.3056540489196777,0.9492886066436768,[0.0889 0.1000 0.1000 0.1000 0.1000 0.1000 0.1000],[0.1107 0.0000 0.0000 0.0000 0.0000 0.0000 0.0000],0.5637356638908386,0.7015182408102628,0.8892522007226944,0.11074779927730566,0.3516733247643552,None
77,0.8266232013702393,0.7373221516609192,1.306492805480957,0.9492886066436768,[0.0883 0.1000 0.1000 0.1000 0.1000 0.1000 0.1000],[0.1166 0.0000 0.0000 0.0000 0.0000 0.0000 0.0000],0.5639453530311584,0.7011671876963307,0.8833836019039154,0.11661639809608465,0.3493075237230568,None
77,0.8268147706985474,0.7373221516609192,1.3072590827941895,0.9492886066436768,[0.0878 0.1000 0.1000 0.1000 0.1000 0.1000 0.1000],[0.1220 0.0000 0.0000 0.0000 0.0000 0.0000 0.0000],0.5641369223594666,0.7008468301394282,0.878017470240593,0.1219825297594071,0.3471449050680734,None
77,0.8270342350006104,0.7373221516609192,1.3081369400024414,0.9492886066436768,[0.0872 0.1000 0.1000 0.1000 0.1000 0.1000 0.1000],[0.1281 0.0000 0.0000 0.0000 0.0000 0.0000 0.0000],0.5643563866615295,0.7004802454934046,0.8718599379062653,0.1281400620937348,0.3446641068223461,None
77,0.8272528052330017,0.7373221516609192,1.3090112209320068,0.9492886066436768,[0.0866 0.1000 0.1000 0.1000 0.1000 0.1000 0.1000],[0.1343 0.0000 0.0000 0.0000 0.0000 0.0000 0.0000],0.5645749568939209,0.700115599651995,0.8657174557447433,0.1342825442552567,0.34219017744438257,None
77,0.8274750113487244,0.7373221516609192,1.3099000453948975,0.9492886066436768,[0.0859 0.1000 0.1000 0.1000 0.1000 0.1000 0.1000],[0.1405 0.0000 0.0000 0.0000 0.0000 0.0000 0.0000],0.5647971630096436,0.6997453419382054,0.8594653755426407,0.14053462445735937,0.3396729070334456,None
77,0.8276954293251038,0.7373221516609192,1.310781717300415,0.9492886066436768,[0.0853 0.1077 0.1000 0.1000 0.1000 0.1000 0.1000],[0.1467 -0.0771 0.0000 0.0000 0.0000 0.0000 0.0000],0.565017580986023,0.6993785143004836,0.8532550930976868,0.1467449069023133,0.3371732692445974,None
77,0.8278946876525879,0.7373221516609192,1.3115787506103516,0.9492886066436768,[0.0848 0.1068 0.1000 0.1000 0.1000 0.1000 0.1000],[0.1524 -0.0681 0.0000 0.0000 0.0000 0.0000 0.0000],0.5652168393135071,0.6990472861201137,0.847632959485054,0.15236704051494604,0.3349110537693782,None
77,0.8281115889549255,0.7373221516609192,1.3124463558197021,0.9492886066436768,[0.0842 0.1059 0.1000 0.1000 0.1000 0.1000 0.1000],[0.1585 -0.0590 0.0000 0.0000 0.0000 0.0000 0.0000],0.5654337406158447,0.6986871438288662,0.8415038883686066,0.1584961116313935,0.3324456076862818,None
77,0.828300952911377,0.7373221516609192,1.3132038116455078,0.9492886066436768,[0.0836 0.1051 0.1000 0.1000 0.1000 0.1000 0.1000],[0.1639 -0.0506 0.0000 0.0000 0.0000 0.0000 0.0000],0.5656231045722961,0.6983730760517926,0.836142972111702,0.1638570278882981,0.3302898083123951,None
77,0.8284775018692017,0.7373221516609192,1.3139100074768066,0.9492886066436768,[0.0831 0.1043 0.1000 0.1000 0.1000 0.1000 0.1000],[0.1689 -0.0427 0.0000 0.0000 0.0000 0.0000 0.0000],0.5657996535301208,0.6980805567568023,0.8311420679092407,0.16885793209075933,0.32827928866395434,None
77,0.828648030757904,0.7373221516609192,1.3145921230316162,0.9492886066436768,[0.0826 0.1035 0.1000 0.1000 0.1000 0.1000 0.1000],[0.1737 -0.0352 0.0000 0.0000 0.0000 0.0000 0.0000],0.5659701824188232,0.6977982807842006,0.8263034373521805,0.17369656264781957,0.32633451217048,None
77,0.8288114070892334,0.7373221516609192,1.3152456283569336,0.9492886066436768,[0.0822 0.1028 0.1000 0.1000 0.1000 0.1000 0.1000],[0.1783 -0.0281 0.0000 0.0000 0.0000 0.0000 0.0000],0.5661335587501526,0.6975280915054851,0.8216657489538193,0.17833425104618078,0.3244709242018067,None
77,0.8289691805839539,0.7373221516609192,1.3158767223358154,0.9492886066436768,[0.0817 0.1022 0.1000 0.1000 0.1000 0.1000 0.1000],[0.1828 -0.0222 0.0000 0.0000 0.0000 0.0000 0.0000],0.566291332244873,0.6972673969935932,0.8171774446964264,0.18282255530357366,0.32266781194228733,None
77,0.8291709423065186,0.7373221516609192,1.3166837692260742,0.9492886066436768,[0.0811 0.1014 0.1000 0.1000 0.1000 0.1000 0.1000],[0.1886 -0.0139 0.0000 0.0000 0.0000 0.0000 0.0000],0.5664930939674377,0.696934345981602,0.8114344626665115,0.18856553733348852,0.32036121814229424,None
77,0.8293778300285339,0.7373221516609192,1.3175113201141357,0.9492886066436768,[0.0806 0.1005 0.1000 0.1000 0.1000 0.1000 0.1000],[0.1945 -0.0054 0.0000 0.0000 0.0000 0.0000 0.0000],0.5666999816894531,0.6965932130495187,0.8055343478918076,0.1944656521081925,0.31799222450189296,None
77,0.829582154750824,0.7373221516609192,1.318328619003296,0.9492886066436768,[0.0800 0.0997 0.1000 0.1000 0.1000 0.1000 0.1000],[0.2003 0.0031 0.0000 0.0000 0.0000 0.0000 0.0000],0.5669043064117432,0.6962566822300369,0.7996998727321625,0.20030012726783758,0.31565026571186705,None
77,0.8297790288925171,0.7373221516609192,1.3191161155700684,0.9492886066436768,[0.0794 0.0989 0.1000 0.1000 0.1000 0.1000 0.1000],[0.2059 0.0114 0.0000 0.0000 0.0000 0.0000 0.0000],0.5671011805534363,0.6959327751440516,0.7940712571144104,0.20592874288558966,0.31339157554485914,None
77,0.8299709558486938,0.7373221516609192,1.3198838233947754,0.9492886066436768,[0.0789 0.0981 0.1000 0.1000 0.1000 0.1000 0.1000],[0.2114 0.0195 0.0000 0.0000 0.0000 0.0000 0.0000],0.567293107509613,0.6956173392129987,0.788571760058403,0.21142823994159704,0.3111853378736615,None
77,0.8301553726196289,0.7373221516609192,1.3206214904785156,0.9492886066436768,[0.0783 0.0973 0.1000 0.1000 0.1000 0.1000 0.1000],[0.2167 0.0274 0.0000 0.0000 0.0000 0.0000 0.0000],0.5674775242805481,0.6953145540746823,0.7832833379507065,0.21671666204929357,0.3090643220844663,None
77,0.8303609490394592,0.7373221516609192,1.321443796157837,0.9492886066436768,[0.0777 0.0964 0.1000 0.1000 0.1000 0.1000 0.1000],[0.2226 0.0362 0.0000 0.0000 0.0000 0.0000 0.0000],0.5676831007003784,0.6949773821852877,0.7773779332637787,0.22262206673622137,0.3066965179827661,None
77,0.8305647969245911,0.7373221516609192,1.3222591876983643,0.9492886066436768,[0.0772 0.0955 0.1000 0.1000 0.1000 0.1000 0.1000],[0.2285 0.0449 0.0000 0.0000 0.0000 0.0000 0.0000],0.5678869485855103,0.6946434129355126,0.7715140283107758,0.2284859716892243,0.30434602692295776,None
77,0.8307675719261169,0.7373221516609192,1.3230702877044678,0.9492886066436768,[0.0766 0.0946 0.1000 0.1000 0.1000 0.1000 0.1000],[0.2343 0.0536 0.0000 0.0000 0.0000 0.0000 0.0000],0.5680897235870361,0.6943115634094124,0.7656705379486084,0.23432946205139166,0.3020043981982338,None
77,0.8309727907180786,0.7373221516609192,1.3238911628723145,0.9492886066436768,[0.0760 0.0938 0.1000 0.1000 0.1000 0.1000 0.1000],[0.2403 0.0623 0.0000 0.0000 0.0000 0.0000 0.0000],0.5682949423789978,0.6939760809068032,0.7597458362579346,0.24025416374206549,0.29963091576889583,None
77,0.8311733603477478,0.7373221516609192,1.3246934413909912,0.9492886066436768,[0.0754 0.0929 0.1000 0.1000 0.1000 0.1000 0.1000],[0.2461 0.0709 0.0000 0.0000 0.0000 0.0000 0.0000],0.568495512008667,0.6936485536400576,0.7539455592632294,0.24605444073677069,0.29730794365312346,None
77,0.8313503265380859,0.7373221516609192,1.3254013061523438,0.9492886066436768,[0.0749 0.0922 0.1000 0.1000 0.1000 0.1000 0.1000],[0.2512 0.0784 0.0000 0.0000 0.0000 0.0000 0.0000],0.5686724781990051,0.6933598609490813,0.7488224655389786,0.2511775344610215,0.29525670724501935,None
77,0.8315495848655701,0.7373221516609192,1.3261983394622803,0.9492886066436768,[0.0743 0.0913 0.1000 0.1000 0.1000 0.1000 0.1000],[0.2570 0.0870 0.0000 0.0000 0.0000 0.0000 0.0000],0.5688717365264893,0.6930351270834871,0.7430412620306015,0.25695873796939855,0.2929426029668655,None
77,0.8317514061927795,0.7373221516609192,1.3270056247711182,0.9492886066436768,[0.0737 0.0904 0.1000 0.1000 0.1000 0.1000 0.1000],[0.2628 0.0956 0.0000 0.0000 0.0000 0.0000 0.0000],0.5690735578536987,0.692706566077535,0.7371776551008224,0.2628223448991776,0.2905961615250298,None
77,0.8319483995437622,0.7373221516609192,1.3277935981750488,0.9492886066436768,[0.0731 0.0896 0.1000 0.1000 0.1000 0.1000 0.1000],[0.2686 0.1041 0.0000 0.0000 0.0000 0.0000 0.0000],0.5692705512046814,0.6923862033607027,0.7314442843198776,0.26855571568012243,0.28830247720791247,None
77,0.8321428894996643,0.7373221516609192,1.3285715579986572,0.9492886066436768,[0.0726 0.0887 0.1000 0.1000 0.1000 0.1000 0.1000],[0.2742 0.1125 0.0000 0.0000 0.0000 0.0000 0.0000],0.5694650411605835,0.6920702387901665,0.725773498415947,0.2742265015840531,0.2860344533999644,None
77,0.8323262929916382,0.7373221516609192,1.3293051719665527,0.9492886066436768,[0.0720 0.0879 0.1000 0.1000 0.1000 0.1000 0.1000],[0.2796 0.1207 0.0000 0.0000 0.0000 0.0000 0.0000],0.5696484446525574,0.6917725817992193,0.7204173505306244,0.27958264946937567,0.28389283034285345,None
77,0.8325010538101196,0.7373221516609192,1.3300042152404785,0.9492886066436768,[0.0715 0.0872 0.1000 0.1000 0.1000 0.1000 0.1000],[0.2847 0.1284 0.0000 0.0000 0.0000 0.0000 0.0000],0.5698232054710388,0.6914892187472204,0.7153064757585526,0.2846935242414475,0.2818497808723699,None
77,0.8326902389526367,0.7373221516609192,1.3307609558105469,0.9492886066436768,[0.0710 0.0863 0.1000 0.1000 0.1000 0.1000 0.1000],[0.2902 0.1370 0.0000 0.0000 0.0000 0.0000 0.0000],0.5700123906135559,0.6911827606953953,0.7097641378641129,0.2902358621358872,0.27963481821011604,None
77,0.8328807353973389,0.7373221516609192,1.3315229415893555,0.9492886066436768,[0.0704 0.0854 0.1000 0.1000 0.1000 0.1000 0.1000],[0.2958 0.1458 0.0000 0.0000 0.0000 0.0000 0.0000],0.5702028870582581,0.690874485465176,0.7041730731725693,0.2958269268274308,0.27740097305765615,None
77,0.8330698609352112,0.7373221516609192,1.3322794437408447,0.9492886066436768,[0.0699 0.0845 0.1000 0.1000 0.1000 0.1000 0.1000],[0.3014 0.1546 0.0000 0.0000 0.0000 0.0000 0.0000],0.5703920125961304,0.6905687325522969,0.6986130774021149,0.3013869225978852,0.2751801207145064,None
77,0.8332798480987549,0.7373221516609192,1.3331193923950195,0.9492886066436768,[0.0692 0.0836 0.1000 0.1000 0.1000 0.1000 0.1000],[0.3076 0.1641 0.0000 0.0000 0.0000 0.0000 0.0000],0.5706019997596741,0.6902296069056377,0.6924294680356979,0.3075705319643021,0.2727108490808291,None
77,0.833441436290741,0.7373221516609192,1.3337657451629639,0.9492886066436768,[0.0688 0.0829 0.1000 0.1000 0.1000 0.1000 0.1000],[0.3123 0.1712 0.0000 0.0000 0.0000 0.0000 0.0000],0.5707635879516602,0.6899688973186371,0.6876639276742935,0.31233607232570654,0.27080832855715314,None
77,0.8336090445518494,0.7373221516609192,1.3344361782073975,0.9492886066436768,[0.0683 0.0822 0.1000 0.1000 0.1000 0.1000 0.1000],[0.3173 0.1783 0.0000 0.0000 0.0000 0.0000 0.0000],0.5709311962127686,0.6896987062693258,0.6827089190483093,0.31729108095169073,0.2688306374579361,None
77,0.8337833881378174,0.7373221516609192,1.3351335525512695,0.9492886066436768,[0.0678 0.0814 0.1000 0.1000 0.1000 0.1000 0.1000],[0.3225 0.1857 0.0000 0.0000 0.0000 0.0000 0.0000],0.5711055397987366,0.6894179070247317,0.6775498390197754,0.32245016098022466,0.266771959609672,None
77,0.8339602947235107,0.7373221516609192,1.335841178894043,0.9492886066436768,[0.0672 0.0807 0.1000 0.1000 0.1000 0.1000 0.1000],[0.3277 0.1934 0.0000 0.0000 0.0000 0.0000 0.0000],0.5712824463844299,0.6891332390515326,0.6723056733608246,0.32769432663917547,0.2646798341084616,None
77,0.834141731262207,0.7373221516609192,1.3365669250488281,0.9492886066436768,[0.0667 0.0799 0.1000 0.1000 0.1000 0.1000 0.1000],[0.3331 0.2012 0.0000 0.0000 0.0000 0.0000 0.0000],0.5714638829231262,0.6888415522578764,0.6669182330369949,0.3330817669630051,0.26253107406374987,None
77,0.8343245983123779,0.7373221516609192,1.3372983932495117,0.9492886066436768,[0.0661 0.0791 0.1000 0.1000 0.1000 0.1000 0.1000],[0.3385 0.2091 0.0000 0.0000 0.0000 0.0000 0.0000],0.5716467499732971,0.6885478421146215,0.6614786386489868,0.33852136135101324,0.26036205110171096,None
77,0.8345135450363159,0.7373221516609192,1.3380541801452637,0.9492886066436768,[0.0656 0.0783 0.1000 0.1000 0.1000 0.1000 0.1000],[0.3442 0.2172 0.0000 0.0000 0.0000 0.0000 0.0000],0.5718356966972351,0.6882446578238045,0.6558462977409363,0.3441537022590638,0.25811674689237657,None
77,0.8347029089927673,0.7373221516609192,1.3388116359710693,0.9492886066436768,[0.0650 0.0775 0.1000 0.1000 0.1000 0.1000 0.1000],[0.3498 0.2253 0.0000 0.0000 0.0000 0.0000 0.0000],0.5720250606536865,0.687941099579185,0.6501953303813934,0.3498046696186066,0.25586457331204915,None
77,0.8348938226699829,0.7373221516609192,1.3395752906799316,0.9492886066436768,[0.0644 0.0767 0.1000 0.1000 0.1000 0.1000 0.1000],[0.3555 0.2334 0.0000 0.0000 0.0000 0.0000 0.0000],0.5722159743309021,0.6876353556993626,0.6444830447435379,0.35551695525646215,0.25358856865168394,None
77,0.8350710868835449,0.7373221516609192,1.3402843475341797,0.9492886066436768,[0.0639 0.0759 0.1000 0.1000 0.1000 0.1000 0.1000],[0.3608 0.2407 0.0000 0.0000 0.0000 0.0000 0.0000],0.5723932385444641,0.6873517388140057,0.639168843626976,0.36083115637302404,0.25147170577824923,None
77,0.8352547287940979,0.7373221516609192,1.3410189151763916,0.9492886066436768,[0.0634 0.0751 0.1000 0.1000 0.1000 0.1000 0.1000],[0.3663 0.2488 0.0000 0.0000 0.0000 0.0000 0.0000],0.5725768804550171,0.6870581889021878,0.6336542218923569,0.3663457781076432,0.2492755373618708,None
77,0.8354239463806152,0.7373221516609192,1.341695785522461,0.9492886066436768,[0.0629 0.0744 0.1000 0.1000 0.1000 0.1000 0.1000],[0.3714 0.2564 0.0000 0.0000 0.0000 0.0000 0.0000],0.5727460980415344,0.6867879396962882,0.6285643577575684,0.3714356422424317,0.24724900374912442,None
77,0.8355973958969116,0.7373221516609192,1.3423895835876465,0.9492886066436768,[0.0623 0.0736 0.1000 0.1000 0.1000 0.1000 0.1000],[0.3767 0.2639 0.0000 0.0000 0.0000 0.0000 0.0000],0.5729195475578308,0.6865111736664409,0.6233388558030128,0.3766611441969872,0.24516894033699999,None
77,0.8357692956924438,0.7373221516609192,1.3430771827697754,0.9492886066436768,[0.0618 0.0729 0.1000 0.1000 0.1000 0.1000 0.1000],[0.3819 0.2713 0.0000 0.0000 0.0000 0.0000 0.0000],0.573091447353363,0.6862371213296183,0.6181496009230614,0.3818503990769387,0.24310378885199693,None
77,0.8359411954879761,0.7373221516609192,1.3437647819519043,0.9492886066436768,[0.0613 0.0721 0.1000 0.1000 0.1000 0.1000 0.1000],[0.3871 0.2788 0.0000 0.0000 0.0000 0.0000 0.0000],0.5732633471488953,0.6859633081516479,0.6129499524831772,0.38705004751682287,0.24103498175158106,None
77,0.8361204862594604,0.7373221516609192,1.3444819450378418,0.9492886066436768,[0.0608 0.0714 0.1000 0.1000 0.1000 0.1000 0.1000],[0.3925 0.2862 0.0000 0.0000 0.0000 0.0000 0.0000],0.5734426379203796,0.6856779762750608,0.6075159832835197,0.3924840167164803,0.23887345447247008,None
77,0.8362894654273987,0.7373221516609192,1.3451578617095947,0.9492886066436768,[0.0602 0.0707 0.1000 0.1000 0.1000 0.1000 0.1000],[0.3976 0.2933 0.0000 0.0000 0.0000 0.0000 0.0000],0.5736116170883179,0.685409291671735,0.6023862212896347,0.39761377871036535,0.23683340303480307,None
77,0.8364561796188354,0.7373221516609192,1.3458247184753418,0.9492886066436768,[0.0597 0.0700 0.1000 0.1000 0.1000 0.1000 0.1000],[0.4027 0.3004 0.0000 0.0000 0.0000 0.0000 0.0000],0.5737783312797546,0.6851444331794081,0.5973176285624504,0.40268237143754965,0.2348181211119973,None
77,0.8339790105819702,0.7372045516967773,1.3359160423278809,0.9488182067871094,[0.0592 0.0692 0.1078 0.1000 0.1000 0.1000 0.1000],[0.4078 0.3075 -0.0783 0.0000 0.0000 0.0000 0.0000],0.5711835622787476,0.6889140651119166,0.5921699106693268,0.4078300893306733,0.23301672200518914,None
77,0.8345861434936523,0.737223744392395,1.3383445739746094,0.9488949775695801,[0.0587 0.0685 0.1066 0.1000 0.1000 0.1000 0.1000],[0.4131 0.3147 -0.0657 0.0000 0.0000 0.0000 0.0000],0.5718098878860474,0.6879705156539573,0.5869267508387566,0.4130732491612435,0.23089014222427354,None
77,0.8352769017219543,0.7372453212738037,1.3411076068878174,0.9489812850952148,[0.0581 0.0677 0.1051 0.1000 0.1000 0.1000 0.1000],[0.4193 0.3231 -0.0515 0.0000 0.0000 0.0000 0.0000],0.5725222229957581,0.6869000471923532,0.5806677788496017,0.4193322211503983,0.22835662876800622,None
77,0.8357630372047424,0.7372607588768005,1.3430521488189697,0.9490430355072021,[0.0576 0.0671 0.1041 0.1000 0.1000 0.1000 0.1000],[0.4236 0.3290 -0.0412 0.0000 0.0000 0.0000 0.0000],0.573023796081543,0.6861492738132634,0.5764321982860565,0.42356780171394354,0.22664153192030223,None
77,0.8363455533981323,0.7372789978981018,1.3453822135925293,0.9491159915924072,[0.0571 0.0664 0.1029 0.1000 0.1000 0.1000 0.1000],[0.4289 0.3361 -0.0291 0.0000 0.0000 0.0000 0.0000],0.5736245512962341,0.6852515996863042,0.57113878428936,0.42886121571064,0.22450160066832456,None
77,0.836922824382782,0.7372970581054688,1.347691297531128,0.949188232421875,[0.0566 0.0657 0.1017 0.1000 0.1000 0.1000 0.1000],[0.4342 0.3432 -0.0170 0.0000 0.0000 0.0000 0.0000],0.5742198824882507,0.684364504091645,0.5658269673585892,0.4341730326414109,0.22235625147288007,None
77,0.8375054001808167,0.73731529712677,1.3500216007232666,0.9492611885070801,[0.0560 0.0650 0.1005 0.1000 0.1000 0.1000 0.1000],[0.4395 0.3504 -0.0047 0.0000 0.0000 0.0000 0.0000],0.5748206973075867,0.6834717973796859,0.560452938079834,0.43954706192016607,0.22018723916474248,None
77,0.8380871415138245,0.7373336553573608,1.3523485660552979,0.9493346214294434,[0.0555 0.0642 0.0992 0.1000 0.1000 0.1000 0.1000],[0.4449 0.3577 0.0078 0.0000 0.0000 0.0000 0.0000],0.5754207968711853,0.6825831035428901,0.5551093071699142,0.4448906928300858,0.21803167777301513,None
77,0.8386330008506775,0.7373507618904114,1.35453200340271,0.9494030475616455,[0.0550 0.0635 0.0981 0.1000 0.1000 0.1000 0.1000],[0.4500 0.3646 0.0194 0.0000 0.0000 0.0000 0.0000],0.5759837627410889,0.6817512938592427,0.5499709397554398,0.4500290602445603,0.2159613102105757,None
77,0.8391706943511963,0.7373678684234619,1.3566827774047852,0.9494714736938477,[0.0545 0.0629 0.0969 0.1000 0.1000 0.1000 0.1000],[0.4549 0.3714 0.0312 0.0000 0.0000 0.0000 0.0000],0.5765385627746582,0.6809344488545741,0.5450823530554771,0.4549176469445229,0.21399113839676098,None
77,0.8397294282913208,0.7373857498168945,1.3589177131652832,0.9495429992675781,[0.0540 0.0622 0.0956 0.1000 0.1000 0.1000 0.1000],[0.4600 0.3784 0.0435 0.0000 0.0000 0.0000 0.0000],0.5771151781082153,0.6800880144876934,0.5400026962161064,0.45999730378389364,0.21194518066505208,None
77,0.8402829170227051,0.7374033331871033,1.3611316680908203,0.9496133327484131,[0.0535 0.0614 0.0944 0.1000 0.1000 0.1000 0.1000],[0.4652 0.3855 0.0557 0.0000 0.0000 0.0000 0.0000],0.5776862502098083,0.6792515255911545,0.5348090454936028,0.4651909545063973,0.20985600326738066,None
77,0.8408461809158325,0.7374213933944702,1.36338472366333,0.9496855735778809,[0.0530 0.0607 0.0932 0.1000 0.1000 0.1000 0.1000],[0.4704 0.3928 0.0683 0.0000 0.0000 0.0000 0.0000],0.5782675743103027,0.6784027557310817,0.52959855645895,0.47040144354105,0.2077606218347721,None
77,0.8413735628128052,0.7374382615089417,1.3654942512512207,0.9497530460357666,[0.0525 0.0600 0.0920 0.1000 0.1000 0.1000 0.1000],[0.4753 0.3996 0.0802 0.0000 0.0000 0.0000 0.0000],0.5788118243217468,0.6776100167439076,0.5246516689658165,0.47534833103418356,0.20577294377577798,None
77,0.8418628573417664,0.737453281879425,1.3674514293670654,0.9498131275177002,[0.0520 0.0594 0.0909 0.1000 0.1000 0.1000 0.1000],[0.4804 0.4062 0.0908 0.0000 0.0000 0.0000 0.0000],0.5793161392211914,0.6768752942556987,0.5195524916052818,0.4804475083947182,0.2037294076134454,None
77,0.8424251079559326,0.7374711036682129,1.3697004318237305,0.9498844146728516,[0.0514 0.0586 0.0897 0.1000 0.1000 0.1000 0.1000],[0.4860 0.4137 0.1035 0.0000 0.0000 0.0000 0.0000],0.5798962116241455,0.6760339457786978,0.5140472576022148,0.48595274239778524,0.20152170175571013,None
77,0.842972993850708,0.7374882102012634,1.371891975402832,0.9499528408050537,[0.0508 0.0579 0.0884 0.1000 0.1000 0.1000 0.1000],[0.4916 0.4212 0.1157 0.0000 0.0000 0.0000 0.0000],0.5804612040519714,0.675215789100756,0.5083812400698662,0.4916187599301339,0.19925319945295966,None
77,0.8434961438179016,0.7375043630599976,1.3739845752716064,0.9500174522399902,[0.0503 0.0572 0.0873 0.1000 0.1000 0.1000 0.1000],[0.4972 0.4284 0.1273 0.0000 0.0000 0.0000 0.0000],0.5810005068778992,0.6744362109234137,0.5028364807367325,0.4971635192632676,0.1970353588825019,None
77,0.8440083861351013,0.7375203371047974,1.3760335445404053,0.9500813484191895,[0.0497 0.0564 0.0861 0.1000 0.1000 0.1000 0.1000],[0.5026 0.4355 0.1388 0.0000 0.0000 0.0000 0.0000],0.5815287232398987,0.673674933493757,0.4973917827010155,0.5026082172989845,0.19485886331446586,None
77,0.8445132970809937,0.7375360131263733,1.3780531883239746,0.9501440525054932,[0.0492 0.0557 0.0850 0.1000 0.1000 0.1000 0.1000],[0.5080 0.4426 0.1503 0.0000 0.0000 0.0000 0.0000],0.5820493102073669,0.6729261796556925,0.4919541999697685,0.5080458000302315,0.19268676081236774,None
77,0.8449985384941101,0.7375515699386597,1.3799941539764404,0.9502062797546387,[0.0487 0.0551 0.0838 0.1000 0.1000 0.1000 0.1000],[0.5129 0.4493 0.1617 0.0000 0.0000 0.0000 0.0000],0.5825501084327698,0.6722089559560078,0.487084798514843,0.512915201485157,0.19074016659681894,None
77,0.8454830646514893,0.7375668287277222,1.381932258605957,0.9502673149108887,[0.0482 0.0544 0.0827 0.1000 0.1000 0.1000 0.1000],[0.5181 0.4562 0.1729 0.0000 0.0000 0.0000 0.0000],0.5830498933792114,0.6714939332009726,0.4818694293498993,0.5181305706501007,0.18865885238960012,None
77,0.8459831476211548,0.7375827431678772,1.3839325904846191,0.9503309726715088,[0.0477 0.0537 0.0815 0.1000 0.1000 0.1000 0.1000],[0.5234 0.4633 0.1847 0.0000 0.0000 0.0000 0.0000],0.583565890789032,0.6707578331178135,0.4765532538294792,0.5234467461705208,0.18653790369308457,None
77,0.8464710712432861,0.7375984191894531,1.3858842849731445,0.9503936767578125,[0.0471 0.0530 0.0804 0.1000 0.1000 0.1000 0.1000],[0.5286 0.4703 0.1964 0.0000 0.0000 0.0000 0.0000],0.5840694904327393,0.6700414388838607,0.471380278468132,0.528619721531868,0.18447503106549534,None
77,0.8469555974006653,0.7376139163970947,1.3878223896026611,0.9504556655883789,[0.0466 0.0523 0.0792 0.1000 0.1000 0.1000 0.1000],[0.5338 0.4773 0.2080 0.0000 0.0000 0.0000 0.0000],0.58456951379776,0.6693314635415542,0.4661979526281357,0.5338020473718643,0.18240963106368596,None
77,0.8474147915840149,0.7376281023025513,1.3896591663360596,0.9505124092102051,[0.0461 0.0516 0.0781 0.1000 0.1000 0.1000 0.1000],[0.5392 0.4842 0.2188 0.0000 0.0000 0.0000 0.0000],0.5850428938865662,0.6686592550236786,0.46082329005002975,0.5391767099499702,0.18027146538056713,None
77,0.8478769659996033,0.7376424074172974,1.391507863998413,0.9505696296691895,[0.0455 0.0509 0.0770 0.1000 0.1000 0.1000 0.1000],[0.5447 0.4912 0.2296 0.0000 0.0000 0.0000 0.0000],0.5855193734169006,0.6679840989014142,0.45530110597610474,0.5446988940238953,0.17807628997981653,None
77,0.8483366370201111,0.7376567721366882,1.3933465480804443,0.9506270885467529,[0.0450 0.0502 0.0759 0.1000 0.1000 0.1000 0.1000],[0.5501 0.4982 0.2406 0.0000 0.0000 0.0000 0.0000],0.5859934091567993,0.6673141648891212,0.4499102383852005,0.5500897616147995,0.17593366557323245,None
77,0.8487886786460876,0.7376709580421448,1.3951547145843506,0.9506838321685791,[0.0445 0.0495 0.0749 0.1000 0.1000 0.1000 0.1000],[0.5555 0.5051 0.2514 0.0000 0.0000 0.0000 0.0000],0.5864596366882324,0.6666567525748528,0.4445135220885277,0.5554864779114723,0.17379024128098264,None
77,0.8492435812950134,0.7376850843429565,1.3969743251800537,0.9507403373718262,[0.0439 0.0488 0.0738 0.1000 0.1000 0.1000 0.1000],[0.5611 0.5122 0.2624 0.0000 0.0000 0.0000 0.0000],0.58692866563797,0.6659962620687354,0.4389359802007675,0.5610640197992325,0.17157669371916862,None
77,0.8496644496917725,0.7376981973648071,1.3986577987670898,0.9507927894592285,[0.0434 0.0481 0.0727 0.1000 0.1000 0.1000 0.1000],[0.5663 0.5188 0.2726 0.0000 0.0000 0.0000 0.0000],0.5873626470565796,0.6653864134154661,0.4337307810783386,0.5662692189216614,0.1695120193127497,None
77,0.8500952124595642,0.7377117872238159,1.4003808498382568,0.9508471488952637,[0.0428 0.0474 0.0717 0.1000 0.1000 0.1000 0.1000],[0.5715 0.5255 0.2833 0.0000 0.0000 0.0000 0.0000],0.5878069996833801,0.6647636278150173,0.4284916818141937,0.5715083181858063,0.16743428740874874,None
77,0.8505282402038574,0.7377256751060486,1.4021129608154297,0.9509027004241943,[0.0423 0.0468 0.0706 0.1000 0.1000 0.1000 0.1000],[0.5767 0.5324 0.2942 0.0000 0.0000 0.0000 0.0000],0.588253915309906,0.6641390688129849,0.4233158752322197,0.5766841247677803,0.16538206528541988,None
77,0.8509716391563416,0.7377399802207947,1.4038865566253662,0.9509599208831787,[0.0418 0.0461 0.0695 0.1000 0.1000 0.1000 0.1000],[0.5821 0.5395 0.3055 0.0000 0.0000 0.0000 0.0000],0.5887116193771362,0.6635008782544197,0.4179146885871887,0.5820853114128113,0.16324193922636926,None
77,0.8514118790626526,0.7377541661262512,1.4056475162506104,0.9510166645050049,[0.0413 0.0453 0.0683 0.1000 0.1000 0.1000 0.1000],[0.5874 0.5465 0.3168 0.0000 0.0000 0.0000 0.0000],0.5891660451889038,0.6628684041262205,0.4125669598579407,0.5874330401420593,0.16112371738083603,None
77,0.8518562912940979,0.7377684116363525,1.4074251651763916,0.9510736465454102,[0.0407 0.0446 0.0672 0.1000 0.1000 0.1000 0.1000],[0.5930 0.5538 0.3282 0.0000 0.0000 0.0000 0.0000],0.5896247029304504,0.6622310262061577,0.40696121752262115,0.5930387824773788,0.1589052399364016,None
77,0.8522990942001343,0.7377824187278748,1.409196376800537,0.951129674911499,[0.0401 0.0439 0.0660 0.1000 0.1000 0.1000 0.1000],[0.5988 0.5612 0.3396 0.0000 0.0000 0.0000 0.0000],0.590081512928009,0.6615968743166525,0.40117818862199783,0.5988218113780022,0.1566183940429685,None
77,0.8527353405952454,0.7377957701683044,1.4109413623809814,0.9511830806732178,[0.0395 0.0431 0.0650 0.1000 0.1000 0.1000 0.1000],[0.6050 0.5687 0.3505 0.0000 0.0000 0.0000 0.0000],0.5905311107635498,0.6609726110961816,0.39500337094068527,0.6049966290593147,0.1541796473969431,None
77,0.8531787395477295,0.7378096580505371,1.412714958190918,0.9512386322021484,[0.0389 0.0424 0.0638 0.1000 0.1000 0.1000 0.1000],[0.6112 0.5763 0.3618 0.0000 0.0000 0.0000 0.0000],0.5909883975982666,0.6603397557894177,0.3888455405831337,0.6111544594168663,0.15174819091064867,None
77,0.8535759449005127,0.7378227710723877,1.4143037796020508,0.9512910842895508,[0.0384 0.0417 0.0627 0.1000 0.1000 0.1000 0.1000],[0.6162 0.5830 0.3726 0.0000 0.0000 0.0000 0.0000],0.5913987159729004,0.659774818938802,0.3838314488530159,0.6161685511469841,0.14976718563984018,None
77,0.853969395160675,0.7378357648849487,1.4158775806427002,0.9513430595397949,[0.0379 0.0410 0.0617 0.1000 0.1000 0.1000 0.1000],[0.6212 0.5897 0.3834 0.0000 0.0000 0.0000 0.0000],0.5918051600456238,0.6592161531472973,0.3787652775645256,0.6212347224354744,0.14776675878394183,None
77,0.8543591499328613,0.7378484606742859,1.4174365997314453,0.9513938426971436,[0.0374 0.0403 0.0606 0.1000 0.1000 0.1000 0.1000],[0.6265 0.5965 0.3940 0.0000 0.0000 0.0000 0.0000],0.5922076106071472,0.658663378380556,0.3735215961933136,0.6264784038066864,0.1456978752953829,None
77,0.8547533750534058,0.737861156463623,1.419013500213623,0.9514446258544922,[0.0368 0.0396 0.0595 0.1000 0.1000 0.1000 0.1000],[0.6320 0.6035 0.4047 0.0000 0.0000 0.0000 0.0000],0.5926145315170288,0.658104959688236,0.3680419921875,0.6319580078125,0.1435373200146059,None
77,0.8551507592201233,0.7378740906715393,1.4206030368804932,0.9514963626861572,[0.0363 0.0389 0.0584 0.1000 0.1000 0.1000 0.1000],[0.6375 0.6106 0.4156 0.0000 0.0000 0.0000 0.0000],0.5930248498916626,0.6575431873234465,0.362502820789814,0.637497179210186,0.14135415054764597,None
77,0.8555424213409424,0.7378866672515869,1.4221696853637695,0.9515466690063477,[0.0357 0.0382 0.0574 0.1000 0.1000 0.1000 0.1000],[0.6432 0.6178 0.4263 0.0000 0.0000 0.0000 0.0000],0.5934290885925293,0.6569901545299968,0.3568075969815254,0.6431924030184746,0.1391110999714334,None
77,0.8559103608131409,0.7378989458084106,1.4236414432525635,0.9515957832336426,[0.0352 0.0376 0.0563 0.1000 0.1000 0.1000 0.1000],[0.6482 0.6245 0.4369 0.0000 0.0000 0.0000 0.0000],0.5938093066215515,0.6564721044736974,0.35176075994968414,0.6482392400503159,0.13712311392538928,None
77,0.8562842011451721,0.7379114627838135,1.4251368045806885,0.9516458511352539,[0.0347 0.0369 0.0552 0.1000 0.1000 0.1000 0.1000],[0.6534 0.6313 0.4477 0.0000 0.0000 0.0000 0.0000],0.5941956639289856,0.6559466053628323,0.346626378595829,0.653373621404171,0.13510131523703345,None
77,0.8566165566444397,0.7378493547439575,1.4264662265777588,0.9513974189758301,[0.0342 0.0362 0.0542 0.1063 0.1000 0.1000 0.1000],[0.6583 0.6379 0.4581 -0.0633 0.0000 0.0000 0.0000],0.5944659113883972,0.6553738229610493,0.34167878329753876,0.6583212167024612,0.13311716457144918,None
77,0.8569846749305725,0.737886369228363,1.42793869972229,0.9515454769134521,[0.0337 0.0355 0.0531 0.1043 0.1000 0.1000 0.1000],[0.6634 0.6447 0.4687 -0.0426 0.0000 0.0000 0.0000],0.5948710441589355,0.6548937762047611,0.33655814826488495,0.663441851735115,0.13111542965879358,None
77,0.8573470711708069,0.7379221320152283,1.4293882846832275,0.9516885280609131,[0.0331 0.0349 0.0521 0.1022 0.1000 0.1000 0.1000],[0.6686 0.6514 0.4791 -0.0222 0.0000 0.0000 0.0000],0.5952692031860352,0.6544208641199839,0.3314155712723732,0.6685844287276268,0.1291051186024732,None
77,0.8576974868774414,0.7379562258720398,1.4307899475097656,0.9518249034881592,[0.0326 0.0342 0.0511 0.1002 0.1000 0.1000 0.1000],[0.6736 0.6580 0.4893 -0.0025 0.0000 0.0000 0.0000],0.5956537127494812,0.6539634975824059,0.32637540251016617,0.6736245974898338,0.12713489873167175,None
77,0.8580392003059387,0.7379885315895081,1.4321568012237549,0.9519541263580322,[0.0321 0.0335 0.0501 0.0983 0.1000 0.1000 0.1000],[0.6787 0.6645 0.4993 0.0165 0.0000 0.0000 0.0000],0.5960277318954468,0.6535167122119299,0.3213028237223625,0.6786971762776375,0.12515197498382755,None
77,0.8583852052688599,0.7380195260047913,1.4335408210754395,0.952078104019165,[0.0316 0.0329 0.0491 0.0965 0.1000 0.1000 0.1000],[0.6841 0.6713 0.5093 0.0348 0.0000 0.0000 0.0000],0.5964047312736511,0.6530624274252375,0.31585313379764557,0.6841468662023544,0.12302148595769112,None
77,0.8587237000465393,0.7380505204200745,1.4348948001861572,0.9522020816802979,[0.0311 0.0322 0.0481 0.0946 0.1000 0.1000 0.1000],[0.6894 0.6780 0.5193 0.0536 0.0000 0.0000 0.0000],0.5967742204666138,0.6526195462803572,0.3106487914919853,0.6893512085080147,0.12098730407298118,None
77,0.8590543270111084,0.7380803823471069,1.4362173080444336,0.9523215293884277,[0.0305 0.0315 0.0471 0.0928 0.1000 0.1000 0.1000],[0.6945 0.6845 0.5292 0.0720 0.0000 0.0000 0.0000],0.5971347093582153,0.6521869113101098,0.30548885464668274,0.6945111453533173,0.11897063096449133,None
77,0.8593867421150208,0.7381106615066528,1.437546968460083,0.9524426460266113,[0.0300 0.0309 0.0461 0.0909 0.1000 0.1000 0.1000],[0.6996 0.6912 0.5393 0.0911 0.0000 0.0000 0.0000],0.5974974036216736,0.6517528455128916,0.30036889016628265,0.6996311098337173,0.1169698433411573,None
77,0.8597127199172974,0.7381398677825928,1.4388508796691895,0.9525594711303711,[0.0295 0.0302 0.0451 0.0890 0.1000 0.1000 0.1000],[0.7048 0.6978 0.5493 0.1098 0.0000 0.0000 0.0000],0.5978525876998901,0.6513270126110935,0.2952452003955841,0.7047547996044159,0.11496775470970237,None
77,0.8600402474403381,0.7381684184074402,1.4401609897613525,0.9526736736297607,[0.0290 0.0295 0.0441 0.0871 0.1000 0.1000 0.1000],[0.7100 0.7045 0.5594 0.1285 0.0000 0.0000 0.0000],0.5982086658477783,0.6508985404887313,0.2899782732129097,0.7100217267870903,0.11290975294985414,None
77,0.8603736758232117,0.7381965517997742,1.4414947032928467,0.9527862071990967,[0.0284 0.0288 0.0430 0.0853 0.1000 0.1000 0.1000],[0.7156 0.7115 0.5696 0.1470 0.0000 0.0000 0.0000],0.5985702276229858,0.6504615557289335,0.28438664972782135,0.7156133502721786,0.11072506657945354,None
77,0.860671877861023,0.738222062587738,1.4426875114440918,0.9528882503509521,[0.0279 0.0282 0.0421 0.0836 0.1000 0.1000 0.1000],[0.7205 0.7178 0.5790 0.1643 0.0000 0.0000 0.0000],0.598893940448761,0.6500716998108256,0.27949489653110504,0.720505103468895,0.10881407162082965,None
77,0.8609814643859863,0.7382485270500183,1.4439258575439453,0.9529941082000732,[0.0274 0.0276 0.0411 0.0818 0.1000 0.1000 0.1000],[0.7256 0.7244 0.5889 0.1825 0.0000 0.0000 0.0000],0.5992299914360046,0.6496673904188078,0.27438633143901825,0.7256136685609818,0.10681864953495701,None
77,0.8612892031669617,0.7382744550704956,1.4451568126678467,0.9530978202819824,[0.0269 0.0269 0.0401 0.0799 0.1000 0.1000 0.1000],[0.7307 0.7310 0.5989 0.2007 0.0000 0.0000 0.0000],0.5995636582374573,0.6492654164521752,0.2689819037914276,0.7310180962085724,0.10470818566187876,None
77,0.8615855574607849,0.7382994294166565,1.4463422298431396,0.953197717666626,[0.0264 0.0263 0.0391 0.0781 0.1000 0.1000 0.1000],[0.7357 0.7375 0.6086 0.2186 0.0000 0.0000 0.0000],0.5998849868774414,0.6488787559202257,0.2625422924757004,0.7374577075242996,0.10219527625195796,None
77,0.8618932366371155,0.7383237481117249,1.447572946548462,0.9532949924468994,[0.0259 0.0256 0.0381 0.0764 0.1000 0.1000 0.1000],[0.7412 0.7443 0.6186 0.2362 0.0000 0.0000 0.0000],0.6002169847488403,0.6484754794820273,0.2556968107819557,0.7443031892180443,0.09952384610076845,None
77,0.86217200756073,0.7383471727371216,1.44868803024292,0.9533886909484863,[0.0254 0.0250 0.0372 0.0746 0.1000 0.1000 0.1000],[0.7458 0.7505 0.6280 0.2537 0.0000 0.0000 0.0000],0.6005191802978516,0.6481124685022097,0.24952728301286697,0.750472716987133,0.09711700875415386,None
77,0.8624595999717712,0.7383708953857422,1.449838399887085,0.9534835815429688,[0.0249 0.0243 0.0362 0.0728 0.1000 0.1000 0.1000],[0.7506 0.7569 0.6379 0.2718 0.0000 0.0000 0.0000],0.6008304953575134,0.6477377332355493,0.2430766448378563,0.7569233551621437,0.09460071038125549,None
77,0.8627396821975708,0.7383935451507568,1.4509587287902832,0.9535741806030273,[0.0245 0.0237 0.0352 0.0711 0.1000 0.1000 0.1000],[0.7555 0.7633 0.6475 0.2893 0.0000 0.0000 0.0000],0.6011332273483276,0.6473725236927588,0.23670855909585953,0.7632914409041405,0.09211682456086125,None
77,0.8630164861679077,0.7384154200553894,1.4520659446716309,0.9536616802215576,[0.0240 0.0230 0.0343 0.0693 0.1000 0.1000 0.1000],[0.7604 0.7697 0.6571 0.3066 0.0000 0.0000 0.0000],0.6014319062232971,0.6470112379798496,0.23032501339912415,0.7696749866008759,0.08962711001216782,None
77,0.8632987141609192,0.738437294960022,1.4531948566436768,0.9537491798400879,[0.0235 0.0224 0.0333 0.0676 0.1000 0.1000 0.1000],[0.7655 0.7763 0.6669 0.3241 0.0000 0.0000 0.0000],0.6017360091209412,0.6466426466013517,0.22372040897607803,0.776279591023922,0.08705143792009265,None
77,0.8635737895965576,0.738458514213562,1.4542951583862305,0.953834056854248,[0.0230 0.0217 0.0323 0.0659 0.1000 0.1000 0.1000],[0.7704 0.7828 0.6767 0.3415 0.0000 0.0000 0.0000],0.6020323038101196,0.6462836229646758,0.2172144502401352,0.7827855497598648,0.08451458427866275,None
77,0.8638526797294617,0.7384781241416931,1.4554107189178467,0.9539124965667725,[0.0224 0.0210 0.0314 0.0642 0.1000 0.1000 0.1000],[0.7760 0.7896 0.6862 0.3576 0.0000 0.0000 0.0000],0.6023308038711548,0.6459173040266319,0.21042585372924805,0.789574146270752,0.08186741758461978,None
77,0.8640971779823303,0.738495945930481,1.4563887119293213,0.9539837837219238,[0.0219 0.0204 0.0305 0.0627 0.1000 0.1000 0.1000],[0.7807 0.7955 0.6949 0.3726 0.0000 0.0000 0.0000],0.6025931239128113,0.6455973588531692,0.20446095615625381,0.7955390438437462,0.079541962908629,None
77,0.8643542528152466,0.7385144829750061,1.4574170112609863,0.9540579319000244,[0.0214 0.0198 0.0296 0.0612 0.1000 0.1000 0.1000],[0.7857 0.8019 0.7040 0.3884 0.0000 0.0000 0.0000],0.6028687357902527,0.6452609834818837,0.19811414182186127,0.8018858581781387,0.07706792137112273,None
77,0.8646038770675659,0.7385322451591492,1.4584155082702637,0.9541289806365967,[0.0209 0.0192 0.0287 0.0596 0.1000 0.1000 0.1000],[0.7907 0.8081 0.7131 0.4039 0.0000 0.0000 0.0000],0.6031361222267151,0.6449343273302575,0.1918783038854599,0.8081216961145401,0.07463743459840194,None
77,0.8648411631584167,0.738548755645752,1.459364652633667,0.9541950225830078,[0.0205 0.0186 0.0278 0.0581 0.1000 0.1000 0.1000],[0.7955 0.8141 0.7217 0.4185 0.0000 0.0000 0.0000],0.6033899188041687,0.6446235692780615,0.18586482852697372,0.8141351714730263,0.0722938653313643,None
77,0.8651003241539001,0.7385656237602234,1.4604012966156006,0.9542624950408936,[0.0199 0.0179 0.0269 0.0566 0.1000 0.1000 0.1000],[0.8011 0.8208 0.7308 0.4336 0.0000 0.0000 0.0000],0.6036659479141235,0.6442828365208156,0.17915073782205582,0.8208492621779442,0.06967738475643626,None
77,0.8653337955474854,0.738581657409668,1.4613351821899414,0.9543266296386719,[0.0194 0.0173 0.0260 0.0552 0.1000 0.1000 0.1000],[0.8059 0.8269 0.7395 0.4482 0.0000 0.0000 0.0000],0.6039154529571533,0.6439773347976039,0.17310131341218948,0.8268986865878105,0.0673204620267621,None
77,0.8655718564987183,0.7385975122451782,1.462287425994873,0.9543900489807129,[0.0189 0.0167 0.0252 0.0537 0.1000 0.1000 0.1000],[0.8109 0.8332 0.7484 0.4631 0.0000 0.0000 0.0000],0.6041693687438965,0.6436654040742886,0.16684535890817642,0.8331546410918236,0.064883310504455,None
77,0.8658127784729004,0.7386132478713989,1.4632511138916016,0.9544529914855957,[0.0184 0.0160 0.0243 0.0522 0.1000 0.1000 0.1000],[0.8162 0.8396 0.7573 0.4779 0.0000 0.0000 0.0000],0.6044260263442993,0.6433495680620849,0.16042126342654228,0.8395787365734577,0.06238096700203975,None
77,0.8660512566566467,0.7386284470558167,1.464205026626587,0.9545137882232666,[0.0179 0.0154 0.0234 0.0507 0.1000 0.1000 0.1000],[0.8215 0.8460 0.7663 0.4926 0.0000 0.0000 0.0000],0.6046797037124634,0.6430366831159957,0.1539746206253767,0.8460253793746233,0.05987014128403775,None
77,0.866287350654602,0.7386438250541687,1.4651494026184082,0.9545753002166748,[0.0173 0.0148 0.0225 0.0492 0.1000 0.1000 0.1000],[0.8266 0.8525 0.7753 0.5076 0.0000 0.0000 0.0000],0.6049311757087708,0.6427276590604398,0.14754392206668854,0.8524560779333115,0.05736596193524982,None
77,0.8665161728858948,0.7386575937271118,1.466064691543579,0.9546303749084473,[0.0168 0.0141 0.0216 0.0479 0.1000 0.1000 0.1000],[0.8320 0.8588 0.7839 0.5213 0.0000 0.0000 0.0000],0.6051737666130066,0.6424268198553156,0.1411701925098896,0.8588298074901104,0.054884127446539276,None
77,0.8667265772819519,0.7386711239814758,1.4669063091278076,0.9546844959259033,[0.0163 0.0135 0.0208 0.0465 0.1000 0.1000 0.1000],[0.8367 0.8647 0.7922 0.5350 0.0000 0.0000 0.0000],0.6053977012634277,0.6421516336484459,0.13531386852264404,0.864686131477356,0.05260423021172233,None
77,0.8669463992118835,0.7386847138404846,1.4677855968475342,0.9547388553619385,[0.0158 0.0129 0.0199 0.0451 0.1000 0.1000 0.1000],[0.8417 0.8709 0.8008 0.5491 0.0000 0.0000 0.0000],0.6056311130523682,0.6418635939039443,0.12909689918160439,0.8709031008183956,0.050184168468893904,None
77,0.8671636581420898,0.7386979460716248,1.4686546325683594,0.954791784286499,[0.0153 0.0123 0.0191 0.0437 0.1000 0.1000 0.1000],[0.8469 0.8771 0.8094 0.5629 0.0000 0.0000 0.0000],0.6058616042137146,0.6415788621321769,0.1228699367493391,0.8771300632506609,0.04776052720698313,None
77,0.867378294467926,0.7387106418609619,1.469513177871704,0.9548425674438477,[0.0148 0.0117 0.0182 0.0424 0.1053 0.1000 0.1000],[0.8521 0.8834 0.8179 0.5764 -0.0531 0.0000 0.0000],0.6060889363288879,0.6412972642884305,0.11663052253425121,0.8833694774657488,0.045332322008497426,None
77,0.8676106333732605,0.7387235760688782,1.470442533493042,0.9548943042755127,[0.0142 0.0110 0.0173 0.0410 0.1024 0.1000 0.1000],[0.8580 0.8903 0.8269 0.5902 -0.0239 0.0000 0.0000],0.6063342094421387,0.6409915637420447,0.10973812080919743,0.8902618791908026,0.04265028175015782,None
77,0.8677937388420105,0.7387338280677795,1.471174955368042,0.9549353122711182,[0.0137 0.0104 0.0166 0.0399 0.1000 0.1000 0.1000],[0.8627 0.8957 0.8341 0.6014 -0.0002 0.0000 0.0000],0.60652756690979,0.6407509070655418,0.10425718501210213,0.8957428149878979,0.040517791826010945,None
77,0.867987334728241,0.7387436032295227,1.4719493389129639,0.9549744129180908,[0.0132 0.0098 0.0159 0.0388 0.0980 0.1000 0.1000],[0.8682 0.9017 0.8414 0.6119 0.0200 0.0000 0.0000],0.6067309379577637,0.6404951578925282,0.09830770082771778,0.9016922991722822,0.038203181408127354,None
77,0.8681694269180298,0.7387522459030151,1.4726777076721191,0.9550089836120605,[0.0126 0.0093 0.0152 0.0379 0.0963 0.1000 0.1000],[0.8737 0.9074 0.8481 0.6212 0.0372 0.0000 0.0000],0.6069216728210449,0.6402540048659129,0.09262296371161938,0.9073770362883806,0.03599180466369176,None
77,0.8683738112449646,0.7387641072273254,1.4734952449798584,0.9550564289093018,[0.0121 0.0086 0.0143 0.0365 0.0934 0.1000 0.1000],[0.8788 0.9136 0.8566 0.6348 0.0665 0.0000 0.0000],0.60713791847229,0.6399865224500072,0.08635721169412136,0.9136427883058786,0.033554965524056214,None
77,0.8685920238494873,0.7387759685516357,1.4743680953979492,0.955103874206543,[0.0115 0.0280 0.0134 0.0352 0.0905 0.1000 0.1000],[0.8847 0.7205 0.8656 0.6485 0.0948 0.0000 0.0000],0.607367992401123,0.6397000481573005,0.11529209092259407,0.8847079090774059,0.04479482046862632,None
77,0.8687863349914551,0.7387864589691162,1.4751453399658203,0.9551458358764648,[0.0110 0.0273 0.0126 0.0339 0.0880 0.1000 0.1000],[0.8900 0.7266 0.8737 0.6609 0.1204 0.0000 0.0000],0.6075727939605713,0.6394450443797244,0.11002650484442711,0.8899734951555729,0.042746332723312144,None
77,0.8689865469932556,0.7387970685958862,1.4759461879730225,0.9551882743835449,[0.0104 0.0267 0.0118 0.0326 0.0854 0.1000 0.1000],[0.8955 0.7330 0.8820 0.6736 0.1461 0.0000 0.0000],0.6077836155891418,0.6391822088680086,0.10445943102240562,0.8955405689775944,0.04058086710735399,None
77,0.8691781759262085,0.7388073801994324,1.476712703704834,0.9552295207977295,[0.0099 0.0261 0.0110 0.0314 0.0828 0.1000 0.1000],[0.9008 0.7392 0.8902 0.6861 0.1718 0.0000 0.0000],0.6079855561256409,0.6389310374363699,0.09917517192661762,0.9008248280733824,0.038525670804176675,None
77,0.869373619556427,0.7388176321983337,1.477494478225708,0.955270528793335,[0.0094 0.0254 0.0101 0.0301 0.0802 0.1000 0.1000],[0.9063 0.7456 0.8986 0.6989 0.1976 0.0000 0.0000],0.6081912517547607,0.6386746793288722,0.09368516504764557,0.9063148349523544,0.0363907238118088,None
