13,0.039406225605282036,0.008897150159202675,-92.11875487894359,-98.22056996815947,[0 0 0 0 0 0 0],[0.0000 0.0000 0.0000 0.0000 0.0000 0.0000 0.0000],0.024151687882242357,0.825331527040283,1.0,0.0,0.019933149440451384,94.13361549377441,37.58955001831055,0.05364418029785156,0.6618499755859375,132.47275352478027
13,0.039406225605282036,0.008897150159202675,-92.11875487894359,-98.22056996815947,[0 0 0 0 0 0 0],[0.0000 0.0000 0.0000 0.0000 0.0000 0.0000 0.0000],0.024151687882242357,0.825331527040283,1.0,0.0,0.019933149440451384,63.536643981933594,54.62312698364258,0.060558319091796875,0.7340908050537109,118.99805068969727
13,0.039406225605282036,0.008897150159202675,-92.11875487894359,-98.22056996815947,[0 0 0 0 0 0 0],[0.0000 0.0000 0.0000 0.0000 0.0000 0.0000 0.0000],0.024151687882242357,0.825331527040283,1.0,0.0,0.019933149440451384,55.27043342590332,35.965681076049805,0.11205673217773438,1.3492107391357422,92.73481369018555
13,0.039406225605282036,0.008897150159202675,-92.11875487894359,-98.22056996815947,[0 0 0 0 0 0 0],[0.0000 0.0000 0.0000 0.0000 0.0000 0.0000 0.0000],0.024151687882242357,0.825331527040283,1.0,0.0,0.019933149440451384,214.7667407989502,35.445451736450195,0.1595020294189453,2.3584365844726562,252.81214714050293
13,0.039406225605282036,0.008897150159202675,-92.11875487894359,-98.22056996815947,[0 0 0 0 0 0 0],[0.0000 0.0000 0.0000 0.0000 0.0000 0.0000 0.0000],0.024151687882242357,0.825331527040283,1.0,0.0,0.019933149440451384,211.7753028869629,35.653114318847656,0.12326240539550781,1.985311508178711,249.61018562316895
13,0.039406225605282036,0.008897150159202675,-92.11875487894359,-98.22056996815947,[0 0 0 0 0 0 0],[0.0000 0.0000 0.0000 0.0000 0.0000 0.0000 0.0000],0.024151687882242357,0.825331527040283,1.0,0.0,0.019933149440451384,166.21923446655273,37.325143814086914,0.11491775512695312,2.613067626953125,206.3455581665039
13,0.039406225605282036,0.008897150159202675,-92.11875487894359,-98.22056996815947,[0 0 0 0 0 0 0],[0.0000 0.0000 0.0000 0.0000 0.0000 0.0000 0.0000],0.024151687882242357,0.825331527040283,1.0,0.0,0.019933149440451384,179.46410179138184,89.84541893005371,0.09894371032714844,1.2667179107666016,270.7362174987793
13,0.10005008756983128,3.514503676784313e-05,-79.98998248603374,-99.99297099264643,[   0    0    0    0    0 1410    0],[0.0000 0.0000 0.0000 0.0000 0.0000 0.3133 0.0000],0.050042616303299564,0.6837486086464386,0.6866666666666666,0.31333333333333335,0.023495377565680615,191.7879581451416,31.734704971313477,0.07653236389160156,1.2135505676269531,224.8706817626953
13,0.09292308987304804,5.283900905691269e-05,-81.41538202539039,-99.98943219818862,[   0    0    0    0    0 1639    0],[0.0000 0.0000 0.0000 0.0000 0.0000 0.3642 0.0000],0.04648796444105244,0.695253792699579,0.6357777777777778,0.3642222222222222,0.02054893133515859,158.79464149475098,43.31254959106445,0.12183189392089844,1.7039775848388672,203.99761199951172
13,0.08444925325952175,9.022187883634723e-05,-83.11014934809565,-99.98195562423273,[   0    0    0    0    0 1939    0],[0.0000 0.0000 0.0000 0.0000 0.0000 0.4309 0.0000],0.042269737569179074,0.7095537375336267,0.5691111111111111,0.4308888888888889,0.01706915052418329,156.72922134399414,39.905548095703125,0.12278556823730469,1.6627311706542969,198.469877243042
13,0.07961818278878527,0.00012599262458890266,-84.07636344224295,-99.97480147508222,[   0    0    0    0    0 2126    0],[0.0000 0.0000 0.0000 0.0000 0.0000 0.4724 0.0000],0.039872087706687084,0.7180564060593035,0.5275555555555556,0.47244444444444444,0.015104130798615287,162.0488166809082,36.96632385253906,0.13828277587890625,1.8832683563232422,201.10106468200684
13,0.9664344885183581,0.0005076220665116077,93.28689770367163,-99.89847558669769,[   0    0    0    0    0 2376 1253],[0.0000 0.0000 0.0000 0.0000 0.0000 0.5280 0.2784],0.48347105529243484,0.01718421540359527,0.472,0.528,0.003921409396618995,167.6332950592041,40.65275192260742,0.11944770812988281,1.462697982788086,209.92660522460938
13,0.9377929789463637,0.0005955211956756247,87.55859578927274,-99.88089576086487,[   0    0    0    0    0 2526 1550],[0.0000 0.0000 0.0000 0.0000 0.0000 0.5613 0.3444],0.4691942500710196,0.031910408200414464,0.43866666666666665,0.5613333333333334,0.0065677963130968365,160.57729721069336,38.55299949645996,0.13017654418945312,1.6880035400390625,201.00808143615723
13,0.8827320099114365,0.0006732153073838638,76.5464019822873,-99.86535693852322,[   0    0    0    0    0 2659 1881],[0.0000 0.0000 0.0000 0.0000 0.0000 0.5909 0.4180],0.4417026126094102,0.060820147892826304,0.4091111111111111,0.5908888888888889,0.010990531988790977,132.0970058441162,36.519765853881836,0.14495849609375,1.7070770263671875,170.52817344665527
13,0.8408536476541788,0.0006048635958807101,68.17072953083576,-99.87902728082386,[   0    0    0    0    0 2633 2075],[0.0000 0.0000 0.0000 0.0000 0.0000 0.5851 0.4611],0.4207292556250297,0.08334914822583728,0.41488888888888886,0.5851111111111111,0.014549085031799705,180.05633354187012,38.59519958496094,0.07653236389160156,1.2063980102539062,219.9850082397461
13,0.8223506441941577,0.0004357768772200226,64.47012883883156,-99.912844624556,[   0    0    0    0    0 2465 2186],[0.0000 0.0000 0.0000 0.0000 0.0000 0.5478 0.4858],0.41139321053568895,0.09340479412422564,0.4522222222222222,0.5477777777777778,0.017377135489572697,162.68348693847656,37.10818290710449,0.10991096496582031,1.4395713806152344,201.46608352661133
13,0.8230578262629978,0.0002981727098728531,64.61156525259958,-99.94036545802543,[   0    0    0    0    0 2256 2234],[0.0000 0.0000 0.0000 0.0000 0.0000 0.5013 0.4964],0.41167799948643535,0.09293900229746122,0.4986666666666667,0.5013333333333333,0.01907945667998858,145.47991752624512,33.7214469909668,0.13375282287597656,1.6541481018066406,181.05196952819824
13,0.8472195000753941,0.00019353274168407294,69.44390001507884,-99.96129345166318,[   0    0    0    0    0 2002 2203],[0.0000 0.0000 0.0000 0.0000 0.0000 0.4449 0.4896],0.4237065164085391,0.0796598632387534,0.5104444444444445,0.4895555555555556,0.017228726674808032,151.45540237426758,35.32576560974121,0.11801719665527344,1.5590190887451172,188.51232528686523
13,0.892635689806724,9.954553294147387e-05,78.5271379613448,-99.9800908934117,[   0    0    0    0    0 1598 2091],[0.0000 0.0000 0.0000 0.0000 0.0000 0.3551 0.4647],0.4463676176698328,0.05525868923086541,0.5353333333333333,0.4646666666666667,0.013204365761622566,223.64473342895508,36.57984733581543,0.13184547424316406,3.4036636352539062,263.8256549835205
13,0.7650576692531974,0.01655054296825552,53.011533850639466,-96.68989140634889,[   0    0    0    0    0    0 1902],[0.0000 0.0000 0.0000 0.0000 0.0000 0.0000 0.4227],0.3908041061107264,0.1348369365923313,0.5773333333333333,0.4226666666666667,0.030422480973289544,152.7869701385498,34.23738479614258,0.11515617370605469,2.0034313201904297,189.20278549194336
13,0.855144166389928,0.01817259906954695,71.0288332779856,-96.36548018609061,[   0    0    0    0    0    0 1573],[0.0000 0.0000 0.0000 0.0000 0.0000 0.0000 0.3496],0.43665838272973745,0.0851384982849146,0.6504444444444444,0.34955555555555556,0.024181208191698122,168.52426528930664,39.95800018310547,0.11396408081054688,1.6682147979736328,210.3259563446045
13,0.039406225605282036,0.008897150159202675,-92.11875487894359,-98.22056996815947,[0 0 0 0 0 0 0],[0.0000 0.0000 0.0000 0.0000 0.0000 0.0000 0.0000],0.024151687882242357,0.825331527040283,1.0,0.0,0.019933149440451384,233.82234573364258,35.553693771362305,0.12063980102539062,1.8048286437988281,271.3813781738281
13,0.039406225605282036,0.008897150159202675,-92.11875487894359,-98.22056996815947,[0 0 0 0 0 0 0],[0.0000 0.0000 0.0000 0.0000 0.0000 0.0000 0.0000],0.024151687882242357,0.825331527040283,1.0,0.0,0.019933149440451384,263.7810707092285,35.780906677246094,0.10371208190917969,1.9640922546386719,301.69057846069336
13,0.039406225605282036,0.008897150159202675,-92.11875487894359,-98.22056996815947,[0 0 0 0 0 0 0],[0.0000 0.0000 0.0000 0.0000 0.0000 0.0000 0.0000],0.024151687882242357,0.825331527040283,1.0,0.0,0.019933149440451384,208.57739448547363,41.20373725891113,0.05364418029785156,1.1572837829589844,251.10435485839844
13,0.039406225605282036,0.008897150159202675,-92.11875487894359,-98.22056996815947,[0 0 0 0 0 0 0],[0.0000 0.0000 0.0000 0.0000 0.0000 0.0000 0.0000],0.024151687882242357,0.825331527040283,1.0,0.0,0.019933149440451384,119.27938461303711,39.63804244995117,0.07843971252441406,1.0218620300292969,160.06803512573242
13,0.039406225605282036,0.008897150159202675,-92.11875487894359,-98.22056996815947,[0 0 0 0 0 0 0],[0.0000 0.0000 0.0000 0.0000 0.0000 0.0000 0.0000],0.024151687882242357,0.825331527040283,1.0,0.0,0.019933149440451384,100.4033088684082,37.345170974731445,0.10180473327636719,1.1372566223144531,139.0695571899414
13,0.860487210750388,0.01829967145219933,72.0974421500776,-96.34006570956014,[   0    0    0    0    0    0 1549],[0.0000 0.0000 0.0000 0.0000 0.0000 0.0000 0.3442],0.4393934411012937,0.08229223644005901,0.6557777777777778,0.3442222222222222,0.023712051568363507,108.6726188659668,40.59028625488281,0.09179115295410156,1.2652873992919922,150.6650447845459
13,0.8359065991836045,0.01775282942409144,67.18131983672092,-96.44943411518172,[   0    0    0    0    0    0 1654],[0.0000 0.0000 0.0000 0.0000 0.0000 0.0000 0.3676],0.426829714303848,0.09548147074838031,0.6324444444444444,0.3675555555555556,0.025774848887750536,118.74008178710938,40.421485900878906,0.10061264038085938,2.074003219604492,161.37981414794922
13,0.9108004497204014,0.019842616066946393,82.16008994408028,-96.03147678661072,[   0    0    0    0    0    0 1275],[0.0000 0.0000 0.0000 0.0000 0.0000 0.0000 0.2833],0.46532153289367384,0.05609437248554605,0.7166666666666667,0.2833333333333333,0.01870637556403949,145.83182334899902,33.226728439331055,0.10371208190917969,1.5783309936523438,180.79686164855957
13,0.039406225605282036,0.008897150159202675,-92.11875487894359,-98.22056996815947,[0 0 0 0 0 0 0],[0.0000 0.0000 0.0000 0.0000 0.0000 0.0000 0.0000],0.024151687882242357,0.825331527040283,1.0,0.0,0.019933149440451384,138.1995677947998,39.22891616821289,0.05364418029785156,0.9760856628417969,178.4975528717041
13,0.039406225605282036,0.008897150159202675,-92.11875487894359,-98.22056996815947,[0 0 0 0 0 0 0],[0.0000 0.0000 0.0000 0.0000 0.0000 0.0000 0.0000],0.024151687882242357,0.825331527040283,1.0,0.0,0.019933149440451384,141.89577102661133,38.8026237487793,0.09202957153320312,1.973867416381836,182.80839920043945
13,0.039406225605282036,0.008897150159202675,-92.11875487894359,-98.22056996815947,[0 0 0 0 0 0 0],[0.0000 0.0000 0.0000 0.0000 0.0000 0.0000 0.0000],0.024151687882242357,0.825331527040283,1.0,0.0,0.019933149440451384,136.0299587249756,32.277822494506836,0.1838207244873047,2.062082290649414,170.6247329711914
13,0.039406225605282036,0.008897150159202675,-92.11875487894359,-98.22056996815947,[0 0 0 0 0 0 0],[0.0000 0.0000 0.0000 0.0000 0.0000 0.0000 0.0000],0.024151687882242357,0.825331527040283,1.0,0.0,0.019933149440451384,208.14228057861328,40.33660888671875,0.10204315185546875,1.5223026275634766,250.16069412231445
13,0.039406225605282036,0.008897150159202675,-92.11875487894359,-98.22056996815947,[0 0 0 0 0 0 0],[0.0000 0.0000 0.0000 0.0000 0.0000 0.0000 0.0000],0.024151687882242357,0.825331527040283,1.0,0.0,0.019933149440451384,137.81499862670898,30.701637268066406,0.07653236389160156,1.1699199676513672,169.80433464050293
13,0.039406225605282036,0.008897150159202675,-92.11875487894359,-98.22056996815947,[0 0 0 0 0 0 0],[0.0000 0.0000 0.0000 0.0000 0.0000 0.0000 0.0000],0.024151687882242357,0.825331527040283,1.0,0.0,0.019933149440451384,127.60400772094727,32.13691711425781,0.052928924560546875,1.0209083557128906,160.85267066955566
13,0.039406225605282036,0.008897150159202675,-92.11875487894359,-98.22056996815947,[0 0 0 0 0 0 0],[0.0000 0.0000 0.0000 0.0000 0.0000 0.0000 0.0000],0.024151687882242357,0.825331527040283,1.0,0.0,0.019933149440451384,88.46831321716309,38.45500946044922,0.20313262939453125,1.394510269165039,128.56721878051758
13,0.039406225605282036,0.008897150159202675,-92.11875487894359,-98.22056996815947,[0 0 0 0 0 0 0],[0.0000 0.0000 0.0000 0.0000 0.0000 0.0000 0.0000],0.024151687882242357,0.825331527040283,1.0,0.0,0.019933149440451384,94.50387954711914,34.053802490234375,0.07367134094238281,0.9255409240722656,129.6215057373047
13,0.039406225605282036,0.008897150159202675,-92.11875487894359,-98.22056996815947,[0 0 0 0 0 0 0],[0.0000 0.0000 0.0000 0.0000 0.0000 0.0000 0.0000],0.024151687882242357,0.825331527040283,1.0,0.0,0.019933149440451384,115.56386947631836,34.137725830078125,0.09894371032714844,1.3370513916015625,151.19147300720215
13,0.039406225605282036,0.008897150159202675,-92.11875487894359,-98.22056996815947,[0 0 0 0 0 0 0],[0.0000 0.0000 0.0000 0.0000 0.0000 0.0000 0.0000],0.024151687882242357,0.825331527040283,1.0,0.0,0.019933149440451384,98.04487228393555,30.569791793823242,0.06127357482910156,0.9109973907470703,129.62746620178223
13,0.039406225605282036,0.008897150159202675,-92.11875487894359,-98.22056996815947,[0 0 0 0 0 0 0],[0.0000 0.0000 0.0000 0.0000 0.0000 0.0000 0.0000],0.024151687882242357,0.825331527040283,1.0,0.0,0.019933149440451384,101.99975967407227,37.77027130126953,0.08416175842285156,1.2717247009277344,141.17741584777832
13,0.039406225605282036,0.008897150159202675,-92.11875487894359,-98.22056996815947,[0 0 0 0 0 0 0],[0.0000 0.0000 0.0000 0.0000 0.0000 0.0000 0.0000],0.024151687882242357,0.825331527040283,1.0,0.0,0.019933149440451384,93.63150596618652,35.21323204040527,0.09036064147949219,1.3275146484375,130.31554222106934
13,0.039406225605282036,0.008897150159202675,-92.11875487894359,-98.22056996815947,[0 0 0 0 0 0 0],[0.0000 0.0000 0.0000 0.0000 0.0000 0.0000 0.0000],0.024151687882242357,0.825331527040283,1.0,0.0,0.019933149440451384,124.23205375671387,35.10713577270508,0.08344650268554688,1.9114017486572266,161.37409210205078
13,0.039406225605282036,0.008897150159202675,-92.11875487894359,-98.22056996815947,[0 0 0 0 0 0 0],[0.0000 0.0000 0.0000 0.0000 0.0000 0.0000 0.0000],0.024151687882242357,0.825331527040283,1.0,0.0,0.019933149440451384,107.49053955078125,40.770769119262695,0.061511993408203125,1.97601318359375,150.33960342407227
13,0.039406225605282036,0.008897150159202675,-92.11875487894359,-98.22056996815947,[0 0 0 0 0 0 0],[0.0000 0.0000 0.0000 0.0000 0.0000 0.0000 0.0000],0.024151687882242357,0.825331527040283,1.0,0.0,0.019933149440451384,95.97182273864746,31.457185745239258,0.08797645568847656,1.2776851654052734,128.87811660766602
13,0.039406225605282036,0.008897150159202675,-92.11875487894359,-98.22056996815947,[0 0 0 0 0 0 0],[0.0000 0.0000 0.0000 0.0000 0.0000 0.0000 0.0000],0.024151687882242357,0.825331527040283,1.0,0.0,0.019933149440451384,128.2031536102295,30.7464599609375,0.09918212890625,1.003265380859375,160.09974479675293
13,0.8958129436913095,0.01929936171784614,79.16258873826189,-96.14012765643078,[   0    0    0    0    0    0 1368],[0.0000 0.0000 0.0000 0.0000 0.0000 0.0000 0.3040],0.45755615270457783,0.06377695928082217,0.696,0.304,0.020310351923331738,117.82622337341309,40.17782211303711,0.08487701416015625,1.0476112365722656,159.17420387268066
13,0.8861601233686571,0.018993305457726282,77.23202467373142,-96.20133890845474,[   0    0    0    0    0    0 1422],[0.0000 0.0000 0.0000 0.0000 0.0000 0.0000 0.3160],0.4525767144131917,0.06878207818420357,0.6839999999999999,0.316,0.021292350197300792,102.77080535888672,39.58916664123535,0.05435943603515625,1.1799335479736328,143.64337921142578
13,0.039406225605282036,0.008897150159202675,-92.11875487894359,-98.22056996815947,[0 0 0 0 0 0 0],[0.0000 0.0000 0.0000 0.0000 0.0000 0.0000 0.0000],0.024151687882242357,0.825331527040283,1.0,0.0,0.019933149440451384,99.89404678344727,36.38887405395508,0.07295608520507812,1.020669937133789,137.42399215698242
13,0.039406225605282036,0.008897150159202675,-92.11875487894359,-98.22056996815947,[0 0 0 0 0 0 0],[0.0000 0.0000 0.0000 0.0000 0.0000 0.0000 0.0000],0.024151687882242357,0.825331527040283,1.0,0.0,0.019933149440451384,82.11803436279297,37.354469299316406,0.08797645568847656,1.0073184967041016,120.64576148986816
13,0.039406225605282036,0.008897150159202675,-92.11875487894359,-98.22056996815947,[0 0 0 0 0 0 0],[0.0000 0.0000 0.0000 0.0000 0.0000 0.0000 0.0000],0.024151687882242357,0.825331527040283,1.0,0.0,0.019933149440451384,84.34891700744629,34.48915481567383,0.06985664367675781,0.8931159973144531,119.84753608703613
13,0.039406225605282036,0.008897150159202675,-92.11875487894359,-98.22056996815947,[0 0 0 0 0 0 0],[0.0000 0.0000 0.0000 0.0000 0.0000 0.0000 0.0000],0.024151687882242357,0.825331527040283,1.0,0.0,0.019933149440451384,80.73759078979492,38.96188735961914,0.0762939453125,1.07574462890625,120.8944320678711
13,0.039406225605282036,0.008897150159202675,-92.11875487894359,-98.22056996815947,[0 0 0 0 0 0 0],[0.0000 0.0000 0.0000 0.0000 0.0000 0.0000 0.0000],0.024151687882242357,0.825331527040283,1.0,0.0,0.019933149440451384,80.63220977783203,38.207054138183594,0.04982948303222656,1.0571479797363281,119.98534202575684
13,0.039406225605282036,0.008897150159202675,-92.11875487894359,-98.22056996815947,[0 0 0 0 0 0 0],[0.0000 0.0000 0.0000 0.0000 0.0000 0.0000 0.0000],0.024151687882242357,0.825331527040283,1.0,0.0,0.019933149440451384,126.74331665039062,32.13691711425781,0.06437301635742188,0.8895397186279297,159.90757942199707
13,0.039406225605282036,0.008897150159202675,-92.11875487894359,-98.22056996815947,[0 0 0 0 0 0 0],[0.0000 0.0000 0.0000 0.0000 0.0000 0.0000 0.0000],0.024151687882242357,0.825331527040283,1.0,0.0,0.019933149440451384,89.32137489318848,40.331363677978516,0.15115737915039062,1.2531280517578125,131.12497329711914
13,0.039406225605282036,0.008897150159202675,-92.11875487894359,-98.22056996815947,[0 0 0 0 0 0 0],[0.0000 0.0000 0.0000 0.0000 0.0000 0.0000 0.0000],0.024151687882242357,0.825331527040283,1.0,0.0,0.019933149440451384,92.67926216125488,35.95471382141113,0.045299530029296875,1.331329345703125,130.1567554473877
13,0.039406225605282036,0.008897150159202675,-92.11875487894359,-98.22056996815947,[0 0 0 0 0 0 0],[0.0000 0.0000 0.0000 0.0000 0.0000 0.0000 0.0000],0.024151687882242357,0.825331527040283,1.0,0.0,0.019933149440451384,68.40753555297852,30.527591705322266,0.07653236389160156,0.9639263153076172,100.02255439758301
13,0.039406225605282036,0.008897150159202675,-92.11875487894359,-98.22056996815947,[0 0 0 0 0 0 0],[0.0000 0.0000 0.0000 0.0000 0.0000 0.0000 0.0000],0.024151687882242357,0.825331527040283,1.0,0.0,0.019933149440451384,89.90740776062012,39.46852684020996,0.04363059997558594,0.8473396301269531,130.29932975769043
13,0.9390700766270704,0.021219712285811758,87.81401532541409,-95.75605754283765,[   0    0    0    0    0    0 1054],[0.0000 0.0000 0.0000 0.0000 0.0000 0.0000 0.2342],0.4801448944564411,0.041954925725694925,0.7657777777777778,0.23422222222222222,0.015426167089546245,76.84087753295898,33.104896545410156,0.10919570922851562,1.2102127075195312,111.33646965026855
13,0.8702837976763459,0.018546747268145133,74.05675953526918,-96.29065054637097,[   0    0    0    0    0    0 1503],[0.0000 0.0000 0.0000 0.0000 0.0000 0.0000 0.3340],0.44441527247224555,0.07710398721838618,0.6659999999999999,0.334,0.02282128219924485,74.53036308288574,33.92672538757324,0.051021575927734375,0.8802413940429688,109.42268371582031
13,0.915791831785638,0.020046454183192314,83.15836635712762,-95.99070916336154,[   0    0    0    0    0    0 1241],[0.0000 0.0000 0.0000 0.0000 0.0000 0.0000 0.2758],0.46791914298441517,0.053561741262301954,0.7242222222222222,0.2757777777777778,0.018150865844065372,87.02826499938965,32.62758255004883,0.08153915405273438,1.7478466033935547,121.53887748718262
13,0.039406225605282036,0.008897150159202675,-92.11875487894359,-98.22056996815947,[0 0 0 0 0 0 0],[0.0000 0.0000 0.0000 0.0000 0.0000 0.0000 0.0000],0.024151687882242357,0.825331527040283,1.0,0.0,0.019933149440451384,58.71081352233887,39.87836837768555,0.057697296142578125,1.0547637939453125,99.73335266113281
13,0.039406225605282036,0.008897150159202675,-92.11875487894359,-98.22056996815947,[0 0 0 0 0 0 0],[0.0000 0.0000 0.0000 0.0000 0.0000 0.0000 0.0000],0.024151687882242357,0.825331527040283,1.0,0.0,0.019933149440451384,84.41400527954102,34.62839126586914,0.04553794860839844,0.7827281951904297,119.91381645202637
13,0.039406225605282036,0.008897150159202675,-92.11875487894359,-98.22056996815947,[0 0 0 0 0 0 0],[0.0000 0.0000 0.0000 0.0000 0.0000 0.0000 0.0000],0.024151687882242357,0.825331527040283,1.0,0.0,0.019933149440451384,69.2148208618164,40.43316841125488,0.06985664367675781,0.9262561798095703,110.68224906921387
13,0.039406225605282036,0.008897150159202675,-92.11875487894359,-98.22056996815947,[0 0 0 0 0 0 0],[0.0000 0.0000 0.0000 0.0000 0.0000 0.0000 0.0000],0.024151687882242357,0.825331527040283,1.0,0.0,0.019933149440451384,88.5460376739502,30.605792999267578,0.041484832763671875,0.6823539733886719,119.9190616607666
13,0.039406225605282036,0.008897150159202675,-92.11875487894359,-98.22056996815947,[0 0 0 0 0 0 0],[0.0000 0.0000 0.0000 0.0000 0.0000 0.0000 0.0000],0.024151687882242357,0.825331527040283,1.0,0.0,0.019933149440451384,74.02157783508301,35.91203689575195,0.064849853515625,0.8833408355712891,110.92782020568848
13,0.039406225605282036,0.008897150159202675,-92.11875487894359,-98.22056996815947,[0 0 0 0 0 0 0],[0.0000 0.0000 0.0000 0.0000 0.0000 0.0000 0.0000],0.024151687882242357,0.825331527040283,1.0,0.0,0.019933149440451384,80.67774772644043,38.72513771057129,0.06413459777832031,0.7565021514892578,120.27287483215332
13,0.039406225605282036,0.008897150159202675,-92.11875487894359,-98.22056996815947,[0 0 0 0 0 0 0],[0.0000 0.0000 0.0000 0.0000 0.0000 0.0000 0.0000],0.024151687882242357,0.825331527040283,1.0,0.0,0.019933149440451384,75.17671585083008,34.368276596069336,0.0514984130859375,0.7312297821044922,110.36872863769531
13,0.039406225605282036,0.008897150159202675,-92.11875487894359,-98.22056996815947,[0 0 0 0 0 0 0],[0.0000 0.0000 0.0000 0.0000 0.0000 0.0000 0.0000],0.024151687882242357,0.825331527040283,1.0,0.0,0.019933149440451384,71.45881652832031,38.378000259399414,0.06747245788574219,0.8368492126464844,110.7943058013916
13,0.039406225605282036,0.008897150159202675,-92.11875487894359,-98.22056996815947,[0 0 0 0 0 0 0],[0.0000 0.0000 0.0000 0.0000 0.0000 0.0000 0.0000],0.024151687882242357,0.825331527040283,1.0,0.0,0.019933149440451384,82.5192928314209,36.72170639038086,0.04315376281738281,0.8075237274169922,120.12863159179688
13,0.039406225605282036,0.008897150159202675,-92.11875487894359,-98.22056996815947,[0 0 0 0 0 0 0],[0.0000 0.0000 0.0000 0.0000 0.0000 0.0000 0.0000],0.024151687882242357,0.825331527040283,1.0,0.0,0.019933149440451384,62.22987174987793,37.65106201171875,0.07319450378417969,1.1110305786132812,101.1207103729248
13,0.039406225605282036,0.008897150159202675,-92.11875487894359,-98.22056996815947,[0 0 0 0 0 0 0],[0.0000 0.0000 0.0000 0.0000 0.0000 0.0000 0.0000],0.024151687882242357,0.825331527040283,1.0,0.0,0.019933149440451384,83.98938179016113,35.073041915893555,0.04172325134277344,0.89263916015625,120.06068229675293
13,0.9284573790118924,0.020631282561266947,85.69147580237848,-95.87374348774661,[   0    0    0    0    0    0 1146],[0.0000 0.0000 0.0000 0.0000 0.0000 0.0000 0.2547],0.4745443307865797,0.047200914961278206,0.7453333333333334,0.25466666666666665,0.016694666627964053,83.88566970825195,34.54780578613281,0.08344650268554688,1.0814666748046875,119.67730522155762
13,0.9122946850984283,0.019902273829390506,82.45893701968566,-96.01954523412189,[   0    0    0    0    0    0 1265],[0.0000 0.0000 0.0000 0.0000 0.0000 0.0000 0.2811],0.4660984794639094,0.05533476232633727,0.7188888888888889,0.2811111111111111,0.018541185813806996,72.39317893981934,36.5142822265625,0.054836273193359375,0.8523464202880859,109.8473072052002
13,0.9240030498330826,0.020413168950557857,84.80060996661652,-95.91736620988843,[   0    0    0    0    0    0 1181],[0.0000 0.0000 0.0000 0.0000 0.0000 0.0000 0.2624],0.47220810939182023,0.049426551558205634,0.7375555555555555,0.2624444444444444,0.017214265263450268,69.41938400268555,40.13776779174805,0.07510185241699219,0.885009765625,110.5961799621582
13,0.039406225605282036,0.008897150159202675,-92.11875487894359,-98.22056996815947,[0 0 0 0 0 0 0],[0.0000 0.0000 0.0000 0.0000 0.0000 0.0000 0.0000],0.024151687882242357,0.825331527040283,1.0,0.0,0.019933149440451384,68.57848167419434,30.637502670288086,0.05793571472167969,0.8528232574462891,100.15988349914551
13,0.039406225605282036,0.008897150159202675,-92.11875487894359,-98.22056996815947,[0 0 0 0 0 0 0],[0.0000 0.0000 0.0000 0.0000 0.0000 0.0000 0.0000],0.024151687882242357,0.825331527040283,1.0,0.0,0.019933149440451384,99.03645515441895,35.05873680114746,0.04982948303222656,0.9934902191162109,135.18333435058594
13,0.039406225605282036,0.008897150159202675,-92.11875487894359,-98.22056996815947,[0 0 0 0 0 0 0],[0.0000 0.0000 0.0000 0.0000 0.0000 0.0000 0.0000],0.024151687882242357,0.825331527040283,1.0,0.0,0.019933149440451384,62.76082992553711,32.10020065307617,0.08463859558105469,0.9627342224121094,95.94464302062988
13,0.039406225605282036,0.008897150159202675,-92.11875487894359,-98.22056996815947,[0 0 0 0 0 0 0],[0.0000 0.0000 0.0000 0.0000 0.0000 0.0000 0.0000],0.024151687882242357,0.825331527040283,1.0,0.0,0.019933149440451384,89.0352725982666,40.712594985961914,0.04482269287109375,1.2950897216796875,131.1635971069336
13,0.039406225605282036,0.008897150159202675,-92.11875487894359,-98.22056996815947,[0 0 0 0 0 0 0],[0.0000 0.0000 0.0000 0.0000 0.0000 0.0000 0.0000],0.024151687882242357,0.825331527040283,1.0,0.0,0.019933149440451384,71.25735282897949,36.73195838928223,0.07081031799316406,1.0590553283691406,109.1618537902832
13,0.039406225605282036,0.008897150159202675,-92.11875487894359,-98.22056996815947,[0 0 0 0 0 0 0],[0.0000 0.0000 0.0000 0.0000 0.0000 0.0000 0.0000],0.024151687882242357,0.825331527040283,1.0,0.0,0.019933149440451384,74.43594932556152,34.60955619812012,0.057220458984375,0.736236572265625,109.87281799316406
13,0.039406225605282036,0.008897150159202675,-92.11875487894359,-98.22056996815947,[0 0 0 0 0 0 0],[0.0000 0.0000 0.0000 0.0000 0.0000 0.0000 0.0000],0.024151687882242357,0.825331527040283,1.0,0.0,0.019933149440451384,64.77665901184082,34.829139709472656,0.08893013000488281,1.1806488037109375,100.9209156036377
13,0.039406225605282036,0.008897150159202675,-92.11875487894359,-98.22056996815947,[0 0 0 0 0 0 0],[0.0000 0.0000 0.0000 0.0000 0.0000 0.0000 0.0000],0.024151687882242357,0.825331527040283,1.0,0.0,0.019933149440451384,72.24011421203613,36.492347717285156,0.06127357482910156,0.7617473602294922,109.59053039550781
13,0.039406225605282036,0.008897150159202675,-92.11875487894359,-98.22056996815947,[0 0 0 0 0 0 0],[0.0000 0.0000 0.0000 0.0000 0.0000 0.0000 0.0000],0.024151687882242357,0.825331527040283,1.0,0.0,0.019933149440451384,60.373544692993164,39.16645050048828,0.06461143493652344,0.7431507110595703,100.3880500793457
13,0.039406225605282036,0.008897150159202675,-92.11875487894359,-98.22056996815947,[0 0 0 0 0 0 0],[0.0000 0.0000 0.0000 0.0000 0.0000 0.0000 0.0000],0.024151687882242357,0.825331527040283,1.0,0.0,0.019933149440451384,62.64138221740723,36.76009178161621,0.04553794860839844,0.7467269897460938,100.22687911987305
13,0.039406225605282036,0.008897150159202675,-92.11875487894359,-98.22056996815947,[0 0 0 0 0 0 0],[0.0000 0.0000 0.0000 0.0000 0.0000 0.0000 0.0000],0.024151687882242357,0.825331527040283,1.0,0.0,0.019933149440451384,111.53054237365723,38.40065002441406,0.03719329833984375,0.9026527404785156,150.909423828125
13,0.039406225605282036,0.008897150159202675,-92.11875487894359,-98.22056996815947,[0 0 0 0 0 0 0],[0.0000 0.0000 0.0000 0.0000 0.0000 0.0000 0.0000],0.024151687882242357,0.825331527040283,1.0,0.0,0.019933149440451384,57.75594711303711,33.075809478759766,0.05984306335449219,0.8077621459960938,91.74060821533203
13,0.039406225605282036,0.008897150159202675,-92.11875487894359,-98.22056996815947,[0 0 0 0 0 0 0],[0.0000 0.0000 0.0000 0.0000 0.0000 0.0000 0.0000],0.024151687882242357,0.825331527040283,1.0,0.0,0.019933149440451384,64.14198875427246,33.98537635803223,0.04410743713378906,0.7405281066894531,98.94943237304688
13,0.039406225605282036,0.008897150159202675,-92.11875487894359,-98.22056996815947,[0 0 0 0 0 0 0],[0.0000 0.0000 0.0000 0.0000 0.0000 0.0000 0.0000],0.024151687882242357,0.825331527040283,1.0,0.0,0.019933149440451384,61.0353946685791,38.709402084350586,0.054836273193359375,0.8862018585205078,100.72183609008789
13,0.039406225605282036,0.008897150159202675,-92.11875487894359,-98.22056996815947,[0 0 0 0 0 0 0],[0.0000 0.0000 0.0000 0.0000 0.0000 0.0000 0.0000],0.024151687882242357,0.825331527040283,1.0,0.0,0.019933149440451384,65.95540046691895,35.2177619934082,0.03933906555175781,0.6568431854248047,101.90391540527344
13,0.039406225605282036,0.008897150159202675,-92.11875487894359,-98.22056996815947,[0 0 0 0 0 0 0],[0.0000 0.0000 0.0000 0.0000 0.0000 0.0000 0.0000],0.024151687882242357,0.825331527040283,1.0,0.0,0.019933149440451384,68.40038299560547,39.48569297790527,0.06198883056640625,0.865936279296875,108.84237289428711
13,0.039406225605282036,0.008897150159202675,-92.11875487894359,-98.22056996815947,[0 0 0 0 0 0 0],[0.0000 0.0000 0.0000 0.0000 0.0000 0.0000 0.0000],0.024151687882242357,0.825331527040283,1.0,0.0,0.019933149440451384,76.1270523071289,33.199310302734375,0.06079673767089844,0.7243156433105469,110.14604568481445
13,0.039406225605282036,0.008897150159202675,-92.11875487894359,-98.22056996815947,[0 0 0 0 0 0 0],[0.0000 0.0000 0.0000 0.0000 0.0000 0.0000 0.0000],0.024151687882242357,0.825331527040283,1.0,0.0,0.019933149440451384,56.70642852783203,32.72604942321777,0.06389617919921875,0.8409023284912109,90.38543701171875
13,0.039406225605282036,0.008897150159202675,-92.11875487894359,-98.22056996815947,[0 0 0 0 0 0 0],[0.0000 0.0000 0.0000 0.0000 0.0000 0.0000 0.0000],0.024151687882242357,0.825331527040283,1.0,0.0,0.019933149440451384,76.07483863830566,33.35928916931152,0.040531158447265625,0.6270408630371094,110.13102531433105
13,0.039406225605282036,0.008897150159202675,-92.11875487894359,-98.22056996815947,[0 0 0 0 0 0 0],[0.0000 0.0000 0.0000 0.0000 0.0000 0.0000 0.0000],0.024151687882242357,0.825331527040283,1.0,0.0,0.019933149440451384,58.053016662597656,31.71086311340332,0.06127357482910156,0.8134841918945312,90.6836986541748
13,0.039406225605282036,0.008897150159202675,-92.11875487894359,-98.22056996815947,[0 0 0 0 0 0 0],[0.0000 0.0000 0.0000 0.0000 0.0000 0.0000 0.0000],0.024151687882242357,0.825331527040283,1.0,0.0,0.019933149440451384,83.42576026916504,35.83049774169922,0.04076957702636719,0.667572021484375,119.99750137329102
13,0.039406225605282036,0.008897150159202675,-92.11875487894359,-98.22056996815947,[0 0 0 0 0 0 0],[0.0000 0.0000 0.0000 0.0000 0.0000 0.0000 0.0000],0.024151687882242357,0.825331527040283,1.0,0.0,0.019933149440451384,57.17587471008301,29.999971389770508,0.062465667724609375,0.8590221405029297,88.13619613647461
13,0.9396037729280637,0.021252329491076978,87.92075458561274,-95.7495341017846,[   0    0    0    0    0    0 1049],[0.0000 0.0000 0.0000 0.0000 0.0000 0.0000 0.2331],0.48042805120957033,0.04169345017526527,0.766888888888889,0.2331111111111111,0.015361323579531476,92.82541275024414,39.49165344238281,0.06866455078125,0.7634162902832031,133.18657875061035
13,0.039406225605282036,0.008897150159202675,-92.11875487894359,-98.22056996815947,[0 0 0 0 0 0 0],[0.0000 0.0000 0.0000 0.0000 0.0000 0.0000 0.0000],0.024151687882242357,0.825331527040283,1.0,0.0,0.019933149440451384,126.79815292358398,33.161163330078125,0.0591278076171875,1.4393329620361328,161.513090133667
13,0.039406225605282036,0.008897150159202675,-92.11875487894359,-98.22056996815947,[0 0 0 0 0 0 0],[0.0000 0.0000 0.0000 0.0000 0.0000 0.0000 0.0000],0.024151687882242357,0.825331527040283,1.0,0.0,0.019933149440451384,58.98618698120117,39.96992111206055,0.09179115295410156,0.8504390716552734,99.93457794189453
13,0.039406225605282036,0.008897150159202675,-92.11875487894359,-98.22056996815947,[0 0 0 0 0 0 0],[0.0000 0.0000 0.0000 0.0000 0.0000 0.0000 0.0000],0.024151687882242357,0.825331527040283,1.0,0.0,0.019933149440451384,71.73800468444824,37.61649131774902,0.060558319091796875,0.7908344268798828,110.23712158203125
13,0.039406225605282036,0.008897150159202675,-92.11875487894359,-98.22056996815947,[0 0 0 0 0 0 0],[0.0000 0.0000 0.0000 0.0000 0.0000 0.0000 0.0000],0.024151687882242357,0.825331527040283,1.0,0.0,0.019933149440451384,52.03366279602051,37.26983070373535,0.06318092346191406,0.8208751678466797,90.23451805114746
13,0.039406225605282036,0.008897150159202675,-92.11875487894359,-98.22056996815947,[0 0 0 0 0 0 0],[0.0000 0.0000 0.0000 0.0000 0.0000 0.0000 0.0000],0.024151687882242357,0.825331527040283,1.0,0.0,0.019933149440451384,72.24082946777344,37.22095489501953,0.072479248046875,0.8833408355712891,110.45026779174805
13,0.039406225605282036,0.008897150159202675,-92.11875487894359,-98.22056996815947,[0 0 0 0 0 0 0],[0.0000 0.0000 0.0000 0.0000 0.0000 0.0000 0.0000],0.024151687882242357,0.825331527040283,1.0,0.0,0.019933149440451384,51.03135108947754,38.077354431152344,0.06198883056640625,0.782012939453125,89.99180793762207
13,0.039406225605282036,0.008897150159202675,-92.11875487894359,-98.22056996815947,[0 0 0 0 0 0 0],[0.0000 0.0000 0.0000 0.0000 0.0000 0.0000 0.0000],0.024151687882242357,0.825331527040283,1.0,0.0,0.019933149440451384,75.67238807678223,33.75506401062012,0.057697296142578125,0.7989406585693359,110.32223701477051
13,0.039406225605282036,0.008897150159202675,-92.11875487894359,-98.22056996815947,[0 0 0 0 0 0 0],[0.0000 0.0000 0.0000 0.0000 0.0000 0.0000 0.0000],0.024151687882242357,0.825331527040283,1.0,0.0,0.019933149440451384,47.583580017089844,39.228200912475586,0.06175041198730469,0.8380413055419922,87.74566650390625
13,0.039406225605282036,0.008897150159202675,-92.11875487894359,-98.22056996815947,[0 0 0 0 0 0 0],[0.0000 0.0000 0.0000 0.0000 0.0000 0.0000 0.0000],0.024151687882242357,0.825331527040283,1.0,0.0,0.019933149440451384,74.81122016906738,37.1556282043457,0.06079673767089844,0.7855892181396484,112.84899711608887
13,0.039406225605282036,0.008897150159202675,-92.11875487894359,-98.22056996815947,[0 0 0 0 0 0 0],[0.0000 0.0000 0.0000 0.0000 0.0000 0.0000 0.0000],0.024151687882242357,0.825331527040283,1.0,0.0,0.019933149440451384,51.886558532714844,37.71257400512695,0.06723403930664062,0.896453857421875,90.60215950012207
13,0.039406225605282036,0.008897150159202675,-92.11875487894359,-98.22056996815947,[0 0 0 0 0 0 0],[0.0000 0.0000 0.0000 0.0000 0.0000 0.0000 0.0000],0.024151687882242357,0.825331527040283,1.0,0.0,0.019933149440451384,73.76384735107422,35.272836685180664,0.04124641418457031,0.6377696990966797,109.76266860961914
13,0.9324417068611285,0.020839811528608723,86.4883413722257,-95.83203769427826,[   0    0    0    0    0    0 1113],[0.0000 0.0000 0.0000 0.0000 0.0000 0.0000 0.2473],0.47664075919486865,0.04522154646613452,0.7526666666666667,0.24733333333333332,0.016223302665660518,63.117027282714844,36.736249923706055,0.06985664367675781,0.8027553558349609,100.79526901245117
13,0.9003722217987442,0.01945495147301928,80.07444435974884,-96.10900970539615,[   0    0    0    0    0    0 1341],[0.0000 0.0000 0.0000 0.0000 0.0000 0.0000 0.2980],0.4599135866358817,0.06142806864592154,0.702,0.298,0.01983262556648477,74.41282272338867,35.01558303833008,0.047206878662109375,0.6399154663085938,110.17847061157227
13,0.8971820672430175,0.01934528284185,79.4364134486035,-96.13094343163,[   0    0    0    0    0    0 1360],[0.0000 0.0000 0.0000 0.0000 0.0000 0.0000 0.3022],0.4582636750424338,0.06307055527047956,0.6977777777777778,0.3022222222222222,0.02016783234621802,54.511070251464844,35.104990005493164,0.06818771362304688,0.7789134979248047,90.50178527832031
13,0.039406225605282036,0.008897150159202675,-92.11875487894359,-98.22056996815947,[0 0 0 0 0 0 0],[0.0000 0.0000 0.0000 0.0000 0.0000 0.0000 0.0000],0.024151687882242357,0.825331527040283,1.0,0.0,0.019933149440451384,78.83787155151367,30.723094940185547,0.06651878356933594,0.86212158203125,110.52227020263672
13,0.039406225605282036,0.008897150159202675,-92.11875487894359,-98.22056996815947,[0 0 0 0 0 0 0],[0.0000 0.0000 0.0000 0.0000 0.0000 0.0000 0.0000],0.024151687882242357,0.825331527040283,1.0,0.0,0.019933149440451384,66.17283821105957,33.11944007873535,0.08368492126464844,0.9851455688476562,100.43501853942871
13,0.039406225605282036,0.008897150159202675,-92.11875487894359,-98.22056996815947,[0 0 0 0 0 0 0],[0.0000 0.0000 0.0000 0.0000 0.0000 0.0000 0.0000],0.024151687882242357,0.825331527040283,1.0,0.0,0.019933149440451384,68.30668449401855,30.654430389404297,0.059604644775390625,0.7712841033935547,99.8232364654541
13,0.039406225605282036,0.008897150159202675,-92.11875487894359,-98.22056996815947,[0 0 0 0 0 0 0],[0.0000 0.0000 0.0000 0.0000 0.0000 0.0000 0.0000],0.024151687882242357,0.825331527040283,1.0,0.0,0.019933149440451384,64.1176700592041,35.414695739746094,0.08296966552734375,0.8666515350341797,100.55327415466309
13,0.039406225605282036,0.008897150159202675,-92.11875487894359,-98.22056996815947,[0 0 0 0 0 0 0],[0.0000 0.0000 0.0000 0.0000 0.0000 0.0000 0.0000],0.024151687882242357,0.825331527040283,1.0,0.0,0.019933149440451384,67.98005104064941,31.306982040405273,0.044345855712890625,0.6902217864990234,100.05044937133789
13,0.039406225605282036,0.008897150159202675,-92.11875487894359,-98.22056996815947,[0 0 0 0 0 0 0],[0.0000 0.0000 0.0000 0.0000 0.0000 0.0000 0.0000],0.024151687882242357,0.825331527040283,1.0,0.0,0.019933149440451384,65.73081016540527,34.04068946838379,0.07128715515136719,0.8988380432128906,100.7838249206543
13,0.039406225605282036,0.008897150159202675,-92.11875487894359,-98.22056996815947,[0 0 0 0 0 0 0],[0.0000 0.0000 0.0000 0.0000 0.0000 0.0000 0.0000],0.024151687882242357,0.825331527040283,1.0,0.0,0.019933149440451384,75.6072998046875,33.479928970336914,0.04506111145019531,0.6129741668701172,109.7707748413086
13,0.039406225605282036,0.008897150159202675,-92.11875487894359,-98.22056996815947,[0 0 0 0 0 0 0],[0.0000 0.0000 0.0000 0.0000 0.0000 0.0000 0.0000],0.024151687882242357,0.825331527040283,1.0,0.0,0.019933149440451384,57.596683502197266,32.18531608581543,0.07271766662597656,0.9198188781738281,90.81625938415527
13,0.039406225605282036,0.008897150159202675,-92.11875487894359,-98.22056996815947,[0 0 0 0 0 0 0],[0.0000 0.0000 0.0000 0.0000 0.0000 0.0000 0.0000],0.024151687882242357,0.825331527040283,1.0,0.0,0.019933149440451384,68.17102432250977,30.953168869018555,0.042438507080078125,0.6351470947265625,99.83611106872559
13,0.039406225605282036,0.008897150159202675,-92.11875487894359,-98.22056996815947,[0 0 0 0 0 0 0],[0.0000 0.0000 0.0000 0.0000 0.0000 0.0000 0.0000],0.024151687882242357,0.825331527040283,1.0,0.0,0.019933149440451384,68.94135475158691,30.76171875,0.04100799560546875,0.6146430969238281,100.39925575256348
13,0.039406225605282036,0.008897150159202675,-92.11875487894359,-98.22056996815947,[0 0 0 0 0 0 0],[0.0000 0.0000 0.0000 0.0000 0.0000 0.0000 0.0000],0.024151687882242357,0.825331527040283,1.0,0.0,0.019933149440451384,63.78579139709473,36.2701416015625,0.07581710815429688,0.8432865142822266,101.00674629211426
13,0.039406225605282036,0.008897150159202675,-92.11875487894359,-98.22056996815947,[0 0 0 0 0 0 0],[0.0000 0.0000 0.0000 0.0000 0.0000 0.0000 0.0000],0.024151687882242357,0.825331527040283,1.0,0.0,0.019933149440451384,110.44025421142578,39.278507232666016,0.05364418029785156,0.7731914520263672,150.57873725891113
13,0.039406225605282036,0.008897150159202675,-92.11875487894359,-98.22056996815947,[0 0 0 0 0 0 0],[0.0000 0.0000 0.0000 0.0000 0.0000 0.0000 0.0000],0.024151687882242357,0.825331527040283,1.0,0.0,0.019933149440451384,79.14161682128906,40.32135009765625,0.07867813110351562,0.8406639099121094,120.42093276977539
13,0.039406225605282036,0.008897150159202675,-92.11875487894359,-98.22056996815947,[0 0 0 0 0 0 0],[0.0000 0.0000 0.0000 0.0000 0.0000 0.0000 0.0000],0.024151687882242357,0.825331527040283,1.0,0.0,0.019933149440451384,57.04808235168457,32.074928283691406,0.036716461181640625,0.7038116455078125,89.89644050598145
13,0.039406225605282036,0.008897150159202675,-92.11875487894359,-98.22056996815947,[0 0 0 0 0 0 0],[0.0000 0.0000 0.0000 0.0000 0.0000 0.0000 0.0000],0.024151687882242357,0.825331527040283,1.0,0.0,0.019933149440451384,55.79090118408203,34.08980369567871,0.08654594421386719,0.8423328399658203,90.84439277648926
13,0.039406225605282036,0.008897150159202675,-92.11875487894359,-98.22056996815947,[0 0 0 0 0 0 0],[0.0000 0.0000 0.0000 0.0000 0.0000 0.0000 0.0000],0.024151687882242357,0.825331527040283,1.0,0.0,0.019933149440451384,62.74604797363281,36.50665283203125,0.050067901611328125,0.9808540344238281,100.3117561340332
13,0.039406225605282036,0.008897150159202675,-92.11875487894359,-98.22056996815947,[0 0 0 0 0 0 0],[0.0000 0.0000 0.0000 0.0000 0.0000 0.0000 0.0000],0.024151687882242357,0.825331527040283,1.0,0.0,0.019933149440451384,86.35640144348145,32.38677978515625,0.04744529724121094,0.7734298706054688,119.61007118225098
13,0.039406225605282036,0.008897150159202675,-92.11875487894359,-98.22056996815947,[0 0 0 0 0 0 0],[0.0000 0.0000 0.0000 0.0000 0.0000 0.0000 0.0000],0.024151687882242357,0.825331527040283,1.0,0.0,0.019933149440451384,66.79821014404297,32.63664245605469,0.03457069396972656,0.6258487701416016,100.14533996582031
13,0.9128862273181702,0.019926205498914766,82.57724546363403,-96.01475890021705,[   0    0    0    0    0    0 1261],[0.0000 0.0000 0.0000 0.0000 0.0000 0.0000 0.2802],0.4664062164085425,0.05503438061522303,0.7197777777777778,0.2802222222222222,0.018475527525466315,52.60109901428223,37.32156753540039,0.10085105895996094,0.9455680847167969,91.00222587585449
13,0.9071234606318709,0.0197004315094631,81.42469212637417,-96.05991369810738,[   0    0    0    0    0    0 1299],[0.0000 0.0000 0.0000 0.0000 0.0000 0.0000 0.2887],0.463411946070667,0.05796866871509643,0.7113333333333334,0.2886666666666667,0.01910881307351644,68.56918334960938,30.416488647460938,0.03790855407714844,0.5230903625488281,99.57480430603027
13,0.9071234606318709,0.0197004315094631,81.42469212637417,-96.05991369810738,[   0    0    0    0    0    0 1299],[0.0000 0.0000 0.0000 0.0000 0.0000 0.0000 0.2887],0.463411946070667,0.05796866871509643,0.7113333333333334,0.2886666666666667,0.01910881307351644,48.02346229553223,32.12285041809082,0.07915496826171875,0.6825923919677734,80.94286918640137
13,0.039406225605282036,0.008897150159202675,-92.11875487894359,-98.22056996815947,[0 0 0 0 0 0 0],[0.0000 0.0000 0.0000 0.0000 0.0000 0.0000 0.0000],0.024151687882242357,0.825331527040283,1.0,0.0,0.019933149440451384,79.9856185913086,39.34645652770996,0.04100799560546875,0.7166862487792969,120.11861801147461
13,0.039406225605282036,0.008897150159202675,-92.11875487894359,-98.22056996815947,[0 0 0 0 0 0 0],[0.0000 0.0000 0.0000 0.0000 0.0000 0.0000 0.0000],0.024151687882242357,0.825331527040283,1.0,0.0,0.019933149440451384,89.36905860900879,30.508756637573242,0.060558319091796875,0.7829666137695312,120.76234817504883
13,0.039406225605282036,0.008897150159202675,-92.11875487894359,-98.22056996815947,[0 0 0 0 0 0 0],[0.0000 0.0000 0.0000 0.0000 0.0000 0.0000 0.0000],0.024151687882242357,0.825331527040283,1.0,0.0,0.019933149440451384,70.39022445678711,39.31140899658203,0.07104873657226562,0.8282661437988281,110.62884330749512
13,0.039406225605282036,0.008897150159202675,-92.11875487894359,-98.22056996815947,[0 0 0 0 0 0 0],[0.0000 0.0000 0.0000 0.0000 0.0000 0.0000 0.0000],0.024151687882242357,0.825331527040283,1.0,0.0,0.019933149440451384,105.67784309387207,33.811092376708984,0.04124641418457031,1.5711784362792969,141.1440372467041
13,0.039406225605282036,0.008897150159202675,-92.11875487894359,-98.22056996815947,[0 0 0 0 0 0 0],[0.0000 0.0000 0.0000 0.0000 0.0000 0.0000 0.0000],0.024151687882242357,0.825331527040283,1.0,0.0,0.019933149440451384,47.90854454040527,30.81536293029785,0.04315376281738281,0.7579326629638672,79.56337928771973
13,0.039406225605282036,0.008897150159202675,-92.11875487894359,-98.22056996815947,[0 0 0 0 0 0 0],[0.0000 0.0000 0.0000 0.0000 0.0000 0.0000 0.0000],0.024151687882242357,0.825331527040283,1.0,0.0,0.019933149440451384,71.8235969543457,37.673234939575195,0.04363059997558594,0.7300376892089844,110.31079292297363
13,0.039406225605282036,0.008897150159202675,-92.11875487894359,-98.22056996815947,[0 0 0 0 0 0 0],[0.0000 0.0000 0.0000 0.0000 0.0000 0.0000 0.0000],0.024151687882242357,0.825331527040283,1.0,0.0,0.019933149440451384,86.33065223693848,33.66827964782715,0.06103515625,0.8401870727539062,120.93043327331543
13,0.039406225605282036,0.008897150159202675,-92.11875487894359,-98.22056996815947,[0 0 0 0 0 0 0],[0.0000 0.0000 0.0000 0.0000 0.0000 0.0000 0.0000],0.024151687882242357,0.825331527040283,1.0,0.0,0.019933149440451384,107.01107978820801,32.765865325927734,0.06556510925292969,0.8075237274169922,140.68174362182617
13,0.039406225605282036,0.008897150159202675,-92.11875487894359,-98.22056996815947,[0 0 0 0 0 0 0],[0.0000 0.0000 0.0000 0.0000 0.0000 0.0000 0.0000],0.024151687882242357,0.825331527040283,1.0,0.0,0.019933149440451384,105.80658912658691,33.71405601501465,0.04482269287109375,0.6201267242431641,140.22183418273926
13,0.039406225605282036,0.008897150159202675,-92.11875487894359,-98.22056996815947,[0 0 0 0 0 0 0],[0.0000 0.0000 0.0000 0.0000 0.0000 0.0000 0.0000],0.024151687882242357,0.825331527040283,1.0,0.0,0.019933149440451384,60.68086624145508,62.75153160095215,0.0705718994140625,0.8091926574707031,124.34124946594238
13,0.039406225605282036,0.008897150159202675,-92.11875487894359,-98.22056996815947,[0 0 0 0 0 0 0],[0.0000 0.0000 0.0000 0.0000 0.0000 0.0000 0.0000],0.024151687882242357,0.825331527040283,1.0,0.0,0.019933149440451384,87.56804466247559,38.54060173034668,0.04291534423828125,0.6697177886962891,126.84893608093262
13,0.039406225605282036,0.008897150159202675,-92.11875487894359,-98.22056996815947,[0 0 0 0 0 0 0],[0.0000 0.0000 0.0000 0.0000 0.0000 0.0000 0.0000],0.024151687882242357,0.825331527040283,1.0,0.0,0.019933149440451384,50.910234451293945,38.90085220336914,0.07939338684082031,1.0027885437011719,90.92497825622559
13,0.039406225605282036,0.008897150159202675,-92.11875487894359,-98.22056996815947,[0 0 0 0 0 0 0],[0.0000 0.0000 0.0000 0.0000 0.0000 0.0000 0.0000],0.024151687882242357,0.825331527040283,1.0,0.0,0.019933149440451384,79.37288284301758,39.6428108215332,0.04100799560546875,0.6225109100341797,119.70901489257812
13,0.039406225605282036,0.008897150159202675,-92.11875487894359,-98.22056996815947,[0 0 0 0 0 0 0],[0.0000 0.0000 0.0000 0.0000 0.0000 0.0000 0.0000],0.024151687882242357,0.825331527040283,1.0,0.0,0.019933149440451384,96.58098220825195,33.42890739440918,0.043392181396484375,0.6847381591796875,130.77306747436523
13,0.039406225605282036,0.008897150159202675,-92.11875487894359,-98.22056996815947,[0 0 0 0 0 0 0],[0.0000 0.0000 0.0000 0.0000 0.0000 0.0000 0.0000],0.024151687882242357,0.825331527040283,1.0,0.0,0.019933149440451384,55.34672737121582,34.343719482421875,0.05888938903808594,0.7131099700927734,90.4996395111084
13,0.039406225605282036,0.008897150159202675,-92.11875487894359,-98.22056996815947,[0 0 0 0 0 0 0],[0.0000 0.0000 0.0000 0.0000 0.0000 0.0000 0.0000],0.024151687882242357,0.825331527040283,1.0,0.0,0.019933149440451384,109.27391052246094,30.542850494384766,0.0400543212890625,0.9348392486572266,140.8236026763916
13,0.039406225605282036,0.008897150159202675,-92.11875487894359,-98.22056996815947,[0 0 0 0 0 0 0],[0.0000 0.0000 0.0000 0.0000 0.0000 0.0000 0.0000],0.024151687882242357,0.825331527040283,1.0,0.0,0.019933149440451384,49.77083206176758,39.64567184448242,0.07009506225585938,0.9489059448242188,90.47222137451172
13,0.039406225605282036,0.008897150159202675,-92.11875487894359,-98.22056996815947,[0 0 0 0 0 0 0],[0.0000 0.0000 0.0000 0.0000 0.0000 0.0000 0.0000],0.024151687882242357,0.825331527040283,1.0,0.0,0.019933149440451384,124.9837875366211,34.6837043762207,0.043392181396484375,0.7219314575195312,160.45880317687988
13,0.039406225605282036,0.008897150159202675,-92.11875487894359,-98.22056996815947,[0 0 0 0 0 0 0],[0.0000 0.0000 0.0000 0.0000 0.0000 0.0000 0.0000],0.024151687882242357,0.825331527040283,1.0,0.0,0.019933149440451384,60.906171798706055,38.991689682006836,0.0820159912109375,0.9338855743408203,100.95071792602539
13,0.039406225605282036,0.008897150159202675,-92.11875487894359,-98.22056996815947,[0 0 0 0 0 0 0],[0.0000 0.0000 0.0000 0.0000 0.0000 0.0000 0.0000],0.024151687882242357,0.825331527040283,1.0,0.0,0.019933149440451384,62.68501281738281,36.44084930419922,0.04172325134277344,0.6265640258789062,99.822998046875
13,0.9383157055645586,0.021174159744179084,87.66314111291172,-95.76516805116418,[   0    0    0    0    0    0 1061],[0.0000 0.0000 0.0000 0.0000 0.0000 0.0000 0.2358],0.47974493265436885,0.04232492680430511,0.7642222222222222,0.23577777777777778,0.015517661497543174,111.2213134765625,38.99836540222168,0.057697296142578125,0.6799697875976562,150.98977088928223
13,0.9134742761612792,0.01995017644134606,82.69485523225583,-96.00996471173079,[   0    0    0    0    0    0 1257],[0.0000 0.0000 0.0000 0.0000 0.0000 0.0000 0.2793],0.4667122263013126,0.0547359629606482,0.7206666666666667,0.2793333333333333,0.018410109683874163,56.10775947570801,33.295631408691406,0.06198883056640625,0.7643699645996094,90.29769897460938
13,0.9267044039069008,0.02054366217204346,85.34088078138015,-95.8912675655913,[   0    0    0    0    0    0 1160],[0.0000 0.0000 0.0000 0.0000 0.0000 0.0000 0.2578],0.4736240330394721,0.04807524365900784,0.7422222222222222,0.2577777777777778,0.01690009627608657,100.82077980041504,39.132118225097656,0.0591278076171875,0.7796287536621094,140.8228874206543
13,0.039406225605282036,0.008897150159202675,-92.11875487894359,-98.22056996815947,[0 0 0 0 0 0 0],[0.0000 0.0000 0.0000 0.0000 0.0000 0.0000 0.0000],0.024151687882242357,0.825331527040283,1.0,0.0,0.019933149440451384,86.82680130004883,32.6995849609375,0.0591278076171875,0.7865428924560547,120.41616439819336
13,0.039406225605282036,0.008897150159202675,-92.11875487894359,-98.22056996815947,[0 0 0 0 0 0 0],[0.0000 0.0000 0.0000 0.0000 0.0000 0.0000 0.0000],0.024151687882242357,0.825331527040283,1.0,0.0,0.019933149440451384,53.330421447753906,35.99953651428223,0.059604644775390625,0.6568431854248047,90.07000923156738
13,0.039406225605282036,0.008897150159202675,-92.11875487894359,-98.22056996815947,[0 0 0 0 0 0 0],[0.0000 0.0000 0.0000 0.0000 0.0000 0.0000 0.0000],0.024151687882242357,0.825331527040283,1.0,0.0,0.019933149440451384,46.54097557067871,33.095359802246094,0.06461143493652344,0.8683204650878906,80.60455322265625
13,0.039406225605282036,0.008897150159202675,-92.11875487894359,-98.22056996815947,[0 0 0 0 0 0 0],[0.0000 0.0000 0.0000 0.0000 0.0000 0.0000 0.0000],0.024151687882242357,0.825331527040283,1.0,0.0,0.019933149440451384,80.04260063171387,39.26372528076172,0.052928924560546875,0.5738735198974609,119.96865272521973
13,0.039406225605282036,0.008897150159202675,-92.11875487894359,-98.22056996815947,[0 0 0 0 0 0 0],[0.0000 0.0000 0.0000 0.0000 0.0000 0.0000 0.0000],0.024151687882242357,0.825331527040283,1.0,0.0,0.019933149440451384,91.65835380554199,38.25068473815918,0.05269050598144531,0.7174015045166016,130.73492050170898
13,0.039406225605282036,0.008897150159202675,-92.11875487894359,-98.22056996815947,[0 0 0 0 0 0 0],[0.0000 0.0000 0.0000 0.0000 0.0000 0.0000 0.0000],0.024151687882242357,0.825331527040283,1.0,0.0,0.019933149440451384,52.31642723083496,37.38808631896973,0.043392181396484375,0.6892681121826172,90.46125411987305
13,0.039406225605282036,0.008897150159202675,-92.11875487894359,-98.22056996815947,[0 0 0 0 0 0 0],[0.0000 0.0000 0.0000 0.0000 0.0000 0.0000 0.0000],0.024151687882242357,0.825331527040283,1.0,0.0,0.019933149440451384,109.29107666015625,30.892133712768555,0.05173683166503906,0.7956027984619141,141.06011390686035
13,0.039406225605282036,0.008897150159202675,-92.11875487894359,-98.22056996815947,[0 0 0 0 0 0 0],[0.0000 0.0000 0.0000 0.0000 0.0000 0.0000 0.0000],0.024151687882242357,0.825331527040283,1.0,0.0,0.019933149440451384,56.183815002441406,34.56377983093262,0.056743621826171875,0.9856224060058594,91.82548522949219
13,0.039406225605282036,0.008897150159202675,-92.11875487894359,-98.22056996815947,[0 0 0 0 0 0 0],[0.0000 0.0000 0.0000 0.0000 0.0000 0.0000 0.0000],0.024151687882242357,0.825331527040283,1.0,0.0,0.019933149440451384,109.15541648864746,38.66863250732422,0.0438690185546875,0.7984638214111328,148.6947536468506
13,0.039406225605282036,0.008897150159202675,-92.11875487894359,-98.22056996815947,[0 0 0 0 0 0 0],[0.0000 0.0000 0.0000 0.0000 0.0000 0.0000 0.0000],0.024151687882242357,0.825331527040283,1.0,0.0,0.019933149440451384,97.15795516967773,32.56559371948242,0.07963180541992188,0.7224082946777344,130.568265914917
13,0.039406225605282036,0.008897150159202675,-92.11875487894359,-98.22056996815947,[0 0 0 0 0 0 0],[0.0000 0.0000 0.0000 0.0000 0.0000 0.0000 0.0000],0.024151687882242357,0.825331527040283,1.0,0.0,0.019933149440451384,62.08610534667969,37.43314743041992,0.06079673767089844,0.8208751678466797,100.42524337768555
13,0.039406225605282036,0.008897150159202675,-92.11875487894359,-98.22056996815947,[0 0 0 0 0 0 0],[0.0000 0.0000 0.0000 0.0000 0.0000 0.0000 0.0000],0.024151687882242357,0.825331527040283,1.0,0.0,0.019933149440451384,57.76643753051758,31.61931037902832,0.06008148193359375,0.8268356323242188,90.35754203796387
13,0.039406225605282036,0.008897150159202675,-92.11875487894359,-98.22056996815947,[0 0 0 0 0 0 0],[0.0000 0.0000 0.0000 0.0000 0.0000 0.0000 0.0000],0.024151687882242357,0.825331527040283,1.0,0.0,0.019933149440451384,65.86360931396484,34.717559814453125,0.06365776062011719,0.6995201110839844,101.36961936950684
13,0.039406225605282036,0.008897150159202675,-92.11875487894359,-98.22056996815947,[0 0 0 0 0 0 0],[0.0000 0.0000 0.0000 0.0000 0.0000 0.0000 0.0000],0.024151687882242357,0.825331527040283,1.0,0.0,0.019933149440451384,103.73091697692871,34.8963737487793,0.033855438232421875,0.6425380706787109,139.33157920837402
13,0.9267044039069008,0.02054366217204346,85.34088078138015,-95.8912675655913,[   0    0    0    0    0    0 1160],[0.0000 0.0000 0.0000 0.0000 0.0000 0.0000 0.2578],0.4736240330394721,0.04807524365900784,0.7422222222222222,0.2577777777777778,0.01690009627608657,88.99760246276855,31.20875358581543,0.07295608520507812,0.90789794921875,121.2911605834961
13,0.9023429828151015,0.01952465760930964,80.4685965630203,-96.09506847813807,[   0    0    0    0    0    0 1329],[0.0000 0.0000 0.0000 0.0000 0.0000 0.0000 0.2953],0.4609338202122056,0.060415876461403895,0.7046666666666667,0.29533333333333334,0.019623360547291004,83.32133293151855,35.883188247680664,0.041484832763671875,0.8378028869628906,120.11122703552246
13,0.039406225605282036,0.008897150159202675,-92.11875487894359,-98.22056996815947,[0 0 0 0 0 0 0],[0.0000 0.0000 0.0000 0.0000 0.0000 0.0000 0.0000],0.024151687882242357,0.825331527040283,1.0,0.0,0.019933149440451384,111.20367050170898,38.81120681762695,0.050067901611328125,0.7524490356445312,150.85291862487793
13,0.039406225605282036,0.008897150159202675,-92.11875487894359,-98.22056996815947,[0 0 0 0 0 0 0],[0.0000 0.0000 0.0000 0.0000 0.0000 0.0000 0.0000],0.024151687882242357,0.825331527040283,1.0,0.0,0.019933149440451384,84.97142791748047,34.76381301879883,0.06747245788574219,0.9281635284423828,120.76306343078613
13,0.039406225605282036,0.008897150159202675,-92.11875487894359,-98.22056996815947,[0 0 0 0 0 0 0],[0.0000 0.0000 0.0000 0.0000 0.0000 0.0000 0.0000],0.024151687882242357,0.825331527040283,1.0,0.0,0.019933149440451384,81.3908576965332,38.03300857543945,0.04100799560546875,0.8463859558105469,120.33629417419434
13,0.039406225605282036,0.008897150159202675,-92.11875487894359,-98.22056996815947,[0 0 0 0 0 0 0],[0.0000 0.0000 0.0000 0.0000 0.0000 0.0000 0.0000],0.024151687882242357,0.825331527040283,1.0,0.0,0.019933149440451384,57.6632022857666,31.762123107910156,0.058650970458984375,0.7731914520263672,90.28959274291992
13,0.039406225605282036,0.008897150159202675,-92.11875487894359,-98.22056996815947,[0 0 0 0 0 0 0],[0.0000 0.0000 0.0000 0.0000 0.0000 0.0000 0.0000],0.024151687882242357,0.825331527040283,1.0,0.0,0.019933149440451384,89.61772918701172,40.85683822631836,0.045299530029296875,0.6930828094482422,131.24394416809082
13,0.039406225605282036,0.008897150159202675,-92.11875487894359,-98.22056996815947,[0 0 0 0 0 0 0],[0.0000 0.0000 0.0000 0.0000 0.0000 0.0000 0.0000],0.024151687882242357,0.825331527040283,1.0,0.0,0.019933149440451384,93.77312660217285,35.37774085998535,0.04458427429199219,0.7636547088623047,130.00035285949707
13,0.9312559119866691,0.020776323676789818,86.25118239733382,-95.84473526464204,[   0    0    0    0    0    0 1123],[0.0000 0.0000 0.0000 0.0000 0.0000 0.0000 0.2496],0.4760161178317294,0.04580945911737344,0.7504444444444445,0.24955555555555556,0.016364222240496024,52.558183670043945,36.85879707336426,0.042438507080078125,0.7569789886474609,90.24405479431152
13,0.9152176094138542,0.02002232552756,83.04352188277085,-95.995534894488,[   0    0    0    0    0    0 1245],[0.0000 0.0000 0.0000 0.0000 0.0000 0.0000 0.2767],0.4676199674707071,0.05385239846718726,0.7233333333333334,0.27666666666666667,0.018215310432732366,101.64833068847656,38.44022750854492,0.03504753112792969,0.8499622344970703,141.01481437683105
13,0.9152176094138542,0.02002232552756,83.04352188277085,-95.995534894488,[   0    0    0    0    0    0 1245],[0.0000 0.0000 0.0000 0.0000 0.0000 0.0000 0.2767],0.4676199674707071,0.05385239846718726,0.7233333333333334,0.27666666666666667,0.018215310432732366,50.508737564086914,38.91491889953613,0.06508827209472656,0.8108615875244141,90.33703804016113
13,0.039406225605282036,0.008897150159202675,-92.11875487894359,-98.22056996815947,[0 0 0 0 0 0 0],[0.0000 0.0000 0.0000 0.0000 0.0000 0.0000 0.0000],0.024151687882242357,0.825331527040283,1.0,0.0,0.019933149440451384,105.6060791015625,32.579898834228516,0.05841255187988281,0.7607936859130859,139.03260231018066
13,0.039406225605282036,0.008897150159202675,-92.11875487894359,-98.22056996815947,[0 0 0 0 0 0 0],[0.0000 0.0000 0.0000 0.0000 0.0000 0.0000 0.0000],0.024151687882242357,0.825331527040283,1.0,0.0,0.019933149440451384,52.52718925476074,36.612510681152344,0.055789947509765625,0.6363391876220703,89.88118171691895
13,0.039406225605282036,0.008897150159202675,-92.11875487894359,-98.22056996815947,[0 0 0 0 0 0 0],[0.0000 0.0000 0.0000 0.0000 0.0000 0.0000 0.0000],0.024151687882242357,0.825331527040283,1.0,0.0,0.019933149440451384,63.744544982910156,35.9039306640625,0.049591064453125,0.7123947143554688,100.43692588806152
13,0.17273729697834095,0.0033464176908140682,-65.4525406043318,-99.33071646183718,[   0    0    0    0 1202    0    0],[0.0000 0.0000 0.0000 0.0000 0.2671 0.0000 0.0000],0.08804185733457758,0.5884287676628419,0.7328888888888889,0.26711111111111113,0.03796830680075808,110.2304458618164,40.07148742675781,0.057697296142578125,0.8232593536376953,151.24034881591797
13,0.1583662165383795,0.003509949039495356,-68.3267566923241,-99.29801019210093,[   0    0    0    0 1382    0    0],[0.0000 0.0000 0.0000 0.0000 0.3071 0.0000 0.0000],0.08093808278893747,0.6064821890957359,0.6928888888888889,0.3071111111111111,0.03401218723502303,52.95062065124512,34.12199020385742,0.05841255187988281,0.9815692901611328,88.14311027526855
13,0.1491929711365241,0.0036288499413569117,-70.16140577269518,-99.27423001172862,[   0    0    0    0 1506    0    0],[0.0000 0.0000 0.0000 0.0000 0.3347 0.0000 0.0000],0.07641091053894052,0.6184713363387133,0.6653333333333333,0.33466666666666667,0.031442294690648444,85.80732345581055,36.03076934814453,0.03814697265625,0.7746219635009766,122.68686294555664
13,0.14371104878771965,0.0037063834443639004,-71.25779024245607,-99.25872331112723,[   0    0    0    0 1584    0    0],[0.0000 0.0000 0.0000 0.0000 0.3520 0.0000 0.0000],0.07370871611604173,0.6258280270472469,0.648,0.352,0.02989157928824103,60.51325798034668,39.008140563964844,0.06794929504394531,0.7765293121337891,100.40116310119629
13,0.16028601255804611,0.003486606582789035,-67.94279748839077,-99.3026786834422,[   0    0    0    0 1357    0    0],[0.0000 0.0000 0.0000 0.0000 0.3016 0.0000 0.0000],0.08188630957041759,0.6040209526057507,0.6984444444444444,0.3015555555555556,0.034545793292468534,112.59126663208008,37.32919692993164,0.04267692565917969,0.9438991546630859,150.93278884887695
13,0.039406225605282036,0.008897150159202675,-92.11875487894359,-98.22056996815947,[0 0 0 0 0 0 0],[0.0000 0.0000 0.0000 0.0000 0.0000 0.0000 0.0000],0.024151687882242357,0.825331527040283,1.0,0.0,0.019933149440451384,58.78281593322754,30.390024185180664,0.056743621826171875,0.6630420684814453,89.93291854858398
13,0.039406225605282036,0.008897150159202675,-92.11875487894359,-98.22056996815947,[0 0 0 0 0 0 0],[0.0000 0.0000 0.0000 0.0000 0.0000 0.0000 0.0000],0.024151687882242357,0.825331527040283,1.0,0.0,0.019933149440451384,72.35980033874512,37.50467300415039,0.03886222839355469,0.6537437438964844,110.59331893920898
13,0.9363368455127122,0.0210576200049214,87.26736910254246,-95.78847599901572,[   0    0    0    0    0    0 1079],[0.0000 0.0000 0.0000 0.0000 0.0000 0.0000 0.2398],0.4786972327588168,0.04329773413679483,0.7602222222222222,0.23977777777777778,0.015756750082282757,51.48053169250488,38.152217864990234,0.06389617919921875,0.7994174957275391,90.53587913513184
13,0.9233469557877728,0.020382264081994037,84.66939115755457,-95.92354718360119,[   0    0    0    0    0    0 1186],[0.0000 0.0000 0.0000 0.0000 0.0000 0.0000 0.2636],0.47186460993488344,0.04975545689239613,0.7364444444444445,0.26355555555555554,0.017290124289601604,60.98151206970215,38.442373275756836,0.06794929504394531,0.7326602935791016,100.25310516357422
13,0.13421101842126426,0.003854271601426301,-73.15779631574715,-99.22914567971473,[   0    0    0    0 1727    0    0],[0.0000 0.0000 0.0000 0.0000 0.3838 0.0000 0.0000],0.06903264501134529,0.6389504925639173,0.6162222222222222,0.3837777777777778,0.027180602476439743,110.56971549987793,39.418697357177734,0.06580352783203125,0.8654594421386719,150.95853805541992
13,0.09860106660323631,0.004639132789673995,-80.27978667935274,-99.0721734420652,[   0    0    0    0 2383    0    0],[0.0000 0.0000 0.0000 0.0000 0.5296 0.0000 0.0000],0.0516200996964551,0.6934678910561533,0.47044444444444444,0.5295555555555556,0.0168404441113141,48.39968681335449,27.911901473999023,0.0400543212890625,0.7877349853515625,77.17299461364746
13,0.08382765545109538,0.00514783749010647,-83.23446890978093,-98.9704325019787,[   0    0    0    0 2738    0    0],[0.0000 0.0000 0.0000 0.0000 0.6084 0.0000 0.0000],0.044487746470600914,0.7195007701240717,0.39155555555555555,0.6084444444444445,0.01253328918796741,74.96523857116699,37.13512420654297,0.04220008850097656,0.560760498046875,112.74099349975586
13,0.21607725269311404,1.9872476536442307e-05,-56.784549461377196,-99.99602550469271,[   0    0    0    0 2959 1323    0],[0.0000 0.0000 0.0000 0.0000 0.6576 0.2940 0.0000],0.10804856258482523,0.5351802712700573,0.34244444444444444,0.6575555555555556,0.019802007193809718,60.01567840576172,40.006399154663086,0.04506111145019531,0.7178783416748047,100.81815719604492
13,0.1955743533479771,2.3676024182536136e-05,-60.88512933040458,-99.9952647951635,[   0    0    0    0 3110 1401    0],[0.0000 0.0000 0.0000 0.0000 0.6911 0.3113 0.0000],0.09779901468607982,0.5577888769786601,0.3088888888888889,0.6911111111111111,0.01685026034982254,110.93282699584961,38.99955749511719,0.04982948303222656,0.8678436279296875,150.93541145324707
13,0.988795140304075,0.00010235560677293423,97.75902806081501,-99.97952887864541,[   0    0    0    0 3498 1574 1244],[0.0000 0.0000 0.0000 0.0000 0.7773 0.3498 0.2764],0.49444874795542404,0.00566968028863668,0.22266666666666668,0.7773333333333333,0.0006242162339253338,89.77699279785156,39.945363998413086,0.04506111145019531,0.7495880126953125,130.55729866027832
13,0.988795140304075,0.00010235560677293423,97.75902806081501,-99.97952887864541,[   0    0    0    0 3498 1574 1244],[0.0000 0.0000 0.0000 0.0000 0.7773 0.3498 0.2764],0.49444874795542404,0.00566968028863668,0.22266666666666668,0.7773333333333333,0.0006242162339253338,48.806190490722656,30.689477920532227,0.07891654968261719,0.8132457733154297,80.41763305664062
13,0.9842673211404959,0.00011149564747978436,96.85346422809917,-99.97770087050404,[   0    0    0    0 3722 1612 1331],[0.0000 0.0000 0.0000 0.0000 0.8271 0.3582 0.2958],0.49218940839398784,0.007953718069052984,0.17288888888888887,0.8271111111111111,0.0006768143211891406,56.131601333618164,33.20431709289551,0.06222724914550781,0.7138252258300781,90.15107154846191
13,0.977071066757569,0.00012209834413625794,95.41421335151381,-99.97558033117275,[   0    0    0    0 4255 1599 1338],[0.0000 0.0000 0.0000 0.0000 0.9456 0.3553 0.2973],0.48859658255085264,0.011592711270585143,0.054444444444444406,0.9455555555555556,0.0003083819959511398,62.85738945007324,36.834716796875,0.06842613220214844,0.8234977722167969,100.63838958740234
