14,0.9466733203977037,0.999995696023898,89.33466407954074,99.9991392047796,[0 0 0 0 0 0 0],[0.0000 0.0000 0.0000 0.0000 0.0000 0.0000 0.0000],0.9733345082108008,0.7690836176747213,1.0,0.0,0.7485756247824085,101.52459144592285,38.64908218383789,0.057220458984375,0.8196830749511719,141.07775688171387
14,0.9466733203977037,0.999995696023898,89.33466407954074,99.9991392047796,[0 0 0 0 0 0 0],[0.0000 0.0000 0.0000 0.0000 0.0000 0.0000 0.0000],0.9733345082108008,0.7690836176747213,1.0,0.0,0.7485756247824085,113.52062225341797,36.18478775024414,0.07128715515136719,0.6632804870605469,150.48861503601074
14,0.9466733203977037,0.999995696023898,89.33466407954074,99.9991392047796,[0 0 0 0 0 0 0],[0.0000 0.0000 0.0000 0.0000 0.0000 0.0000 0.0000],0.9733345082108008,0.7690836176747213,1.0,0.0,0.7485756247824085,48.86960983276367,28.72014045715332,0.06079673767089844,0.8184909820556641,78.50313186645508
14,0.9466733203977037,0.999995696023898,89.33466407954074,99.9991392047796,[0 0 0 0 0 0 0],[0.0000 0.0000 0.0000 0.0000 0.0000 0.0000 0.0000],0.9733345082108008,0.7690836176747213,1.0,0.0,0.7485756247824085,87.07666397094727,34.45887565612793,0.034332275390625,0.8471012115478516,122.44248390197754
14,0.9466733203977037,0.999995696023898,89.33466407954074,99.9991392047796,[0 0 0 0 0 0 0],[0.0000 0.0000 0.0000 0.0000 0.0000 0.0000 0.0000],0.9733345082108008,0.7690836176747213,1.0,0.0,0.7485756247824085,51.30910873413086,41.60046577453613,0.06127357482910156,2.075672149658203,95.0770378112793
14,0.9466733203977037,0.999995696023898,89.33466407954074,99.9991392047796,[0 0 0 0 0 0 0],[0.0000 0.0000 0.0000 0.0000 0.0000 0.0000 0.0000],0.9733345082108008,0.7690836176747213,1.0,0.0,0.7485756247824085,98.99353981018066,35.94708442687988,0.06747245788574219,0.7343292236328125,135.82491874694824
14,0.9466733203977037,0.999995696023898,89.33466407954074,99.9991392047796,[0 0 0 0 0 0 0],[0.0000 0.0000 0.0000 0.0000 0.0000 0.0000 0.0000],0.9733345082108008,0.7690836176747213,1.0,0.0,0.7485756247824085,102.10108757019043,37.99271583557129,0.05435943603515625,0.6563663482666016,140.84339141845703
14,0.9466733203977037,0.999995696023898,89.33466407954074,99.9991392047796,[0 0 0 0 0 0 0],[0.0000 0.0000 0.0000 0.0000 0.0000 0.0000 0.0000],0.9733345082108008,0.7690836176747213,1.0,0.0,0.7485756247824085,89.15209770202637,30.542373657226562,0.07939338684082031,0.8544921875,120.65911293029785
14,0.9466733203977037,0.999995696023898,89.33466407954074,99.9991392047796,[0 0 0 0 0 0 0],[0.0000 0.0000 0.0000 0.0000 0.0000 0.0000 0.0000],0.9733345082108008,0.7690836176747213,1.0,0.0,0.7485756247824085,75.81782341003418,33.476829528808594,0.040531158447265625,0.8029937744140625,110.16726493835449
14,0.9466733203977037,0.999995696023898,89.33466407954074,99.9991392047796,[0 0 0 0 0 0 0],[0.0000 0.0000 0.0000 0.0000 0.0000 0.0000 0.0000],0.9733345082108008,0.7690836176747213,1.0,0.0,0.7485756247824085,55.65595626831055,33.75577926635742,0.06580352783203125,1.1088848114013672,90.61503410339355
14,0.9466733203977037,0.999995696023898,89.33466407954074,99.9991392047796,[0 0 0 0 0 0 0],[0.0000 0.0000 0.0000 0.0000 0.0000 0.0000 0.0000],0.9733345082108008,0.7690836176747213,1.0,0.0,0.7485756247824085,76.2639045715332,32.86099433898926,0.04887580871582031,0.7412433624267578,109.94720458984375
14,0.9466733203977037,0.999995696023898,89.33466407954074,99.9991392047796,[0 0 0 0 0 0 0],[0.0000 0.0000 0.0000 0.0000 0.0000 0.0000 0.0000],0.9733345082108008,0.7690836176747213,1.0,0.0,0.7485756247824085,63.501596450805664,56.12969398498535,0.05626678466796875,0.6806850433349609,120.4080581665039
14,0.9466733203977037,0.999995696023898,89.33466407954074,99.9991392047796,[0 0 0 0 0 0 0],[0.0000 0.0000 0.0000 0.0000 0.0000 0.0000 0.0000],0.9733345082108008,0.7690836176747213,1.0,0.0,0.7485756247824085,47.631263732910156,31.912803649902344,0.03457069396972656,0.6537437438964844,80.27935028076172
14,0.9466733203977037,0.999995696023898,89.33466407954074,99.9991392047796,[0 0 0 0 0 0 0],[0.0000 0.0000 0.0000 0.0000 0.0000 0.0000 0.0000],0.9733345082108008,0.7690836176747213,1.0,0.0,0.7485756247824085,49.431800842285156,40.32707214355469,0.06794929504394531,0.7410049438476562,90.59906005859375
14,0.9466733203977037,0.999995696023898,89.33466407954074,99.9991392047796,[0 0 0 0 0 0 0],[0.0000 0.0000 0.0000 0.0000 0.0000 0.0000 0.0000],0.9733345082108008,0.7690836176747213,1.0,0.0,0.7485756247824085,65.45758247375488,33.90216827392578,0.03266334533691406,0.9043216705322266,100.34704208374023
14,0.9466733203977037,0.999995696023898,89.33466407954074,99.9991392047796,[0 0 0 0 0 0 0],[0.0000 0.0000 0.0000 0.0000 0.0000 0.0000 0.0000],0.9733345082108008,0.7690836176747213,1.0,0.0,0.7485756247824085,103.9285659790039,35.910844802856445,0.05626678466796875,0.7066726684570312,140.64431190490723
14,0.9466733203977037,0.999995696023898,89.33466407954074,99.9991392047796,[0 0 0 0 0 0 0],[0.0000 0.0000 0.0000 0.0000 0.0000 0.0000 0.0000],0.9733345082108008,0.7690836176747213,1.0,0.0,0.7485756247824085,58.90250205993652,30.570030212402344,0.06103515625,0.7259845733642578,90.30795097351074
14,0.9466733203977037,0.999995696023898,89.33466407954074,99.9991392047796,[0 0 0 0 0 0 0],[0.0000 0.0000 0.0000 0.0000 0.0000 0.0000 0.0000],0.9733345082108008,0.7690836176747213,1.0,0.0,0.7485756247824085,56.162118911743164,33.13159942626953,0.057697296142578125,0.7441043853759766,90.13676643371582
14,0.9466733203977037,0.999995696023898,89.33466407954074,99.9991392047796,[0 0 0 0 0 0 0],[0.0000 0.0000 0.0000 0.0000 0.0000 0.0000 0.0000],0.9733345082108008,0.7690836176747213,1.0,0.0,0.7485756247824085,61.47599220275879,38.082122802734375,0.041484832763671875,0.9334087371826172,100.56090354919434
14,0.9466733203977037,0.999995696023898,89.33466407954074,99.9991392047796,[0 0 0 0 0 0 0],[0.0000 0.0000 0.0000 0.0000 0.0000 0.0000 0.0000],0.9733345082108008,0.7690836176747213,1.0,0.0,0.7485756247824085,98.45781326293945,31.288623809814453,0.039577484130859375,0.6711483001708984,130.49697875976562
14,0.9466733203977037,0.999995696023898,89.33466407954074,99.9991392047796,[0 0 0 0 0 0 0],[0.0000 0.0000 0.0000 0.0000 0.0000 0.0000 0.0000],0.9733345082108008,0.7690836176747213,1.0,0.0,0.7485756247824085,55.58061599731445,34.81101989746094,0.04935264587402344,0.6380081176757812,91.10450744628906
14,0.9466733203977037,0.999995696023898,89.33466407954074,99.9991392047796,[0 0 0 0 0 0 0],[0.0000 0.0000 0.0000 0.0000 0.0000 0.0000 0.0000],0.9733345082108008,0.7690836176747213,1.0,0.0,0.7485756247824085,105.35240173339844,33.78105163574219,0.035762786865234375,0.5657672882080078,139.76430892944336
14,0.9466733203977037,0.999995696023898,89.33466407954074,99.9991392047796,[0 0 0 0 0 0 0],[0.0000 0.0000 0.0000 0.0000 0.0000 0.0000 0.0000],0.9733345082108008,0.7690836176747213,1.0,0.0,0.7485756247824085,55.82618713378906,34.156084060668945,0.06008148193359375,0.7054805755615234,90.79194068908691
14,0.9466733203977037,0.999995696023898,89.33466407954074,99.9991392047796,[0 0 0 0 0 0 0],[0.0000 0.0000 0.0000 0.0000 0.0000 0.0000 0.0000],0.9733345082108008,0.7690836176747213,1.0,0.0,0.7485756247824085,76.14707946777344,33.40864181518555,0.04267692565917969,1.0974407196044922,110.73780059814453
14,0.9466733203977037,0.999995696023898,89.33466407954074,99.9991392047796,[0 0 0 0 0 0 0],[0.0000 0.0000 0.0000 0.0000 0.0000 0.0000 0.0000],0.9733345082108008,0.7690836176747213,1.0,0.0,0.7485756247824085,44.36516761779785,34.71994400024414,0.04029273986816406,0.7948875427246094,79.95104789733887
14,0.9466733203977037,0.999995696023898,89.33466407954074,99.9991392047796,[0 0 0 0 0 0 0],[0.0000 0.0000 0.0000 0.0000 0.0000 0.0000 0.0000],0.9733345082108008,0.7690836176747213,1.0,0.0,0.7485756247824085,123.5816478729248,36.38887405395508,0.04410743713378906,0.5116462707519531,160.55989265441895
14,0.9466733203977037,0.999995696023898,89.33466407954074,99.9991392047796,[0 0 0 0 0 0 0],[0.0000 0.0000 0.0000 0.0000 0.0000 0.0000 0.0000],0.9733345082108008,0.7690836176747213,1.0,0.0,0.7485756247824085,49.14212226867676,30.713558197021484,0.06365776062011719,0.7672309875488281,80.74450492858887
14,0.9466733203977037,0.999995696023898,89.33466407954074,99.9991392047796,[0 0 0 0 0 0 0],[0.0000 0.0000 0.0000 0.0000 0.0000 0.0000 0.0000],0.9733345082108008,0.7690836176747213,1.0,0.0,0.7485756247824085,88.20319175720215,31.55517578125,0.05412101745605469,0.8425712585449219,120.69201469421387
14,0.9466733203977037,0.999995696023898,89.33466407954074,99.9991392047796,[0 0 0 0 0 0 0],[0.0000 0.0000 0.0000 0.0000 0.0000 0.0000 0.0000],0.9733345082108008,0.7690836176747213,1.0,0.0,0.7485756247824085,55.91106414794922,33.13922882080078,0.05698204040527344,0.7102489471435547,89.85781669616699
14,0.9466733203977037,0.999995696023898,89.33466407954074,99.9991392047796,[0 0 0 0 0 0 0],[0.0000 0.0000 0.0000 0.0000 0.0000 0.0000 0.0000],0.9733345082108008,0.7690836176747213,1.0,0.0,0.7485756247824085,63.132524490356445,36.510467529296875,0.03886222839355469,0.8082389831542969,100.52275657653809
14,0.9466733203977037,0.999995696023898,89.33466407954074,99.9991392047796,[0 0 0 0 0 0 0],[0.0000 0.0000 0.0000 0.0000 0.0000 0.0000 0.0000],0.9733345082108008,0.7690836176747213,1.0,0.0,0.7485756247824085,102.44083404541016,37.57119178771973,0.07009506225585938,1.1096000671386719,141.22819900512695
14,0.9466733203977037,0.999995696023898,89.33466407954074,99.9991392047796,[0 0 0 0 0 0 0],[0.0000 0.0000 0.0000 0.0000 0.0000 0.0000 0.0000],0.9733345082108008,0.7690836176747213,1.0,0.0,0.7485756247824085,92.93556213378906,36.452531814575195,0.062465667724609375,0.8788108825683594,130.36084175109863
14,0.9466733203977037,0.999995696023898,89.33466407954074,99.9991392047796,[0 0 0 0 0 0 0],[0.0000 0.0000 0.0000 0.0000 0.0000 0.0000 0.0000],0.9733345082108008,0.7690836176747213,1.0,0.0,0.7485756247824085,73.26173782348633,36.10038757324219,0.04935264587402344,0.6451606750488281,110.09407043457031
14,0.9466733203977037,0.999995696023898,89.33466407954074,99.9991392047796,[0 0 0 0 0 0 0],[0.0000 0.0000 0.0000 0.0000 0.0000 0.0000 0.0000],0.9733345082108008,0.7690836176747213,1.0,0.0,0.7485756247824085,93.50299835205078,36.560773849487305,0.058650970458984375,0.7708072662353516,130.95521926879883
14,0.9466733203977037,0.999995696023898,89.33466407954074,99.9991392047796,[0 0 0 0 0 0 0],[0.0000 0.0000 0.0000 0.0000 0.0000 0.0000 0.0000],0.9733345082108008,0.7690836176747213,1.0,0.0,0.7485756247824085,55.35888671875,34.1184139251709,0.03147125244140625,0.8795261383056641,90.42239189147949
14,0.9466733203977037,0.999995696023898,89.33466407954074,99.9991392047796,[0 0 0 0 0 0 0],[0.0000 0.0000 0.0000 0.0000 0.0000 0.0000 0.0000],0.9733345082108008,0.7690836176747213,1.0,0.0,0.7485756247824085,115.70143699645996,34.18588638305664,0.05221366882324219,1.8253326416015625,151.81612968444824
14,0.9466733203977037,0.999995696023898,89.33466407954074,99.9991392047796,[0 0 0 0 0 0 0],[0.0000 0.0000 0.0000 0.0000 0.0000 0.0000 0.0000],0.9733345082108008,0.7690836176747213,1.0,0.0,0.7485756247824085,49.447059631347656,38.742780685424805,0.07557868957519531,0.8206367492675781,89.11275863647461
14,0.9466733203977037,0.999995696023898,89.33466407954074,99.9991392047796,[0 0 0 0 0 0 0],[0.0000 0.0000 0.0000 0.0000 0.0000 0.0000 0.0000],0.9733345082108008,0.7690836176747213,1.0,0.0,0.7485756247824085,114.76516723632812,34.99341011047363,0.06103515625,0.60272216796875,150.46453475952148
14,0.9466733203977037,0.999995696023898,89.33466407954074,99.9991392047796,[0 0 0 0 0 0 0],[0.0000 0.0000 0.0000 0.0000 0.0000 0.0000 0.0000],0.9733345082108008,0.7690836176747213,1.0,0.0,0.7485756247824085,81.47954940795898,38.37156295776367,0.05841255187988281,0.8132457733154297,120.76377868652344
14,0.9466733203977037,0.999995696023898,89.33466407954074,99.9991392047796,[0 0 0 0 0 0 0],[0.0000 0.0000 0.0000 0.0000 0.0000 0.0000 0.0000],0.9733345082108008,0.7690836176747213,1.0,0.0,0.7485756247824085,57.33990669250488,31.808137893676758,0.051021575927734375,0.7445812225341797,89.97583389282227
14,0.9466733203977037,0.999995696023898,89.33466407954074,99.9991392047796,[0 0 0 0 0 0 0],[0.0000 0.0000 0.0000 0.0000 0.0000 0.0000 0.0000],0.9733345082108008,0.7690836176747213,1.0,0.0,0.7485756247824085,47.76167869567871,31.533241271972656,0.06318092346191406,0.8025169372558594,80.19876480102539
14,0.9466733203977037,0.999995696023898,89.33466407954074,99.9991392047796,[0 0 0 0 0 0 0],[0.0000 0.0000 0.0000 0.0000 0.0000 0.0000 0.0000],0.9733345082108008,0.7690836176747213,1.0,0.0,0.7485756247824085,78.22203636169434,31.1734676361084,0.03457069396972656,0.6341934204101562,110.09359359741211
14,0.9466733203977037,0.999995696023898,89.33466407954074,99.9991392047796,[0 0 0 0 0 0 0],[0.0000 0.0000 0.0000 0.0000 0.0000 0.0000 0.0000],0.9733345082108008,0.7690836176747213,1.0,0.0,0.7485756247824085,48.532962799072266,31.366586685180664,0.0667572021484375,0.8847713470458984,80.89327812194824
14,0.9466733203977037,0.999995696023898,89.33466407954074,99.9991392047796,[0 0 0 0 0 0 0],[0.0000 0.0000 0.0000 0.0000 0.0000 0.0000 0.0000],0.9733345082108008,0.7690836176747213,1.0,0.0,0.7485756247824085,73.35638999938965,35.82477569580078,0.035762786865234375,0.6413459777832031,109.89952087402344
14,0.9466733203977037,0.999995696023898,89.33466407954074,99.9991392047796,[0 0 0 0 0 0 0],[0.0000 0.0000 0.0000 0.0000 0.0000 0.0000 0.0000],0.9733345082108008,0.7690836176747213,1.0,0.0,0.7485756247824085,95.7942008972168,34.21950340270996,0.08058547973632812,0.8513927459716797,130.9986114501953
14,0.9466733203977037,0.999995696023898,89.33466407954074,99.9991392047796,[0 0 0 0 0 0 0],[0.0000 0.0000 0.0000 0.0000 0.0000 0.0000 0.0000],0.9733345082108008,0.7690836176747213,1.0,0.0,0.7485756247824085,65.74606895446777,33.46443176269531,0.03910064697265625,0.8487701416015625,100.12936592102051
14,0.9466733203977037,0.999995696023898,89.33466407954074,99.9991392047796,[0 0 0 0 0 0 0],[0.0000 0.0000 0.0000 0.0000 0.0000 0.0000 0.0000],0.9733345082108008,0.7690836176747213,1.0,0.0,0.7485756247824085,72.63612747192383,37.146568298339844,0.07939338684082031,0.8332729339599609,110.73780059814453
14,0.9466733203977037,0.999995696023898,89.33466407954074,99.9991392047796,[0 0 0 0 0 0 0],[0.0000 0.0000 0.0000 0.0000 0.0000 0.0000 0.0000],0.9733345082108008,0.7690836176747213,1.0,0.0,0.7485756247824085,66.78247451782227,33.788442611694336,0.03933906555175781,0.8037090301513672,101.4409065246582
14,0.9466733203977037,0.999995696023898,89.33466407954074,99.9991392047796,[0 0 0 0 0 0 0],[0.0000 0.0000 0.0000 0.0000 0.0000 0.0000 0.0000],0.9733345082108008,0.7690836176747213,1.0,0.0,0.7485756247824085,65.57488441467285,32.895565032958984,0.041484832763671875,0.7846355438232422,99.33710098266602
14,0.9466733203977037,0.999995696023898,89.33466407954074,99.9991392047796,[0 0 0 0 0 0 0],[0.0000 0.0000 0.0000 0.0000 0.0000 0.0000 0.0000],0.9733345082108008,0.7690836176747213,1.0,0.0,0.7485756247824085,65.19579887390137,34.38735008239746,0.04076957702636719,0.7867813110351562,100.43931007385254
14,0.9466733203977037,0.999995696023898,89.33466407954074,99.9991392047796,[0 0 0 0 0 0 0],[0.0000 0.0000 0.0000 0.0000 0.0000 0.0000 0.0000],0.9733345082108008,0.7690836176747213,1.0,0.0,0.7485756247824085,62.901973724365234,36.70954704284668,0.04506111145019531,0.6380081176757812,100.33631324768066
14,0.9466733203977037,0.999995696023898,89.33466407954074,99.9991392047796,[0 0 0 0 0 0 0],[0.0000 0.0000 0.0000 0.0000 0.0000 0.0000 0.0000],0.9733345082108008,0.7690836176747213,1.0,0.0,0.7485756247824085,60.423851013183594,39.301156997680664,0.05626678466796875,1.2676715850830078,101.07421875
14,0.9466733203977037,0.999995696023898,89.33466407954074,99.9991392047796,[0 0 0 0 0 0 0],[0.0000 0.0000 0.0000 0.0000 0.0000 0.0000 0.0000],0.9733345082108008,0.7690836176747213,1.0,0.0,0.7485756247824085,108.05177688598633,31.5401554107666,0.0362396240234375,0.728607177734375,140.3958797454834
14,0.9466733203977037,0.999995696023898,89.33466407954074,99.9991392047796,[0 0 0 0 0 0 0],[0.0000 0.0000 0.0000 0.0000 0.0000 0.0000 0.0000],0.9733345082108008,0.7690836176747213,1.0,0.0,0.7485756247824085,57.860374450683594,31.582355499267578,0.06031990051269531,0.6983280181884766,90.27576446533203
14,0.9466733203977037,0.999995696023898,89.33466407954074,99.9991392047796,[0 0 0 0 0 0 0],[0.0000 0.0000 0.0000 0.0000 0.0000 0.0000 0.0000],0.9733345082108008,0.7690836176747213,1.0,0.0,0.7485756247824085,67.76976585388184,31.976938247680664,0.05340576171875,0.6597042083740234,100.51155090332031
14,0.9466733203977037,0.999995696023898,89.33466407954074,99.9991392047796,[0 0 0 0 0 0 0],[0.0000 0.0000 0.0000 0.0000 0.0000 0.0000 0.0000],0.9733345082108008,0.7690836176747213,1.0,0.0,0.7485756247824085,52.34360694885254,37.084341049194336,0.03981590270996094,0.9024143218994141,90.40307998657227
14,0.9466733203977037,0.999995696023898,89.33466407954074,99.9991392047796,[0 0 0 0 0 0 0],[0.0000 0.0000 0.0000 0.0000 0.0000 0.0000 0.0000],0.9733345082108008,0.7690836176747213,1.0,0.0,0.7485756247824085,108.54434967041016,31.2039852142334,0.041961669921875,0.6759166717529297,140.49577713012695
14,0.9466733203977037,0.999995696023898,89.33466407954074,99.9991392047796,[0 0 0 0 0 0 0],[0.0000 0.0000 0.0000 0.0000 0.0000 0.0000 0.0000],0.9733345082108008,0.7690836176747213,1.0,0.0,0.7485756247824085,49.72553253173828,40.07315635681152,0.06651878356933594,0.8697509765625,90.76976776123047
14,0.9466733203977037,0.999995696023898,89.33466407954074,99.9991392047796,[0 0 0 0 0 0 0],[0.0000 0.0000 0.0000 0.0000 0.0000 0.0000 0.0000],0.9733345082108008,0.7690836176747213,1.0,0.0,0.7485756247824085,70.85037231445312,38.4063720703125,0.04363059997558594,0.8153915405273438,110.17012596130371
14,0.9466733203977037,0.999995696023898,89.33466407954074,99.9991392047796,[0 0 0 0 0 0 0],[0.0000 0.0000 0.0000 0.0000 0.0000 0.0000 0.0000],0.9733345082108008,0.7690836176747213,1.0,0.0,0.7485756247824085,91.99190139770508,37.77360916137695,0.09560585021972656,0.8018016815185547,130.70249557495117
14,0.9466733203977037,0.999995696023898,89.33466407954074,99.9991392047796,[0 0 0 0 0 0 0],[0.0000 0.0000 0.0000 0.0000 0.0000 0.0000 0.0000],0.9733345082108008,0.7690836176747213,1.0,0.0,0.7485756247824085,58.426856994628906,72.11112976074219,0.051021575927734375,0.7619857788085938,131.37316703796387
14,0.9466733203977037,0.999995696023898,89.33466407954074,99.9991392047796,[0 0 0 0 0 0 0],[0.0000 0.0000 0.0000 0.0000 0.0000 0.0000 0.0000],0.9733345082108008,0.7690836176747213,1.0,0.0,0.7485756247824085,78.61661911010742,40.21954536437988,0.029802322387695312,0.7696151733398438,119.67349052429199
14,0.9466733203977037,0.999995696023898,89.33466407954074,99.9991392047796,[0 0 0 0 0 0 0],[0.0000 0.0000 0.0000 0.0000 0.0000 0.0000 0.0000],0.9733345082108008,0.7690836176747213,1.0,0.0,0.7485756247824085,89.28322792053223,30.536174774169922,0.08416175842285156,0.8373260498046875,120.7740306854248
14,0.9466733203977037,0.999995696023898,89.33466407954074,99.9991392047796,[0 0 0 0 0 0 0],[0.0000 0.0000 0.0000 0.0000 0.0000 0.0000 0.0000],0.9733345082108008,0.7690836176747213,1.0,0.0,0.7485756247824085,84.20658111572266,35.834550857543945,0.1399517059326172,2.192974090576172,122.42889404296875
14,0.9466733203977037,0.999995696023898,89.33466407954074,99.9991392047796,[0 0 0 0 0 0 0],[0.0000 0.0000 0.0000 0.0000 0.0000 0.0000 0.0000],0.9733345082108008,0.7690836176747213,1.0,0.0,0.7485756247824085,263.42105865478516,35.22777557373047,0.10895729064941406,1.9032955169677734,300.7349967956543
14,0.9466733203977037,0.999995696023898,89.33466407954074,99.9991392047796,[0 0 0 0 0 0 0],[0.0000 0.0000 0.0000 0.0000 0.0000 0.0000 0.0000],0.9733345082108008,0.7690836176747213,1.0,0.0,0.7485756247824085,171.6010570526123,36.856651306152344,0.10061264038085938,1.3780593872070312,209.99789237976074
14,0.9466733203977037,0.999995696023898,89.33466407954074,99.9991392047796,[0 0 0 0 0 0 0],[0.0000 0.0000 0.0000 0.0000 0.0000 0.0000 0.0000],0.9733345082108008,0.7690836176747213,1.0,0.0,0.7485756247824085,125.50544738769531,33.40482711791992,0.09799003601074219,1.5499591827392578,160.62378883361816
14,0.9466733203977037,0.999995696023898,89.33466407954074,99.9991392047796,[0 0 0 0 0 0 0],[0.0000 0.0000 0.0000 0.0000 0.0000 0.0000 0.0000],0.9733345082108008,0.7690836176747213,1.0,0.0,0.7485756247824085,152.2238254547119,39.10660743713379,0.09560585021972656,1.5218257904052734,193.01676750183105
14,0.9466733203977037,0.999995696023898,89.33466407954074,99.9991392047796,[0 0 0 0 0 0 0],[0.0000 0.0000 0.0000 0.0000 0.0000 0.0000 0.0000],0.9733345082108008,0.7690836176747213,1.0,0.0,0.7485756247824085,145.85185050964355,43.526649475097656,0.06556510925292969,3.5457611083984375,193.037748336792
14,0.9466733203977037,0.999995696023898,89.33466407954074,99.9991392047796,[0 0 0 0 0 0 0],[0.0000 0.0000 0.0000 0.0000 0.0000 0.0000 0.0000],0.9733345082108008,0.7690836176747213,1.0,0.0,0.7485756247824085,109.97796058654785,34.01923179626465,0.10013580322265625,1.5397071838378906,145.69616317749023
14,0.9466733203977037,0.999995696023898,89.33466407954074,99.9991392047796,[0 0 0 0 0 0 0],[0.0000 0.0000 0.0000 0.0000 0.0000 0.0000 0.0000],0.9733345082108008,0.7690836176747213,1.0,0.0,0.7485756247824085,161.58723831176758,36.43655776977539,0.1087188720703125,1.5990734100341797,199.78857040405273
14,0.9466733203977037,0.999995696023898,89.33466407954074,99.9991392047796,[0 0 0 0 0 0 0],[0.0000 0.0000 0.0000 0.0000 0.0000 0.0000 0.0000],0.9733345082108008,0.7690836176747213,1.0,0.0,0.7485756247824085,154.7107696533203,33.92744064331055,0.09489059448242188,1.4297962188720703,190.2444362640381
14,0.9466733203977037,0.999995696023898,89.33466407954074,99.9991392047796,[0 0 0 0 0 0 0],[0.0000 0.0000 0.0000 0.0000 0.0000 0.0000 0.0000],0.9733345082108008,0.7690836176747213,1.0,0.0,0.7485756247824085,163.12432289123535,37.85562515258789,0.0629425048828125,1.394033432006836,202.4836540222168
14,0.9466733203977037,0.999995696023898,89.33466407954074,99.9991392047796,[0 0 0 0 0 0 0],[0.0000 0.0000 0.0000 0.0000 0.0000 0.0000 0.0000],0.9733345082108008,0.7690836176747213,1.0,0.0,0.7485756247824085,135.26272773742676,32.26780891418457,0.09846687316894531,1.394510269165039,169.09337043762207
14,0.9466733203977037,0.999995696023898,89.33466407954074,99.9991392047796,[0 0 0 0 0 0 0],[0.0000 0.0000 0.0000 0.0000 0.0000 0.0000 0.0000],0.9733345082108008,0.7690836176747213,1.0,0.0,0.7485756247824085,130.67388534545898,38.504600524902344,0.11897087097167969,1.5208721160888672,170.87340354919434
14,0.9466733203977037,0.999995696023898,89.33466407954074,99.9991392047796,[0 0 0 0 0 0 0],[0.0000 0.0000 0.0000 0.0000 0.0000 0.0000 0.0000],0.9733345082108008,0.7690836176747213,1.0,0.0,0.7485756247824085,167.04106330871582,31.67128562927246,0.10085105895996094,1.4309883117675781,200.3042697906494
14,0.9466733203977037,0.999995696023898,89.33466407954074,99.9991392047796,[0 0 0 0 0 0 0],[0.0000 0.0000 0.0000 0.0000 0.0000 0.0000 0.0000],0.9733345082108008,0.7690836176747213,1.0,0.0,0.7485756247824085,165.086030960083,34.12604331970215,0.09846687316894531,1.2290477752685547,200.59704780578613
14,0.9466733203977037,0.999995696023898,89.33466407954074,99.9991392047796,[0 0 0 0 0 0 0],[0.0000 0.0000 0.0000 0.0000 0.0000 0.0000 0.0000],0.9733345082108008,0.7690836176747213,1.0,0.0,0.7485756247824085,132.48324394226074,36.70859336853027,0.09822845458984375,1.3709068298339844,170.7155704498291
14,0.9466733203977037,0.999995696023898,89.33466407954074,99.9991392047796,[0 0 0 0 0 0 0],[0.0000 0.0000 0.0000 0.0000 0.0000 0.0000 0.0000],0.9733345082108008,0.7690836176747213,1.0,0.0,0.7485756247824085,136.57808303833008,32.486677169799805,0.1125335693359375,1.6596317291259766,170.95303535461426
14,0.9466733203977037,0.999995696023898,89.33466407954074,99.9991392047796,[0 0 0 0 0 0 0],[0.0000 0.0000 0.0000 0.0000 0.0000 0.0000 0.0000],0.9733345082108008,0.7690836176747213,1.0,0.0,0.7485756247824085,164.42608833312988,34.475088119506836,0.08034706115722656,1.4238357543945312,200.45232772827148
14,0.9466733203977037,0.999995696023898,89.33466407954074,99.9991392047796,[0 0 0 0 0 0 0],[0.0000 0.0000 0.0000 0.0000 0.0000 0.0000 0.0000],0.9733345082108008,0.7690836176747213,1.0,0.0,0.7485756247824085,170.2563762664795,39.011478424072266,0.10013580322265625,1.3453960418701172,210.77513694763184
14,0.9466733203977037,0.999995696023898,89.33466407954074,99.9991392047796,[0 0 0 0 0 0 0],[0.0000 0.0000 0.0000 0.0000 0.0000 0.0000 0.0000],0.9733345082108008,0.7690836176747213,1.0,0.0,0.7485756247824085,115.61346054077148,33.576250076293945,0.18978118896484375,1.6350746154785156,151.0787010192871
14,0.9466733203977037,0.999995696023898,89.33466407954074,99.9991392047796,[0 0 0 0 0 0 0],[0.0000 0.0000 0.0000 0.0000 0.0000 0.0000 0.0000],0.9733345082108008,0.7690836176747213,1.0,0.0,0.7485756247824085,161.99803352355957,36.5147590637207,0.10895729064941406,1.5528202056884766,200.2265453338623
14,0.9466733203977037,0.999995696023898,89.33466407954074,99.9991392047796,[0 0 0 0 0 0 0],[0.0000 0.0000 0.0000 0.0000 0.0000 0.0000 0.0000],0.9733345082108008,0.7690836176747213,1.0,0.0,0.7485756247824085,136.48629188537598,32.113075256347656,0.060558319091796875,1.0535717010498047,169.76118087768555
14,0.9466733203977037,0.999995696023898,89.33466407954074,99.9991392047796,[0 0 0 0 0 0 0],[0.0000 0.0000 0.0000 0.0000 0.0000 0.0000 0.0000],0.9733345082108008,0.7690836176747213,1.0,0.0,0.7485756247824085,143.61214637756348,36.153316497802734,0.06866455078125,1.6698837280273438,181.55980110168457
14,0.9466733203977037,0.999995696023898,89.33466407954074,99.9991392047796,[0 0 0 0 0 0 0],[0.0000 0.0000 0.0000 0.0000 0.0000 0.0000 0.0000],0.9733345082108008,0.7690836176747213,1.0,0.0,0.7485756247824085,93.61886978149414,45.23420333862305,0.0972747802734375,1.4581680297851562,140.4707431793213
14,0.9466733203977037,0.999995696023898,89.33466407954074,99.9991392047796,[0 0 0 0 0 0 0],[0.0000 0.0000 0.0000 0.0000 0.0000 0.0000 0.0000],0.9733345082108008,0.7690836176747213,1.0,0.0,0.7485756247824085,96.76122665405273,31.79001808166504,0.08344650268554688,1.1942386627197266,129.89282608032227
14,0.9466733203977037,0.999995696023898,89.33466407954074,99.9991392047796,[0 0 0 0 0 0 0],[0.0000 0.0000 0.0000 0.0000 0.0000 0.0000 0.0000],0.9733345082108008,0.7690836176747213,1.0,0.0,0.7485756247824085,125.12016296386719,32.189130783081055,0.050067901611328125,1.1818408966064453,158.5826873779297
14,0.9466733203977037,0.999995696023898,89.33466407954074,99.9991392047796,[0 0 0 0 0 0 0],[0.0000 0.0000 0.0000 0.0000 0.0000 0.0000 0.0000],0.9733345082108008,0.7690836176747213,1.0,0.0,0.7485756247824085,125.54311752319336,43.59102249145508,0.08893013000488281,1.2240409851074219,170.48883438110352
14,0.9466733203977037,0.999995696023898,89.33466407954074,99.9991392047796,[0 0 0 0 0 0 0],[0.0000 0.0000 0.0000 0.0000 0.0000 0.0000 0.0000],0.9733345082108008,0.7690836176747213,1.0,0.0,0.7485756247824085,87.29720115661621,31.26072883605957,0.08559226989746094,1.1267662048339844,119.81892585754395
14,0.9466733203977037,0.999995696023898,89.33466407954074,99.9991392047796,[0 0 0 0 0 0 0],[0.0000 0.0000 0.0000 0.0000 0.0000 0.0000 0.0000],0.9733345082108008,0.7690836176747213,1.0,0.0,0.7485756247824085,133.15415382385254,36.461830139160156,0.08058547973632812,1.2140274047851562,170.95303535461426
14,0.9466733203977037,0.999995696023898,89.33466407954074,99.9991392047796,[0 0 0 0 0 0 0],[0.0000 0.0000 0.0000 0.0000 0.0000 0.0000 0.0000],0.9733345082108008,0.7690836176747213,1.0,0.0,0.7485756247824085,110.34321784973145,38.727521896362305,0.05459785461425781,1.0633468627929688,150.23374557495117
14,0.9466733203977037,0.999995696023898,89.33466407954074,99.9991392047796,[0 0 0 0 0 0 0],[0.0000 0.0000 0.0000 0.0000 0.0000 0.0000 0.0000],0.9733345082108008,0.7690836176747213,1.0,0.0,0.7485756247824085,114.1819953918457,36.51118278503418,0.08034706115722656,1.0631084442138672,151.90482139587402
14,0.9466733203977037,0.999995696023898,89.33466407954074,99.9991392047796,[0 0 0 0 0 0 0],[0.0000 0.0000 0.0000 0.0000 0.0000 0.0000 0.0000],0.9733345082108008,0.7690836176747213,1.0,0.0,0.7485756247824085,106.36615753173828,31.74614906311035,0.08654594421386719,1.1620521545410156,139.42241668701172
14,0.9466733203977037,0.999995696023898,89.33466407954074,99.9991392047796,[0 0 0 0 0 0 0],[0.0000 0.0000 0.0000 0.0000 0.0000 0.0000 0.0000],0.9733345082108008,0.7690836176747213,1.0,0.0,0.7485756247824085,96.83537483215332,32.22537040710449,0.056743621826171875,1.233816146850586,130.39278984069824
14,0.9466733203977037,0.999995696023898,89.33466407954074,99.9991392047796,[0 0 0 0 0 0 0],[0.0000 0.0000 0.0000 0.0000 0.0000 0.0000 0.0000],0.9733345082108008,0.7690836176747213,1.0,0.0,0.7485756247824085,130.19084930419922,39.28065299987793,0.05984306335449219,1.1684894561767578,170.74322700500488
14,0.9466733203977037,0.999995696023898,89.33466407954074,99.9991392047796,[0 0 0 0 0 0 0],[0.0000 0.0000 0.0000 0.0000 0.0000 0.0000 0.0000],0.9733345082108008,0.7690836176747213,1.0,0.0,0.7485756247824085,122.37691879272461,36.959171295166016,0.06270408630371094,1.1265277862548828,160.5672836303711
14,0.9466733203977037,0.999995696023898,89.33466407954074,99.9991392047796,[0 0 0 0 0 0 0],[0.0000 0.0000 0.0000 0.0000 0.0000 0.0000 0.0000],0.9733345082108008,0.7690836176747213,1.0,0.0,0.7485756247824085,114.28976058959961,35.073280334472656,0.08320808410644531,1.0979175567626953,150.63238143920898
14,0.9466733203977037,0.999995696023898,89.33466407954074,99.9991392047796,[0 0 0 0 0 0 0],[0.0000 0.0000 0.0000 0.0000 0.0000 0.0000 0.0000],0.9733345082108008,0.7690836176747213,1.0,0.0,0.7485756247824085,99.46966171264648,39.82043266296387,0.08678436279296875,1.2013912200927734,140.63239097595215
14,0.9466733203977037,0.999995696023898,89.33466407954074,99.9991392047796,[0 0 0 0 0 0 0],[0.0000 0.0000 0.0000 0.0000 0.0000 0.0000 0.0000],0.9733345082108008,0.7690836176747213,1.0,0.0,0.7485756247824085,130.59282302856445,38.973093032836914,0.11014938354492188,1.5642642974853516,171.28491401672363
14,0.9466733203977037,0.999995696023898,89.33466407954074,99.9991392047796,[0 0 0 0 0 0 0],[0.0000 0.0000 0.0000 0.0000 0.0000 0.0000 0.0000],0.9733345082108008,0.7690836176747213,1.0,0.0,0.7485756247824085,126.22356414794922,32.47499465942383,0.08702278137207031,1.2843608856201172,160.1121425628662
14,0.9466733203977037,0.999995696023898,89.33466407954074,99.9991392047796,[0 0 0 0 0 0 0],[0.0000 0.0000 0.0000 0.0000 0.0000 0.0000 0.0000],0.9733345082108008,0.7690836176747213,1.0,0.0,0.7485756247824085,121.31261825561523,37.56570816040039,0.06031990051269531,0.9760856628417969,159.96718406677246
14,0.9466733203977037,0.999995696023898,89.33466407954074,99.9991392047796,[0 0 0 0 0 0 0],[0.0000 0.0000 0.0000 0.0000 0.0000 0.0000 0.0000],0.9733345082108008,0.7690836176747213,1.0,0.0,0.7485756247824085,88.29140663146973,41.15104675292969,0.09322166442871094,1.316070556640625,131.1490535736084
14,0.9466733203977037,0.999995696023898,89.33466407954074,99.9991392047796,[0 0 0 0 0 0 0],[0.0000 0.0000 0.0000 0.0000 0.0000 0.0000 0.0000],0.9733345082108008,0.7690836176747213,1.0,0.0,0.7485756247824085,109.82584953308105,39.337158203125,0.11801719665527344,1.57928466796875,150.90036392211914
14,0.9466733203977037,0.999995696023898,89.33466407954074,99.9991392047796,[0 0 0 0 0 0 0],[0.0000 0.0000 0.0000 0.0000 0.0000 0.0000 0.0000],0.9733345082108008,0.7690836176747213,1.0,0.0,0.7485756247824085,117.1717643737793,31.650066375732422,0.05245208740234375,1.9428730010986328,150.85673332214355
14,0.9466733203977037,0.999995696023898,89.33466407954074,99.9991392047796,[0 0 0 0 0 0 0],[0.0000 0.0000 0.0000 0.0000 0.0000 0.0000 0.0000],0.9733345082108008,0.7690836176747213,1.0,0.0,0.7485756247824085,118.86763572692871,58.70485305786133,0.06389617919921875,0.8950233459472656,178.58242988586426
14,0.9466733203977037,0.999995696023898,89.33466407954074,99.9991392047796,[0 0 0 0 0 0 0],[0.0000 0.0000 0.0000 0.0000 0.0000 0.0000 0.0000],0.9733345082108008,0.7690836176747213,1.0,0.0,0.7485756247824085,151.4875888824463,38.37943077087402,0.08368492126464844,2.3539066314697266,192.3506259918213
14,0.9466733203977037,0.999995696023898,89.33466407954074,99.9991392047796,[0 0 0 0 0 0 0],[0.0000 0.0000 0.0000 0.0000 0.0000 0.0000 0.0000],0.9733345082108008,0.7690836176747213,1.0,0.0,0.7485756247824085,124.0391731262207,33.77699851989746,0.0629425048828125,0.8821487426757812,158.80131721496582
14,0.9466733203977037,0.999995696023898,89.33466407954074,99.9991392047796,[0 0 0 0 0 0 0],[0.0000 0.0000 0.0000 0.0000 0.0000 0.0000 0.0000],0.9733345082108008,0.7690836176747213,1.0,0.0,0.7485756247824085,104.13694381713867,35.66694259643555,0.087738037109375,1.2531280517578125,141.19291305541992
14,0.9466733203977037,0.999995696023898,89.33466407954074,99.9991392047796,[0 0 0 0 0 0 0],[0.0000 0.0000 0.0000 0.0000 0.0000 0.0000 0.0000],0.9733345082108008,0.7690836176747213,1.0,0.0,0.7485756247824085,81.94732666015625,36.919593811035156,0.08225440979003906,1.171112060546875,120.1629638671875
14,0.9466733203977037,0.999995696023898,89.33466407954074,99.9991392047796,[0 0 0 0 0 0 0],[0.0000 0.0000 0.0000 0.0000 0.0000 0.0000 0.0000],0.9733345082108008,0.7690836176747213,1.0,0.0,0.7485756247824085,106.90927505493164,32.12761878967285,0.06937980651855469,0.8449554443359375,139.98794555664062
14,0.9466733203977037,0.999995696023898,89.33466407954074,99.9991392047796,[0 0 0 0 0 0 0],[0.0000 0.0000 0.0000 0.0000 0.0000 0.0000 0.0000],0.9733345082108008,0.7690836176747213,1.0,0.0,0.7485756247824085,95.57628631591797,33.93101692199707,0.05745887756347656,0.8251667022705078,130.42879104614258
14,0.9466733203977037,0.999995696023898,89.33466407954074,99.9991392047796,[0 0 0 0 0 0 0],[0.0000 0.0000 0.0000 0.0000 0.0000 0.0000 0.0000],0.9733345082108008,0.7690836176747213,1.0,0.0,0.7485756247824085,95.48187255859375,31.75187110900879,0.08392333984375,0.8823871612548828,128.24487686157227
14,0.9466733203977037,0.999995696023898,89.33466407954074,99.9991392047796,[0 0 0 0 0 0 0],[0.0000 0.0000 0.0000 0.0000 0.0000 0.0000 0.0000],0.9733345082108008,0.7690836176747213,1.0,0.0,0.7485756247824085,79.65993881225586,32.25111961364746,0.072479248046875,0.9243488311767578,112.98465728759766
14,0.9466733203977037,0.999995696023898,89.33466407954074,99.9991392047796,[0 0 0 0 0 0 0],[0.0000 0.0000 0.0000 0.0000 0.0000 0.0000 0.0000],0.9733345082108008,0.7690836176747213,1.0,0.0,0.7485756247824085,94.40326690673828,35.088300704956055,0.06937980651855469,0.934600830078125,130.5375099182129
14,0.9466733203977037,0.999995696023898,89.33466407954074,99.9991392047796,[0 0 0 0 0 0 0],[0.0000 0.0000 0.0000 0.0000 0.0000 0.0000 0.0000],0.9733345082108008,0.7690836176747213,1.0,0.0,0.7485756247824085,99.80463981628418,39.64996337890625,0.07009506225585938,0.8966922760009766,140.46025276184082
14,0.005098908395899185,0.9999996251061436,-98.98021832082016,99.9999250212287,[1086    0    0    0    0    0    0],[0.2413 0.0000 0.0000 0.0000 0.0000 0.0000 0.0000],0.5025492667510214,0.0025529002948355695,0.7586666666666666,0.24133333333333334,0.0009733375992611313,83.04262161254883,36.21840476989746,0.08392333984375,0.9646415710449219,120.35679817199707
14,0.011252127158054858,0.9999994778066075,-97.74957456838902,99.9998955613215,[1403    0    0    0    0    0    0],[0.3118 0.0000 0.0000 0.0000 0.0000 0.0000 0.0000],0.5056258024823311,0.005642242123815588,0.6882222222222223,0.31177777777777776,0.00196340385233823,93.08481216430664,36.1781120300293,0.04982948303222656,0.80108642578125,130.14841079711914
14,0.01870347636301797,0.9999993602121081,-96.25930472739641,99.99987204242163,[1610    0    0    0    0    0    0],[0.3578 0.0000 0.0000 0.0000 0.0000 0.0000 0.0000],0.509351418287563,0.00939620238508565,0.6422222222222222,0.35777777777777775,0.003073655653962541,71.18701934814453,38.36393356323242,0.05936622619628906,0.7066726684570312,110.39900779724121
14,0.026753076826064117,0.9999992650290888,-94.64938463478718,99.99985300581776,[1758    0    0    0    0    0    0],[0.3907 0.0000 0.0000 0.0000 0.0000 0.0000 0.0000],0.5133761709275764,0.013467593941777878,0.6093333333333333,0.39066666666666666,0.00421289520921716,71.13790512084961,38.648366928100586,0.05745887756347656,0.8707046508789062,110.74662208557129
14,0.03301362385767789,0.99999920389277,-93.39727522846442,99.99984077855399,[1846    0    0    0    0    0    0],[0.4102 0.0000 0.0000 0.0000 0.0000 0.0000 0.0000],0.5165064138752239,0.01664575048709327,0.5897777777777777,0.4102222222222222,0.005070695179331047,107.4836254119873,29.585838317871094,0.08249282836914062,0.8232593536376953,138.01050186157227
14,0.005711078081670328,0.999999997008411,-98.85778438366593,99.9999994016822,[1915 1630    0    0    0    0    0],[0.4256 0.3622 0.0000 0.0000 0.0000 0.0000 0.0000],0.5028555375450406,0.00285962927642891,0.5744444444444444,0.4255555555555556,0.0008260398617530299,71.35844230651855,30.43818473815918,0.09369850158691406,0.9801387786865234,102.91171073913574
14,0.009777250806344622,0.999999990341813,-98.04454983873107,99.9999980683626,[1977 2160    0    0    0    0    0],[0.4393 0.4800 0.0000 0.0000 0.0000 0.0000 0.0000],0.5048886205740789,0.0049006383604357495,0.52,0.48,0.0012866238017010673,95.77250480651855,31.752586364746094,0.05412101745605469,0.7233619689941406,128.33452224731445
14,0.8362413997251004,0.9999999714822637,67.24827994502007,99.99999429645274,[1963 2313 1281    0    0    0    0],[0.4362 0.5140 0.2847 0.0000 0.0000 0.0000 0.0000],0.918120685603682,0.595329057434113,0.486,0.514,0.265639786272404,79.19955253601074,40.57717323303223,0.09560585021972656,0.9212493896484375,120.84126472473145
14,0.686104230042617,0.9999999688766029,37.22084600852341,99.99999377532058,[1923 2415 1714    0    0    0    0],[0.4273 0.5367 0.3809 0.0000 0.0000 0.0000 0.0000],0.84305209945961,0.4397360096936572,0.4633333333333334,0.5366666666666666,0.1717671029968395,66.38503074645996,32.63592720031738,0.0629425048828125,0.7829666137695312,99.89786148071289
14,0.6417947350240949,0.9999999654250825,28.358947004818987,99.99999308501651,[1933 2480 1854    0    0    0    0],[0.4296 0.5511 0.4120 0.0000 0.0000 0.0000 0.0000],0.8208973502245889,0.401497510112959,0.4488888888888889,0.5511111111111111,0.14794849982010358,77.4831771850586,32.22060203552246,0.09107589721679688,1.009225845336914,110.84961891174316
14,0.5824252751964274,0.9999999617637941,16.485055039285484,99.99999235275882,[1935 2547 2012    0    0    0    0],[0.4300 0.5660 0.4471 0.0000 0.0000 0.0000 0.0000],0.7912126184801107,0.3537998092174789,0.43400000000000005,0.566,0.1214899990854267,72.29280471801758,36.84186935424805,0.09799003601074219,0.9090900421142578,110.17107963562012
14,0.5252224105639327,0.9999999580502186,5.04448211278654,99.99999161004371,[1929 2610 2149    0    0    0    0],[0.4287 0.5800 0.4776 0.0000 0.0000 0.0000 0.0000],0.7626111843070756,0.31095896531027567,0.42000000000000004,0.58,0.09959912961859232,79.73790168762207,39.559364318847656,0.08106231689453125,0.9481906890869141,120.36371231079102
14,0.46413397250858685,0.9999999548719702,-7.173205498282627,99.99999097439405,[1921 2664 2287    0    0    0    0],[0.4269 0.5920 0.5082 0.0000 0.0000 0.0000 0.0000],0.7320669636902786,0.26797132408396507,0.40800000000000003,0.592,0.08003856505991047,57.07097053527832,31.990528106689453,0.08273124694824219,0.9074211120605469,90.0886058807373
14,0.39772366411749854,0.9999999521929074,-20.455267176500286,99.99999043858148,[1885 2716 2404    0    0    0    0],[0.4189 0.6036 0.5342 0.0000 0.0000 0.0000 0.0000],0.698861808155203,0.22393538408492764,0.3964444444444445,0.6035555555555555,0.062043510928408,94.59662437438965,34.921884536743164,0.07224082946777344,0.8807182312011719,130.509614944458
14,0.33282084065030976,0.9999999504710051,-33.43583186993804,99.99999009420102,[1844 2758 2516    0    0    0    0],[0.4098 0.6129 0.5591 0.0000 0.0000 0.0000 0.0000],0.6664103955606575,0.18318967328963376,0.3871111111111111,0.6128888888888889,0.047258331910696706,76.56049728393555,32.83333778381348,0.10776519775390625,1.2238025665283203,110.77237129211426
14,0.5358093899356902,0.99999890246366,7.161877987138027,99.99978049273199,[1732 2839 2722 1506    0    0    0],[0.3849 0.6309 0.6049 0.3347 0.0000 0.0000 0.0000],0.7679041461996751,0.318685452578642,0.36911111111111106,0.6308888888888889,0.09032882695385394,80.82032203674316,37.900686264038086,0.06508827209472656,0.6864070892333984,119.50397491455078
14,0.4255091196943527,0.9999991739809042,-14.898176061129462,99.99983479618083,[1656 2867 2803 1776    0    0    0],[0.3680 0.6371 0.6229 0.3947 0.0000 0.0000 0.0000],0.7127541468376285,0.2420487784253188,0.3628888888888889,0.6371111111111111,0.06260605218308289,75.03867149353027,34.79194641113281,0.05698204040527344,0.7390975952148438,110.68487167358398
14,0.3170549584393835,0.9999993436563632,-36.5890083121233,99.99986873127264,[1562 2893 2891 1975    0    0    0],[0.3471 0.6429 0.6424 0.4389 0.0000 0.0000 0.0000],0.6585271510478734,0.17359550750435804,0.35711111111111116,0.6428888888888888,0.0408239976603174,72.33834266662598,37.59884834289551,0.07963180541992188,0.8831024169921875,110.93568801879883
14,0.2239862509526062,0.999999480004296,-55.20274980947876,99.9998960008592,[1449 2913 2962 2155    0    0    0],[0.3220 0.6473 0.6582 0.4789 0.0000 0.0000 0.0000],0.611992865478451,0.11908386945652427,0.34177777777777774,0.6582222222222223,0.024908244429883684,85.52050590515137,34.82675552368164,0.05507469177246094,1.9636154174804688,122.40099906921387
14,0.11107802314116916,0.9999996454297393,-77.78439537176617,99.99992908594785,[1176 2907 3016 2327    0    0    0],[0.2613 0.6460 0.6702 0.5171 0.0000 0.0000 0.0000],0.5555388342854541,0.057173599071085546,0.3297777777777777,0.6702222222222223,0.010474452754778778,64.48721885681152,32.196760177612305,0.07700920104980469,0.9145736694335938,97.71013259887695
14,0.9953385791267187,0.9999986812678061,99.06771582534375,99.99973625356122,[   0 2858 3052 2508    0    0    0],[0.0000 0.6351 0.6782 0.5573 0.0000 0.0000 0.0000],0.9976686301972625,0.9317350592098158,0.32177777777777783,0.6782222222222222,0.2991126650335656,91.7057991027832,37.79125213623047,0.049114227294921875,0.797271728515625,130.37872314453125
14,0.9945130050820741,0.9999990718591071,98.90260101641482,99.99981437182143,[   0 2771 3064 2659    0    0    0],[0.0000 0.6158 0.6809 0.5909 0.0000 0.0000 0.0000],0.9972560384705906,0.9259320124680503,0.3191111111111111,0.6808888888888889,0.29466442074868376,61.738014221191406,37.88423538208008,0.08869171142578125,1.0180473327636719,100.77381134033203
14,0.9935946634395517,0.9999992282073175,98.71893268791035,99.99984564146348,[   0 2745 3106 2772    0    0    0],[0.0000 0.6100 0.6902 0.6160 0.0000 0.0000 0.0000],0.9967969458234346,0.9199714752868352,0.3097777777777778,0.6902222222222222,0.2840738913319938,77.27169990539551,31.926631927490234,0.04887580871582031,0.7414817810058594,110.02302169799805
14,0.999773858743455,0.9999995358311254,99.954771748691,99.99990716622509,[   0 2777 3187 2860 1058    0    0],[0.0000 0.6171 0.7082 0.6356 0.2351 0.0000 0.0000],0.9998866972872902,0.9849774473650308,0.2917777777777778,0.7082222222222222,0.28736196817344445,72.14140892028809,37.3992919921875,0.08606910705566406,0.9660720825195312,110.68892478942871
14,0.9996312797767346,0.9999994920881425,99.92625595534693,99.99989841762851,[   0 2824 3288 2938 1364    0    0],[0.0000 0.6276 0.7307 0.6529 0.3031 0.0000 0.0000],0.9998153859324387,0.9808111409560674,0.2693333333333333,0.7306666666666667,0.26411636536427846,71.1359977722168,38.00678253173828,0.07987022399902344,0.9133815765380859,110.17036437988281
14,0.9992214018856541,0.9999994260421546,99.84428037713081,99.99988520843092,[   0 2971 3532 3130 1663    0    0],[0.0000 0.6602 0.7849 0.6956 0.3696 0.0000 0.0000],0.9996104139639044,0.9721069156151466,0.21511111111111114,0.7848888888888889,0.2090295320116675,79.36263084411621,40.07554054260254,0.05793571472167969,0.7464885711669922,120.28837203979492
14,0.9992214018856541,0.9999994260421546,99.84428037713081,99.99988520843092,[   0 2971 3532 3130 1663    0    0],[0.0000 0.6602 0.7849 0.6956 0.3696 0.0000 0.0000],0.9996104139639044,0.9721069156151466,0.21511111111111114,0.7848888888888889,0.2090295320116675,57.649850845336914,31.822919845581055,0.10752677917480469,0.9603500366210938,90.5764102935791
14,0.998380375361913,0.9999993409712336,99.67607507238262,99.99986819424672,[   0 3148 3812 3333 1890    0    0],[0.0000 0.6996 0.8471 0.7407 0.4200 0.0000 0.0000],0.9991898581665734,0.9597636282783786,0.15288888888888885,0.8471111111111111,0.14661831678348472,90.3775691986084,38.92159461975098,0.07510185241699219,0.7202625274658203,130.13935089111328
14,0.14658784312010703,0.9999999625714718,-70.6824313759786,99.99999251429438,[1336 3263 3959 3458 1989    0    0],[0.2969 0.7251 0.8798 0.7684 0.4420 0.0000 0.0000],0.5732939028457895,0.07619692604356165,0.12022222222222223,0.8797777777777778,0.0052516953591008235,56.409597396850586,33.090829849243164,0.08225440979003906,0.8671283721923828,90.4836654663086
14,0.15005675540368157,0.9999999510598527,-69.98864891926368,99.99999021197056,[1483 3364 4099 3579 2094    0    0],[0.3296 0.7476 0.9109 0.7953 0.4653 0.0000 0.0000],0.5750283532317672,0.07807636126619943,0.08911111111111114,0.9108888888888889,0.004000743266563936,71.39301300048828,37.722110748291016,0.05316734313964844,0.7185935974121094,109.92932319641113
14,0.05387388637400067,0.9999999693985002,-89.22522272519987,99.99999387970004,[1161 3293 4133 3728 2281    0    0],[0.2580 0.7318 0.9184 0.8284 0.5069 0.0000 0.0000],0.5269369278862505,0.027309873071336477,0.0815555555555556,0.9184444444444444,0.0011736317970005936,49.42440986633301,40.276527404785156,0.0743865966796875,0.7877349853515625,90.6062126159668
14,0.99326925263398,0.9999995833187136,98.65385052679599,99.99991666374274,[   0 3164 4122 3870 2484    0    0],[0.0000 0.7031 0.9160 0.8600 0.5520 0.0000 0.0000],0.9966344179763468,0.9179614073454833,0.08399999999999996,0.916,0.07684924236649913,68.71700286865234,27.998685836791992,0.0667572021484375,0.7266998291015625,97.54228591918945
14,0.9907666154928418,0.9999997106453955,98.15332309856836,99.9999421290791,[   0 3039 4110 4003 2668    0    0],[0.0000 0.6753 0.9133 0.8896 0.5929 0.0000 0.0000],0.9953831630691187,0.9039110039986176,0.08666666666666667,0.9133333333333333,0.07797727550540431,66.06245040893555,36.09824180603027,0.07081031799316406,0.7634162902832031,103.03044319152832
14,0.9865211832960651,0.9999997078357964,97.30423665921302,99.99994156715928,[   0 3126 4229 4162 2806    0    0],[0.0000 0.6947 0.9398 0.9249 0.6236 0.0000 0.0000],0.9932604455659307,0.8839029520628051,0.06022222222222218,0.9397777777777778,0.052871849475732764,62.656402587890625,36.84186935424805,0.04839897155761719,0.63323974609375,100.21138191223145
14,0.9811531869791555,0.9999996886483055,96.23063739583111,99.9999377296611,[   0 3254 4333 4356 2944    0    0],[0.0000 0.7231 0.9629 0.9680 0.6542 0.0000 0.0000],0.9905764378137306,0.8627174385832274,0.03200000000000003,0.968,0.027346802148849922,62.94369697570801,36.85784339904785,0.06914138793945312,0.7774829864501953,100.738525390625
14,0.9772142768123651,0.9999996000046846,95.44285536247301,99.99992000093692,[   0 3425 4379 4473 3114    0    0],[0.0000 0.7611 0.9731 0.9940 0.6920 0.0000 0.0000],0.9886069384085249,0.8490519188849373,0.006000000000000005,0.994,0.00503627170847233,68.87459754943848,40.648460388183594,0.07128715515136719,1.0366439819335938,110.6715202331543
14,0.9732943906855739,0.9999994198838525,94.65887813711478,99.99988397677052,[   0 3624 4418 4534 3313    0    0],[0.0000 0.8053 0.9818 1.0076 0.7362 0.0000 0.0000],0.9866469052847132,0.8365832652441045,-0.007555555555555538,1.0075555555555555,-0.006236448410810338,100.6011962890625,38.729190826416016,0.07581710815429688,0.8630752563476562,140.35964012145996
14,0.015976970635671266,0.9999999083193936,-96.80460587286575,99.99998166387871,[1334 3855 4447 4569 3541    0    0],[0.2964 0.8567 0.9882 1.0153 0.7869 0.0000 0.0000],0.5079884394775324,0.00802069694790386,-0.015333333333333421,1.0153333333333334,-6.247446033334798e-05,71.86222076416016,37.3537540435791,0.051975250244140625,0.6651878356933594,109.98082160949707
14,0.02784645009419911,0.9999997975453611,-94.43070998116018,99.9999595090722,[1607 4105 4465 4591 3783    0    0],[0.3571 0.9122 0.9922 1.0202 0.8407 0.0000 0.0000],0.51392312381978,0.014021629318795914,-0.02022222222222214,1.0202222222222221,-0.00014572213293129576,85.81185340881348,34.12055969238281,0.053882598876953125,0.7252693176269531,120.75519561767578
14,0.009693093293325263,0.9999998446809656,-98.06138134133495,99.99996893619311,[1295 4016 4467 4607 4076    0    0],[0.2878 0.8924 0.9927 1.0238 0.9058 0.0000 0.0000],0.5048464689871455,0.004858426460013554,-0.023777777777777676,1.0237777777777777,-5.8321168982079055e-05,57.564496994018555,31.92925453186035,0.05340576171875,0.7317066192626953,90.30818939208984
14,0.929165767591514,0.999999229041036,85.8331535183028,99.9998458082072,[   0 3758 4460 4613 4277    0    0],[0.0000 0.8351 0.9911 1.0251 0.9504 0.0000 0.0000],0.964582498316275,0.733854435600512,-0.025111111111111084,1.025111111111111,-0.017775230082844082,77.13150978088379,35.60614585876465,0.04744529724121094,1.5006065368652344,114.32051658630371
14,0.9022758827325158,0.9999996589113138,80.45517654650317,99.99993178226276,[   0 3387 4447 4622 4359    0    0],[0.0000 0.7527 0.9882 1.0271 0.9687 0.0000 0.0000],0.9511377708219149,0.6873919767843475,-0.027111111111111086,1.027111111111111,-0.01772536569833401,60.7609748840332,34.8513126373291,0.07700920104980469,0.820159912109375,96.5416431427002
14,0.8830603743372429,0.9999998018007781,76.6120748674486,99.99996036015563,[   0 3140 4437 4621 4386    0    0],[0.0000 0.6978 0.9860 1.0269 0.9747 0.0000 0.0000],0.9415300880690105,0.658035926647937,-0.026888888888888962,1.026888888888889,-0.016659296777844047,70.03498077392578,39.30521011352539,0.06699562072753906,0.8077621459960938,110.25834083557129
14,0.8812186077803341,0.9999997317217826,76.24372155606682,99.99994634435652,[   0 3285 4462 4635 4457    0    0],[0.0000 0.7300 0.9916 1.0300 0.9904 0.0000 0.0000],0.9406091697510583,0.6553536247957212,-0.030000000000000027,1.03,-0.018492948867373515,96.01354598999023,33.78558158874512,0.08225440979003906,0.9095668792724609,130.83195686340332
14,0.8822448233430199,0.9999996610914071,76.44896466860399,99.99993221828143,[   0 3395 4484 4640 4486    0    0],[0.0000 0.7544 0.9964 1.0311 0.9969 0.0000 0.0000],0.9411222422172136,0.6568457522507012,-0.03111111111111109,1.031111111111111,-0.01923202235574766,83.22668075561523,36.11588478088379,0.08106231689453125,0.8518695831298828,120.31078338623047
14,0.8921801060570979,0.9999995275876905,78.43602121141956,99.99990551753811,[   0 3546 4497 4638 4480    0    0],[0.0000 0.7880 0.9993 1.0307 0.9956 0.0000 0.0000],0.9460898168223941,0.6716413218284116,-0.03066666666666662,1.0306666666666666,-0.01948661246426241,125.28157234191895,34.4545841217041,0.049591064453125,0.6978511810302734,160.52007675170898
14,0.8981977733463183,0.9999994432150803,79.63955466926367,99.99988864301605,[   0 3615 4493 4627 4482    0    0],[0.0000 0.8033 0.9984 1.0282 0.9960 0.0000 0.0000],0.9490986082806993,0.680936260492105,-0.02822222222222215,1.0282222222222221,-0.018239335213208155,54.9473762512207,34.72280502319336,0.07128715515136719,0.8082389831542969,90.58403968811035
14,0.9039303405581797,0.9999993349493677,80.78606811163593,99.99986698987354,[   0 3699 4492 4634 4481    0    0],[0.0000 0.8220 0.9982 1.0298 0.9958 0.0000 0.0000],0.9519648377537737,0.690050013080839,-0.02977777777777768,1.0297777777777777,-0.019561121940391425,79.55145835876465,40.04859924316406,0.04410743713378906,0.7679462432861328,120.44382095336914
14,0.9097414230424801,0.999999179287116,81.94828460849601,99.9998358574232,[   0 3793 4498 4628 4476    0    0],[0.0000 0.8429 0.9996 1.0284 0.9947 0.0000 0.0000],0.954870301164798,0.6995707134039094,-0.028444444444444494,1.0284444444444445,-0.019000868915031173,59.88025665283203,38.93566131591797,0.07271766662597656,0.7700920104980469,99.71809387207031
14,0.9138905734385744,0.9999990170854267,82.77811468771489,99.99980341708533,[   0 3877 4497 4632 4488    0    0],[0.0000 0.8616 0.9993 1.0293 0.9973 0.0000 0.0000],0.9569447952620006,0.7065575973945616,-0.029333333333333433,1.0293333333333334,-0.019833340717800196,72.47209548950195,37.03474998474121,0.0705718994140625,0.7715225219726562,110.42165756225586
14,0.9179648375835562,0.9999988346038012,83.59296751671124,99.99976692076024,[   0 3956 4506 4631 4479    0    0],[0.0000 0.8791 1.0013 1.0291 0.9953 0.0000 0.0000],0.9589818360936786,0.7135842235137091,-0.029111111111111088,1.029111111111111,-0.019921149880515156,46.25058174133301,33.102989196777344,0.0743865966796875,0.8134841918945312,80.27505874633789
14,0.9226755533849051,0.9999986178062368,84.53511067698102,99.99972356124735,[   0 4031 4501 4625 4484    0    0],[0.0000 0.8958 1.0002 1.0278 0.9964 0.0000 0.0000],0.961337085595571,0.7219297491256362,-0.02777777777777768,1.0277777777777777,-0.019278273361921623,72.87931442260742,34.67297554016113,0.05602836608886719,0.7224082946777344,108.37292671203613
14,0.9271899356792929,0.9999983743695634,85.43798713585858,99.99967487391268,[   0 4106 4500 4625 4478    0    0],[0.0000 0.9124 1.0000 1.0278 0.9951 0.0000 0.0000],0.9635941550244281,0.7301696112550136,-0.02777777777777768,1.0277777777777777,-0.01954408804393854,58.00795555114746,31.80408477783203,0.07343292236328125,0.7891654968261719,90.70920944213867
14,0.9301349993090434,0.999998097087669,86.02699986180869,99.99961941753378,[   0 4181 4508 4627 4474    0    0],[0.0000 0.9291 1.0018 1.0282 0.9942 0.0000 0.0000],0.9650665481983561,0.7356837163952523,-0.02822222222222215,1.0282222222222221,-0.020037319018423875,73.64249229431152,35.53032875061035,0.045299530029296875,0.7646083831787109,110.02206802368164
14,0.9335731264217011,0.9999978211428796,86.71462528434023,99.99956422857593,[   0 4240 4506 4619 4472    0    0],[0.0000 0.9422 1.0013 1.0264 0.9938 0.0000 0.0000],0.9667854737822904,0.7422701128677962,-0.026444444444444493,1.0264444444444445,-0.018976955459212446,55.73773384094238,33.97250175476074,0.07462501525878906,0.8442401885986328,90.66605567932129
14,0.9363386131280498,0.9999974661527031,87.26772262560996,99.99949323054062,[   0 4312 4511 4621 4470    0    0],[0.0000 0.9582 1.0024 1.0269 0.9933 0.0000 0.0000],0.9681680396403765,0.7476929390115027,-0.026888888888888962,1.026888888888889,-0.01946466249975603,97.78833389282227,31.816720962524414,0.04673004150390625,0.7605552673339844,130.44452667236328
14,0.9399941050391762,0.9999970527837794,87.99882100783526,99.99941055675586,[   0 4385 4508 4626 4465    0    0],[0.0000 0.9744 1.0018 1.0280 0.9922 0.0000 0.0000],0.9699955789114779,0.755045008737109,-0.028000000000000025,1.028,-0.02050692896991689,64.41307067871094,35.15052795410156,0.07700920104980469,0.9455680847167969,100.6460189819336
14,0.012286124785116658,0.9999995306737504,-97.54277504297667,99.99990613475006,[1463 4496 4515 4631 4461    0    0],[0.3251 0.9991 1.0033 1.0291 0.9913 0.0000 0.0000],0.5061428277294335,0.006162283927283352,-0.029111111111111088,1.029111111111111,-9.079743364482555e-05,79.0395736694336,40.21763801574707,0.06198883056640625,0.6291866302490234,119.98558044433594
14,0.015111451826277537,0.9999994774568662,-96.97770963474449,99.99989549137325,[1539 4516 4513 4626 4456    0    0],[0.3420 1.0036 1.0029 1.0280 0.9902 0.0000 0.0000],0.5075554646415719,0.007584751411694235,-0.028000000000000025,1.028,-0.00010779109675469209,104.22205924987793,35.80451011657715,0.07295608520507812,0.7243156433105469,140.8669948577881
14,0.0056718304248395005,0.9999996885809808,-98.8656339150321,99.99993771619614,[1157 4424 4506 4622 4459    0    0],[0.2571 0.9831 1.0013 1.0271 0.9909 0.0000 0.0000],0.50283575950291,0.002840104017344025,-0.027111111111111086,1.027111111111111,-3.8717536665926795e-05,55.32431602478027,34.07406806945801,0.05221366882324219,0.8814334869384766,90.36707878112793
14,0.9253953456942244,0.9999983944629192,85.07906913884489,99.99967889258383,[   0 4100 4508 4623 4485    0    0],[0.0000 0.9111 1.0018 1.0273 0.9967 0.0000 0.0000],0.9626968700785719,0.7268644132144353,-0.02733333333333343,1.0273333333333334,-0.01912650261232968,77.27813720703125,32.25350379943848,0.07605552673339844,0.9310245513916016,110.57353019714355
14,0.8986298415956925,0.9999994310555527,79.7259683191385,99.99988621111052,[   0 3626 4495 4629 4481    0    0],[0.0000 0.8058 0.9989 1.0287 0.9958 0.0000 0.0000],0.9493146363256225,0.6816140872151217,-0.028666666666666618,1.0286666666666666,-0.01854923190714591,62.29257583618164,37.05453872680664,0.072479248046875,0.9169578552246094,100.37469863891602
14,0.893735645261964,0.9999995278699803,78.74712905239281,99.99990557399605,[   0 3542 4492 4631 4474    0    0],[0.0000 0.7871 0.9982 1.0291 0.9942 0.0000 0.0000],0.9468675865659723,0.6740185854868161,-0.029111111111111088,1.029111111111111,-0.01857889600569045,72.09920883178711,37.1088981628418,0.04553794860839844,0.8642673492431641,110.15844345092773
14,0.8988319731905032,0.9999994344488462,79.76639463810065,99.99988688976924,[   0 3626 4494 4635 4478    0    0],[0.0000 0.8058 0.9987 1.0300 0.9951 0.0000 0.0000],0.9494157038196747,0.6819316720288815,-0.030000000000000027,1.03,-0.01942309915068686,52.59299278259277,36.57674789428711,0.07033348083496094,0.7970333099365234,90.07024765014648
14,0.9041627875878088,0.999999306808546,80.83255751756175,99.99986136170921,[   0 3715 4496 4627 4486    0    0],[0.0000 0.8256 0.9991 1.0282 0.9969 0.0000 0.0000],0.9520810471981774,0.690425260686959,-0.02822222222222215,1.0282222222222221,-0.018551618280283982,62.92557716369629,36.4837646484375,0.043392181396484375,0.7345676422119141,100.22115707397461
14,0.9109691702149283,0.9999991404776076,82.19383404298566,99.99982809552154,[   0 3813 4494 4627 4484    0    0],[0.0000 0.8473 0.9987 1.0282 0.9964 0.0000 0.0000],0.955484155346268,0.7016210961500806,-0.02822222222222215,1.0282222222222221,-0.018919834607636944,85.6170654296875,33.916473388671875,0.07867813110351562,0.8358955383300781,120.48673629760742
14,0.9153350850370162,0.9999989493836696,83.06701700740325,99.99978987673393,[   0 3904 4502 4623 4485    0    0],[0.0000 0.8676 1.0004 1.0273 0.9967 0.0000 0.0000],0.957667017210343,0.7090294441929675,-0.02733333333333343,1.0273333333333334,-0.018559719086878767,77.97074317932129,31.377077102661133,0.06175041198730469,0.7297992706298828,110.17441749572754
14,0.9207107633595616,0.9999987283782513,84.14215267191233,99.99974567565027,[   0 3992 4500 4624 4484    0    0],[0.0000 0.8871 1.0000 1.0276 0.9964 0.0000 0.0000],0.9603547458689065,0.7184188127401091,-0.027555555555555555,1.0275555555555556,-0.019011595027938255,55.708885192871094,33.94675254821777,0.09799003601074219,0.9949207305908203,90.789794921875
14,0.9243833202051654,0.9999984690539806,84.87666404103308,99.99969381079612,[   0 4077 4510 4620 4480    0    0],[0.0000 0.9060 1.0022 1.0267 0.9956 0.0000 0.0000],0.962190894629573,0.7250179117673022,-0.026666666666666616,1.0266666666666666,-0.018602816883889175,80.06167411804199,38.822174072265625,0.04410743713378906,0.6096363067626953,119.56214904785156
14,0.9311628200855518,0.9999979095523993,86.23256401711038,99.99958191047986,[   0 4226 4516 4628 4476    0    0],[0.0000 0.9391 1.0036 1.0284 0.9947 0.0000 0.0000],0.9655803648189756,0.737635578885308,-0.028444444444444494,1.0284444444444445,-0.020259454047673833,104.32958602905273,35.90250015258789,0.08821487426757812,1.0619163513183594,141.4167881011963
14,0.9311628200855518,0.9999979095523993,86.23256401711038,99.99958191047986,[   0 4226 4516 4628 4476    0    0],[0.0000 0.9391 1.0036 1.0284 0.9947 0.0000 0.0000],0.9655803648189756,0.737635578885308,-0.028444444444444494,1.0284444444444445,-0.020259454047673833,52.417755126953125,36.54313087463379,0.04982948303222656,0.7860660552978516,89.82634544372559
14,0.938682723280252,0.9999971539758729,87.7365446560504,99.99943079517456,[   0 4370 4515 4627 4463    0    0],[0.0000 0.9711 1.0033 1.0282 0.9918 0.0000 0.0000],0.9693399386280623,0.7523824911367921,-0.02822222222222215,1.0282222222222221,-0.020582873004108295,97.31841087341309,32.509803771972656,0.055789947509765625,0.6918907165527344,130.60593605041504
14,0.006109560808981319,0.9999996726737902,-98.77808783820373,99.99993453475804,[1194 4435 4514 4630 4465    0    0],[0.2653 0.9856 1.0031 1.0289 0.9922 0.0000 0.0000],0.5030546167413857,0.003059624719307097,-0.028888888888888964,1.028888888888889,-4.446457428236794e-05,51.862478256225586,37.7507209777832,0.06628036499023438,1.012563705444336,90.73019027709961
14,0.010084482634282564,0.9999995738444905,-97.98310347314349,99.9999147688981,[1379 4481 4511 4618 4456    0    0],[0.3064 0.9958 1.0024 1.0262 0.9902 0.0000 0.0000],0.5050420282393866,0.005055232080590444,-0.026222222222222147,1.0262222222222221,-6.694807783508003e-05,104.95471954345703,34.189701080322266,0.0591278076171875,0.7061958312988281,139.93430137634277
14,0.9186894517554768,0.999998815139158,83.73789035109536,99.99976302783159,[   0 3964 4502 4633 4482    0    0],[0.0000 0.8809 1.0004 1.0296 0.9960 0.0000 0.0000],0.9593441334473174,0.7148520324749251,-0.029555555555555557,1.0295555555555556,-0.020268877951959002,119.95434761047363,40.225982666015625,0.049114227294921875,0.6525516510009766,160.91656684875488
14,0.8979082856095392,0.9999994474620733,79.58165712190782,99.99988949241464,[   0 3616 4495 4636 4478    0    0],[0.0000 0.8036 0.9989 1.0302 0.9951 0.0000 0.0000],0.9489538665358062,0.6804829240047818,-0.03022222222222215,1.0302222222222222,-0.019515906366899136,80.20925521850586,38.84577751159668,0.08058547973632812,0.8590221405029297,120.02897262573242
14,0.9020600841280594,0.9999993726817727,80.41201682561189,99.99987453635455,[   0 3673 4493 4635 4480    0    0],[0.0000 0.8162 0.9984 1.0300 0.9956 0.0000 0.0000],0.9510297284049162,0.6870474659733311,-0.030000000000000027,1.03,-0.019602076948977108,74.39231872558594,35.00103950500488,0.0667572021484375,0.7393360137939453,110.22591590881348
14,0.9064441749204702,0.999999265784874,81.28883498409405,99.99985315697478,[   0 3744 4495 4633 4481    0    0],[0.0000 0.8320 0.9989 1.0296 0.9958 0.0000 0.0000],0.9532217203526722,0.6941322330411333,-0.029555555555555557,1.0295555555555556,-0.019555785674915015,50.30488967895508,39.27016258239746,0.07414817810058594,0.7987022399902344,90.4843807220459
14,0.9107570917852011,0.9999991354052103,82.15141835704023,99.99982708104207,[   0 3817 4497 4629 4483    0    0],[0.0000 0.8482 0.9993 1.0287 0.9962 0.0000 0.0000],0.9553781135952057,0.7012659316046976,-0.028666666666666618,1.0286666666666666,-0.01920592485546561,65.84286689758301,33.361196517944336,0.04482269287109375,0.6918907165527344,99.97177124023438
14,0.914792209160905,0.9999989683092928,82.958441832181,99.99979366185855,[   0 3898 4502 4628 4485    0    0],[0.0000 0.8662 1.0004 1.0284 0.9967 0.0000 0.0000],0.9573955887350988,0.7080980316126873,-0.028444444444444494,1.0284444444444445,-0.019283340283960733,52.52385139465332,37.364959716796875,0.06961822509765625,0.7345676422119141,90.72566032409668
14,0.9198115013972685,0.9999987372763952,83.9623002794537,99.99974745527905,[   0 3989 4503 4624 4488    0    0],[0.0000 0.8864 1.0007 1.0276 0.9973 0.0000 0.0000],0.959905119336832,0.7168264915654596,-0.027555555555555555,1.0275555555555556,-0.01896057598829182,62.57796287536621,36.69285774230957,0.04076957702636719,0.5960464477539062,99.93577003479004
14,0.9245894878859956,0.9999984859867393,84.91789757719911,99.99969719734787,[   0 4076 4508 4629 4476    0    0],[0.0000 0.9058 1.0018 1.0287 0.9947 0.0000 0.0000],0.9622939869363674,0.7253930115588028,-0.028666666666666618,1.0286666666666666,-0.020010518218075996,89.78486061096191,40.44365882873535,0.07867813110351562,0.8649826049804688,131.2112808227539
14,0.9297571485634525,0.9999981361172692,85.9514297126905,99.99962722345384,[   0 4170 4508 4624 4473    0    0],[0.0000 0.9267 1.0018 1.0276 0.9940 0.0000 0.0000],0.9648776423403609,0.7349698365207902,-0.027555555555555555,1.0275555555555556,-0.019541186537473134,57.28292465209961,31.812191009521484,0.04410743713378906,0.6074905395507812,89.7834300994873
14,0.9337712453807809,0.999997755005422,86.75424907615619,99.9995510010844,[   0 4261 4512 4632 4467    0    0],[0.0000 0.9469 1.0027 1.0293 0.9927 0.0000 0.0000],0.9668845001931016,0.7426548822599484,-0.029333333333333433,1.0293333333333334,-0.021063137176396463,51.57470703125,38.208961486816406,0.06890296936035156,0.7474422454833984,90.63410758972168
14,0.9380703761827371,0.9999973133533518,87.61407523654742,99.99946267067037,[   0 4341 4510 4624 4463    0    0],[0.0000 0.9647 1.0022 1.0276 0.9918 0.0000 0.0000],0.9690338447680444,0.7511487649807325,-0.027555555555555555,1.0275555555555556,-0.020057374086563082,59.35049057006836,40.007591247558594,0.04315376281738281,0.5915164947509766,100.02923011779785
14,0.006958537147435773,0.9999996670402517,-98.60829257051284,99.99993340805034,[1251 4406 4515 4628 4462    0    0],[0.2780 0.9791 1.0033 1.0284 0.9916 0.0000 0.0000],0.5034791020938437,0.0034855094416258448,-0.028444444444444494,1.0284444444444445,-4.9916619776267317e-05,100.12602806091309,41.25356674194336,0.06985664367675781,0.7121562957763672,142.19284057617188
14,0.011341230257660465,0.9999995574430531,-97.73175394846791,99.99991148861062,[1441 4464 4516 4628 4473    0    0],[0.3202 0.9920 1.0036 1.0284 0.9940 0.0000 0.0000],0.5056703938503567,0.005687007434081348,-0.028444444444444494,1.0284444444444445,-8.179914777662085e-05,46.640634536743164,31.560897827148438,0.06008148193359375,0.7092952728271484,79.00285720825195
14,0.011562762933028785,0.9999995587663786,-97.68744741339424,99.99991175327571,[1444 4463 4516 4624 4460    0    0],[0.3209 0.9918 1.0036 1.0276 0.9911 0.0000 0.0000],0.5057811608497037,0.005798412879284398,-0.027555555555555555,1.0275555555555556,-8.081294925536036e-05,62.450408935546875,37.253379821777344,0.091552734375,0.858306884765625,100.6932258605957
14,0.9322243990587322,0.999997951455936,86.44487981174643,99.99959029118719,[   0 4214 4505 4625 4473    0    0],[0.0000 0.9364 1.0011 1.0278 0.9940 0.0000 0.0000],0.966111175257334,0.7396664593311039,-0.02777777777777768,1.0277777777777777,-0.01985000089785559,58.33101272583008,30.77554702758789,0.06175041198730469,0.6008148193359375,89.80417251586914
14,0.9130379706333129,0.9999990505783874,82.60759412666258,99.99981011567749,[   0 3856 4503 4619 4478    0    0],[0.0000 0.8569 1.0007 1.0264 0.9951 0.0000 0.0000],0.9565185106058501,0.7051083589772769,-0.026444444444444493,1.0264444444444445,-0.01783543432978157,52.90818214416504,36.99970245361328,0.09870529174804688,1.0478496551513672,91.0952091217041
14,0.9157753673514288,0.9999989226501856,83.15507347028577,99.99978453003712,[   0 3915 4505 4621 4483    0    0],[0.0000 0.8700 1.0011 1.0269 0.9962 0.0000 0.0000],0.9578871450008072,0.7097870518072001,-0.026888888888888962,1.026888888888889,-0.018281645112513564,66.75434112548828,32.09352493286133,0.04172325134277344,0.6973743438720703,99.62272644042969
14,0.9157753673514288,0.9999989226501856,83.15507347028577,99.99978453003712,[   0 3915 4505 4621 4483    0    0],[0.0000 0.8700 1.0011 1.0269 0.9962 0.0000 0.0000],0.9578871450008072,0.7097870518072001,-0.026888888888888962,1.026888888888889,-0.018281645112513564,57.940006256103516,31.678438186645508,0.07009506225585938,0.7495880126953125,90.47245979309082
14,0.9239612027015699,0.9999985009494988,84.79224054031397,99.99970018989976,[   0 4069 4506 4625 4485    0    0],[0.0000 0.9042 1.0013 1.0278 0.9967 0.0000 0.0000],0.9619798518255342,0.7242513857733299,-0.02777777777777768,1.0277777777777777,-0.019353201132518424,77.38614082336426,32.056570053100586,0.04458427429199219,0.6952285766601562,110.24880409240723
