19,0.9999999629413328,0.0602232595122575,99.99999258826654,-87.9553480975485,[0 0 0 0 0 0 0],[0.0000 0.0000 0.0000 0.0000 0.0000 0.0000 0.0000],0.5301116112267951,0.03057919177011925,1.0,0.0,0.016210384619271066,166.11218452453613,39.26444053649902,0.05269050598144531,0.6017684936523438,206.0563564300537
19,0.9999999629413328,0.0602232595122575,99.99999258826654,-87.9553480975485,[0 0 0 0 0 0 0],[0.0000 0.0000 0.0000 0.0000 0.0000 0.0000 0.0000],0.5301116112267951,0.03057919177011925,1.0,0.0,0.016210384619271066,109.99417304992676,40.35830497741699,0.050067901611328125,0.7295608520507812,151.16238594055176
19,0.9999999629413328,0.0602232595122575,99.99999258826654,-87.9553480975485,[0 0 0 0 0 0 0],[0.0000 0.0000 0.0000 0.0000 0.0000 0.0000 0.0000],0.5301116112267951,0.03057919177011925,1.0,0.0,0.016210384619271066,87.50009536743164,32.167673110961914,0.059604644775390625,0.7328987121582031,120.4986572265625
19,0.9999999629413328,0.0602232595122575,99.99999258826654,-87.9553480975485,[0 0 0 0 0 0 0],[0.0000 0.0000 0.0000 0.0000 0.0000 0.0000 0.0000],0.5301116112267951,0.03057919177011925,1.0,0.0,0.016210384619271066,61.56444549560547,38.071632385253906,0.03933906555175781,0.7498264312744141,100.45933723449707
19,0.9999999629413328,0.0602232595122575,99.99999258826654,-87.9553480975485,[0 0 0 0 0 0 0],[0.0000 0.0000 0.0000 0.0000 0.0000 0.0000 0.0000],0.5301116112267951,0.03057919177011925,1.0,0.0,0.016210384619271066,46.068429946899414,33.37883949279785,0.07200241088867188,0.8633136749267578,80.42478561401367
19,0.9999999629413328,0.0602232595122575,99.99999258826654,-87.9553480975485,[0 0 0 0 0 0 0],[0.0000 0.0000 0.0000 0.0000 0.0000 0.0000 0.0000],0.5301116112267951,0.03057919177011925,1.0,0.0,0.016210384619271066,57.282209396362305,31.870365142822266,0.03600120544433594,0.6330013275146484,89.85543251037598
19,0.9999999629413328,0.0602232595122575,99.99999258826654,-87.9553480975485,[0 0 0 0 0 0 0],[0.0000 0.0000 0.0000 0.0000 0.0000 0.0000 0.0000],0.5301116112267951,0.03057919177011925,1.0,0.0,0.016210384619271066,54.53610420227051,35.32123565673828,0.08177757263183594,0.8897781372070312,90.86298942565918
19,0.9999999629413328,0.0602232595122575,99.99999258826654,-87.9553480975485,[0 0 0 0 0 0 0],[0.0000 0.0000 0.0000 0.0000 0.0000 0.0000 0.0000],0.5301116112267951,0.03057919177011925,1.0,0.0,0.016210384619271066,72.98755645751953,36.18478775024414,0.04076957702636719,0.7076263427734375,109.96627807617188
19,0.9999999629413328,0.0602232595122575,99.99999258826654,-87.9553480975485,[0 0 0 0 0 0 0],[0.0000 0.0000 0.0000 0.0000 0.0000 0.0000 0.0000],0.5301116112267951,0.03057919177011925,1.0,0.0,0.016210384619271066,77.79836654663086,32.66000747680664,0.1583099365234375,2.2258758544921875,112.91146278381348
19,0.9999999629413328,0.0602232595122575,99.99999258826654,-87.9553480975485,[0 0 0 0 0 0 0],[0.0000 0.0000 0.0000 0.0000 0.0000 0.0000 0.0000],0.5301116112267951,0.03057919177011925,1.0,0.0,0.016210384619271066,273.64635467529297,35.001277923583984,0.1919269561767578,2.5267601013183594,311.4433288574219
19,0.9999999629413328,0.0602232595122575,99.99999258826654,-87.9553480975485,[0 0 0 0 0 0 0],[0.0000 0.0000 0.0000 0.0000 0.0000 0.0000 0.0000],0.5301116112267951,0.03057919177011925,1.0,0.0,0.016210384619271066,303.8163185119629,39.96920585632324,0.10657310485839844,9.735107421875,353.7013530731201
19,0.9999999629413328,0.0602232595122575,99.99999258826654,-87.9553480975485,[0 0 0 0 0 0 0],[0.0000 0.0000 0.0000 0.0000 0.0000 0.0000 0.0000],0.5301116112267951,0.03057919177011925,1.0,0.0,0.016210384619271066,262.6988887786865,33.16187858581543,0.08320808410644531,1.3840198516845703,297.4059581756592
19,0.9999999629413328,0.0602232595122575,99.99999258826654,-87.9553480975485,[0 0 0 0 0 0 0],[0.0000 0.0000 0.0000 0.0000 0.0000 0.0000 0.0000],0.5301116112267951,0.03057919177011925,1.0,0.0,0.016210384619271066,172.3482608795166,37.3382568359375,0.13399124145507812,1.8658638000488281,211.78460121154785
19,0.9999999629413328,0.0602232595122575,99.99999258826654,-87.9553480975485,[0 0 0 0 0 0 0],[0.0000 0.0000 0.0000 0.0000 0.0000 0.0000 0.0000],0.5301116112267951,0.03057919177011925,1.0,0.0,0.016210384619271066,194.74148750305176,34.540414810180664,0.17762184143066406,4.78363037109375,234.30848121643066
19,0.9999999629413328,0.0602232595122575,99.99999258826654,-87.9553480975485,[0 0 0 0 0 0 0],[0.0000 0.0000 0.0000 0.0000 0.0000 0.0000 0.0000],0.5301116112267951,0.03057919177011925,1.0,0.0,0.016210384619271066,242.14601516723633,33.04791450500488,0.08940696716308594,7.462263107299805,282.79948234558105
19,0.9999999629413328,0.0602232595122575,99.99999258826654,-87.9553480975485,[0 0 0 0 0 0 0],[0.0000 0.0000 0.0000 0.0000 0.0000 0.0000 0.0000],0.5301116112267951,0.03057919177011925,1.0,0.0,0.016210384619271066,188.30490112304688,33.00142288208008,0.09465217590332031,1.6400814056396484,223.13880920410156
19,0.9999999629413328,0.0602232595122575,99.99999258826654,-87.9553480975485,[0 0 0 0 0 0 0],[0.0000 0.0000 0.0000 0.0000 0.0000 0.0000 0.0000],0.5301116112267951,0.03057919177011925,1.0,0.0,0.016210384619271066,220.7796573638916,39.46518898010254,0.1544952392578125,2.2733211517333984,262.7544403076172
19,0.9999999629413328,0.0602232595122575,99.99999258826654,-87.9553480975485,[0 0 0 0 0 0 0],[0.0000 0.0000 0.0000 0.0000 0.0000 0.0000 0.0000],0.5301116112267951,0.03057919177011925,1.0,0.0,0.016210384619271066,183.17937850952148,34.07454490661621,0.11897087097167969,1.519918441772461,218.9462184906006
19,0.9999999629413328,0.0602232595122575,99.99999258826654,-87.9553480975485,[0 0 0 0 0 0 0],[0.0000 0.0000 0.0000 0.0000 0.0000 0.0000 0.0000],0.5301116112267951,0.03057919177011925,1.0,0.0,0.016210384619271066,174.2110252380371,34.76142883300781,0.09226799011230469,1.2662410736083984,210.3888988494873
19,0.9999999629413328,0.0602232595122575,99.99999258826654,-87.9553480975485,[0 0 0 0 0 0 0],[0.0000 0.0000 0.0000 0.0000 0.0000 0.0000 0.0000],0.5301116112267951,0.03057919177011925,1.0,0.0,0.016210384619271066,179.95667457580566,40.0238037109375,0.11587142944335938,1.4338493347167969,221.59242630004883
19,0.9999999629413328,0.0602232595122575,99.99999258826654,-87.9553480975485,[0 0 0 0 0 0 0],[0.0000 0.0000 0.0000 0.0000 0.0000 0.0000 0.0000],0.5301116112267951,0.03057919177011925,1.0,0.0,0.016210384619271066,175.17828941345215,44.14725303649902,0.09965896606445312,1.1851787567138672,220.66974639892578
19,0.9999999629413328,0.0602232595122575,99.99999258826654,-87.9553480975485,[0 0 0 0 0 0 0],[0.0000 0.0000 0.0000 0.0000 0.0000 0.0000 0.0000],0.5301116112267951,0.03057919177011925,1.0,0.0,0.016210384619271066,127.20036506652832,29.618024826049805,0.12302398681640625,1.680612564086914,158.68234634399414
19,0.9999999629413328,0.0602232595122575,99.99999258826654,-87.9553480975485,[0 0 0 0 0 0 0],[0.0000 0.0000 0.0000 0.0000 0.0000 0.0000 0.0000],0.5301116112267951,0.03057919177011925,1.0,0.0,0.016210384619271066,166.18585586547852,35.24589538574219,0.13065338134765625,1.590728759765625,203.20796966552734
19,0.9999999629413328,0.0602232595122575,99.99999258826654,-87.9553480975485,[0 0 0 0 0 0 0],[0.0000 0.0000 0.0000 0.0000 0.0000 0.0000 0.0000],0.5301116112267951,0.03057919177011925,1.0,0.0,0.016210384619271066,176.24425888061523,32.778263092041016,0.10609626770019531,1.3651847839355469,210.55126190185547
19,0.9999999629413328,0.0602232595122575,99.99999258826654,-87.9553480975485,[0 0 0 0 0 0 0],[0.0000 0.0000 0.0000 0.0000 0.0000 0.0000 0.0000],0.5301116112267951,0.03057919177011925,1.0,0.0,0.016210384619271066,183.95566940307617,35.233497619628906,0.11658668518066406,1.6252994537353516,220.98040580749512
19,0.9999999629413328,0.0602232595122575,99.99999258826654,-87.9553480975485,[0 0 0 0 0 0 0],[0.0000 0.0000 0.0000 0.0000 0.0000 0.0000 0.0000],0.5301116112267951,0.03057919177011925,1.0,0.0,0.016210384619271066,153.88774871826172,35.12001037597656,0.11277198791503906,1.6083717346191406,190.8426284790039
19,0.9999999629413328,0.0602232595122575,99.99999258826654,-87.9553480975485,[0 0 0 0 0 0 0],[0.0000 0.0000 0.0000 0.0000 0.0000 0.0000 0.0000],0.5301116112267951,0.03057919177011925,1.0,0.0,0.016210384619271066,143.97430419921875,50.50778388977051,0.12803077697753906,1.7964839935302734,196.46191596984863
19,0.9999999629413328,0.0602232595122575,99.99999258826654,-87.9553480975485,[0 0 0 0 0 0 0],[0.0000 0.0000 0.0000 0.0000 0.0000 0.0000 0.0000],0.5301116112267951,0.03057919177011925,1.0,0.0,0.016210384619271066,156.89492225646973,35.84575653076172,0.10704994201660156,1.375436782836914,194.27800178527832
19,0.9999999629413328,0.0602232595122575,99.99999258826654,-87.9553480975485,[0 0 0 0 0 0 0],[0.0000 0.0000 0.0000 0.0000 0.0000 0.0000 0.0000],0.5301116112267951,0.03057919177011925,1.0,0.0,0.016210384619271066,174.86810684204102,34.35969352722168,0.07796287536621094,1.1165142059326172,210.47115325927734
19,0.9999999629413328,0.0602232595122575,99.99999258826654,-87.9553480975485,[0 0 0 0 0 0 0],[0.0000 0.0000 0.0000 0.0000 0.0000 0.0000 0.0000],0.5301116112267951,0.03057919177011925,1.0,0.0,0.016210384619271066,149.6429443359375,40.18831253051758,0.11277198791503906,1.9614696502685547,191.96486473083496
19,0.9999999629413328,0.0602232595122575,99.99999258826654,-87.9553480975485,[0 0 0 0 0 0 0],[0.0000 0.0000 0.0000 0.0000 0.0000 0.0000 0.0000],0.5301116112267951,0.03057919177011925,1.0,0.0,0.016210384619271066,134.63187217712402,33.25486183166504,0.072479248046875,1.3186931610107422,169.32320594787598
19,0.9999999629413328,0.0602232595122575,99.99999258826654,-87.9553480975485,[0 0 0 0 0 0 0],[0.0000 0.0000 0.0000 0.0000 0.0000 0.0000 0.0000],0.5301116112267951,0.03057919177011925,1.0,0.0,0.016210384619271066,186.0332489013672,49.555301666259766,0.08153915405273438,1.3356208801269531,237.0591163635254
19,0.9999999629413328,0.0602232595122575,99.99999258826654,-87.9553480975485,[0 0 0 0 0 0 0],[0.0000 0.0000 0.0000 0.0000 0.0000 0.0000 0.0000],0.5301116112267951,0.03057919177011925,1.0,0.0,0.016210384619271066,144.03676986694336,39.48044776916504,0.11372566223144531,1.4123916625976562,185.1046085357666
19,0.9999999629413328,0.0602232595122575,99.99999258826654,-87.9553480975485,[0 0 0 0 0 0 0],[0.0000 0.0000 0.0000 0.0000 0.0000 0.0000 0.0000],0.5301116112267951,0.03057919177011925,1.0,0.0,0.016210384619271066,169.18587684631348,40.31205177307129,0.2589225769042969,2.0694732666015625,211.89188957214355
19,0.9999999629413328,0.0602232595122575,99.99999258826654,-87.9553480975485,[0 0 0 0 0 0 0],[0.0000 0.0000 0.0000 0.0000 0.0000 0.0000 0.0000],0.5301116112267951,0.03057919177011925,1.0,0.0,0.016210384619271066,152.13775634765625,35.65645217895508,0.1087188720703125,1.781463623046875,189.73326683044434
19,0.9999999629413328,0.0602232595122575,99.99999258826654,-87.9553480975485,[0 0 0 0 0 0 0],[0.0000 0.0000 0.0000 0.0000 0.0000 0.0000 0.0000],0.5301116112267951,0.03057919177011925,1.0,0.0,0.016210384619271066,168.6422824859619,41.07809066772461,0.0782012939453125,1.3649463653564453,211.22002601623535
19,0.9999999629413328,0.0602232595122575,99.99999258826654,-87.9553480975485,[0 0 0 0 0 0 0],[0.0000 0.0000 0.0000 0.0000 0.0000 0.0000 0.0000],0.5301116112267951,0.03057919177011925,1.0,0.0,0.016210384619271066,127.46977806091309,36.39578819274902,0.10824203491210938,1.4569759368896484,165.48895835876465
19,0.9999999629413328,0.0602232595122575,99.99999258826654,-87.9553480975485,[0 0 0 0 0 0 0],[0.0000 0.0000 0.0000 0.0000 0.0000 0.0000 0.0000],0.5301116112267951,0.03057919177011925,1.0,0.0,0.016210384619271066,124.20940399169922,37.09769248962402,0.09059906005859375,1.2106895446777344,162.65273094177246
19,0.9999999629413328,0.0602232595122575,99.99999258826654,-87.9553480975485,[0 0 0 0 0 0 0],[0.0000 0.0000 0.0000 0.0000 0.0000 0.0000 0.0000],0.5301116112267951,0.03057919177011925,1.0,0.0,0.016210384619271066,126.1301040649414,33.20598602294922,0.05793571472167969,1.0485649108886719,160.48240661621094
19,0.9999999629413328,0.0602232595122575,99.99999258826654,-87.9553480975485,[0 0 0 0 0 0 0],[0.0000 0.0000 0.0000 0.0000 0.0000 0.0000 0.0000],0.5301116112267951,0.03057919177011925,1.0,0.0,0.016210384619271066,143.85080337524414,36.41915321350098,0.05555152893066406,0.8649826049804688,181.2303066253662
19,0.9999999629413328,0.0602232595122575,99.99999258826654,-87.9553480975485,[0 0 0 0 0 0 0],[0.0000 0.0000 0.0000 0.0000 0.0000 0.0000 0.0000],0.5301116112267951,0.03057919177011925,1.0,0.0,0.016210384619271066,117.8746223449707,37.53018379211426,0.09942054748535156,1.1088848114013672,156.6603183746338
19,0.9999999629413328,0.0602232595122575,99.99999258826654,-87.9553480975485,[0 0 0 0 0 0 0],[0.0000 0.0000 0.0000 0.0000 0.0000 0.0000 0.0000],0.5301116112267951,0.03057919177011925,1.0,0.0,0.016210384619271066,116.04928970336914,32.943010330200195,0.09441375732421875,1.2388229370117188,150.3763198852539
19,0.9999999629413328,0.0602232595122575,99.99999258826654,-87.9553480975485,[0 0 0 0 0 0 0],[0.0000 0.0000 0.0000 0.0000 0.0000 0.0000 0.0000],0.5301116112267951,0.03057919177011925,1.0,0.0,0.016210384619271066,118.08609962463379,47.70374298095703,0.12159347534179688,9.427547454833984,175.37832260131836
19,0.9999999629413328,0.0602232595122575,99.99999258826654,-87.9553480975485,[0 0 0 0 0 0 0],[0.0000 0.0000 0.0000 0.0000 0.0000 0.0000 0.0000],0.5301116112267951,0.03057919177011925,1.0,0.0,0.016210384619271066,109.76123809814453,34.81245040893555,0.0667572021484375,2.6302337646484375,147.3219394683838
19,0.9999999629413328,0.0602232595122575,99.99999258826654,-87.9553480975485,[0 0 0 0 0 0 0],[0.0000 0.0000 0.0000 0.0000 0.0000 0.0000 0.0000],0.5301116112267951,0.03057919177011925,1.0,0.0,0.016210384619271066,107.53679275512695,40.34137725830078,0.11610984802246094,1.3780593872070312,149.4271755218506
19,0.9999999629413328,0.0602232595122575,99.99999258826654,-87.9553480975485,[0 0 0 0 0 0 0],[0.0000 0.0000 0.0000 0.0000 0.0000 0.0000 0.0000],0.5301116112267951,0.03057919177011925,1.0,0.0,0.016210384619271066,128.95917892456055,39.936065673828125,0.10085105895996094,1.3225078582763672,170.38846015930176
19,0.9999999629413328,0.0602232595122575,99.99999258826654,-87.9553480975485,[0 0 0 0 0 0 0],[0.0000 0.0000 0.0000 0.0000 0.0000 0.0000 0.0000],0.5301116112267951,0.03057919177011925,1.0,0.0,0.016210384619271066,106.78219795227051,32.083749771118164,0.08988380432128906,1.2149810791015625,140.20681381225586
19,0.9999999629413328,0.0602232595122575,99.99999258826654,-87.9553480975485,[0 0 0 0 0 0 0],[0.0000 0.0000 0.0000 0.0000 0.0000 0.0000 0.0000],0.5301116112267951,0.03057919177011925,1.0,0.0,0.016210384619271066,147.29070663452148,32.12380409240723,0.06651878356933594,1.0521411895751953,180.57656288146973
19,0.9999999629413328,0.0602232595122575,99.99999258826654,-87.9553480975485,[0 0 0 0 0 0 0],[0.0000 0.0000 0.0000 0.0000 0.0000 0.0000 0.0000],0.5301116112267951,0.03057919177011925,1.0,0.0,0.016210384619271066,132.5383186340332,37.7504825592041,0.06103515625,1.0113716125488281,171.41199111938477
19,0.9999999629413328,0.0602232595122575,99.99999258826654,-87.9553480975485,[0 0 0 0 0 0 0],[0.0000 0.0000 0.0000 0.0000 0.0000 0.0000 0.0000],0.5301116112267951,0.03057919177011925,1.0,0.0,0.016210384619271066,118.43419075012207,40.55452346801758,0.08940696716308594,1.0962486267089844,160.22467613220215
19,0.9999999629413328,0.0602232595122575,99.99999258826654,-87.9553480975485,[0 0 0 0 0 0 0],[0.0000 0.0000 0.0000 0.0000 0.0000 0.0000 0.0000],0.5301116112267951,0.03057919177011925,1.0,0.0,0.016210384619271066,90.64769744873047,38.64407539367676,0.11682510375976562,1.5757083892822266,131.05225563049316
19,0.9999999629413328,0.0602232595122575,99.99999258826654,-87.9553480975485,[0 0 0 0 0 0 0],[0.0000 0.0000 0.0000 0.0000 0.0000 0.0000 0.0000],0.5301116112267951,0.03057919177011925,1.0,0.0,0.016210384619271066,124.76611137390137,33.94603729248047,0.05650520324707031,1.0418891906738281,159.85441207885742
19,0.9999999629413328,0.0602232595122575,99.99999258826654,-87.9553480975485,[0 0 0 0 0 0 0],[0.0000 0.0000 0.0000 0.0000 0.0000 0.0000 0.0000],0.5301116112267951,0.03057919177011925,1.0,0.0,0.016210384619271066,124.68981742858887,34.85369682312012,0.08654594421386719,1.007080078125,160.68792343139648
19,0.9999999629413328,0.0602232595122575,99.99999258826654,-87.9553480975485,[0 0 0 0 0 0 0],[0.0000 0.0000 0.0000 0.0000 0.0000 0.0000 0.0000],0.5301116112267951,0.03057919177011925,1.0,0.0,0.016210384619271066,120.19896507263184,39.62111473083496,0.10848045349121094,1.3871192932128906,161.36646270751953
19,0.9999999629413328,0.0602232595122575,99.99999258826654,-87.9553480975485,[0 0 0 0 0 0 0],[0.0000 0.0000 0.0000 0.0000 0.0000 0.0000 0.0000],0.5301116112267951,0.03057919177011925,1.0,0.0,0.016210384619271066,111.0391616821289,37.72377967834473,0.09179115295410156,1.3120174407958984,150.21252632141113
19,0.9999999629413328,0.0602232595122575,99.99999258826654,-87.9553480975485,[0 0 0 0 0 0 0],[0.0000 0.0000 0.0000 0.0000 0.0000 0.0000 0.0000],0.5301116112267951,0.03057919177011925,1.0,0.0,0.016210384619271066,149.89209175109863,39.4129753112793,0.07963180541992188,0.9989738464355469,190.4296875
19,0.9999999629413328,0.0602232595122575,99.99999258826654,-87.9553480975485,[0 0 0 0 0 0 0],[0.0000 0.0000 0.0000 0.0000 0.0000 0.0000 0.0000],0.5301116112267951,0.03057919177011925,1.0,0.0,0.016210384619271066,127.05826759338379,32.618045806884766,0.0896453857421875,1.1928081512451172,161.0114574432373
19,0.9999999629413328,0.0602232595122575,99.99999258826654,-87.9553480975485,[0 0 0 0 0 0 0],[0.0000 0.0000 0.0000 0.0000 0.0000 0.0000 0.0000],0.5301116112267951,0.03057919177011925,1.0,0.0,0.016210384619271066,132.71284103393555,36.733150482177734,0.10061264038085938,1.1856555938720703,170.78757286071777
19,0.9999999629413328,0.0602232595122575,99.99999258826654,-87.9553480975485,[0 0 0 0 0 0 0],[0.0000 0.0000 0.0000 0.0000 0.0000 0.0000 0.0000],0.5301116112267951,0.03057919177011925,1.0,0.0,0.016210384619271066,115.47207832336426,33.74838829040527,0.10728836059570312,1.5180110931396484,150.8951187133789
19,0.9999999629413328,0.0602232595122575,99.99999258826654,-87.9553480975485,[0 0 0 0 0 0 0],[0.0000 0.0000 0.0000 0.0000 0.0000 0.0000 0.0000],0.5301116112267951,0.03057919177011925,1.0,0.0,0.016210384619271066,119.31777000427246,39.302825927734375,0.08916854858398438,1.2209415435791016,159.97982025146484
19,0.9999999629413328,0.0602232595122575,99.99999258826654,-87.9553480975485,[0 0 0 0 0 0 0],[0.0000 0.0000 0.0000 0.0000 0.0000 0.0000 0.0000],0.5301116112267951,0.03057919177011925,1.0,0.0,0.016210384619271066,131.3924789428711,37.63771057128906,0.05841255187988281,0.9255409240722656,170.06707191467285
19,0.9999999629413328,0.0602232595122575,99.99999258826654,-87.9553480975485,[0 0 0 0 0 0 0],[0.0000 0.0000 0.0000 0.0000 0.0000 0.0000 0.0000],0.5301116112267951,0.03057919177011925,1.0,0.0,0.016210384619271066,127.23302841186523,32.56726264953613,0.09274482727050781,1.0380744934082031,160.98403930664062
19,0.9999999629413328,0.0602232595122575,99.99999258826654,-87.9553480975485,[0 0 0 0 0 0 0],[0.0000 0.0000 0.0000 0.0000 0.0000 0.0000 0.0000],0.5301116112267951,0.03057919177011925,1.0,0.0,0.016210384619271066,107.47265815734863,31.892776489257812,0.09059906005859375,1.0418891906738281,140.547513961792
19,0.9999999629413328,0.0602232595122575,99.99999258826654,-87.9553480975485,[0 0 0 0 0 0 0],[0.0000 0.0000 0.0000 0.0000 0.0000 0.0000 0.0000],0.5301116112267951,0.03057919177011925,1.0,0.0,0.016210384619271066,91.52054786682129,37.810564041137695,0.0762939453125,1.1205673217773438,130.56612014770508
19,0.9999999629413328,0.0602232595122575,99.99999258826654,-87.9553480975485,[0 0 0 0 0 0 0],[0.0000 0.0000 0.0000 0.0000 0.0000 0.0000 0.0000],0.5301116112267951,0.03057919177011925,1.0,0.0,0.016210384619271066,116.06502532958984,33.156633377075195,0.06937980651855469,1.5232563018798828,150.85172653198242
19,0.9999999629413328,0.0602232595122575,99.99999258826654,-87.9553480975485,[0 0 0 0 0 0 0],[0.0000 0.0000 0.0000 0.0000 0.0000 0.0000 0.0000],0.5301116112267951,0.03057919177011925,1.0,0.0,0.016210384619271066,93.08743476867676,35.494089126586914,0.09012222290039062,1.0154247283935547,129.74143028259277
19,0.9999999629413328,0.0602232595122575,99.99999258826654,-87.9553480975485,[0 0 0 0 0 0 0],[0.0000 0.0000 0.0000 0.0000 0.0000 0.0000 0.0000],0.5301116112267951,0.03057919177011925,1.0,0.0,0.016210384619271066,77.67486572265625,40.09437561035156,0.07748603820800781,0.9667873382568359,118.85833740234375
19,0.9999999629413328,0.0602232595122575,99.99999258826654,-87.9553480975485,[0 0 0 0 0 0 0],[0.0000 0.0000 0.0000 0.0000 0.0000 0.0000 0.0000],0.5301116112267951,0.03057919177011925,1.0,0.0,0.016210384619271066,72.50714302062988,34.83152389526367,0.04887580871582031,0.8893013000488281,108.31809043884277
19,0.9999999629413328,0.0602232595122575,99.99999258826654,-87.9553480975485,[0 0 0 0 0 0 0],[0.0000 0.0000 0.0000 0.0000 0.0000 0.0000 0.0000],0.5301116112267951,0.03057919177011925,1.0,0.0,0.016210384619271066,106.09698295593262,35.17436981201172,0.05340576171875,0.9205341339111328,142.28129386901855
19,0.9999999629413328,0.0602232595122575,99.99999258826654,-87.9553480975485,[0 0 0 0 0 0 0],[0.0000 0.0000 0.0000 0.0000 0.0000 0.0000 0.0000],0.5301116112267951,0.03057919177011925,1.0,0.0,0.016210384619271066,108.2158088684082,41.632652282714844,0.04863739013671875,0.7634162902832031,150.69866180419922
19,0.9999999629413328,0.0602232595122575,99.99999258826654,-87.9553480975485,[0 0 0 0 0 0 0],[0.0000 0.0000 0.0000 0.0000 0.0000 0.0000 0.0000],0.5301116112267951,0.03057919177011925,1.0,0.0,0.016210384619271066,83.68992805480957,34.4851016998291,0.0820159912109375,1.0020732879638672,119.3084716796875
19,0.9999999629413328,0.0602232595122575,99.99999258826654,-87.9553480975485,[0 0 0 0 0 0 0],[0.0000 0.0000 0.0000 0.0000 0.0000 0.0000 0.0000],0.5301116112267951,0.03057919177011925,1.0,0.0,0.016210384619271066,79.10728454589844,40.18259048461914,0.06222724914550781,0.9901523590087891,120.38636207580566
19,0.9999999629413328,0.0602232595122575,99.99999258826654,-87.9553480975485,[0 0 0 0 0 0 0],[0.0000 0.0000 0.0000 0.0000 0.0000 0.0000 0.0000],0.5301116112267951,0.03057919177011925,1.0,0.0,0.016210384619271066,104.97808456420898,34.58905220031738,0.11897087097167969,1.2860298156738281,141.01052284240723
19,0.9999999629413328,0.0602232595122575,99.99999258826654,-87.9553480975485,[0 0 0 0 0 0 0],[0.0000 0.0000 0.0000 0.0000 0.0000 0.0000 0.0000],0.5301116112267951,0.03057919177011925,1.0,0.0,0.016210384619271066,101.42970085144043,37.409067153930664,0.06937980651855469,0.9250640869140625,139.8758888244629
19,0.9999999629413328,0.0602232595122575,99.99999258826654,-87.9553480975485,[0 0 0 0 0 0 0],[0.0000 0.0000 0.0000 0.0000 0.0000 0.0000 0.0000],0.5301116112267951,0.03057919177011925,1.0,0.0,0.016210384619271066,73.59433174133301,35.871028900146484,0.07915496826171875,0.9696483612060547,110.55970191955566
19,0.9999999629413328,0.0602232595122575,99.99999258826654,-87.9553480975485,[0 0 0 0 0 0 0],[0.0000 0.0000 0.0000 0.0000 0.0000 0.0000 0.0000],0.5301116112267951,0.03057919177011925,1.0,0.0,0.016210384619271066,103.71875762939453,35.695791244506836,0.0782012939453125,0.9617805480957031,140.55514335632324
19,0.9999999629413328,0.0602232595122575,99.99999258826654,-87.9553480975485,[0 0 0 0 0 0 0],[0.0000 0.0000 0.0000 0.0000 0.0000 0.0000 0.0000],0.5301116112267951,0.03057919177011925,1.0,0.0,0.016210384619271066,84.35225486755371,34.94071960449219,0.06794929504394531,0.9379386901855469,120.33796310424805
19,0.9999999629413328,0.0602232595122575,99.99999258826654,-87.9553480975485,[0 0 0 0 0 0 0],[0.0000 0.0000 0.0000 0.0000 0.0000 0.0000 0.0000],0.5301116112267951,0.03057919177011925,1.0,0.0,0.016210384619271066,101.2418270111084,38.21301460266113,0.07462501525878906,0.9331703186035156,140.5034065246582
19,0.9999999629413328,0.0602232595122575,99.99999258826654,-87.9553480975485,[0 0 0 0 0 0 0],[0.0000 0.0000 0.0000 0.0000 0.0000 0.0000 0.0000],0.5301116112267951,0.03057919177011925,1.0,0.0,0.016210384619271066,106.77623748779297,32.651424407958984,0.04744529724121094,0.8437633514404297,140.37466049194336
19,0.9999999629413328,0.0602232595122575,99.99999258826654,-87.9553480975485,[0 0 0 0 0 0 0],[0.0000 0.0000 0.0000 0.0000 0.0000 0.0000 0.0000],0.5301116112267951,0.03057919177011925,1.0,0.0,0.016210384619271066,108.53862762451172,31.30364418029785,0.07915496826171875,0.8511543273925781,140.82002639770508
19,0.9999999629413328,0.0602232595122575,99.99999258826654,-87.9553480975485,[0 0 0 0 0 0 0],[0.0000 0.0000 0.0000 0.0000 0.0000 0.0000 0.0000],0.5301116112267951,0.03057919177011925,1.0,0.0,0.016210384619271066,101.9747257232666,37.534236907958984,0.07653236389160156,0.8749961853027344,140.52128791809082
19,0.9999999629413328,0.0602232595122575,99.99999258826654,-87.9553480975485,[0 0 0 0 0 0 0],[0.0000 0.0000 0.0000 0.0000 0.0000 0.0000 0.0000],0.5301116112267951,0.03057919177011925,1.0,0.0,0.016210384619271066,110.3825569152832,39.496660232543945,0.08082389831542969,0.9381771087646484,150.94780921936035
19,0.9999999629413328,0.0602232595122575,99.99999258826654,-87.9553480975485,[0 0 0 0 0 0 0],[0.0000 0.0000 0.0000 0.0000 0.0000 0.0000 0.0000],0.5301116112267951,0.03057919177011925,1.0,0.0,0.016210384619271066,76.73168182373047,32.22346305847168,0.07224082946777344,1.0302066802978516,110.15677452087402
19,0.9999999629413328,0.0602232595122575,99.99999258826654,-87.9553480975485,[0 0 0 0 0 0 0],[0.0000 0.0000 0.0000 0.0000 0.0000 0.0000 0.0000],0.5301116112267951,0.03057919177011925,1.0,0.0,0.016210384619271066,118.67165565490723,61.10405921936035,0.07843971252441406,0.9999275207519531,180.90152740478516
19,0.9999999629413328,0.0602232595122575,99.99999258826654,-87.9553480975485,[0 0 0 0 0 0 0],[0.0000 0.0000 0.0000 0.0000 0.0000 0.0000 0.0000],0.5301116112267951,0.03057919177011925,1.0,0.0,0.016210384619271066,73.50754737854004,36.3764762878418,0.06079673767089844,1.2240409851074219,111.2058162689209
19,0.9999999629413328,0.0602232595122575,99.99999258826654,-87.9553480975485,[0 0 0 0 0 0 0],[0.0000 0.0000 0.0000 0.0000 0.0000 0.0000 0.0000],0.5301116112267951,0.03057919177011925,1.0,0.0,0.016210384619271066,83.15134048461914,34.432172775268555,0.09012222290039062,1.2094974517822266,118.93391609191895
19,0.9999999629413328,0.0602232595122575,99.99999258826654,-87.9553480975485,[0 0 0 0 0 0 0],[0.0000 0.0000 0.0000 0.0000 0.0000 0.0000 0.0000],0.5301116112267951,0.03057919177011925,1.0,0.0,0.016210384619271066,86.28225326538086,32.59086608886719,0.05364418029785156,0.8411407470703125,119.80605125427246
19,0.9999999629413328,0.0602232595122575,99.99999258826654,-87.9553480975485,[0 0 0 0 0 0 0],[0.0000 0.0000 0.0000 0.0000 0.0000 0.0000 0.0000],0.5301116112267951,0.03057919177011925,1.0,0.0,0.016210384619271066,98.01173210144043,35.74419021606445,0.05602836608886719,2.774953842163086,136.6429328918457
19,0.9999999629413328,0.0602232595122575,99.99999258826654,-87.9553480975485,[0 0 0 0 0 0 0],[0.0000 0.0000 0.0000 0.0000 0.0000 0.0000 0.0000],0.5301116112267951,0.03057919177011925,1.0,0.0,0.016210384619271066,70.07694244384766,32.946109771728516,0.07700920104980469,0.9534358978271484,104.09903526306152
19,0.9999999629413328,0.0602232595122575,99.99999258826654,-87.9553480975485,[0 0 0 0 0 0 0],[0.0000 0.0000 0.0000 0.0000 0.0000 0.0000 0.0000],0.5301116112267951,0.03057919177011925,1.0,0.0,0.016210384619271066,88.02390098571777,31.55660629272461,0.07152557373046875,1.1222362518310547,120.82791328430176
19,0.9999999629413328,0.0602232595122575,99.99999258826654,-87.9553480975485,[0 0 0 0 0 0 0],[0.0000 0.0000 0.0000 0.0000 0.0000 0.0000 0.0000],0.5301116112267951,0.03057919177011925,1.0,0.0,0.016210384619271066,78.0038833618164,30.712127685546875,0.07915496826171875,1.0390281677246094,109.87734794616699
19,0.9999999629413328,0.0602232595122575,99.99999258826654,-87.9553480975485,[0 0 0 0 0 0 0],[0.0000 0.0000 0.0000 0.0000 0.0000 0.0000 0.0000],0.5301116112267951,0.03057919177011925,1.0,0.0,0.016210384619271066,93.25480461120605,33.31327438354492,0.05793571472167969,0.7834434509277344,127.43926048278809
19,0.9999999629413328,0.0602232595122575,99.99999258826654,-87.9553480975485,[0 0 0 0 0 0 0],[0.0000 0.0000 0.0000 0.0000 0.0000 0.0000 0.0000],0.5301116112267951,0.03057919177011925,1.0,0.0,0.016210384619271066,89.42341804504395,32.93800354003906,0.04649162292480469,1.1687278747558594,123.6124038696289
19,0.9999999629413328,0.0602232595122575,99.99999258826654,-87.9553480975485,[0 0 0 0 0 0 0],[0.0000 0.0000 0.0000 0.0000 0.0000 0.0000 0.0000],0.5301116112267951,0.03057919177011925,1.0,0.0,0.016210384619271066,71.87414169311523,37.36710548400879,0.07295608520507812,0.8950233459472656,110.3057861328125
19,0.9999999629413328,0.0602232595122575,99.99999258826654,-87.9553480975485,[0 0 0 0 0 0 0],[0.0000 0.0000 0.0000 0.0000 0.0000 0.0000 0.0000],0.5301116112267951,0.03057919177011925,1.0,0.0,0.016210384619271066,75.4384994506836,34.08455848693848,0.058650970458984375,0.873565673828125,110.49461364746094
19,0.9999999629413328,0.0602232595122575,99.99999258826654,-87.9553480975485,[0 0 0 0 0 0 0],[0.0000 0.0000 0.0000 0.0000 0.0000 0.0000 0.0000],0.5301116112267951,0.03057919177011925,1.0,0.0,0.016210384619271066,78.83787155151367,39.896488189697266,0.072479248046875,1.0225772857666016,119.87066268920898
19,0.9999999629413328,0.0602232595122575,99.99999258826654,-87.9553480975485,[0 0 0 0 0 0 0],[0.0000 0.0000 0.0000 0.0000 0.0000 0.0000 0.0000],0.5301116112267951,0.03057919177011925,1.0,0.0,0.016210384619271066,67.43931770324707,31.404733657836914,0.04220008850097656,0.6873607635498047,99.64251518249512
19,0.9999999629413328,0.0602232595122575,99.99999258826654,-87.9553480975485,[0 0 0 0 0 0 0],[0.0000 0.0000 0.0000 0.0000 0.0000 0.0000 0.0000],0.5301116112267951,0.03057919177011925,1.0,0.0,0.016210384619271066,76.74980163574219,33.45131874084473,0.09274482727050781,0.6687641143798828,111.00482940673828
19,0.9999999629413328,0.0602232595122575,99.99999258826654,-87.9553480975485,[0 0 0 0 0 0 0],[0.0000 0.0000 0.0000 0.0000 0.0000 0.0000 0.0000],0.5301116112267951,0.03057919177011925,1.0,0.0,0.016210384619271066,82.20505714416504,37.31870651245117,0.04792213439941406,0.7259845733642578,120.32628059387207
19,0.9999999629413328,0.0602232595122575,99.99999258826654,-87.9553480975485,[0 0 0 0 0 0 0],[0.0000 0.0000 0.0000 0.0000 0.0000 0.0000 0.0000],0.5301116112267951,0.03057919177011925,1.0,0.0,0.016210384619271066,83.7399959564209,35.8121395111084,0.05030632019042969,0.6997585296630859,120.34153938293457
19,0.9999999629413328,0.0602232595122575,99.99999258826654,-87.9553480975485,[0 0 0 0 0 0 0],[0.0000 0.0000 0.0000 0.0000 0.0000 0.0000 0.0000],0.5301116112267951,0.03057919177011925,1.0,0.0,0.016210384619271066,68.29524040222168,31.386613845825195,0.06508827209472656,0.7855892181396484,100.56686401367188
19,0.9999999629413328,0.0602232595122575,99.99999258826654,-87.9553480975485,[0 0 0 0 0 0 0],[0.0000 0.0000 0.0000 0.0000 0.0000 0.0000 0.0000],0.5301116112267951,0.03057919177011925,1.0,0.0,0.016210384619271066,79.24962043762207,30.28416633605957,0.045299530029296875,0.6515979766845703,110.26334762573242
19,0.9999999629413328,0.0602232595122575,99.99999258826654,-87.9553480975485,[0 0 0 0 0 0 0],[0.0000 0.0000 0.0000 0.0000 0.0000 0.0000 0.0000],0.5301116112267951,0.03057919177011925,1.0,0.0,0.016210384619271066,69.84400749206543,40.00282287597656,0.07104873657226562,0.8358955383300781,110.81433296203613
19,0.9999999629413328,0.0602232595122575,99.99999258826654,-87.9553480975485,[0 0 0 0 0 0 0],[0.0000 0.0000 0.0000 0.0000 0.0000 0.0000 0.0000],0.5301116112267951,0.03057919177011925,1.0,0.0,0.016210384619271066,127.60472297668457,32.247304916381836,0.06175041198730469,0.8585453033447266,160.80808639526367
19,0.9999999629413328,0.0602232595122575,99.99999258826654,-87.9553480975485,[0 0 0 0 0 0 0],[0.0000 0.0000 0.0000 0.0000 0.0000 0.0000 0.0000],0.5301116112267951,0.03057919177011925,1.0,0.0,0.016210384619271066,82.17406272888184,37.71471977233887,0.04982948303222656,2.172708511352539,122.31230735778809
19,0.9999999629413328,0.0602232595122575,99.99999258826654,-87.9553480975485,[0 0 0 0 0 0 0],[0.0000 0.0000 0.0000 0.0000 0.0000 0.0000 0.0000],0.5301116112267951,0.03057919177011925,1.0,0.0,0.016210384619271066,111.04679107666016,37.087440490722656,0.07462501525878906,0.8904933929443359,149.13487434387207
19,0.9999999629413328,0.0602232595122575,99.99999258826654,-87.9553480975485,[0 0 0 0 0 0 0],[0.0000 0.0000 0.0000 0.0000 0.0000 0.0000 0.0000],0.5301116112267951,0.03057919177011925,1.0,0.0,0.016210384619271066,70.72162628173828,38.68985176086426,0.08058547973632812,0.9412765502929688,110.50653457641602
19,0.9999999629413328,0.0602232595122575,99.99999258826654,-87.9553480975485,[0 0 0 0 0 0 0],[0.0000 0.0000 0.0000 0.0000 0.0000 0.0000 0.0000],0.5301116112267951,0.03057919177011925,1.0,0.0,0.016210384619271066,65.63854217529297,33.64157676696777,0.07104873657226562,0.8351802825927734,100.2345085144043
19,0.9999999629413328,0.0602232595122575,99.99999258826654,-87.9553480975485,[0 0 0 0 0 0 0],[0.0000 0.0000 0.0000 0.0000 0.0000 0.0000 0.0000],0.5301116112267951,0.03057919177011925,1.0,0.0,0.016210384619271066,61.9502067565918,38.50269317626953,0.06842613220214844,0.9188652038574219,101.47261619567871
19,0.9999999629413328,0.0602232595122575,99.99999258826654,-87.9553480975485,[0 0 0 0 0 0 0],[0.0000 0.0000 0.0000 0.0000 0.0000 0.0000 0.0000],0.5301116112267951,0.03057919177011925,1.0,0.0,0.016210384619271066,88.06800842285156,40.11678695678711,0.049591064453125,0.7212162017822266,129.00352478027344
19,0.9999999629413328,0.0602232595122575,99.99999258826654,-87.9553480975485,[0 0 0 0 0 0 0],[0.0000 0.0000 0.0000 0.0000 0.0000 0.0000 0.0000],0.5301116112267951,0.03057919177011925,1.0,0.0,0.016210384619271066,70.39046287536621,39.45136070251465,0.0762939453125,0.9033679962158203,110.8558177947998
19,0.9999999629413328,0.0602232595122575,99.99999258826654,-87.9553480975485,[0 0 0 0 0 0 0],[0.0000 0.0000 0.0000 0.0000 0.0000 0.0000 0.0000],0.5301116112267951,0.03057919177011925,1.0,0.0,0.016210384619271066,91.03155136108398,38.38396072387695,0.04267692565917969,0.6763935089111328,130.16819953918457
19,0.9999999629413328,0.0602232595122575,99.99999258826654,-87.9553480975485,[0 0 0 0 0 0 0],[0.0000 0.0000 0.0000 0.0000 0.0000 0.0000 0.0000],0.5301116112267951,0.03057919177011925,1.0,0.0,0.016210384619271066,60.85705757141113,39.01267051696777,0.0667572021484375,0.8099079132080078,100.78954696655273
19,0.9999999629413328,0.0602232595122575,99.99999258826654,-87.9553480975485,[0 0 0 0 0 0 0],[0.0000 0.0000 0.0000 0.0000 0.0000 0.0000 0.0000],0.5301116112267951,0.03057919177011925,1.0,0.0,0.016210384619271066,79.87093925476074,39.48616981506348,0.043392181396484375,0.6844997406005859,120.11909484863281
19,0.9999999629413328,0.0602232595122575,99.99999258826654,-87.9553480975485,[0 0 0 0 0 0 0],[0.0000 0.0000 0.0000 0.0000 0.0000 0.0000 0.0000],0.5301116112267951,0.03057919177011925,1.0,0.0,0.016210384619271066,61.94424629211426,37.935733795166016,0.07081031799316406,0.8714199066162109,100.86250305175781
19,0.9999999629413328,0.0602232595122575,99.99999258826654,-87.9553480975485,[0 0 0 0 0 0 0],[0.0000 0.0000 0.0000 0.0000 0.0000 0.0000 0.0000],0.5301116112267951,0.03057919177011925,1.0,0.0,0.016210384619271066,78.15265655517578,31.09574317932129,0.06222724914550781,0.7803440093994141,110.1381778717041
19,0.9999999629413328,0.0602232595122575,99.99999258826654,-87.9553480975485,[0 0 0 0 0 0 0],[0.0000 0.0000 0.0000 0.0000 0.0000 0.0000 0.0000],0.5301116112267951,0.03057919177011925,1.0,0.0,0.016210384619271066,66.72954559326172,32.75609016418457,0.07295608520507812,0.7069110870361328,100.30817985534668
19,0.9999999629413328,0.0602232595122575,99.99999258826654,-87.9553480975485,[0 0 0 0 0 0 0],[0.0000 0.0000 0.0000 0.0000 0.0000 0.0000 0.0000],0.5301116112267951,0.03057919177011925,1.0,0.0,0.016210384619271066,67.08097457885742,39.89434242248535,0.08368492126464844,0.8952617645263672,108.01458358764648
19,0.9999999629413328,0.0602232595122575,99.99999258826654,-87.9553480975485,[0 0 0 0 0 0 0],[0.0000 0.0000 0.0000 0.0000 0.0000 0.0000 0.0000],0.5301116112267951,0.03057919177011925,1.0,0.0,0.016210384619271066,113.10362815856934,39.08801078796387,0.03886222839355469,0.9722709655761719,153.2425880432129
19,0.9999999629413328,0.0602232595122575,99.99999258826654,-87.9553480975485,[0 0 0 0 0 0 0],[0.0000 0.0000 0.0000 0.0000 0.0000 0.0000 0.0000],0.5301116112267951,0.03057919177011925,1.0,0.0,0.016210384619271066,61.121225357055664,38.110971450805664,0.06747245788574219,0.8225440979003906,100.1582145690918
19,0.9999999629413328,0.0602232595122575,99.99999258826654,-87.9553480975485,[0 0 0 0 0 0 0],[0.0000 0.0000 0.0000 0.0000 0.0000 0.0000 0.0000],0.5301116112267951,0.03057919177011925,1.0,0.0,0.016210384619271066,78.08828353881836,31.440019607543945,0.041961669921875,0.7824897766113281,110.39376258850098
19,0.9999999629413328,0.0602232595122575,99.99999258826654,-87.9553480975485,[0 0 0 0 0 0 0],[0.0000 0.0000 0.0000 0.0000 0.0000 0.0000 0.0000],0.5301116112267951,0.03057919177011925,1.0,0.0,0.016210384619271066,74.94902610778809,34.86895561218262,0.06794929504394531,0.7424354553222656,110.67843437194824
19,0.9999999629413328,0.0602232595122575,99.99999258826654,-87.9553480975485,[0 0 0 0 0 0 0],[0.0000 0.0000 0.0000 0.0000 0.0000 0.0000 0.0000],0.5301116112267951,0.03057919177011925,1.0,0.0,0.016210384619271066,71.74372673034668,37.64152526855469,0.056743621826171875,0.7648468017578125,110.24594306945801
19,0.9999999629413328,0.0602232595122575,99.99999258826654,-87.9553480975485,[0 0 0 0 0 0 0],[0.0000 0.0000 0.0000 0.0000 0.0000 0.0000 0.0000],0.5301116112267951,0.03057919177011925,1.0,0.0,0.016210384619271066,56.36882781982422,33.323049545288086,0.049114227294921875,0.7042884826660156,90.48104286193848
19,0.9999999629413328,0.0602232595122575,99.99999258826654,-87.9553480975485,[0 0 0 0 0 0 0],[0.0000 0.0000 0.0000 0.0000 0.0000 0.0000 0.0000],0.5301116112267951,0.03057919177011925,1.0,0.0,0.016210384619271066,76.72834396362305,32.52410888671875,0.044345855712890625,0.7572174072265625,110.09836196899414
19,0.9999999629413328,0.0602232595122575,99.99999258826654,-87.9553480975485,[0 0 0 0 0 0 0],[0.0000 0.0000 0.0000 0.0000 0.0000 0.0000 0.0000],0.5301116112267951,0.03057919177011925,1.0,0.0,0.016210384619271066,102.04124450683594,37.963151931762695,0.041484832763671875,0.701904296875,140.80071449279785
19,0.9999999629413328,0.0602232595122575,99.99999258826654,-87.9553480975485,[0 0 0 0 0 0 0],[0.0000 0.0000 0.0000 0.0000 0.0000 0.0000 0.0000],0.5301116112267951,0.03057919177011925,1.0,0.0,0.016210384619271066,63.22479248046875,36.44847869873047,0.07462501525878906,0.9105205535888672,100.69417953491211
19,0.9999999629413328,0.0602232595122575,99.99999258826654,-87.9553480975485,[0 0 0 0 0 0 0],[0.0000 0.0000 0.0000 0.0000 0.0000 0.0000 0.0000],0.5301116112267951,0.03057919177011925,1.0,0.0,0.016210384619271066,68.93491744995117,40.281057357788086,0.06198883056640625,0.7297992706298828,110.05067825317383
19,0.9999999629413328,0.0602232595122575,99.99999258826654,-87.9553480975485,[0 0 0 0 0 0 0],[0.0000 0.0000 0.0000 0.0000 0.0000 0.0000 0.0000],0.5301116112267951,0.03057919177011925,1.0,0.0,0.016210384619271066,101.86171531677246,38.13624382019043,0.06628036499023438,0.8699893951416016,140.9759521484375
19,0.9999999629413328,0.0602232595122575,99.99999258826654,-87.9553480975485,[0 0 0 0 0 0 0],[0.0000 0.0000 0.0000 0.0000 0.0000 0.0000 0.0000],0.5301116112267951,0.03057919177011925,1.0,0.0,0.016210384619271066,71.71893119812012,37.60385513305664,0.047206878662109375,0.7262229919433594,110.1231575012207
19,0.9999999629413328,0.0602232595122575,99.99999258826654,-87.9553480975485,[0 0 0 0 0 0 0],[0.0000 0.0000 0.0000 0.0000 0.0000 0.0000 0.0000],0.5301116112267951,0.03057919177011925,1.0,0.0,0.016210384619271066,57.64031410217285,31.850337982177734,0.06103515625,0.7112026214599609,90.3024673461914
19,0.9999999629413328,0.0602232595122575,99.99999258826654,-87.9553480975485,[0 0 0 0 0 0 0],[0.0000 0.0000 0.0000 0.0000 0.0000 0.0000 0.0000],0.5301116112267951,0.03057919177011925,1.0,0.0,0.016210384619271066,63.060760498046875,36.56268119812012,0.056743621826171875,0.6554126739501953,100.36635398864746
19,0.9999999629413328,0.0602232595122575,99.99999258826654,-87.9553480975485,[0 0 0 0 0 0 0],[0.0000 0.0000 0.0000 0.0000 0.0000 0.0000 0.0000],0.5301116112267951,0.03057919177011925,1.0,0.0,0.016210384619271066,64.99791145324707,34.58046913146973,0.06103515625,0.7078647613525391,100.3875732421875
19,0.9999999629413328,0.0602232595122575,99.99999258826654,-87.9553480975485,[0 0 0 0 0 0 0],[0.0000 0.0000 0.0000 0.0000 0.0000 0.0000 0.0000],0.5301116112267951,0.03057919177011925,1.0,0.0,0.016210384619271066,59.78798866271973,39.84236717224121,0.050067901611328125,0.7328987121582031,100.43907165527344
19,0.9999999629413328,0.0602232595122575,99.99999258826654,-87.9553480975485,[0 0 0 0 0 0 0],[0.0000 0.0000 0.0000 0.0000 0.0000 0.0000 0.0000],0.5301116112267951,0.03057919177011925,1.0,0.0,0.016210384619271066,44.50345039367676,35.13216972351074,0.08869171142578125,0.9927749633789062,80.76906204223633
19,0.9999999629413328,0.0602232595122575,99.99999258826654,-87.9553480975485,[0 0 0 0 0 0 0],[0.0000 0.0000 0.0000 0.0000 0.0000 0.0000 0.0000],0.5301116112267951,0.03057919177011925,1.0,0.0,0.016210384619271066,63.89474868774414,47.438621520996094,0.038623809814453125,0.6194114685058594,112.03575134277344
19,0.9999999629413328,0.0602232595122575,99.99999258826654,-87.9553480975485,[0 0 0 0 0 0 0],[0.0000 0.0000 0.0000 0.0000 0.0000 0.0000 0.0000],0.5301116112267951,0.03057919177011925,1.0,0.0,0.016210384619271066,104.40731048583984,32.98830986022949,0.042438507080078125,1.1887550354003906,138.66257667541504
19,0.9999999629413328,0.0602232595122575,99.99999258826654,-87.9553480975485,[0 0 0 0 0 0 0],[0.0000 0.0000 0.0000 0.0000 0.0000 0.0000 0.0000],0.5301116112267951,0.03057919177011925,1.0,0.0,0.016210384619271066,106.0175895690918,33.643484115600586,0.07796287536621094,1.0743141174316406,140.85745811462402
19,0.9999999629413328,0.0602232595122575,99.99999258826654,-87.9553480975485,[0 0 0 0 0 0 0],[0.0000 0.0000 0.0000 0.0000 0.0000 0.0000 0.0000],0.5301116112267951,0.03057919177011925,1.0,0.0,0.016210384619271066,77.34823226928711,32.25421905517578,0.038623809814453125,0.7913112640380859,110.4741096496582
19,0.9999999629413328,0.0602232595122575,99.99999258826654,-87.9553480975485,[0 0 0 0 0 0 0],[0.0000 0.0000 0.0000 0.0000 0.0000 0.0000 0.0000],0.5301116112267951,0.03057919177011925,1.0,0.0,0.016210384619271066,72.76487350463867,35.18176078796387,0.060558319091796875,0.5638599395751953,108.62302780151367
19,0.9999999629413328,0.0602232595122575,99.99999258826654,-87.9553480975485,[0 0 0 0 0 0 0],[0.0000 0.0000 0.0000 0.0000 0.0000 0.0000 0.0000],0.5301116112267951,0.03057919177011925,1.0,0.0,0.016210384619271066,70.24550437927246,39.54458236694336,0.03790855407714844,0.5557537078857422,110.41760444641113
19,0.9999999629413328,0.0602232595122575,99.99999258826654,-87.9553480975485,[0 0 0 0 0 0 0],[0.0000 0.0000 0.0000 0.0000 0.0000 0.0000 0.0000],0.5301116112267951,0.03057919177011925,1.0,0.0,0.016210384619271066,56.93244934082031,32.88531303405762,0.06127357482910156,0.7083415985107422,90.62695503234863
19,0.9999999629413328,0.0602232595122575,99.99999258826654,-87.9553480975485,[0 0 0 0 0 0 0],[0.0000 0.0000 0.0000 0.0000 0.0000 0.0000 0.0000],0.5301116112267951,0.03057919177011925,1.0,0.0,0.016210384619271066,71.19250297546387,38.550376892089844,0.052928924560546875,0.6327629089355469,110.45455932617188
19,0.9999999629413328,0.0602232595122575,99.99999258826654,-87.9553480975485,[0 0 0 0 0 0 0],[0.0000 0.0000 0.0000 0.0000 0.0000 0.0000 0.0000],0.5301116112267951,0.03057919177011925,1.0,0.0,0.016210384619271066,120.39494514465332,39.76249694824219,0.040531158447265625,1.0869503021240234,161.31591796875
19,0.9999999629413328,0.0602232595122575,99.99999258826654,-87.9553480975485,[0 0 0 0 0 0 0],[0.0000 0.0000 0.0000 0.0000 0.0000 0.0000 0.0000],0.5301116112267951,0.03057919177011925,1.0,0.0,0.016210384619271066,50.47106742858887,38.252830505371094,0.07128715515136719,0.7855892181396484,89.6146297454834
19,0.9999999629413328,0.0602232595122575,99.99999258826654,-87.9553480975485,[0 0 0 0 0 0 0],[0.0000 0.0000 0.0000 0.0000 0.0000 0.0000 0.0000],0.5301116112267951,0.03057919177011925,1.0,0.0,0.016210384619271066,65.76371192932129,33.585309982299805,0.059604644775390625,0.7827281951904297,100.23188591003418
19,0.9999999629413328,0.0602232595122575,99.99999258826654,-87.9553480975485,[0 0 0 0 0 0 0],[0.0000 0.0000 0.0000 0.0000 0.0000 0.0000 0.0000],0.5301116112267951,0.03057919177011925,1.0,0.0,0.016210384619271066,56.824445724487305,32.95755386352539,0.07748603820800781,0.9267330169677734,90.8212661743164
19,0.9999999629413328,0.0602232595122575,99.99999258826654,-87.9553480975485,[0 0 0 0 0 0 0],[0.0000 0.0000 0.0000 0.0000 0.0000 0.0000 0.0000],0.5301116112267951,0.03057919177011925,1.0,0.0,0.016210384619271066,71.03276252746582,37.75668144226074,0.05030632019042969,0.8375644683837891,109.71474647521973
19,0.9999999629413328,0.0602232595122575,99.99999258826654,-87.9553480975485,[0 0 0 0 0 0 0],[0.0000 0.0000 0.0000 0.0000 0.0000 0.0000 0.0000],0.5301116112267951,0.03057919177011925,1.0,0.0,0.016210384619271066,91.9795036315918,37.73641586303711,0.06842613220214844,0.7815361022949219,130.60665130615234
19,0.9999999629413328,0.0602232595122575,99.99999258826654,-87.9553480975485,[0 0 0 0 0 0 0],[0.0000 0.0000 0.0000 0.0000 0.0000 0.0000 0.0000],0.5301116112267951,0.03057919177011925,1.0,0.0,0.016210384619271066,73.0142593383789,36.4222526550293,0.03790855407714844,0.6403923034667969,110.14318466186523
19,0.9999999629413328,0.0602232595122575,99.99999258826654,-87.9553480975485,[0 0 0 0 0 0 0],[0.0000 0.0000 0.0000 0.0000 0.0000 0.0000 0.0000],0.5301116112267951,0.03057919177011925,1.0,0.0,0.016210384619271066,53.7259578704834,36.04888916015625,0.064849853515625,0.766754150390625,90.65604209899902
19,0.9999999629413328,0.0602232595122575,99.99999258826654,-87.9553480975485,[0 0 0 0 0 0 0],[0.0000 0.0000 0.0000 0.0000 0.0000 0.0000 0.0000],0.5301116112267951,0.03057919177011925,1.0,0.0,0.016210384619271066,69.46063041687012,40.015459060668945,0.03790855407714844,0.6744861602783203,110.21614074707031
19,0.9999999629413328,0.0602232595122575,99.99999258826654,-87.9553480975485,[0 0 0 0 0 0 0],[0.0000 0.0000 0.0000 0.0000 0.0000 0.0000 0.0000],0.5301116112267951,0.03057919177011925,1.0,0.0,0.016210384619271066,115.00430107116699,35.87746620178223,0.048160552978515625,0.7984638214111328,151.76725387573242
19,0.9999999629413328,0.0602232595122575,99.99999258826654,-87.9553480975485,[0 0 0 0 0 0 0],[0.0000 0.0000 0.0000 0.0000 0.0000 0.0000 0.0000],0.5301116112267951,0.03057919177011925,1.0,0.0,0.016210384619271066,59.938907623291016,38.86842727661133,0.044345855712890625,0.8213520050048828,99.70521926879883
19,0.9999999629413328,0.0602232595122575,99.99999258826654,-87.9553480975485,[0 0 0 0 0 0 0],[0.0000 0.0000 0.0000 0.0000 0.0000 0.0000 0.0000],0.5301116112267951,0.03057919177011925,1.0,0.0,0.016210384619271066,105.1325798034668,34.78741645812988,0.041484832763671875,0.6759166717529297,140.66791534423828
19,0.9999999629413328,0.0602232595122575,99.99999258826654,-87.9553480975485,[0 0 0 0 0 0 0],[0.0000 0.0000 0.0000 0.0000 0.0000 0.0000 0.0000],0.5301116112267951,0.03057919177011925,1.0,0.0,0.016210384619271066,56.751251220703125,32.8216552734375,0.08654594421386719,0.9677410125732422,90.6975269317627
19,0.9999999629413328,0.0602232595122575,99.99999258826654,-87.9553480975485,[0 0 0 0 0 0 0],[0.0000 0.0000 0.0000 0.0000 0.0000 0.0000 0.0000],0.5301116112267951,0.03057919177011925,1.0,0.0,0.016210384619271066,72.31855392456055,36.728620529174805,0.038623809814453125,0.5576610565185547,109.75170135498047
19,0.9999999629413328,0.0602232595122575,99.99999258826654,-87.9553480975485,[0 0 0 0 0 0 0],[0.0000 0.0000 0.0000 0.0000 0.0000 0.0000 0.0000],0.5301116112267951,0.03057919177011925,1.0,0.0,0.016210384619271066,59.78965759277344,40.05289077758789,0.07414817810058594,0.7345676422119141,100.69060325622559
19,0.9999999629413328,0.0602232595122575,99.99999258826654,-87.9553480975485,[0 0 0 0 0 0 0],[0.0000 0.0000 0.0000 0.0000 0.0000 0.0000 0.0000],0.5301116112267951,0.03057919177011925,1.0,0.0,0.016210384619271066,58.52842330932617,30.81035614013672,0.06270408630371094,1.2388229370117188,90.68465232849121
19,0.9999999629413328,0.0602232595122575,99.99999258826654,-87.9553480975485,[0 0 0 0 0 0 0],[0.0000 0.0000 0.0000 0.0000 0.0000 0.0000 0.0000],0.5301116112267951,0.03057919177011925,1.0,0.0,0.016210384619271066,60.79864501953125,37.101030349731445,0.07534027099609375,0.8347034454345703,98.84452819824219
19,0.9999999629413328,0.0602232595122575,99.99999258826654,-87.9553480975485,[0 0 0 0 0 0 0],[0.0000 0.0000 0.0000 0.0000 0.0000 0.0000 0.0000],0.5301116112267951,0.03057919177011925,1.0,0.0,0.016210384619271066,79.47087287902832,40.34996032714844,0.07843971252441406,1.2710094451904297,121.21057510375977
19,0.9999999629413328,0.0602232595122575,99.99999258826654,-87.9553480975485,[0 0 0 0 0 0 0],[0.0000 0.0000 0.0000 0.0000 0.0000 0.0000 0.0000],0.5301116112267951,0.03057919177011925,1.0,0.0,0.016210384619271066,111.83786392211914,36.55505180358887,0.03886222839355469,0.6134510040283203,149.0781307220459
19,0.9999999629413328,0.0602232595122575,99.99999258826654,-87.9553480975485,[0 0 0 0 0 0 0],[0.0000 0.0000 0.0000 0.0000 0.0000 0.0000 0.0000],0.5301116112267951,0.03057919177011925,1.0,0.0,0.016210384619271066,63.70663642883301,36.33522987365723,0.06747245788574219,0.9143352508544922,101.0580062866211
19,0.9999999629413328,0.0602232595122575,99.99999258826654,-87.9553480975485,[0 0 0 0 0 0 0],[0.0000 0.0000 0.0000 0.0000 0.0000 0.0000 0.0000],0.5301116112267951,0.03057919177011925,1.0,0.0,0.016210384619271066,108.8094711303711,30.597448348999023,0.05984306335449219,0.7464885711669922,140.244722366333
19,0.9999999629413328,0.0602232595122575,99.99999258826654,-87.9553480975485,[0 0 0 0 0 0 0],[0.0000 0.0000 0.0000 0.0000 0.0000 0.0000 0.0000],0.5301116112267951,0.03057919177011925,1.0,0.0,0.016210384619271066,52.92940139770508,36.53097152709961,0.04792213439941406,0.9508132934570312,90.49224853515625
19,0.9999999629413328,0.0602232595122575,99.99999258826654,-87.9553480975485,[0 0 0 0 0 0 0],[0.0000 0.0000 0.0000 0.0000 0.0000 0.0000 0.0000],0.5301116112267951,0.03057919177011925,1.0,0.0,0.016210384619271066,76.44081115722656,32.91177749633789,0.05221366882324219,0.8440017700195312,110.28599739074707
19,0.9999999629413328,0.0602232595122575,99.99999258826654,-87.9553480975485,[0 0 0 0 0 0 0],[0.0000 0.0000 0.0000 0.0000 0.0000 0.0000 0.0000],0.5301116112267951,0.03057919177011925,1.0,0.0,0.016210384619271066,63.64583969116211,35.66551208496094,0.05793571472167969,0.6859302520751953,100.10743141174316
19,0.9999999629413328,0.0602232595122575,99.99999258826654,-87.9553480975485,[0 0 0 0 0 0 0],[0.0000 0.0000 0.0000 0.0000 0.0000 0.0000 0.0000],0.5301116112267951,0.03057919177011925,1.0,0.0,0.016210384619271066,63.65180015563965,36.138057708740234,0.034332275390625,0.7770061492919922,100.64506530761719
19,0.9999999629413328,0.0602232595122575,99.99999258826654,-87.9553480975485,[0 0 0 0 0 0 0],[0.0000 0.0000 0.0000 0.0000 0.0000 0.0000 0.0000],0.5301116112267951,0.03057919177011925,1.0,0.0,0.016210384619271066,71.83361053466797,37.877559661865234,0.06127357482910156,0.7467269897460938,110.55874824523926
19,0.9999999629413328,0.0602232595122575,99.99999258826654,-87.9553480975485,[0 0 0 0 0 0 0],[0.0000 0.0000 0.0000 0.0000 0.0000 0.0000 0.0000],0.5301116112267951,0.03057919177011925,1.0,0.0,0.016210384619271066,58.48884582519531,30.8990478515625,0.037670135498046875,0.6241798400878906,90.07763862609863
19,0.9999999629413328,0.0602232595122575,99.99999258826654,-87.9553480975485,[0 0 0 0 0 0 0],[0.0000 0.0000 0.0000 0.0000 0.0000 0.0000 0.0000],0.5301116112267951,0.03057919177011925,1.0,0.0,0.016210384619271066,57.38639831542969,32.54556655883789,0.08249282836914062,0.9047985076904297,90.95883369445801
19,0.9999999629413328,0.0602232595122575,99.99999258826654,-87.9553480975485,[0 0 0 0 0 0 0],[0.0000 0.0000 0.0000 0.0000 0.0000 0.0000 0.0000],0.5301116112267951,0.03057919177011925,1.0,0.0,0.016210384619271066,78.99332046508789,40.30156135559082,0.0362396240234375,0.6914138793945312,120.06187438964844
19,0.9999999629413328,0.0602232595122575,99.99999258826654,-87.9553480975485,[0 0 0 0 0 0 0],[0.0000 0.0000 0.0000 0.0000 0.0000 0.0000 0.0000],0.5301116112267951,0.03057919177011925,1.0,0.0,0.016210384619271066,78.90200614929199,30.755281448364258,0.03981590270996094,0.6315708160400391,110.40091514587402
19,0.9999999629413328,0.0602232595122575,99.99999258826654,-87.9553480975485,[0 0 0 0 0 0 0],[0.0000 0.0000 0.0000 0.0000 0.0000 0.0000 0.0000],0.5301116112267951,0.03057919177011925,1.0,0.0,0.016210384619271066,59.9513053894043,39.95013236999512,0.04839897155761719,0.8087158203125,100.81601142883301
19,0.9999999629413328,0.0602232595122575,99.99999258826654,-87.9553480975485,[0 0 0 0 0 0 0],[0.0000 0.0000 0.0000 0.0000 0.0000 0.0000 0.0000],0.5301116112267951,0.03057919177011925,1.0,0.0,0.016210384619271066,108.63900184631348,31.232833862304688,0.038623809814453125,0.728607177734375,140.66457748413086
19,0.9999999629413328,0.0602232595122575,99.99999258826654,-87.9553480975485,[0 0 0 0 0 0 0],[0.0000 0.0000 0.0000 0.0000 0.0000 0.0000 0.0000],0.5301116112267951,0.03057919177011925,1.0,0.0,0.016210384619271066,54.84485626220703,34.584999084472656,0.0400543212890625,0.7271766662597656,90.23213386535645
19,0.9999999629413328,0.0602232595122575,99.99999258826654,-87.9553480975485,[0 0 0 0 0 0 0],[0.0000 0.0000 0.0000 0.0000 0.0000 0.0000 0.0000],0.5301116112267951,0.03057919177011925,1.0,0.0,0.016210384619271066,114.99571800231934,35.13765335083008,0.03814697265625,0.6806850433349609,150.8798599243164
19,0.9999999629413328,0.0602232595122575,99.99999258826654,-87.9553480975485,[0 0 0 0 0 0 0],[0.0000 0.0000 0.0000 0.0000 0.0000 0.0000 0.0000],0.5301116112267951,0.03057919177011925,1.0,0.0,0.016210384619271066,52.76632308959961,36.98372840881348,0.06771087646484375,0.782012939453125,90.64173698425293
19,0.9999999629413328,0.0602232595122575,99.99999258826654,-87.9553480975485,[0 0 0 0 0 0 0],[0.0000 0.0000 0.0000 0.0000 0.0000 0.0000 0.0000],0.5301116112267951,0.03057919177011925,1.0,0.0,0.016210384619271066,68.44329833984375,30.9445858001709,0.03409385681152344,0.5404949188232422,99.98798370361328
19,0.9999999629413328,0.0602232595122575,99.99999258826654,-87.9553480975485,[0 0 0 0 0 0 0],[0.0000 0.0000 0.0000 0.0000 0.0000 0.0000 0.0000],0.5301116112267951,0.03057919177011925,1.0,0.0,0.016210384619271066,53.36403846740723,36.582231521606445,0.0667572021484375,0.7977485656738281,90.84033966064453
19,0.9999999629413328,0.0602232595122575,99.99999258826654,-87.9553480975485,[0 0 0 0 0 0 0],[0.0000 0.0000 0.0000 0.0000 0.0000 0.0000 0.0000],0.5301116112267951,0.03057919177011925,1.0,0.0,0.016210384619271066,62.72006034851074,28.61166000366211,0.03719329833984375,0.6525516510009766,92.05198287963867
19,0.9999999629413328,0.0602232595122575,99.99999258826654,-87.9553480975485,[0 0 0 0 0 0 0],[0.0000 0.0000 0.0000 0.0000 0.0000 0.0000 0.0000],0.5301116112267951,0.03057919177011925,1.0,0.0,0.016210384619271066,60.478925704956055,37.1248722076416,0.07724761962890625,0.8096694946289062,98.52385520935059
19,0.9999999629413328,0.0602232595122575,99.99999258826654,-87.9553480975485,[0 0 0 0 0 0 0],[0.0000 0.0000 0.0000 0.0000 0.0000 0.0000 0.0000],0.5301116112267951,0.03057919177011925,1.0,0.0,0.016210384619271066,69.77176666259766,39.652347564697266,0.051975250244140625,0.7340908050537109,110.26263236999512
19,0.9999999629413328,0.0602232595122575,99.99999258826654,-87.9553480975485,[0 0 0 0 0 0 0],[0.0000 0.0000 0.0000 0.0000 0.0000 0.0000 0.0000],0.5301116112267951,0.03057919177011925,1.0,0.0,0.016210384619271066,49.87359046936035,39.66164588928223,0.046253204345703125,0.9145736694335938,90.53254127502441
19,0.9999999629413328,0.0602232595122575,99.99999258826654,-87.9553480975485,[0 0 0 0 0 0 0],[0.0000 0.0000 0.0000 0.0000 0.0000 0.0000 0.0000],0.5301116112267951,0.03057919177011925,1.0,0.0,0.016210384619271066,77.27789878845215,32.135963439941406,0.03457069396972656,0.8018016815185547,110.28337478637695
19,0.9999999629413328,0.0602232595122575,99.99999258826654,-87.9553480975485,[0 0 0 0 0 0 0],[0.0000 0.0000 0.0000 0.0000 0.0000 0.0000 0.0000],0.5301116112267951,0.03057919177011925,1.0,0.0,0.016210384619271066,57.13796615600586,32.50288963317871,0.06580352783203125,0.8318424224853516,90.57164192199707
19,0.9999999629413328,0.0602232595122575,99.99999258826654,-87.9553480975485,[0 0 0 0 0 0 0],[0.0000 0.0000 0.0000 0.0000 0.0000 0.0000 0.0000],0.5301116112267951,0.03057919177011925,1.0,0.0,0.016210384619271066,85.38532257080078,34.163475036621094,0.04124641418457031,0.5457401275634766,120.16606330871582
19,0.9999999629413328,0.0602232595122575,99.99999258826654,-87.9553480975485,[0 0 0 0 0 0 0],[0.0000 0.0000 0.0000 0.0000 0.0000 0.0000 0.0000],0.5301116112267951,0.03057919177011925,1.0,0.0,0.016210384619271066,64.22948837280273,35.6600284576416,0.06318092346191406,0.7424354553222656,100.73423385620117
