35,0.9999999999986993,0.999999990039307,99.99999999973986,99.9999980078614,[0 0 0 0 0 0 0],[0.0000 0.0000 0.0000 0.0000 0.0000 0.0000 0.0000],0.999999995019003,0.9999002032449661,1.0,0.0,0.9999001982644662,97.0010757446289,35.06588935852051,0.06437301635742188,0.7710456848144531,132.94434547424316
35,0.9999999999986993,0.999999990039307,99.99999999973986,99.9999980078614,[0 0 0 0 0 0 0],[0.0000 0.0000 0.0000 0.0000 0.0000 0.0000 0.0000],0.999999995019003,0.9999002032449661,1.0,0.0,0.9999001982644662,81.16555213928223,38.57254981994629,0.03647804260253906,0.6861686706542969,120.49198150634766
35,0.9999999999986993,0.999999990039307,99.99999999973986,99.9999980078614,[0 0 0 0 0 0 0],[0.0000 0.0000 0.0000 0.0000 0.0000 0.0000 0.0000],0.999999995019003,0.9999002032449661,1.0,0.0,0.9999001982644662,57.91211128234863,31.51679039001465,0.04839897155761719,0.7576942443847656,90.29626846313477
35,0.9999999999986993,0.999999990039307,99.99999999973986,99.9999980078614,[0 0 0 0 0 0 0],[0.0000 0.0000 0.0000 0.0000 0.0000 0.0000 0.0000],0.999999995019003,0.9999002032449661,1.0,0.0,0.9999001982644662,64.43119049072266,35.126447677612305,0.03814697265625,0.7693767547607422,100.41403770446777
35,0.9999999999986993,0.999999990039307,99.99999999973986,99.9999980078614,[0 0 0 0 0 0 0],[0.0000 0.0000 0.0000 0.0000 0.0000 0.0000 0.0000],0.999999995019003,0.9999002032449661,1.0,0.0,0.9999001982644662,113.6012077331543,36.458492279052734,0.03504753112792969,0.7047653198242188,150.8350372314453
35,0.9999999999986993,0.999999990039307,99.99999999973986,99.9999980078614,[0 0 0 0 0 0 0],[0.0000 0.0000 0.0000 0.0000 0.0000 0.0000 0.0000],0.999999995019003,0.9999002032449661,1.0,0.0,0.9999001982644662,63.57407569885254,37.37282752990723,0.05412101745605469,0.7557868957519531,101.83429718017578
35,0.9999999999986993,0.999999990039307,99.99999999973986,99.9999980078614,[0 0 0 0 0 0 0],[0.0000 0.0000 0.0000 0.0000 0.0000 0.0000 0.0000],0.999999995019003,0.9999002032449661,1.0,0.0,0.9999001982644662,59.83090400695801,38.65194320678711,0.1366138458251953,1.6782283782958984,100.33297538757324
35,0.9999999999986993,0.999999990039307,99.99999999973986,99.9999980078614,[0 0 0 0 0 0 0],[0.0000 0.0000 0.0000 0.0000 0.0000 0.0000 0.0000],0.999999995019003,0.9999002032449661,1.0,0.0,0.9999001982644662,86.7912769317627,31.5396785736084,0.04935264587402344,0.7128715515136719,119.13180351257324
35,0.9999999999986993,0.999999990039307,99.99999999973986,99.9999980078614,[0 0 0 0 0 0 0],[0.0000 0.0000 0.0000 0.0000 0.0000 0.0000 0.0000],0.999999995019003,0.9999002032449661,1.0,0.0,0.9999001982644662,78.12023162841797,31.381845474243164,0.041484832763671875,0.7107257843017578,110.31365394592285
35,0.9999999999986993,0.999999990039307,99.99999999973986,99.9999980078614,[0 0 0 0 0 0 0],[0.0000 0.0000 0.0000 0.0000 0.0000 0.0000 0.0000],0.999999995019003,0.9999002032449661,1.0,0.0,0.9999001982644662,53.6198616027832,36.09514236450195,0.05221366882324219,0.7414817810058594,90.54803848266602
35,0.9999999999986993,0.999999990039307,99.99999999973986,99.9999980078614,[0 0 0 0 0 0 0],[0.0000 0.0000 0.0000 0.0000 0.0000 0.0000 0.0000],0.999999995019003,0.9999002032449661,1.0,0.0,0.9999001982644662,74.58662986755371,35.208940505981445,0.054836273193359375,0.6666183471679688,110.54301261901855
35,0.9999999999986993,0.999999990039307,99.99999999973986,99.9999980078614,[0 0 0 0 0 0 0],[0.0000 0.0000 0.0000 0.0000 0.0000 0.0000 0.0000],0.999999995019003,0.9999002032449661,1.0,0.0,0.9999001982644662,95.17049789428711,34.53993797302246,0.05793571472167969,0.6573200225830078,130.46765327453613
35,0.9999999999986993,0.999999990039307,99.99999999973986,99.9999980078614,[0 0 0 0 0 0 0],[0.0000 0.0000 0.0000 0.0000 0.0000 0.0000 0.0000],0.999999995019003,0.9999002032449661,1.0,0.0,0.9999001982644662,70.03140449523926,39.75033760070801,0.04839897155761719,0.8087158203125,110.67938804626465
35,0.9999999999986993,0.999999990039307,99.99999999973986,99.9999980078614,[0 0 0 0 0 0 0],[0.0000 0.0000 0.0000 0.0000 0.0000 0.0000 0.0000],0.999999995019003,0.9999002032449661,1.0,0.0,0.9999001982644662,111.09423637390137,38.71273994445801,0.030755996704101562,0.6728172302246094,150.5427360534668
35,0.9999999999986993,0.999999990039307,99.99999999973986,99.9999980078614,[0 0 0 0 0 0 0],[0.0000 0.0000 0.0000 0.0000 0.0000 0.0000 0.0000],0.999999995019003,0.9999002032449661,1.0,0.0,0.9999001982644662,56.5185546875,36.82565689086914,0.08034706115722656,0.8869171142578125,94.34342384338379
35,0.9999999999986993,0.999999990039307,99.99999999973986,99.9999980078614,[0 0 0 0 0 0 0],[0.0000 0.0000 0.0000 0.0000 0.0000 0.0000 0.0000],0.999999995019003,0.9999002032449661,1.0,0.0,0.9999001982644662,65.34528732299805,40.42482376098633,0.028371810913085938,0.60272216796875,106.45675659179688
35,0.9999999999986993,0.999999990039307,99.99999999973986,99.9999980078614,[0 0 0 0 0 0 0],[0.0000 0.0000 0.0000 0.0000 0.0000 0.0000 0.0000],0.999999995019003,0.9999002032449661,1.0,0.0,0.9999001982644662,57.604312896728516,32.20367431640625,0.04029273986816406,0.7383823394775391,90.62790870666504
35,0.9999999999986993,0.999999990039307,99.99999999973986,99.9999980078614,[0 0 0 0 0 0 0],[0.0000 0.0000 0.0000 0.0000 0.0000 0.0000 0.0000],0.999999995019003,0.9999002032449661,1.0,0.0,0.9999001982644662,71.81382179260254,37.78982162475586,0.02956390380859375,0.6163120269775391,110.28885841369629
35,0.9999999999986993,0.999999990039307,99.99999999973986,99.9999980078614,[0 0 0 0 0 0 0],[0.0000 0.0000 0.0000 0.0000 0.0000 0.0000 0.0000],0.999999995019003,0.9999002032449661,1.0,0.0,0.9999001982644662,58.37512016296387,31.294584274291992,0.05245208740234375,0.8795261383056641,90.64030647277832
35,0.9999999999986993,0.999999990039307,99.99999999973986,99.9999980078614,[0 0 0 0 0 0 0],[0.0000 0.0000 0.0000 0.0000 0.0000 0.0000 0.0000],0.999999995019003,0.9999002032449661,1.0,0.0,0.9999001982644662,96.8942642211914,32.678842544555664,0.034332275390625,0.7588863372802734,130.42092323303223
35,0.9999999999986993,0.999999990039307,99.99999999973986,99.9999980078614,[0 0 0 0 0 0 0],[0.0000 0.0000 0.0000 0.0000 0.0000 0.0000 0.0000],0.999999995019003,0.9999002032449661,1.0,0.0,0.9999001982644662,52.49929428100586,36.98587417602539,0.04863739013671875,0.698089599609375,90.27266502380371
35,0.9999999999986993,0.999999990039307,99.99999999973986,99.9999980078614,[0 0 0 0 0 0 0],[0.0000 0.0000 0.0000 0.0000 0.0000 0.0000 0.0000],0.999999995019003,0.9999002032449661,1.0,0.0,0.9999001982644662,71.38848304748535,38.2838249206543,0.03790855407714844,0.8618831634521484,110.60738563537598
35,0.9999999999986993,0.999999990039307,99.99999999973986,99.9999980078614,[0 0 0 0 0 0 0],[0.0000 0.0000 0.0000 0.0000 0.0000 0.0000 0.0000],0.999999995019003,0.9999002032449661,1.0,0.0,0.9999001982644662,52.196502685546875,37.169456481933594,0.04982948303222656,0.6961822509765625,90.15297889709473
35,0.9999999999986993,0.999999990039307,99.99999999973986,99.9999980078614,[0 0 0 0 0 0 0],[0.0000 0.0000 0.0000 0.0000 0.0000 0.0000 0.0000],0.999999995019003,0.9999002032449661,1.0,0.0,0.9999001982644662,73.48346710205078,36.18311882019043,0.03910064697265625,0.8406639099121094,110.59331893920898
35,0.9999999999986993,0.999999990039307,99.99999999973986,99.9999980078614,[0 0 0 0 0 0 0],[0.0000 0.0000 0.0000 0.0000 0.0000 0.0000 0.0000],0.999999995019003,0.9999002032449661,1.0,0.0,0.9999001982644662,56.441307067871094,33.03718566894531,0.07152557373046875,0.9238719940185547,90.5294418334961
35,0.9999999999986993,0.999999990039307,99.99999999973986,99.9999980078614,[0 0 0 0 0 0 0],[0.0000 0.0000 0.0000 0.0000 0.0000 0.0000 0.0000],0.999999995019003,0.9999002032449661,1.0,0.0,0.9999001982644662,55.37748336791992,33.58101844787598,0.030279159545898438,0.6384849548339844,89.65754508972168
35,0.9999999999986993,0.999999990039307,99.99999999973986,99.9999980078614,[0 0 0 0 0 0 0],[0.0000 0.0000 0.0000 0.0000 0.0000 0.0000 0.0000],0.999999995019003,0.9999002032449661,1.0,0.0,0.9999001982644662,67.46077537536621,32.51314163208008,0.0514984130859375,0.6632804870605469,100.72755813598633
35,0.9999999999986993,0.999999990039307,99.99999999973986,99.9999980078614,[0 0 0 0 0 0 0],[0.0000 0.0000 0.0000 0.0000 0.0000 0.0000 0.0000],0.999999995019003,0.9999002032449661,1.0,0.0,0.9999001982644662,65.65499305725098,33.86688232421875,0.06413459777832031,0.7498264312744141,100.36683082580566
35,0.9999999999986993,0.999999990039307,99.99999999973986,99.9999980078614,[0 0 0 0 0 0 0],[0.0000 0.0000 0.0000 0.0000 0.0000 0.0000 0.0000],0.999999995019003,0.9999002032449661,1.0,0.0,0.9999001982644662,50.806283950805664,38.732290267944336,0.0762939453125,0.9579658508300781,90.60311317443848
35,0.9999999999986993,0.999999990039307,99.99999999973986,99.9999980078614,[0 0 0 0 0 0 0],[0.0000 0.0000 0.0000 0.0000 0.0000 0.0000 0.0000],0.999999995019003,0.9999002032449661,1.0,0.0,0.9999001982644662,71.66481018066406,37.55593299865723,0.02956390380859375,0.6184577941894531,109.89689826965332
35,0.9999999999986993,0.999999990039307,99.99999999973986,99.9999980078614,[0 0 0 0 0 0 0],[0.0000 0.0000 0.0000 0.0000 0.0000 0.0000 0.0000],0.999999995019003,0.9999002032449661,1.0,0.0,0.9999001982644662,51.64313316345215,38.439273834228516,0.07152557373046875,0.9338855743408203,91.12954139709473
35,0.9999999999986993,0.999999990039307,99.99999999973986,99.9999980078614,[0 0 0 0 0 0 0],[0.0000 0.0000 0.0000 0.0000 0.0000 0.0000 0.0000],0.999999995019003,0.9999002032449661,1.0,0.0,0.9999001982644662,68.14813613891602,30.718326568603516,0.030040740966796875,0.6682872772216797,99.59816932678223
35,0.9999999999986993,0.999999990039307,99.99999999973986,99.9999980078614,[0 0 0 0 0 0 0],[0.0000 0.0000 0.0000 0.0000 0.0000 0.0000 0.0000],0.999999995019003,0.9999002032449661,1.0,0.0,0.9999001982644662,53.50995063781738,36.39531135559082,0.08034706115722656,0.9889602661132812,91.00675582885742
35,0.9999999999986993,0.999999990039307,99.99999999973986,99.9999980078614,[0 0 0 0 0 0 0],[0.0000 0.0000 0.0000 0.0000 0.0000 0.0000 0.0000],0.999999995019003,0.9999002032449661,1.0,0.0,0.9999001982644662,72.20888137817383,37.436485290527344,0.0934600830078125,2.247333526611328,112.03527450561523
35,0.9999999999986993,0.999999990039307,99.99999999973986,99.9999980078614,[0 0 0 0 0 0 0],[0.0000 0.0000 0.0000 0.0000 0.0000 0.0000 0.0000],0.999999995019003,0.9999002032449661,1.0,0.0,0.9999001982644662,97.15938568115234,40.29083251953125,0.03814697265625,0.7176399230957031,138.25058937072754
35,0.9999999999986993,0.999999990039307,99.99999999973986,99.9999980078614,[0 0 0 0 0 0 0],[0.0000 0.0000 0.0000 0.0000 0.0000 0.0000 0.0000],0.999999995019003,0.9999002032449661,1.0,0.0,0.9999001982644662,65.03105163574219,34.69514846801758,0.04553794860839844,0.8134841918945312,100.61097145080566
35,0.9999999999986993,0.999999990039307,99.99999999973986,99.9999980078614,[0 0 0 0 0 0 0],[0.0000 0.0000 0.0000 0.0000 0.0000 0.0000 0.0000],0.999999995019003,0.9999002032449661,1.0,0.0,0.9999001982644662,112.94436454772949,36.75413131713867,0.03147125244140625,0.6203651428222656,150.4037380218506
35,0.9999999999986993,0.999999990039307,99.99999999973986,99.9999980078614,[0 0 0 0 0 0 0],[0.0000 0.0000 0.0000 0.0000 0.0000 0.0000 0.0000],0.999999995019003,0.9999002032449661,1.0,0.0,0.9999001982644662,58.99691581726074,30.883312225341797,0.05364418029785156,0.7193088531494141,90.6832218170166
35,0.9999999999986993,0.999999990039307,99.99999999973986,99.9999980078614,[0 0 0 0 0 0 0],[0.0000 0.0000 0.0000 0.0000 0.0000 0.0000 0.0000],0.999999995019003,0.9999002032449661,1.0,0.0,0.9999001982644662,84.70630645751953,34.9268913269043,0.029802322387695312,0.8058547973632812,120.50724029541016
35,0.9999999999986993,0.999999990039307,99.99999999973986,99.9999980078614,[0 0 0 0 0 0 0],[0.0000 0.0000 0.0000 0.0000 0.0000 0.0000 0.0000],0.999999995019003,0.9999002032449661,1.0,0.0,0.9999001982644662,50.017356872558594,39.72315788269043,0.05340576171875,0.8037090301513672,90.62957763671875
35,0.9999999999986993,0.999999990039307,99.99999999973986,99.9999980078614,[0 0 0 0 0 0 0],[0.0000 0.0000 0.0000 0.0000 0.0000 0.0000 0.0000],0.999999995019003,0.9999002032449661,1.0,0.0,0.9999001982644662,64.80193138122559,34.691810607910156,0.030994415283203125,0.8122920989990234,100.36468505859375
35,0.9999999999986993,0.999999990039307,99.99999999973986,99.9999980078614,[0 0 0 0 0 0 0],[0.0000 0.0000 0.0000 0.0000 0.0000 0.0000 0.0000],0.999999995019003,0.9999002032449661,1.0,0.0,0.9999001982644662,55.925846099853516,33.52022171020508,0.05435943603515625,0.8046627044677734,90.33727645874023
35,0.9999999999986993,0.999999990039307,99.99999999973986,99.9999980078614,[0 0 0 0 0 0 0],[0.0000 0.0000 0.0000 0.0000 0.0000 0.0000 0.0000],0.999999995019003,0.9999002032449661,1.0,0.0,0.9999001982644662,73.02284240722656,36.453962326049805,0.027418136596679688,0.7402896881103516,110.2743148803711
35,0.9999999999986993,0.999999990039307,99.99999999973986,99.9999980078614,[0 0 0 0 0 0 0],[0.0000 0.0000 0.0000 0.0000 0.0000 0.0000 0.0000],0.999999995019003,0.9999002032449661,1.0,0.0,0.9999001982644662,52.33478546142578,37.35852241516113,0.053882598876953125,0.8289813995361328,90.61193466186523
35,0.9999999999986993,0.999999990039307,99.99999999973986,99.9999980078614,[0 0 0 0 0 0 0],[0.0000 0.0000 0.0000 0.0000 0.0000 0.0000 0.0000],0.999999995019003,0.9999002032449661,1.0,0.0,0.9999001982644662,63.210487365722656,35.96186637878418,0.030040740966796875,1.264333724975586,100.49557685852051
35,0.9999999999986993,0.999999990039307,99.99999999973986,99.9999980078614,[0 0 0 0 0 0 0],[0.0000 0.0000 0.0000 0.0000 0.0000 0.0000 0.0000],0.999999995019003,0.9999002032449661,1.0,0.0,0.9999001982644662,72.81637191772461,36.01956367492676,0.06175041198730469,0.9326934814453125,109.86161231994629
35,0.9999999999986993,0.999999990039307,99.99999999973986,99.9999980078614,[0 0 0 0 0 0 0],[0.0000 0.0000 0.0000 0.0000 0.0000 0.0000 0.0000],0.999999995019003,0.9999002032449661,1.0,0.0,0.9999001982644662,68.43280792236328,30.69019317626953,0.030040740966796875,0.759124755859375,99.94196891784668
35,0.9999999999986993,0.999999990039307,99.99999999973986,99.9999980078614,[0 0 0 0 0 0 0],[0.0000 0.0000 0.0000 0.0000 0.0000 0.0000 0.0000],0.999999995019003,0.9999002032449661,1.0,0.0,0.9999001982644662,49.515724182128906,40.33017158508301,0.07128715515136719,0.8449554443359375,90.79861640930176
35,0.9999999999986993,0.999999990039307,99.99999999973986,99.9999980078614,[0 0 0 0 0 0 0],[0.0000 0.0000 0.0000 0.0000 0.0000 0.0000 0.0000],0.999999995019003,0.9999002032449661,1.0,0.0,0.9999001982644662,57.622671127319336,31.566858291625977,0.03337860107421875,0.7007122039794922,89.96176719665527
35,0.9999999999986993,0.999999990039307,99.99999999973986,99.9999980078614,[0 0 0 0 0 0 0],[0.0000 0.0000 0.0000 0.0000 0.0000 0.0000 0.0000],0.999999995019003,0.9999002032449661,1.0,0.0,0.9999001982644662,63.42315673828125,36.52358055114746,0.056743621826171875,0.8718967437744141,100.95620155334473
35,0.9999999999986993,0.999999990039307,99.99999999973986,99.9999980078614,[0 0 0 0 0 0 0],[0.0000 0.0000 0.0000 0.0000 0.0000 0.0000 0.0000],0.999999995019003,0.9999002032449661,1.0,0.0,0.9999001982644662,66.02692604064941,33.04648399353027,0.03147125244140625,1.3899803161621094,100.52990913391113
35,0.9999999999986993,0.999999990039307,99.99999999973986,99.9999980078614,[0 0 0 0 0 0 0],[0.0000 0.0000 0.0000 0.0000 0.0000 0.0000 0.0000],0.999999995019003,0.9999002032449661,1.0,0.0,0.9999001982644662,60.32156944274902,38.27476501464844,0.06127357482910156,0.8585453033447266,99.61223602294922
35,0.9999999999986993,0.999999990039307,99.99999999973986,99.9999980078614,[0 0 0 0 0 0 0],[0.0000 0.0000 0.0000 0.0000 0.0000 0.0000 0.0000],0.999999995019003,0.9999002032449661,1.0,0.0,0.9999001982644662,68.47977638244629,30.658483505249023,0.03910064697265625,0.5981922149658203,99.8075008392334
35,0.9999999999986993,0.999999990039307,99.99999999973986,99.9999980078614,[0 0 0 0 0 0 0],[0.0000 0.0000 0.0000 0.0000 0.0000 0.0000 0.0000],0.999999995019003,0.9999002032449661,1.0,0.0,0.9999001982644662,59.17239189147949,28.92923355102539,0.06985664367675781,0.873565673828125,89.13183212280273
35,0.9999999999986993,0.999999990039307,99.99999999973986,99.9999980078614,[0 0 0 0 0 0 0],[0.0000 0.0000 0.0000 0.0000 0.0000 0.0000 0.0000],0.999999995019003,0.9999002032449661,1.0,0.0,0.9999001982644662,81.0692310333252,40.11178016662598,0.036716461181640625,0.74005126953125,121.99020385742188
35,0.9999999999986993,0.999999990039307,99.99999999973986,99.9999980078614,[0 0 0 0 0 0 0],[0.0000 0.0000 0.0000 0.0000 0.0000 0.0000 0.0000],0.999999995019003,0.9999002032449661,1.0,0.0,0.9999001982644662,54.16440963745117,35.45856475830078,0.05412101745605469,0.8172988891601562,90.53397178649902
35,0.9999999999986993,0.999999990039307,99.99999999973986,99.9999980078614,[0 0 0 0 0 0 0],[0.0000 0.0000 0.0000 0.0000 0.0000 0.0000 0.0000],0.999999995019003,0.9999002032449661,1.0,0.0,0.9999001982644662,68.78995895385742,30.467510223388672,0.03218650817871094,0.5853176116943359,99.90811347961426
35,0.9999999999986993,0.999999990039307,99.99999999973986,99.9999980078614,[0 0 0 0 0 0 0],[0.0000 0.0000 0.0000 0.0000 0.0000 0.0000 0.0000],0.999999995019003,0.9999002032449661,1.0,0.0,0.9999001982644662,70.02878189086914,39.92795944213867,0.05459785461425781,0.7920265197753906,110.83602905273438
35,0.9999999999986993,0.999999990039307,99.99999999973986,99.9999980078614,[0 0 0 0 0 0 0],[0.0000 0.0000 0.0000 0.0000 0.0000 0.0000 0.0000],0.999999995019003,0.9999002032449661,1.0,0.0,0.9999001982644662,133.31341743469238,37.10794448852539,0.09584426879882812,1.4390945434570312,172.00565338134766
35,0.9999999999986993,0.999999990039307,99.99999999973986,99.9999980078614,[0 0 0 0 0 0 0],[0.0000 0.0000 0.0000 0.0000 0.0000 0.0000 0.0000],0.999999995019003,0.9999002032449661,1.0,0.0,0.9999001982644662,143.3846950531006,36.36598587036133,0.04601478576660156,2.923727035522461,182.7685832977295
35,0.9999999999986993,0.999999990039307,99.99999999973986,99.9999980078614,[0 0 0 0 0 0 0],[0.0000 0.0000 0.0000 0.0000 0.0000 0.0000 0.0000],0.999999995019003,0.9999002032449661,1.0,0.0,0.9999001982644662,112.42556571960449,33.449411392211914,0.045299530029296875,0.8187294006347656,146.87442779541016
35,0.9999999999986993,0.999999990039307,99.99999999973986,99.9999980078614,[0 0 0 0 0 0 0],[0.0000 0.0000 0.0000 0.0000 0.0000 0.0000 0.0000],0.999999995019003,0.9999002032449661,1.0,0.0,0.9999001982644662,95.03388404846191,34.726619720458984,0.07963180541992188,1.134634017944336,131.01673126220703
35,0.9999999999986993,0.999999990039307,99.99999999973986,99.9999980078614,[0 0 0 0 0 0 0],[0.0000 0.0000 0.0000 0.0000 0.0000 0.0000 0.0000],0.999999995019003,0.9999002032449661,1.0,0.0,0.9999001982644662,79.76055145263672,39.296865463256836,0.04696846008300781,0.7901191711425781,119.93288993835449
35,0.9999999999986993,0.999999990039307,99.99999999973986,99.9999980078614,[0 0 0 0 0 0 0],[0.0000 0.0000 0.0000 0.0000 0.0000 0.0000 0.0000],0.999999995019003,0.9999002032449661,1.0,0.0,0.9999001982644662,61.780691146850586,37.80484199523926,0.06628036499023438,0.7805824279785156,100.5103588104248
35,0.9999999999986993,0.999999990039307,99.99999999973986,99.9999980078614,[0 0 0 0 0 0 0],[0.0000 0.0000 0.0000 0.0000 0.0000 0.0000 0.0000],0.999999995019003,0.9999002032449661,1.0,0.0,0.9999001982644662,76.59697532653809,32.701969146728516,0.054836273193359375,0.7662773132324219,110.16511917114258
35,0.9999999999986993,0.999999990039307,99.99999999973986,99.9999980078614,[0 0 0 0 0 0 0],[0.0000 0.0000 0.0000 0.0000 0.0000 0.0000 0.0000],0.999999995019003,0.9999002032449661,1.0,0.0,0.9999001982644662,77.9573917388916,31.7385196685791,0.047206878662109375,0.6463527679443359,110.49580574035645
35,0.9999999999986993,0.999999990039307,99.99999999973986,99.9999980078614,[0 0 0 0 0 0 0],[0.0000 0.0000 0.0000 0.0000 0.0000 0.0000 0.0000],0.999999995019003,0.9999002032449661,1.0,0.0,0.9999001982644662,74.462890625,35.23564338684082,0.07224082946777344,0.8921623229980469,110.70442199707031
35,0.9999999999986993,0.999999990039307,99.99999999973986,99.9999980078614,[0 0 0 0 0 0 0],[0.0000 0.0000 0.0000 0.0000 0.0000 0.0000 0.0000],0.999999995019003,0.9999002032449661,1.0,0.0,0.9999001982644662,77.38614082336426,31.657695770263672,0.0362396240234375,0.7987022399902344,109.96103286743164
35,0.9999999999986993,0.999999990039307,99.99999999973986,99.9999980078614,[0 0 0 0 0 0 0],[0.0000 0.0000 0.0000 0.0000 0.0000 0.0000 0.0000],0.999999995019003,0.9999002032449661,1.0,0.0,0.9999001982644662,56.43796920776367,33.18071365356445,0.06031990051269531,0.8881092071533203,90.60335159301758
35,0.9999999999986993,0.999999990039307,99.99999999973986,99.9999980078614,[0 0 0 0 0 0 0],[0.0000 0.0000 0.0000 0.0000 0.0000 0.0000 0.0000],0.999999995019003,0.9999002032449661,1.0,0.0,0.9999001982644662,72.29828834533691,36.881208419799805,0.03790855407714844,0.6337165832519531,109.88593101501465
35,0.9999999999986993,0.999999990039307,99.99999999973986,99.9999980078614,[0 0 0 0 0 0 0],[0.0000 0.0000 0.0000 0.0000 0.0000 0.0000 0.0000],0.999999995019003,0.9999002032449661,1.0,0.0,0.9999001982644662,57.33537673950195,32.37557411193848,0.05269050598144531,0.7770061492919922,90.58523178100586
35,0.9999999999986993,0.999999990039307,99.99999999973986,99.9999980078614,[0 0 0 0 0 0 0],[0.0000 0.0000 0.0000 0.0000 0.0000 0.0000 0.0000],0.999999995019003,0.9999002032449661,1.0,0.0,0.9999001982644662,92.49567985534668,37.07408905029297,0.03552436828613281,0.7579326629638672,130.45954704284668
35,0.9999999999986993,0.999999990039307,99.99999999973986,99.9999980078614,[0 0 0 0 0 0 0],[0.0000 0.0000 0.0000 0.0000 0.0000 0.0000 0.0000],0.999999995019003,0.9999002032449661,1.0,0.0,0.9999001982644662,59.12923812866211,30.513525009155273,0.06031990051269531,0.8444786071777344,90.58332443237305
35,0.9999999999986993,0.999999990039307,99.99999999973986,99.9999980078614,[0 0 0 0 0 0 0],[0.0000 0.0000 0.0000 0.0000 0.0000 0.0000 0.0000],0.999999995019003,0.9999002032449661,1.0,0.0,0.9999001982644662,97.22304344177246,39.30163383483887,0.03647804260253906,0.8807182312011719,137.47668266296387
35,0.9999999999986993,0.999999990039307,99.99999999973986,99.9999980078614,[0 0 0 0 0 0 0],[0.0000 0.0000 0.0000 0.0000 0.0000 0.0000 0.0000],0.999999995019003,0.9999002032449661,1.0,0.0,0.9999001982644662,60.77241897583008,38.58613967895508,0.0553131103515625,0.7884502410888672,100.24380683898926
35,0.9999999999986993,0.999999990039307,99.99999999973986,99.9999980078614,[0 0 0 0 0 0 0],[0.0000 0.0000 0.0000 0.0000 0.0000 0.0000 0.0000],0.999999995019003,0.9999002032449661,1.0,0.0,0.9999001982644662,69.18597221374512,40.3897762298584,0.04172325134277344,0.7572174072265625,110.40329933166504
35,0.9999999999986993,0.999999990039307,99.99999999973986,99.9999980078614,[0 0 0 0 0 0 0],[0.0000 0.0000 0.0000 0.0000 0.0000 0.0000 0.0000],0.999999995019003,0.9999002032449661,1.0,0.0,0.9999001982644662,117.57731437683105,32.99522399902344,0.10657310485839844,2.913951873779297,153.63025665283203
35,0.9999999999986993,0.999999990039307,99.99999999973986,99.9999980078614,[0 0 0 0 0 0 0],[0.0000 0.0000 0.0000 0.0000 0.0000 0.0000 0.0000],0.999999995019003,0.9999002032449661,1.0,0.0,0.9999001982644662,78.6588191986084,37.065744400024414,0.06008148193359375,0.8974075317382812,116.72306060791016
35,0.9999999999986993,0.999999990039307,99.99999999973986,99.9999980078614,[0 0 0 0 0 0 0],[0.0000 0.0000 0.0000 0.0000 0.0000 0.0000 0.0000],0.999999995019003,0.9999002032449661,1.0,0.0,0.9999001982644662,85.56485176086426,34.897565841674805,0.04553794860839844,0.7202625274658203,121.25992774963379
35,0.9999999999986993,0.999999990039307,99.99999999973986,99.9999980078614,[0 0 0 0 0 0 0],[0.0000 0.0000 0.0000 0.0000 0.0000 0.0000 0.0000],0.999999995019003,0.9999002032449661,1.0,0.0,0.9999001982644662,65.99259376525879,32.46808052062988,0.057220458984375,0.7815361022949219,99.34139251708984
35,0.9999999999986993,0.999999990039307,99.99999999973986,99.9999980078614,[0 0 0 0 0 0 0],[0.0000 0.0000 0.0000 0.0000 0.0000 0.0000 0.0000],0.999999995019003,0.9999002032449661,1.0,0.0,0.9999001982644662,81.5732479095459,37.94980049133301,0.05602836608886719,0.7708072662353516,120.38302421569824
35,0.9999999999986993,0.999999990039307,99.99999999973986,99.9999980078614,[0 0 0 0 0 0 0],[0.0000 0.0000 0.0000 0.0000 0.0000 0.0000 0.0000],0.999999995019003,0.9999002032449661,1.0,0.0,0.9999001982644662,127.89559364318848,32.18889236450195,0.03647804260253906,0.7627010345458984,160.92491149902344
35,0.9999999999986993,0.999999990039307,99.99999999973986,99.9999980078614,[0 0 0 0 0 0 0],[0.0000 0.0000 0.0000 0.0000 0.0000 0.0000 0.0000],0.999999995019003,0.9999002032449661,1.0,0.0,0.9999001982644662,67.31247901916504,32.291412353515625,0.05793571472167969,0.8356571197509766,100.5396842956543
35,0.9999999999986993,0.999999990039307,99.99999999973986,99.9999980078614,[0 0 0 0 0 0 0],[0.0000 0.0000 0.0000 0.0000 0.0000 0.0000 0.0000],0.999999995019003,0.9999002032449661,1.0,0.0,0.9999001982644662,80.37495613098145,39.33262825012207,0.04029273986816406,0.6799697875976562,120.45979499816895
35,0.9999999999986993,0.999999990039307,99.99999999973986,99.9999980078614,[0 0 0 0 0 0 0],[0.0000 0.0000 0.0000 0.0000 0.0000 0.0000 0.0000],0.999999995019003,0.9999002032449661,1.0,0.0,0.9999001982644662,119.18258666992188,30.724287033081055,0.04100799560546875,0.7343292236328125,150.7282257080078
35,0.9999999999986993,0.999999990039307,99.99999999973986,99.9999980078614,[0 0 0 0 0 0 0],[0.0000 0.0000 0.0000 0.0000 0.0000 0.0000 0.0000],0.999999995019003,0.9999002032449661,1.0,0.0,0.9999001982644662,65.59562683105469,33.79201889038086,0.05650520324707031,0.9849071502685547,100.46648979187012
35,0.9999999999986993,0.999999990039307,99.99999999973986,99.9999980078614,[0 0 0 0 0 0 0],[0.0000 0.0000 0.0000 0.0000 0.0000 0.0000 0.0000],0.999999995019003,0.9999002032449661,1.0,0.0,0.9999001982644662,79.83541488647461,40.53330421447754,0.057697296142578125,0.9627342224121094,121.42634391784668
35,0.9999999999986993,0.999999990039307,99.99999999973986,99.9999980078614,[0 0 0 0 0 0 0],[0.0000 0.0000 0.0000 0.0000 0.0000 0.0000 0.0000],0.999999995019003,0.9999002032449661,1.0,0.0,0.9999001982644662,49.41964149475098,38.8636589050293,0.05555152893066406,0.7998943328857422,89.17832374572754
35,0.9999999999986993,0.999999990039307,99.99999999973986,99.9999980078614,[0 0 0 0 0 0 0],[0.0000 0.0000 0.0000 0.0000 0.0000 0.0000 0.0000],0.999999995019003,0.9999002032449661,1.0,0.0,0.9999001982644662,79.67615127563477,39.77370262145996,0.03457069396972656,0.7014274597167969,120.22638320922852
35,0.9999999999986993,0.999999990039307,99.99999999973986,99.9999980078614,[0 0 0 0 0 0 0],[0.0000 0.0000 0.0000 0.0000 0.0000 0.0000 0.0000],0.999999995019003,0.9999002032449661,1.0,0.0,0.9999001982644662,61.87748908996582,37.955522537231445,0.064849853515625,1.1050701141357422,101.09305381774902
35,0.9999999999986993,0.999999990039307,99.99999999973986,99.9999980078614,[0 0 0 0 0 0 0],[0.0000 0.0000 0.0000 0.0000 0.0000 0.0000 0.0000],0.999999995019003,0.9999002032449661,1.0,0.0,0.9999001982644662,76.43389701843262,32.49764442443848,0.03719329833984375,0.7677078247070312,109.76672172546387
35,0.9999999999986993,0.999999990039307,99.99999999973986,99.9999980078614,[0 0 0 0 0 0 0],[0.0000 0.0000 0.0000 0.0000 0.0000 0.0000 0.0000],0.999999995019003,0.9999002032449661,1.0,0.0,0.9999001982644662,76.45678520202637,33.2949161529541,0.056743621826171875,0.8251667022705078,110.71538925170898
35,0.9999999999986993,0.999999990039307,99.99999999973986,99.9999980078614,[0 0 0 0 0 0 0],[0.0000 0.0000 0.0000 0.0000 0.0000 0.0000 0.0000],0.999999995019003,0.9999002032449661,1.0,0.0,0.9999001982644662,84.54298973083496,35.02655029296875,0.0400543212890625,0.7200241088867188,120.36371231079102
35,0.9999999999986993,0.999999990039307,99.99999999973986,99.9999980078614,[0 0 0 0 0 0 0],[0.0000 0.0000 0.0000 0.0000 0.0000 0.0000 0.0000],0.999999995019003,0.9999002032449661,1.0,0.0,0.9999001982644662,74.83267784118652,37.4302864074707,0.06604194641113281,2.3894309997558594,114.76993560791016
35,0.9999999999986993,0.999999990039307,99.99999999973986,99.9999980078614,[0 0 0 0 0 0 0],[0.0000 0.0000 0.0000 0.0000 0.0000 0.0000 0.0000],0.999999995019003,0.9999002032449661,1.0,0.0,0.9999001982644662,97.23877906799316,38.09547424316406,0.05364418029785156,0.7672309875488281,136.20424270629883
35,0.9999999999986993,0.999999990039307,99.99999999973986,99.9999980078614,[0 0 0 0 0 0 0],[0.0000 0.0000 0.0000 0.0000 0.0000 0.0000 0.0000],0.999999995019003,0.9999002032449661,1.0,0.0,0.9999001982644662,71.86079025268555,38.95235061645508,0.04315376281738281,0.835418701171875,111.72080039978027
35,0.9999999999986993,0.999999990039307,99.99999999973986,99.9999980078614,[0 0 0 0 0 0 0],[0.0000 0.0000 0.0000 0.0000 0.0000 0.0000 0.0000],0.999999995019003,0.9999002032449661,1.0,0.0,0.9999001982644662,65.08278846740723,33.0967903137207,0.05340576171875,0.7202625274658203,98.99234771728516
35,0.9999999999986993,0.999999990039307,99.99999999973986,99.9999980078614,[0 0 0 0 0 0 0],[0.0000 0.0000 0.0000 0.0000 0.0000 0.0000 0.0000],0.999999995019003,0.9999002032449661,1.0,0.0,0.9999001982644662,83.15277099609375,36.5300178527832,0.03504753112792969,0.5812644958496094,120.32461166381836
35,0.9999999999986993,0.999999990039307,99.99999999973986,99.9999980078614,[0 0 0 0 0 0 0],[0.0000 0.0000 0.0000 0.0000 0.0000 0.0000 0.0000],0.999999995019003,0.9999002032449661,1.0,0.0,0.9999001982644662,65.74845314025879,34.037113189697266,0.051975250244140625,0.6554126739501953,100.53110122680664
35,0.9999999999986993,0.999999990039307,99.99999999973986,99.9999980078614,[0 0 0 0 0 0 0],[0.0000 0.0000 0.0000 0.0000 0.0000 0.0000 0.0000],0.999999995019003,0.9999002032449661,1.0,0.0,0.9999001982644662,60.64176559448242,39.03603553771973,0.05269050598144531,0.7226467132568359,100.48747062683105
35,0.9999999999986993,0.999999990039307,99.99999999973986,99.9999980078614,[0 0 0 0 0 0 0],[0.0000 0.0000 0.0000 0.0000 0.0000 0.0000 0.0000],0.999999995019003,0.9999002032449661,1.0,0.0,0.9999001982644662,113.20948600769043,36.921024322509766,0.04839897155761719,0.9582042694091797,151.17216110229492
35,0.9999999999986993,0.999999990039307,99.99999999973986,99.9999980078614,[0 0 0 0 0 0 0],[0.0000 0.0000 0.0000 0.0000 0.0000 0.0000 0.0000],0.999999995019003,0.9999002032449661,1.0,0.0,0.9999001982644662,53.17401885986328,35.984039306640625,0.06771087646484375,0.8823871612548828,90.14225006103516
35,0.9999999999986993,0.999999990039307,99.99999999973986,99.9999980078614,[0 0 0 0 0 0 0],[0.0000 0.0000 0.0000 0.0000 0.0000 0.0000 0.0000],0.999999995019003,0.9999002032449661,1.0,0.0,0.9999001982644662,79.67591285705566,39.72959518432617,0.043392181396484375,0.6415843963623047,120.12887001037598
35,0.9999999999986993,0.999999990039307,99.99999999973986,99.9999980078614,[0 0 0 0 0 0 0],[0.0000 0.0000 0.0000 0.0000 0.0000 0.0000 0.0000],0.999999995019003,0.9999002032449661,1.0,0.0,0.9999001982644662,53.1916618347168,36.39698028564453,0.0667572021484375,0.8795261383056641,90.66176414489746
35,0.9999999999986993,0.999999990039307,99.99999999973986,99.9999980078614,[0 0 0 0 0 0 0],[0.0000 0.0000 0.0000 0.0000 0.0000 0.0000 0.0000],0.999999995019003,0.9999002032449661,1.0,0.0,0.9999001982644662,74.73349571228027,58.40444564819336,0.04100799560546875,0.7746219635009766,133.9852809906006
35,0.9999999999986993,0.999999990039307,99.99999999973986,99.9999980078614,[0 0 0 0 0 0 0],[0.0000 0.0000 0.0000 0.0000 0.0000 0.0000 0.0000],0.999999995019003,0.9999002032449661,1.0,0.0,0.9999001982644662,97.40805625915527,41.92519187927246,0.03409385681152344,1.9550323486328125,141.36600494384766
35,0.9999999999986993,0.999999990039307,99.99999999973986,99.9999980078614,[0 0 0 0 0 0 0],[0.0000 0.0000 0.0000 0.0000 0.0000 0.0000 0.0000],0.999999995019003,0.9999002032449661,1.0,0.0,0.9999001982644662,60.62626838684082,34.281253814697266,0.05602836608886719,0.6709098815917969,95.66688537597656
35,0.9999999999986993,0.999999990039307,99.99999999973986,99.9999980078614,[0 0 0 0 0 0 0],[0.0000 0.0000 0.0000 0.0000 0.0000 0.0000 0.0000],0.999999995019003,0.9999002032449661,1.0,0.0,0.9999001982644662,77.87632942199707,31.574487686157227,0.03147125244140625,0.6754398345947266,110.1987361907959
35,0.9999999999986993,0.999999990039307,99.99999999973986,99.9999980078614,[0 0 0 0 0 0 0],[0.0000 0.0000 0.0000 0.0000 0.0000 0.0000 0.0000],0.999999995019003,0.9999002032449661,1.0,0.0,0.9999001982644662,72.74651527404785,37.258148193359375,0.04649162292480469,0.8051395416259766,110.88800430297852
35,0.9999999999986993,0.999999990039307,99.99999999973986,99.9999980078614,[0 0 0 0 0 0 0],[0.0000 0.0000 0.0000 0.0000 0.0000 0.0000 0.0000],0.999999995019003,0.9999002032449661,1.0,0.0,0.9999001982644662,72.32451438903809,36.94605827331543,0.03504753112792969,0.6825923919677734,110.02802848815918
35,0.9999999999986993,0.999999990039307,99.99999999973986,99.9999980078614,[0 0 0 0 0 0 0],[0.0000 0.0000 0.0000 0.0000 0.0000 0.0000 0.0000],0.999999995019003,0.9999002032449661,1.0,0.0,0.9999001982644662,58.46524238586426,31.348228454589844,0.04839897155761719,0.8113384246826172,90.71516990661621
35,0.9999999999986993,0.999999990039307,99.99999999973986,99.9999980078614,[0 0 0 0 0 0 0],[0.0000 0.0000 0.0000 0.0000 0.0000 0.0000 0.0000],0.999999995019003,0.9999002032449661,1.0,0.0,0.9999001982644662,84.48457717895508,34.99746322631836,0.0324249267578125,0.5958080291748047,120.14269828796387
35,0.9999999999986993,0.999999990039307,99.99999999973986,99.9999980078614,[0 0 0 0 0 0 0],[0.0000 0.0000 0.0000 0.0000 0.0000 0.0000 0.0000],0.999999995019003,0.9999002032449661,1.0,0.0,0.9999001982644662,60.42289733886719,39.57986831665039,0.05125999450683594,0.6403923034667969,100.73637962341309
35,0.9999999999986993,0.999999990039307,99.99999999973986,99.9999980078614,[0 0 0 0 0 0 0],[0.0000 0.0000 0.0000 0.0000 0.0000 0.0000 0.0000],0.999999995019003,0.9999002032449661,1.0,0.0,0.9999001982644662,77.51607894897461,33.10418128967285,0.03337860107421875,0.6198883056640625,111.33003234863281
35,0.9999999999986993,0.999999990039307,99.99999999973986,99.9999980078614,[0 0 0 0 0 0 0],[0.0000 0.0000 0.0000 0.0000 0.0000 0.0000 0.0000],0.999999995019003,0.9999002032449661,1.0,0.0,0.9999001982644662,61.64240837097168,37.16611862182617,0.05316734313964844,0.8261203765869141,99.72882270812988
35,0.9999999999986993,0.999999990039307,99.99999999973986,99.9999980078614,[0 0 0 0 0 0 0],[0.0000 0.0000 0.0000 0.0000 0.0000 0.0000 0.0000],0.999999995019003,0.9999002032449661,1.0,0.0,0.9999001982644662,83.93716812133789,35.55035591125488,0.05626678466796875,0.7579326629638672,120.33367156982422
35,0.9999999999986993,0.999999990039307,99.99999999973986,99.9999980078614,[0 0 0 0 0 0 0],[0.0000 0.0000 0.0000 0.0000 0.0000 0.0000 0.0000],0.999999995019003,0.9999002032449661,1.0,0.0,0.9999001982644662,111.33766174316406,39.04533386230469,0.08225440979003906,1.0461807250976562,151.5493392944336
35,0.9999999999986993,0.999999990039307,99.99999999973986,99.9999980078614,[0 0 0 0 0 0 0],[0.0000 0.0000 0.0000 0.0000 0.0000 0.0000 0.0000],0.999999995019003,0.9999002032449661,1.0,0.0,0.9999001982644662,51.53203010559082,41.63789749145508,0.05459785461425781,0.835418701171875,94.1016674041748
35,0.9999999999986993,0.999999990039307,99.99999999973986,99.9999980078614,[0 0 0 0 0 0 0],[0.0000 0.0000 0.0000 0.0000 0.0000 0.0000 0.0000],0.999999995019003,0.9999002032449661,1.0,0.0,0.9999001982644662,69.04220581054688,35.60805320739746,0.031948089599609375,0.6289482116699219,105.42750358581543
35,0.9999999999986993,0.999999990039307,99.99999999973986,99.9999980078614,[0 0 0 0 0 0 0],[0.0000 0.0000 0.0000 0.0000 0.0000 0.0000 0.0000],0.999999995019003,0.9999002032449661,1.0,0.0,0.9999001982644662,62.639474868774414,37.3232364654541,0.05459785461425781,0.8385181427001953,100.89445114135742
35,0.9999999999986993,0.999999990039307,99.99999999973986,99.9999980078614,[0 0 0 0 0 0 0],[0.0000 0.0000 0.0000 0.0000 0.0000 0.0000 0.0000],0.999999995019003,0.9999002032449661,1.0,0.0,0.9999001982644662,67.13366508483887,32.19890594482422,0.03457069396972656,0.5803108215332031,99.98679161071777
35,0.9999999999986993,0.999999990039307,99.99999999973986,99.9999980078614,[0 0 0 0 0 0 0],[0.0000 0.0000 0.0000 0.0000 0.0000 0.0000 0.0000],0.999999995019003,0.9999002032449661,1.0,0.0,0.9999001982644662,56.9920539855957,32.69505500793457,0.049114227294921875,0.7748603820800781,90.57784080505371
35,0.9999999999986993,0.999999990039307,99.99999999973986,99.9999980078614,[0 0 0 0 0 0 0],[0.0000 0.0000 0.0000 0.0000 0.0000 0.0000 0.0000],0.999999995019003,0.9999002032449661,1.0,0.0,0.9999001982644662,83.01496505737305,37.9941463470459,0.10991096496582031,1.3909339904785156,122.57623672485352
35,0.9999999999986993,0.999999990039307,99.99999999973986,99.9999980078614,[0 0 0 0 0 0 0],[0.0000 0.0000 0.0000 0.0000 0.0000 0.0000 0.0000],0.999999995019003,0.9999002032449661,1.0,0.0,0.9999001982644662,62.99448013305664,34.421443939208984,0.0514984130859375,0.7650852203369141,98.27256202697754
35,0.9999999999986993,0.999999990039307,99.99999999973986,99.9999980078614,[0 0 0 0 0 0 0],[0.0000 0.0000 0.0000 0.0000 0.0000 0.0000 0.0000],0.999999995019003,0.9999002032449661,1.0,0.0,0.9999001982644662,70.0838565826416,39.243221282958984,0.03361701965332031,0.5331039428710938,109.92789268493652
35,0.9999999999986993,0.999999990039307,99.99999999973986,99.9999980078614,[0 0 0 0 0 0 0],[0.0000 0.0000 0.0000 0.0000 0.0000 0.0000 0.0000],0.999999995019003,0.9999002032449661,1.0,0.0,0.9999001982644662,60.00638008117676,40.155649185180664,0.118255615234375,1.0106563568115234,101.33242607116699
35,0.9999999999986993,0.999999990039307,99.99999999973986,99.9999980078614,[0 0 0 0 0 0 0],[0.0000 0.0000 0.0000 0.0000 0.0000 0.0000 0.0000],0.999999995019003,0.9999002032449661,1.0,0.0,0.9999001982644662,69.24295425415039,39.85953330993652,0.05435943603515625,0.8299350738525391,110.0306510925293
35,0.9999999999986993,0.999999990039307,99.99999999973986,99.9999980078614,[0 0 0 0 0 0 0],[0.0000 0.0000 0.0000 0.0000 0.0000 0.0000 0.0000],0.999999995019003,0.9999002032449661,1.0,0.0,0.9999001982644662,47.87707328796387,31.373977661132812,0.05936622619628906,0.7476806640625,80.09767532348633
35,0.9999999999986993,0.999999990039307,99.99999999973986,99.9999980078614,[0 0 0 0 0 0 0],[0.0000 0.0000 0.0000 0.0000 0.0000 0.0000 0.0000],0.999999995019003,0.9999002032449661,1.0,0.0,0.9999001982644662,83.27960968017578,36.41963005065918,0.049591064453125,0.7205009460449219,120.4979419708252
35,0.9999999999986993,0.999999990039307,99.99999999973986,99.9999980078614,[0 0 0 0 0 0 0],[0.0000 0.0000 0.0000 0.0000 0.0000 0.0000 0.0000],0.999999995019003,0.9999002032449661,1.0,0.0,0.9999001982644662,75.38628578186035,34.0726375579834,0.040531158447265625,0.6060600280761719,110.17489433288574
35,0.9999999999986993,0.999999990039307,99.99999999973986,99.9999980078614,[0 0 0 0 0 0 0],[0.0000 0.0000 0.0000 0.0000 0.0000 0.0000 0.0000],0.999999995019003,0.9999002032449661,1.0,0.0,0.9999001982644662,62.80374526977539,36.9572639465332,0.04220008850097656,0.6840229034423828,100.51345825195312
35,0.9999999999986993,0.999999990039307,99.99999999973986,99.9999980078614,[0 0 0 0 0 0 0],[0.0000 0.0000 0.0000 0.0000 0.0000 0.0000 0.0000],0.999999995019003,0.9999002032449661,1.0,0.0,0.9999001982644662,111.93990707397461,38.290977478027344,0.0667572021484375,0.8349418640136719,151.1678695678711
35,0.9999999999986993,0.999999990039307,99.99999999973986,99.9999980078614,[0 0 0 0 0 0 0],[0.0000 0.0000 0.0000 0.0000 0.0000 0.0000 0.0000],0.999999995019003,0.9999002032449661,1.0,0.0,0.9999001982644662,60.75763702392578,38.871049880981445,0.08606910705566406,1.0333061218261719,100.78167915344238
35,0.9999999999986993,0.999999990039307,99.99999999973986,99.9999980078614,[0 0 0 0 0 0 0],[0.0000 0.0000 0.0000 0.0000 0.0000 0.0000 0.0000],0.999999995019003,0.9999002032449661,1.0,0.0,0.9999001982644662,77.15749740600586,31.64982795715332,0.049591064453125,0.7944107055664062,109.69090461730957
35,0.9999999999986993,0.999999990039307,99.99999999973986,99.9999980078614,[0 0 0 0 0 0 0],[0.0000 0.0000 0.0000 0.0000 0.0000 0.0000 0.0000],0.999999995019003,0.9999002032449661,1.0,0.0,0.9999001982644662,71.96187973022461,37.529945373535156,0.05650520324707031,0.8244514465332031,110.41617393493652
35,0.9999999999986993,0.999999990039307,99.99999999973986,99.9999980078614,[0 0 0 0 0 0 0],[0.0000 0.0000 0.0000 0.0000 0.0000 0.0000 0.0000],0.999999995019003,0.9999002032449661,1.0,0.0,0.9999001982644662,81.60400390625,38.61808776855469,0.034332275390625,0.6608963012695312,120.94593048095703
35,0.9999999999986993,0.999999990039307,99.99999999973986,99.9999980078614,[0 0 0 0 0 0 0],[0.0000 0.0000 0.0000 0.0000 0.0000 0.0000 0.0000],0.999999995019003,0.9999002032449661,1.0,0.0,0.9999001982644662,86.32636070251465,32.79256820678711,0.0400543212890625,0.743865966796875,119.98367309570312
35,0.9999999999986993,0.999999990039307,99.99999999973986,99.9999980078614,[0 0 0 0 0 0 0],[0.0000 0.0000 0.0000 0.0000 0.0000 0.0000 0.0000],0.999999995019003,0.9999002032449661,1.0,0.0,0.9999001982644662,67.33226776123047,32.29880332946777,0.03981590270996094,0.7872581481933594,100.52776336669922
35,0.9999999999986993,0.999999990039307,99.99999999973986,99.9999980078614,[0 0 0 0 0 0 0],[0.0000 0.0000 0.0000 0.0000 0.0000 0.0000 0.0000],0.999999995019003,0.9999002032449661,1.0,0.0,0.9999001982644662,93.52707862854004,36.38291358947754,0.048160552978515625,2.744913101196289,132.7381134033203
35,0.9999999999986993,0.999999990039307,99.99999999973986,99.9999980078614,[0 0 0 0 0 0 0],[0.0000 0.0000 0.0000 0.0000 0.0000 0.0000 0.0000],0.999999995019003,0.9999002032449661,1.0,0.0,0.9999001982644662,107.62739181518555,40.407419204711914,0.05888938903808594,0.8771419525146484,149.01232719421387
35,0.9999999999986993,0.999999990039307,99.99999999973986,99.9999980078614,[0 0 0 0 0 0 0],[0.0000 0.0000 0.0000 0.0000 0.0000 0.0000 0.0000],0.999999995019003,0.9999002032449661,1.0,0.0,0.9999001982644662,66.14947319030762,63.25507164001465,0.040531158447265625,0.6337165832519531,130.10740280151367
35,0.9999999999986993,0.999999990039307,99.99999999973986,99.9999980078614,[0 0 0 0 0 0 0],[0.0000 0.0000 0.0000 0.0000 0.0000 0.0000 0.0000],0.999999995019003,0.9999002032449661,1.0,0.0,0.9999001982644662,101.82929039001465,38.85316848754883,0.05078315734863281,0.9632110595703125,141.72959327697754
35,0.9999999999986993,0.999999990039307,99.99999999973986,99.9999980078614,[0 0 0 0 0 0 0],[0.0000 0.0000 0.0000 0.0000 0.0000 0.0000 0.0000],0.999999995019003,0.9999002032449661,1.0,0.0,0.9999001982644662,58.988332748413086,39.160966873168945,0.06103515625,0.8032321929931641,99.04980659484863
35,0.9999999999986993,0.999999990039307,99.99999999973986,99.9999980078614,[0 0 0 0 0 0 0],[0.0000 0.0000 0.0000 0.0000 0.0000 0.0000 0.0000],0.999999995019003,0.9999002032449661,1.0,0.0,0.9999001982644662,77.55470275878906,32.315969467163086,0.061511993408203125,1.6210079193115234,111.60635948181152
35,0.9999999999986993,0.999999990039307,99.99999999973986,99.9999980078614,[0 0 0 0 0 0 0],[0.0000 0.0000 0.0000 0.0000 0.0000 0.0000 0.0000],0.999999995019003,0.9999002032449661,1.0,0.0,0.9999001982644662,70.72782516479492,36.29732131958008,0.05817413330078125,0.8187294006347656,107.9409122467041
35,0.9999999999986993,0.999999990039307,99.99999999973986,99.9999980078614,[0 0 0 0 0 0 0],[0.0000 0.0000 0.0000 0.0000 0.0000 0.0000 0.0000],0.999999995019003,0.9999002032449661,1.0,0.0,0.9999001982644662,84.92016792297363,34.5914363861084,0.035762786865234375,0.701904296875,120.28193473815918
35,0.9999999999986993,0.999999990039307,99.99999999973986,99.9999980078614,[0 0 0 0 0 0 0],[0.0000 0.0000 0.0000 0.0000 0.0000 0.0000 0.0000],0.999999995019003,0.9999002032449661,1.0,0.0,0.9999001982644662,73.23646545410156,36.626338958740234,0.04124641418457031,0.6275177001953125,110.57496070861816
35,0.9999999999986993,0.999999990039307,99.99999999973986,99.9999980078614,[0 0 0 0 0 0 0],[0.0000 0.0000 0.0000 0.0000 0.0000 0.0000 0.0000],0.999999995019003,0.9999002032449661,1.0,0.0,0.9999001982644662,76.58576965332031,33.24127197265625,0.042438507080078125,0.8246898651123047,110.73541641235352
35,0.9999999999986993,0.999999990039307,99.99999999973986,99.9999980078614,[0 0 0 0 0 0 0],[0.0000 0.0000 0.0000 0.0000 0.0000 0.0000 0.0000],0.999999995019003,0.9999002032449661,1.0,0.0,0.9999001982644662,81.55250549316406,61.01560592651367,0.059604644775390625,1.0693073272705078,143.7370777130127
35,0.9999999999986993,0.999999990039307,99.99999999973986,99.9999980078614,[0 0 0 0 0 0 0],[0.0000 0.0000 0.0000 0.0000 0.0000 0.0000 0.0000],0.999999995019003,0.9999002032449661,1.0,0.0,0.9999001982644662,101.62615776062012,34.18278694152832,0.04267692565917969,0.6344318389892578,136.5349292755127
35,0.9999999999986993,0.999999990039307,99.99999999973986,99.9999980078614,[0 0 0 0 0 0 0],[0.0000 0.0000 0.0000 0.0000 0.0000 0.0000 0.0000],0.999999995019003,0.9999002032449661,1.0,0.0,0.9999001982644662,72.37792015075684,37.40525245666504,0.06198883056640625,0.7638931274414062,110.63933372497559
35,0.9999999999986993,0.999999990039307,99.99999999973986,99.9999980078614,[0 0 0 0 0 0 0],[0.0000 0.0000 0.0000 0.0000 0.0000 0.0000 0.0000],0.999999995019003,0.9999002032449661,1.0,0.0,0.9999001982644662,130.1424503326416,39.94417190551758,0.056743621826171875,1.0619163513183594,171.30160331726074
35,0.9999999999986993,0.999999990039307,99.99999999973986,99.9999980078614,[0 0 0 0 0 0 0],[0.0000 0.0000 0.0000 0.0000 0.0000 0.0000 0.0000],0.999999995019003,0.9999002032449661,1.0,0.0,0.9999001982644662,52.2003173828125,36.676645278930664,0.057220458984375,0.8976459503173828,89.87116813659668
35,0.9999999999986993,0.999999990039307,99.99999999973986,99.9999980078614,[0 0 0 0 0 0 0],[0.0000 0.0000 0.0000 0.0000 0.0000 0.0000 0.0000],0.999999995019003,0.9999002032449661,1.0,0.0,0.9999001982644662,78.80020141601562,30.438661575317383,0.034332275390625,0.6749629974365234,109.97939109802246
35,0.9999999999986993,0.999999990039307,99.99999999973986,99.9999980078614,[0 0 0 0 0 0 0],[0.0000 0.0000 0.0000 0.0000 0.0000 0.0000 0.0000],0.999999995019003,0.9999002032449661,1.0,0.0,0.9999001982644662,74.74017143249512,35.0041389465332,0.05125999450683594,0.8609294891357422,110.69726943969727
35,0.9999999999986993,0.999999990039307,99.99999999973986,99.9999980078614,[0 0 0 0 0 0 0],[0.0000 0.0000 0.0000 0.0000 0.0000 0.0000 0.0000],0.999999995019003,0.9999002032449661,1.0,0.0,0.9999001982644662,83.67443084716797,35.8424186706543,0.04291534423828125,0.6964206695556641,120.2855110168457
35,0.9999999999986993,0.999999990039307,99.99999999973986,99.9999980078614,[0 0 0 0 0 0 0],[0.0000 0.0000 0.0000 0.0000 0.0000 0.0000 0.0000],0.999999995019003,0.9999002032449661,1.0,0.0,0.9999001982644662,81.60996437072754,57.37733840942383,0.04267692565917969,0.7171630859375,139.78958129882812
35,0.9999999999986993,0.999999990039307,99.99999999973986,99.9999980078614,[0 0 0 0 0 0 0],[0.0000 0.0000 0.0000 0.0000 0.0000 0.0000 0.0000],0.999999995019003,0.9999002032449661,1.0,0.0,0.9999001982644662,102.447509765625,38.6812686920166,0.05936622619628906,0.8690357208251953,142.09794998168945
35,0.9999999999986993,0.999999990039307,99.99999999973986,99.9999980078614,[0 0 0 0 0 0 0],[0.0000 0.0000 0.0000 0.0000 0.0000 0.0000 0.0000],0.999999995019003,0.9999002032449661,1.0,0.0,0.9999001982644662,67.9166316986084,31.255006790161133,0.03719329833984375,0.7131099700927734,99.95055198669434
35,0.9999999999986993,0.999999990039307,99.99999999973986,99.9999980078614,[0 0 0 0 0 0 0],[0.0000 0.0000 0.0000 0.0000 0.0000 0.0000 0.0000],0.999999995019003,0.9999002032449661,1.0,0.0,0.9999001982644662,78.81951332092285,30.981779098510742,0.057697296142578125,0.8356571197509766,110.73684692382812
35,0.9999999999986993,0.999999990039307,99.99999999973986,99.9999980078614,[0 0 0 0 0 0 0],[0.0000 0.0000 0.0000 0.0000 0.0000 0.0000 0.0000],0.999999995019003,0.9999002032449661,1.0,0.0,0.9999001982644662,71.93732261657715,37.546396255493164,0.059604644775390625,0.8571147918701172,110.43620109558105
35,0.9999999999986993,0.999999990039307,99.99999999973986,99.9999980078614,[0 0 0 0 0 0 0],[0.0000 0.0000 0.0000 0.0000 0.0000 0.0000 0.0000],0.999999995019003,0.9999002032449661,1.0,0.0,0.9999001982644662,71.9454288482666,37.688255310058594,0.0476837158203125,0.9999275207519531,110.72468757629395
35,0.9999999999986993,0.999999990039307,99.99999999973986,99.9999980078614,[0 0 0 0 0 0 0],[0.0000 0.0000 0.0000 0.0000 0.0000 0.0000 0.0000],0.999999995019003,0.9999002032449661,1.0,0.0,0.9999001982644662,65.64474105834961,33.658504486083984,0.07557868957519531,0.7994174957275391,100.21615028381348
35,0.9999999999986993,0.999999990039307,99.99999999973986,99.9999980078614,[0 0 0 0 0 0 0],[0.0000 0.0000 0.0000 0.0000 0.0000 0.0000 0.0000],0.999999995019003,0.9999002032449661,1.0,0.0,0.9999001982644662,76.3387680053711,32.90700912475586,0.04673004150390625,0.7066726684570312,110.04114151000977
35,0.9999999999986993,0.999999990039307,99.99999999973986,99.9999980078614,[0 0 0 0 0 0 0],[0.0000 0.0000 0.0000 0.0000 0.0000 0.0000 0.0000],0.999999995019003,0.9999002032449661,1.0,0.0,0.9999001982644662,71.91681861877441,38.27023506164551,0.10442733764648438,1.4591217041015625,111.79804801940918
35,0.9999999999986993,0.999999990039307,99.99999999973986,99.9999980078614,[0 0 0 0 0 0 0],[0.0000 0.0000 0.0000 0.0000 0.0000 0.0000 0.0000],0.999999995019003,0.9999002032449661,1.0,0.0,0.9999001982644662,134.4294548034668,34.32035446166992,0.08058547973632812,1.079559326171875,170.00246047973633
35,0.9999999999986993,0.999999990039307,99.99999999973986,99.9999980078614,[0 0 0 0 0 0 0],[0.0000 0.0000 0.0000 0.0000 0.0000 0.0000 0.0000],0.999999995019003,0.9999002032449661,1.0,0.0,0.9999001982644662,118.24989318847656,31.39209747314453,0.05984306335449219,1.148223876953125,150.90489387512207
35,0.9999999999986993,0.999999990039307,99.99999999973986,99.9999980078614,[0 0 0 0 0 0 0],[0.0000 0.0000 0.0000 0.0000 0.0000 0.0000 0.0000],0.999999995019003,0.9999002032449661,1.0,0.0,0.9999001982644662,126.45745277404785,32.835960388183594,0.07796287536621094,1.0731220245361328,160.51220893859863
35,0.9999999999986993,0.999999990039307,99.99999999973986,99.9999980078614,[0 0 0 0 0 0 0],[0.0000 0.0000 0.0000 0.0000 0.0000 0.0000 0.0000],0.999999995019003,0.9999002032449661,1.0,0.0,0.9999001982644662,140.1205062866211,39.44063186645508,0.06103515625,1.4553070068359375,181.11801147460938
35,0.9999999999986993,0.999999990039307,99.99999999973986,99.9999980078614,[0 0 0 0 0 0 0],[0.0000 0.0000 0.0000 0.0000 0.0000 0.0000 0.0000],0.999999995019003,0.9999002032449661,1.0,0.0,0.9999001982644662,133.6839199066162,33.80250930786133,0.08273124694824219,2.9404163360595703,170.58587074279785
35,0.9999999999986993,0.999999990039307,99.99999999973986,99.9999980078614,[0 0 0 0 0 0 0],[0.0000 0.0000 0.0000 0.0000 0.0000 0.0000 0.0000],0.999999995019003,0.9999002032449661,1.0,0.0,0.9999001982644662,136.03973388671875,31.438350677490234,0.08726119995117188,1.4410018920898438,169.0657138824463
35,0.9999999999986993,0.999999990039307,99.99999999973986,99.9999980078614,[0 0 0 0 0 0 0],[0.0000 0.0000 0.0000 0.0000 0.0000 0.0000 0.0000],0.999999995019003,0.9999002032449661,1.0,0.0,0.9999001982644662,108.65950584411621,40.16590118408203,0.095367431640625,1.468658447265625,150.44021606445312
35,0.9999999999986993,0.999999990039307,99.99999999973986,99.9999980078614,[0 0 0 0 0 0 0],[0.0000 0.0000 0.0000 0.0000 0.0000 0.0000 0.0000],0.999999995019003,0.9999002032449661,1.0,0.0,0.9999001982644662,138.16404342651367,31.007766723632812,0.08416175842285156,1.699209213256836,171.00095748901367
35,0.9999999999986993,0.999999990039307,99.99999999973986,99.9999980078614,[0 0 0 0 0 0 0],[0.0000 0.0000 0.0000 0.0000 0.0000 0.0000 0.0000],0.999999995019003,0.9999002032449661,1.0,0.0,0.9999001982644662,126.76596641540527,31.446456909179688,0.07414817810058594,1.1818408966064453,159.51013565063477
35,0.9999999999986993,0.999999990039307,99.99999999973986,99.9999980078614,[0 0 0 0 0 0 0],[0.0000 0.0000 0.0000 0.0000 0.0000 0.0000 0.0000],0.999999995019003,0.9999002032449661,1.0,0.0,0.9999001982644662,142.7915096282959,36.55409812927246,0.07581710815429688,1.1334419250488281,180.61113357543945
35,0.9999999999986993,0.999999990039307,99.99999999973986,99.9999980078614,[0 0 0 0 0 0 0],[0.0000 0.0000 0.0000 0.0000 0.0000 0.0000 0.0000],0.999999995019003,0.9999002032449661,1.0,0.0,0.9999001982644662,105.35502433776855,34.51275825500488,0.08082389831542969,1.615762710571289,141.62278175354004
35,0.9999999999986993,0.999999990039307,99.99999999973986,99.9999980078614,[0 0 0 0 0 0 0],[0.0000 0.0000 0.0000 0.0000 0.0000 0.0000 0.0000],0.999999995019003,0.9999002032449661,1.0,0.0,0.9999001982644662,132.33232498168945,35.70961952209473,0.08654594421386719,1.5878677368164062,169.76404190063477
35,0.9999999999986993,0.999999990039307,99.99999999973986,99.9999980078614,[0 0 0 0 0 0 0],[0.0000 0.0000 0.0000 0.0000 0.0000 0.0000 0.0000],0.999999995019003,0.9999002032449661,1.0,0.0,0.9999001982644662,160.7677936553955,38.12527656555176,0.04792213439941406,0.9839534759521484,199.97024536132812
35,0.9999999999986993,0.999999990039307,99.99999999973986,99.9999980078614,[0 0 0 0 0 0 0],[0.0000 0.0000 0.0000 0.0000 0.0000 0.0000 0.0000],0.999999995019003,0.9999002032449661,1.0,0.0,0.9999001982644662,140.45310020446777,39.41965103149414,0.07700920104980469,1.0590553283691406,181.05077743530273
35,0.9999999999986993,0.999999990039307,99.99999999973986,99.9999980078614,[0 0 0 0 0 0 0],[0.0000 0.0000 0.0000 0.0000 0.0000 0.0000 0.0000],0.999999995019003,0.9999002032449661,1.0,0.0,0.9999001982644662,117.2642707824707,32.3636531829834,0.05698204040527344,1.355886459350586,151.1080265045166
35,0.9999999999986993,0.999999990039307,99.99999999973986,99.9999980078614,[0 0 0 0 0 0 0],[0.0000 0.0000 0.0000 0.0000 0.0000 0.0000 0.0000],0.999999995019003,0.9999002032449661,1.0,0.0,0.9999001982644662,151.9148349761963,37.23025321960449,0.07390975952148438,1.2328624725341797,190.50312042236328
35,0.9999999999986993,0.999999990039307,99.99999999973986,99.9999980078614,[0 0 0 0 0 0 0],[0.0000 0.0000 0.0000 0.0000 0.0000 0.0000 0.0000],0.999999995019003,0.9999002032449661,1.0,0.0,0.9999001982644662,129.3635368347168,40.02976417541504,0.07152557373046875,1.2531280517578125,170.75753211975098
35,0.9999999999986993,0.999999990039307,99.99999999973986,99.9999980078614,[0 0 0 0 0 0 0],[0.0000 0.0000 0.0000 0.0000 0.0000 0.0000 0.0000],0.999999995019003,0.9999002032449661,1.0,0.0,0.9999001982644662,139.12248611450195,40.221214294433594,0.08487701416015625,1.2052059173583984,180.68289756774902
35,0.9999999999986993,0.999999990039307,99.99999999973986,99.9999980078614,[0 0 0 0 0 0 0],[0.0000 0.0000 0.0000 0.0000 0.0000 0.0000 0.0000],0.999999995019003,0.9999002032449661,1.0,0.0,0.9999001982644662,145.41864395141602,33.89477729797363,0.06866455078125,1.0135173797607422,180.44805526733398
35,0.9999999999986993,0.999999990039307,99.99999999973986,99.9999980078614,[0 0 0 0 0 0 0],[0.0000 0.0000 0.0000 0.0000 0.0000 0.0000 0.0000],0.999999995019003,0.9999002032449661,1.0,0.0,0.9999001982644662,146.12889289855957,33.68496894836426,0.07843971252441406,1.2240409851074219,181.20479583740234
35,0.9999999999999993,0.9999999999307663,99.99999999999986,99.99999998615326,[   0    0 1400 1495    0    0    0],[0.0000 0.0000 0.3111 0.3322 0.0000 0.0000 0.0000],0.9999999999653828,0.9999916793623781,0.6677777777777778,0.3322222222222222,0.6677722214177606,115.22793769836426,33.820390701293945,0.09012222290039062,1.2831687927246094,150.47454833984375
35,0.9999999999999991,0.9999999999137363,99.99999999999983,99.99999998274725,[   0    0 1525 1628    0    0    0],[0.0000 0.0000 0.3389 0.3618 0.0000 0.0000 0.0000],0.9999999999568678,0.9999907122191886,0.6382222222222222,0.36177777777777775,0.6382162945265857,139.41645622253418,39.905548095703125,0.08368492126464844,1.2524127960205078,180.72009086608887
35,0.9999999999999984,0.999999999879527,99.99999999999969,99.99999997590541,[   0    0 1724 1830    0    0    0],[0.0000 0.0000 0.3831 0.4067 0.0000 0.0000 0.0000],0.9999999999397627,0.9999890240543013,0.5933333333333333,0.4066666666666667,0.593326820903145,144.3784236907959,34.967899322509766,0.09250640869140625,1.4057159423828125,180.88936805725098
35,0.9999999999999976,0.9999999998385647,99.99999999999952,99.99999996771294,[   0    0 1900 2007    0    0    0],[0.0000 0.0000 0.4222 0.4460 0.0000 0.0000 0.0000],0.9999999999192812,0.9999872943755085,0.554,0.446,0.5539929610393141,115.07320404052734,34.801483154296875,0.07367134094238281,0.9901523590087891,150.98953247070312
35,0.9999999999999969,0.9999999998151223,99.99999999999937,99.99999996302446,[   0    0 1977 2089    0    0    0],[0.0000 0.0000 0.4393 0.4642 0.0000 0.0000 0.0000],0.9999999999075595,0.999986403141862,0.5357777777777778,0.4642222222222222,0.535770492833813,110.51750183105469,37.70947456359863,0.07414817810058594,0.9856224060058594,149.33347702026367
35,0.9999999999999964,0.9999999997896714,99.99999999999929,99.99999995793428,[   0    0 2054 2167    0    0    0],[0.0000 0.0000 0.4564 0.4816 0.0000 0.0000 0.0000],0.999999999894834,0.9999854974121223,0.5184444444444445,0.48155555555555557,0.5184369256038073,77.77667045593262,31.477928161621094,0.06389617919921875,1.0318756103515625,110.38327217102051
35,0.9999999999999956,0.9999999997571289,99.99999999999912,99.99999995142579,[   0    0 2140 2254    0    0    0],[0.0000 0.0000 0.4756 0.5009 0.0000 0.0000 0.0000],0.9999999998785623,0.9999844158210524,0.49911111111111106,0.5008888888888889,0.4991033328136308,106.37044906616211,33.31160545349121,0.09393692016601562,1.346588134765625,141.16907119750977
35,0.9999999999980265,0.9999974736145156,99.99999999960528,99.99949472290314,[   0 1610 2280 2400    0    0    0],[0.0000 0.3578 0.5067 0.5333 0.0000 0.0000 0.0000],0.999998736806271,0.9984105398681589,0.4666666666666667,0.5333333333333333,0.46592433005170547,121.82092666625977,37.238359451293945,0.06628036499023438,0.9818077087402344,160.15100479125977
35,0.999999999998098,0.999998028507933,99.9999999996196,99.9996057015866,[   0 1732 2367 2480    0    0    0],[0.0000 0.3849 0.5260 0.5511 0.0000 0.0000 0.0000],0.9999990142530154,0.9985959023662847,0.4488888888888889,0.5511111111111111,0.4482581631926306,104.0337085723877,35.317420959472656,0.06580352783203125,0.9870529174804688,140.43903350830078
35,0.9999999999988147,0.9999985323172835,99.99999999976293,99.9997064634567,[   0 1944 2530 2637 1267    0    0],[0.0000 0.4320 0.5622 0.5860 0.2816 0.0000 0.0000],0.9999992661580491,0.998788520932433,0.41400000000000003,0.586,0.41349814422351977,106.03713989257812,33.42580795288086,0.07033348083496094,0.9386539459228516,140.51079750061035
35,0.9999999999987608,0.9999987320935149,99.99999999975216,99.99974641870298,[   0 2029 2610 2712 1431    0    0],[0.0000 0.4509 0.5800 0.6027 0.3180 0.0000 0.0000],0.9999993660461379,0.9988739870134424,0.3973333333333333,0.6026666666666667,0.3968856792326391,74.25236701965332,35.03298759460449,0.07271766662597656,0.9474754333496094,110.3518009185791
35,0.9999999999986648,0.9999988853985049,99.99999999973298,99.99977707970098,[   0 2115 2707 2799 1573    0    0],[0.0000 0.4700 0.6016 0.6220 0.3496 0.0000 0.0000],0.9999994426985849,0.9989442537426028,0.378,0.622,0.3776007174771724,82.8700065612793,36.516427993774414,0.06842613220214844,0.9322166442871094,120.42808532714844
35,0.999999999998598,0.9999990273006194,99.99999999971959,99.99980546012387,[   0 2192 2796 2864 1684    0    0],[0.0000 0.4871 0.6213 0.6364 0.3742 0.0000 0.0000],0.9999995136496086,0.9990137454797948,0.3635555555555555,0.6364444444444445,0.3631968206045414,101.33910179138184,38.024187088012695,0.0457763671875,0.8702278137207031,140.32793045043945
35,0.9999999999982983,0.9999991921940221,99.99999999965965,99.99983843880443,[   0 2347 2997 3048 1893    0    0],[0.0000 0.5216 0.6660 0.6773 0.4207 0.0000 0.0000],0.9999995960961602,0.9991012206744184,0.32266666666666666,0.6773333333333333,0.32237653032844127,77.83007621765137,31.661510467529297,0.051021575927734375,0.7941722869873047,110.3813648223877
35,0.9999999999980886,0.9999992461691691,99.99999999961773,99.99984923383383,[   0 2417 3103 3140 1987    0    0],[0.0000 0.5371 0.6896 0.6978 0.4416 0.0000 0.0000],0.9999996230836288,0.999131766782771,0.30222222222222217,0.6977777777777778,0.3019597090363034,86.77268028259277,33.04338455200195,0.06914138793945312,1.0745525360107422,121.0324764251709
35,0.9999999999977907,0.9999992938795349,99.99999999955813,99.99985877590697,[   0 2491 3229 3242 2090    0    0],[0.0000 0.5536 0.7176 0.7204 0.4644 0.0000 0.0000],0.9999996469386627,0.9991596915710421,0.27955555555555556,0.7204444444444444,0.2793205440485406,118.40367317199707,31.063318252563477,0.07152557373046875,0.9949207305908203,150.56777000427246
35,0.9999999999969413,0.9999993700287869,99.99999999938828,99.99987400575739,[   0 2644 3502 3465 2271    0    0],[0.0000 0.5876 0.7782 0.7700 0.5047 0.0000 0.0000],0.9999996850128642,0.9992062946677501,0.22177777777777774,0.7782222222222223,0.22160168177127998,111.18054389953613,38.15650939941406,0.06437301635742188,0.9784698486328125,150.43091773986816
35,0.9999999999963285,0.9999994179206269,99.9999999992657,99.99988358412537,[   0 2733 3665 3587 2374    0    0],[0.0000 0.6073 0.8144 0.7971 0.5276 0.0000 0.0000],0.9999997089584777,0.9992370611416178,0.18555555555555558,0.8144444444444444,0.18541393404866424,102.04672813415527,37.31513023376465,0.04887580871582031,0.7290840148925781,140.1824951171875
35,0.9999999999955391,0.9999994572585952,99.99999999910781,99.99989145171904,[   0 2826 3830 3722 2475    0    0],[0.0000 0.6280 0.8511 0.8271 0.5500 0.0000 0.0000],0.9999997286270671,0.9992632931764366,0.14888888888888885,0.8511111111111112,0.1487791610538434,86.88998222351074,30.494213104248047,0.080108642578125,0.9226799011230469,118.43299865722656
35,0.9999999999932474,0.9999995505882971,99.99999999864949,99.99991011765943,[   0 3056 4191 4046 2704    0    0],[0.0000 0.6791 0.9313 0.8991 0.6009 0.0000 0.0000],0.9999997752907723,0.9993296232773266,0.06866666666666665,0.9313333333333333,0.06862061871202005,100.98028182983398,30.90071678161621,0.07295608520507812,1.056671142578125,133.04448127746582
35,0.9999999999927234,0.9999996456898411,99.99999999854467,99.99992913796822,[   0 3235 4321 4242 2823    0    0],[0.0000 0.7189 0.9602 0.9427 0.6273 0.0000 0.0000],0.9999998228412822,0.9994047665313383,0.0397777777777778,0.9602222222222222,0.03975409367034997,115.64397811889648,33.670902252197266,0.04696846008300781,0.8866786956787109,150.29144287109375
35,0.9999999999927991,0.9999997341307217,99.99999999855982,99.99994682614434,[   0 3430 4395 4439 2978    0    0],[0.0000 0.7622 0.9767 0.9864 0.6618 0.0000 0.0000],0.9999998670617604,0.9994843818492486,0.013555555555555543,0.9864444444444445,0.013548564263945058,105.18908500671387,35.210371017456055,0.04792213439941406,1.3930797576904297,141.8771743774414
