36,1.0,0.9999999772514226,100.0,99.99999545028453,[0 0 0 0 0 0 0],[0.0000 0.0000 0.0000 0.0000 0.0000 0.0000 0.0000],0.9999999886257114,0.9998491736848201,1.0,0.0,0.999849162312247,91.03679656982422,36.948442459106445,0.05507469177246094,0.7796287536621094,128.85141372680664
36,1.0,0.9999999772514226,100.0,99.99999545028453,[0 0 0 0 0 0 0],[0.0000 0.0000 0.0000 0.0000 0.0000 0.0000 0.0000],0.9999999886257114,0.9998491736848201,1.0,0.0,0.999849162312247,77.6982307434082,40.38596153259277,0.04029273986816406,0.8697509765625,119.0488338470459
36,1.0,0.9999999772514226,100.0,99.99999545028453,[0 0 0 0 0 0 0],[0.0000 0.0000 0.0000 0.0000 0.0000 0.0000 0.0000],0.9999999886257114,0.9998491736848201,1.0,0.0,0.999849162312247,93.09267997741699,36.599159240722656,0.03814697265625,0.6301403045654297,130.4001808166504
36,1.0,0.9999999772514226,100.0,99.99999545028453,[0 0 0 0 0 0 0],[0.0000 0.0000 0.0000 0.0000 0.0000 0.0000 0.0000],0.9999999886257114,0.9998491736848201,1.0,0.0,0.999849162312247,73.57025146484375,36.38911247253418,0.03647804260253906,0.8068084716796875,110.82816123962402
36,1.0,0.9999999772514226,100.0,99.99999545028453,[0 0 0 0 0 0 0],[0.0000 0.0000 0.0000 0.0000 0.0000 0.0000 0.0000],0.9999999886257114,0.9998491736848201,1.0,0.0,0.999849162312247,114.11118507385254,35.634756088256836,0.03361701965332031,0.9229183197021484,150.73657035827637
36,1.0,0.9999999772514226,100.0,99.99999545028453,[0 0 0 0 0 0 0],[0.0000 0.0000 0.0000 0.0000 0.0000 0.0000 0.0000],0.9999999886257114,0.9998491736848201,1.0,0.0,0.999849162312247,47.11747169494629,40.498971939086914,0.054836273193359375,0.8404254913330078,88.5457992553711
36,1.0,0.9999999772514226,100.0,99.99999545028453,[0 0 0 0 0 0 0],[0.0000 0.0000 0.0000 0.0000 0.0000 0.0000 0.0000],0.9999999886257114,0.9998491736848201,1.0,0.0,0.999849162312247,66.85090065002441,33.6918830871582,0.029802322387695312,0.8981227874755859,101.50265693664551
36,1.0,0.9999999772514226,100.0,99.99999545028453,[0 0 0 0 0 0 0],[0.0000 0.0000 0.0000 0.0000 0.0000 0.0000 0.0000],0.9999999886257114,0.9998491736848201,1.0,0.0,0.999849162312247,61.52153015136719,36.0262393951416,0.04076957702636719,0.7822513580322266,98.41275215148926
36,1.0,0.9999999772514226,100.0,99.99999545028453,[0 0 0 0 0 0 0],[0.0000 0.0000 0.0000 0.0000 0.0000 0.0000 0.0000],0.9999999886257114,0.9998491736848201,1.0,0.0,0.999849162312247,67.95525550842285,31.534671783447266,0.030755996704101562,0.6039142608642578,100.15988349914551
36,1.0,0.9999999772514226,100.0,99.99999545028453,[0 0 0 0 0 0 0],[0.0000 0.0000 0.0000 0.0000 0.0000 0.0000 0.0000],0.9999999886257114,0.9998491736848201,1.0,0.0,0.999849162312247,58.90917778015137,30.855417251586914,0.053882598876953125,0.8115768432617188,90.66581726074219
36,1.0,0.9999999772514226,100.0,99.99999545028453,[0 0 0 0 0 0 0],[0.0000 0.0000 0.0000 0.0000 0.0000 0.0000 0.0000],0.9999999886257114,0.9998491736848201,1.0,0.0,0.999849162312247,85.79730987548828,33.876895904541016,0.049114227294921875,1.2028217315673828,120.9864616394043
36,1.0,0.9999999772514226,100.0,99.99999545028453,[0 0 0 0 0 0 0],[0.0000 0.0000 0.0000 0.0000 0.0000 0.0000 0.0000],0.9999999886257114,0.9998491736848201,1.0,0.0,0.999849162312247,58.59875679016113,40.21024703979492,0.0553131103515625,0.9491443634033203,99.90358352661133
36,1.0,0.9999999772514226,100.0,99.99999545028453,[0 0 0 0 0 0 0],[0.0000 0.0000 0.0000 0.0000 0.0000 0.0000 0.0000],0.9999999886257114,0.9998491736848201,1.0,0.0,0.999849162312247,57.6016902923584,31.34012222290039,0.029087066650390625,0.5548000335693359,89.55693244934082
36,1.0,0.9999999772514226,100.0,99.99999545028453,[0 0 0 0 0 0 0],[0.0000 0.0000 0.0000 0.0000 0.0000 0.0000 0.0000],0.9999999886257114,0.9998491736848201,1.0,0.0,0.999849162312247,54.28957939147949,35.71891784667969,0.053882598876953125,0.8938312530517578,90.9879207611084
36,1.0,0.9999999772514226,100.0,99.99999545028453,[0 0 0 0 0 0 0],[0.0000 0.0000 0.0000 0.0000 0.0000 0.0000 0.0000],0.9999999886257114,0.9998491736848201,1.0,0.0,0.999849162312247,111.57631874084473,38.1467342376709,0.05817413330078125,0.7815361022949219,150.6185531616211
36,1.0,0.9999999772514226,100.0,99.99999545028453,[0 0 0 0 0 0 0],[0.0000 0.0000 0.0000 0.0000 0.0000 0.0000 0.0000],0.9999999886257114,0.9998491736848201,1.0,0.0,0.999849162312247,108.85977745056152,34.40380096435547,0.04482269287109375,2.1703243255615234,145.64013481140137
36,1.0,0.9999999772514226,100.0,99.99999545028453,[0 0 0 0 0 0 0],[0.0000 0.0000 0.0000 0.0000 0.0000 0.0000 0.0000],0.9999999886257114,0.9998491736848201,1.0,0.0,0.999849162312247,95.47305107116699,39.30544853210449,0.06008148193359375,0.9942054748535156,135.8814239501953
36,1.0,0.9999999772514226,100.0,99.99999545028453,[0 0 0 0 0 0 0],[0.0000 0.0000 0.0000 0.0000 0.0000 0.0000 0.0000],0.9999999886257114,0.9998491736848201,1.0,0.0,0.999849162312247,58.83073806762695,40.68470001220703,0.0476837158203125,0.8945465087890625,100.53682327270508
36,1.0,0.9999999772514226,100.0,99.99999545028453,[0 0 0 0 0 0 0],[0.0000 0.0000 0.0000 0.0000 0.0000 0.0000 0.0000],0.9999999886257114,0.9998491736848201,1.0,0.0,0.999849162312247,47.911643981933594,30.756711959838867,0.05459785461425781,0.7152557373046875,79.47015762329102
36,1.0,0.9999999772514226,100.0,99.99999545028453,[0 0 0 0 0 0 0],[0.0000 0.0000 0.0000 0.0000 0.0000 0.0000 0.0000],0.9999999886257114,0.9998491736848201,1.0,0.0,0.999849162312247,86.97891235351562,32.66644477844238,0.02956390380859375,0.5872249603271484,120.28908729553223
36,1.0,0.9999999772514226,100.0,99.99999545028453,[0 0 0 0 0 0 0],[0.0000 0.0000 0.0000 0.0000 0.0000 0.0000 0.0000],0.9999999886257114,0.9998491736848201,1.0,0.0,0.999849162312247,56.383609771728516,33.55550765991211,0.052928924560546875,0.9047985076904297,90.93093872070312
36,1.0,0.9999999772514226,100.0,99.99999545028453,[0 0 0 0 0 0 0],[0.0000 0.0000 0.0000 0.0000 0.0000 0.0000 0.0000],0.9999999886257114,0.9998491736848201,1.0,0.0,0.999849162312247,70.18303871154785,38.96188735961914,0.028848648071289062,0.7810592651367188,109.98225212097168
36,1.0,0.9999999772514226,100.0,99.99999545028453,[0 0 0 0 0 0 0],[0.0000 0.0000 0.0000 0.0000 0.0000 0.0000 0.0000],0.9999999886257114,0.9998491736848201,1.0,0.0,0.999849162312247,53.813934326171875,35.993099212646484,0.0553131103515625,0.7803440093994141,90.67487716674805
36,1.0,0.9999999772514226,100.0,99.99999545028453,[0 0 0 0 0 0 0],[0.0000 0.0000 0.0000 0.0000 0.0000 0.0000 0.0000],0.9999999886257114,0.9998491736848201,1.0,0.0,0.999849162312247,70.36876678466797,38.893938064575195,0.031948089599609375,0.7653236389160156,110.13674736022949
36,1.0,0.9999999772514226,100.0,99.99999545028453,[0 0 0 0 0 0 0],[0.0000 0.0000 0.0000 0.0000 0.0000 0.0000 0.0000],0.9999999886257114,0.9998491736848201,1.0,0.0,0.999849162312247,58.32624435424805,31.366586685180664,0.05984306335449219,0.8440017700195312,90.63529968261719
36,1.0,0.9999999772514226,100.0,99.99999545028453,[0 0 0 0 0 0 0],[0.0000 0.0000 0.0000 0.0000 0.0000 0.0000 0.0000],0.9999999886257114,0.9998491736848201,1.0,0.0,0.999849162312247,69.09632682800293,40.36116600036621,0.029087066650390625,0.8027553558349609,110.32319068908691
36,1.0,0.9999999772514226,100.0,99.99999545028453,[0 0 0 0 0 0 0],[0.0000 0.0000 0.0000 0.0000 0.0000 0.0000 0.0000],0.9999999886257114,0.9998491736848201,1.0,0.0,0.999849162312247,53.73501777648926,35.93635559082031,0.05602836608886719,0.804901123046875,90.56425094604492
36,1.0,0.9999999772514226,100.0,99.99999545028453,[0 0 0 0 0 0 0],[0.0000 0.0000 0.0000 0.0000 0.0000 0.0000 0.0000],0.9999999886257114,0.9998491736848201,1.0,0.0,0.999849162312247,75.18649101257324,34.21330451965332,0.056743621826171875,0.7450580596923828,110.24284362792969
36,1.0,0.9999999772514226,100.0,99.99999545028453,[0 0 0 0 0 0 0],[0.0000 0.0000 0.0000 0.0000 0.0000 0.0000 0.0000],0.9999999886257114,0.9998491736848201,1.0,0.0,0.999849162312247,56.30302429199219,33.13803672790527,0.05364418029785156,0.820159912109375,90.34919738769531
36,1.0,0.9999999772514226,100.0,99.99999545028453,[0 0 0 0 0 0 0],[0.0000 0.0000 0.0000 0.0000 0.0000 0.0000 0.0000],0.9999999886257114,0.9998491736848201,1.0,0.0,0.999849162312247,76.74884796142578,32.514333724975586,0.026941299438476562,0.5707740783691406,109.90262031555176
36,1.0,0.9999999772514226,100.0,99.99999545028453,[0 0 0 0 0 0 0],[0.0000 0.0000 0.0000 0.0000 0.0000 0.0000 0.0000],0.9999999886257114,0.9998491736848201,1.0,0.0,0.999849162312247,48.816680908203125,31.174182891845703,0.051975250244140625,0.7846355438232422,80.86013793945312
36,1.0,0.9999999772514226,100.0,99.99999545028453,[0 0 0 0 0 0 0],[0.0000 0.0000 0.0000 0.0000 0.0000 0.0000 0.0000],0.9999999886257114,0.9998491736848201,1.0,0.0,0.999849162312247,75.28281211853027,34.31344032287598,0.06318092346191406,1.1186599731445312,110.84175109863281
36,1.0,0.9999999772514226,100.0,99.99999545028453,[0 0 0 0 0 0 0],[0.0000 0.0000 0.0000 0.0000 0.0000 0.0000 0.0000],0.9999999886257114,0.9998491736848201,1.0,0.0,0.999849162312247,60.452938079833984,38.667917251586914,0.06031990051269531,0.8749961853027344,100.08811950683594
36,1.0,0.9999999772514226,100.0,99.99999545028453,[0 0 0 0 0 0 0],[0.0000 0.0000 0.0000 0.0000 0.0000 0.0000 0.0000],0.9999999886257114,0.9998491736848201,1.0,0.0,0.999849162312247,55.02057075500488,35.025596618652344,0.042438507080078125,0.7052421569824219,90.82460403442383
36,1.0,0.9999999772514226,100.0,99.99999545028453,[0 0 0 0 0 0 0],[0.0000 0.0000 0.0000 0.0000 0.0000 0.0000 0.0000],0.9999999886257114,0.9998491736848201,1.0,0.0,0.999849162312247,62.616825103759766,33.10990333557129,0.0629425048828125,0.9243488311767578,96.82822227478027
36,1.0,0.9999999772514226,100.0,99.99999545028453,[0 0 0 0 0 0 0],[0.0000 0.0000 0.0000 0.0000 0.0000 0.0000 0.0000],0.9999999886257114,0.9998491736848201,1.0,0.0,0.999849162312247,68.36724281311035,28.176546096801758,0.055789947509765625,0.7708072662353516,97.3966121673584
36,1.0,0.9999999772514226,100.0,99.99999545028453,[0 0 0 0 0 0 0],[0.0000 0.0000 0.0000 0.0000 0.0000 0.0000 0.0000],0.9999999886257114,0.9998491736848201,1.0,0.0,0.999849162312247,67.0475959777832,35.04061698913574,0.05125999450683594,0.7836818695068359,103.1348705291748
36,1.0,0.9999999772514226,100.0,99.99999545028453,[0 0 0 0 0 0 0],[0.0000 0.0000 0.0000 0.0000 0.0000 0.0000 0.0000],0.9999999886257114,0.9998491736848201,1.0,0.0,0.999849162312247,75.86359977722168,33.56432914733887,0.04267692565917969,0.7221698760986328,110.22710800170898
36,1.0,0.9999999772514226,100.0,99.99999545028453,[0 0 0 0 0 0 0],[0.0000 0.0000 0.0000 0.0000 0.0000 0.0000 0.0000],0.9999999886257114,0.9998491736848201,1.0,0.0,0.999849162312247,56.1375617980957,33.646583557128906,0.05412101745605469,0.8826255798339844,90.75331687927246
36,1.0,0.9999999772514226,100.0,99.99999545028453,[0 0 0 0 0 0 0],[0.0000 0.0000 0.0000 0.0000 0.0000 0.0000 0.0000],0.9999999886257114,0.9998491736848201,1.0,0.0,0.999849162312247,69.37766075134277,39.853572845458984,0.053882598876953125,0.6723403930664062,110.04352569580078
36,1.0,0.9999999772514226,100.0,99.99999545028453,[0 0 0 0 0 0 0],[0.0000 0.0000 0.0000 0.0000 0.0000 0.0000 0.0000],0.9999999886257114,0.9998491736848201,1.0,0.0,0.999849162312247,54.04400825500488,35.80331802368164,0.06175041198730469,0.8730888366699219,90.81411361694336
36,1.0,0.9999999772514226,100.0,99.99999545028453,[0 0 0 0 0 0 0],[0.0000 0.0000 0.0000 0.0000 0.0000 0.0000 0.0000],0.9999999886257114,0.9998491736848201,1.0,0.0,0.999849162312247,71.42329216003418,37.70565986633301,0.030994415283203125,0.797271728515625,109.98392105102539
36,1.0,0.9999999772514226,100.0,99.99999545028453,[0 0 0 0 0 0 0],[0.0000 0.0000 0.0000 0.0000 0.0000 0.0000 0.0000],0.9999999886257114,0.9998491736848201,1.0,0.0,0.999849162312247,61.96761131286621,37.903785705566406,0.06747245788574219,0.8234977722167969,100.79646110534668
36,1.0,0.9999999772514226,100.0,99.99999545028453,[0 0 0 0 0 0 0],[0.0000 0.0000 0.0000 0.0000 0.0000 0.0000 0.0000],0.9999999886257114,0.9998491736848201,1.0,0.0,0.999849162312247,70.48225402832031,39.040565490722656,0.03886222839355469,0.7314682006835938,110.32795906066895
36,1.0,0.9999999772514226,100.0,99.99999545028453,[0 0 0 0 0 0 0],[0.0000 0.0000 0.0000 0.0000 0.0000 0.0000 0.0000],0.9999999886257114,0.9998491736848201,1.0,0.0,0.999849162312247,51.29861831665039,38.07497024536133,0.05555152893066406,0.7953643798828125,90.26384353637695
36,1.0,0.9999999772514226,100.0,99.99999545028453,[0 0 0 0 0 0 0],[0.0000 0.0000 0.0000 0.0000 0.0000 0.0000 0.0000],0.9999999886257114,0.9998491736848201,1.0,0.0,0.999849162312247,82.98850059509277,36.79299354553223,0.030994415283203125,0.9706020355224609,120.81170082092285
36,1.0,0.9999999772514226,100.0,99.99999545028453,[0 0 0 0 0 0 0],[0.0000 0.0000 0.0000 0.0000 0.0000 0.0000 0.0000],0.9999999886257114,0.9998491736848201,1.0,0.0,0.999849162312247,71.39086723327637,37.85228729248047,0.05125999450683594,0.926971435546875,110.27050018310547
36,1.0,0.9999999772514226,100.0,99.99999545028453,[0 0 0 0 0 0 0],[0.0000 0.0000 0.0000 0.0000 0.0000 0.0000 0.0000],0.9999999886257114,0.9998491736848201,1.0,0.0,0.999849162312247,71.52152061462402,37.88495063781738,0.05936622619628906,0.6120204925537109,110.1083755493164
36,1.0,0.9999999772514226,100.0,99.99999545028453,[0 0 0 0 0 0 0],[0.0000 0.0000 0.0000 0.0000 0.0000 0.0000 0.0000],0.9999999886257114,0.9998491736848201,1.0,0.0,0.999849162312247,108.28518867492676,31.690359115600586,0.03170967102050781,0.5350112915039062,140.5792236328125
36,1.0,0.9999999772514226,100.0,99.99999545028453,[0 0 0 0 0 0 0],[0.0000 0.0000 0.0000 0.0000 0.0000 0.0000 0.0000],0.9999999886257114,0.9998491736848201,1.0,0.0,0.999849162312247,98.55270385742188,31.6162109375,0.047206878662109375,0.8876323699951172,131.148099899292
36,1.0,0.9999999772514226,100.0,99.99999545028453,[0 0 0 0 0 0 0],[0.0000 0.0000 0.0000 0.0000 0.0000 0.0000 0.0000],0.9999999886257114,0.9998491736848201,1.0,0.0,0.999849162312247,74.78857040405273,34.945011138916016,0.08559226989746094,0.8692741394042969,110.75830459594727
36,1.0,0.9999999772514226,100.0,99.99999545028453,[0 0 0 0 0 0 0],[0.0000 0.0000 0.0000 0.0000 0.0000 0.0000 0.0000],0.9999999886257114,0.9998491736848201,1.0,0.0,0.999849162312247,42.1755313873291,36.836862564086914,0.06937980651855469,0.9510517120361328,80.07478713989258
36,1.0,0.9999999772514226,100.0,99.99999545028453,[0 0 0 0 0 0 0],[0.0000 0.0000 0.0000 0.0000 0.0000 0.0000 0.0000],0.9999999886257114,0.9998491736848201,1.0,0.0,0.999849162312247,69.04077529907227,40.0848388671875,0.029325485229492188,0.7860660552978516,109.97557640075684
36,1.0,0.9999999772514226,100.0,99.99999545028453,[0 0 0 0 0 0 0],[0.0000 0.0000 0.0000 0.0000 0.0000 0.0000 0.0000],0.9999999886257114,0.9998491736848201,1.0,0.0,0.999849162312247,127.22182273864746,30.382871627807617,0.039577484130859375,0.6694793701171875,158.3573818206787
36,1.0,0.9999999772514226,100.0,99.99999545028453,[0 0 0 0 0 0 0],[0.0000 0.0000 0.0000 0.0000 0.0000 0.0000 0.0000],0.9999999886257114,0.9998491736848201,1.0,0.0,0.999849162312247,60.22763252258301,31.879663467407227,0.03409385681152344,0.6396770477294922,92.80920028686523
36,1.0,0.9999999772514226,100.0,99.99999545028453,[0 0 0 0 0 0 0],[0.0000 0.0000 0.0000 0.0000 0.0000 0.0000 0.0000],0.9999999886257114,0.9998491736848201,1.0,0.0,0.999849162312247,73.79984855651855,36.045074462890625,0.04696846008300781,0.7688999176025391,110.75830459594727
36,1.0,0.9999999772514226,100.0,99.99999545028453,[0 0 0 0 0 0 0],[0.0000 0.0000 0.0000 0.0000 0.0000 0.0000 0.0000],0.9999999886257114,0.9998491736848201,1.0,0.0,0.999849162312247,53.60054969787598,35.90965270996094,0.045299530029296875,0.9326934814453125,90.51847457885742
36,1.0,0.9999999772514226,100.0,99.99999545028453,[0 0 0 0 0 0 0],[0.0000 0.0000 0.0000 0.0000 0.0000 0.0000 0.0000],0.9999999886257114,0.9998491736848201,1.0,0.0,0.999849162312247,67.65866279602051,31.354188919067383,0.05888938903808594,0.8406639099121094,99.9453067779541
36,1.0,0.9999999772514226,100.0,99.99999545028453,[0 0 0 0 0 0 0],[0.0000 0.0000 0.0000 0.0000 0.0000 0.0000 0.0000],0.9999999886257114,0.9998491736848201,1.0,0.0,0.999849162312247,52.30236053466797,37.02712059020996,0.03457069396972656,0.5400180816650391,89.94078636169434
36,1.0,0.9999999772514226,100.0,99.99999545028453,[0 0 0 0 0 0 0],[0.0000 0.0000 0.0000 0.0000 0.0000 0.0000 0.0000],0.9999999886257114,0.9998491736848201,1.0,0.0,0.999849162312247,79.59198951721191,30.31158447265625,0.03218650817871094,0.5276203155517578,110.49509048461914
36,1.0,0.9999999772514226,100.0,99.99999545028453,[0 0 0 0 0 0 0],[0.0000 0.0000 0.0000 0.0000 0.0000 0.0000 0.0000],0.9999999886257114,0.9998491736848201,1.0,0.0,0.999849162312247,55.516719818115234,34.4235897064209,0.038623809814453125,1.140594482421875,91.15481376647949
36,1.0,0.9999999772514226,100.0,99.99999545028453,[0 0 0 0 0 0 0],[0.0000 0.0000 0.0000 0.0000 0.0000 0.0000 0.0000],0.9999999886257114,0.9998491736848201,1.0,0.0,0.999849162312247,108.19864273071289,30.898094177246094,0.07176399230957031,1.3415813446044922,140.54584503173828
36,1.0,0.9999999772514226,100.0,99.99999545028453,[0 0 0 0 0 0 0],[0.0000 0.0000 0.0000 0.0000 0.0000 0.0000 0.0000],0.9999999886257114,0.9998491736848201,1.0,0.0,0.999849162312247,57.245492935180664,31.26049041748047,0.05412101745605469,0.8428096771240234,89.44225311279297
36,1.0,0.9999999772514226,100.0,99.99999545028453,[0 0 0 0 0 0 0],[0.0000 0.0000 0.0000 0.0000 0.0000 0.0000 0.0000],0.9999999886257114,0.9998491736848201,1.0,0.0,0.999849162312247,79.1785717010498,40.23885726928711,0.039577484130859375,0.6966590881347656,120.1791763305664
36,1.0,0.9999999772514226,100.0,99.99999545028453,[0 0 0 0 0 0 0],[0.0000 0.0000 0.0000 0.0000 0.0000 0.0000 0.0000],0.9999999886257114,0.9998491736848201,1.0,0.0,0.999849162312247,49.79348182678223,39.93582725524902,0.07462501525878906,0.8969306945800781,90.73781967163086
36,1.0,0.9999999772514226,100.0,99.99999545028453,[0 0 0 0 0 0 0],[0.0000 0.0000 0.0000 0.0000 0.0000 0.0000 0.0000],0.9999999886257114,0.9998491736848201,1.0,0.0,0.999849162312247,69.30422782897949,39.994239807128906,0.04100799560546875,0.6208419799804688,109.98868942260742
36,1.0,0.9999999772514226,100.0,99.99999545028453,[0 0 0 0 0 0 0],[0.0000 0.0000 0.0000 0.0000 0.0000 0.0000 0.0000],0.9999999886257114,0.9998491736848201,1.0,0.0,0.999849162312247,50.44221878051758,39.2916202545166,0.052928924560546875,0.8289813995361328,90.64745903015137
36,1.0,0.9999999772514226,100.0,99.99999545028453,[0 0 0 0 0 0 0],[0.0000 0.0000 0.0000 0.0000 0.0000 0.0000 0.0000],0.9999999886257114,0.9998491736848201,1.0,0.0,0.999849162312247,66.08963012695312,33.347368240356445,0.029325485229492188,0.5519390106201172,100.06284713745117
36,1.0,0.9999999772514226,100.0,99.99999545028453,[0 0 0 0 0 0 0],[0.0000 0.0000 0.0000 0.0000 0.0000 0.0000 0.0000],0.9999999886257114,0.9998491736848201,1.0,0.0,0.999849162312247,55.91320991516113,34.0580940246582,0.05984306335449219,0.9322166442871094,90.99483489990234
36,1.0,0.9999999772514226,100.0,99.99999545028453,[0 0 0 0 0 0 0],[0.0000 0.0000 0.0000 0.0000 0.0000 0.0000 0.0000],0.9999999886257114,0.9998491736848201,1.0,0.0,0.999849162312247,80.28197288513184,39.18910026550293,0.04100799560546875,1.0766983032226562,120.66984176635742
36,1.0,0.9999999772514226,100.0,99.99999545028453,[0 0 0 0 0 0 0],[0.0000 0.0000 0.0000 0.0000 0.0000 0.0000 0.0000],0.9999999886257114,0.9998491736848201,1.0,0.0,0.999849162312247,108.60443115234375,30.59673309326172,0.036716461181640625,0.7090568542480469,139.9996280670166
36,1.0,0.9999999772514226,100.0,99.99999545028453,[0 0 0 0 0 0 0],[0.0000 0.0000 0.0000 0.0000 0.0000 0.0000 0.0000],0.9999999886257114,0.9998491736848201,1.0,0.0,0.999849162312247,69.5500373840332,40.40169715881348,0.04696846008300781,0.7348060607910156,110.76712608337402
36,1.0,0.9999999772514226,100.0,99.99999545028453,[0 0 0 0 0 0 0],[0.0000 0.0000 0.0000 0.0000 0.0000 0.0000 0.0000],0.9999999886257114,0.9998491736848201,1.0,0.0,0.999849162312247,99.83372688293457,39.94178771972656,0.0514984130859375,0.6749629974365234,140.53082466125488
36,1.0,0.9999999772514226,100.0,99.99999545028453,[0 0 0 0 0 0 0],[0.0000 0.0000 0.0000 0.0000 0.0000 0.0000 0.0000],0.9999999886257114,0.9998491736848201,1.0,0.0,0.999849162312247,52.43635177612305,37.37378120422363,0.05555152893066406,0.8661746978759766,90.76476097106934
36,1.0,0.9999999772514226,100.0,99.99999545028453,[0 0 0 0 0 0 0],[0.0000 0.0000 0.0000 0.0000 0.0000 0.0000 0.0000],0.9999999886257114,0.9998491736848201,1.0,0.0,0.999849162312247,73.28605651855469,36.07964515686035,0.02956390380859375,0.6754398345947266,110.10074615478516
36,1.0,0.9999999772514226,100.0,99.99999545028453,[0 0 0 0 0 0 0],[0.0000 0.0000 0.0000 0.0000 0.0000 0.0000 0.0000],0.9999999886257114,0.9998491736848201,1.0,0.0,0.999849162312247,65.6437873840332,34.35468673706055,0.05841255187988281,0.9722709655761719,101.07541084289551
36,1.0,0.9999999772514226,100.0,99.99999545028453,[0 0 0 0 0 0 0],[0.0000 0.0000 0.0000 0.0000 0.0000 0.0000 0.0000],0.9999999886257114,0.9998491736848201,1.0,0.0,0.999849162312247,79.82015609741211,39.344072341918945,0.031232833862304688,0.6287097930908203,119.87829208374023
36,1.0,0.9999999772514226,100.0,99.99999545028453,[0 0 0 0 0 0 0],[0.0000 0.0000 0.0000 0.0000 0.0000 0.0000 0.0000],0.9999999886257114,0.9998491736848201,1.0,0.0,0.999849162312247,51.19967460632324,38.66386413574219,0.056743621826171875,1.119852066040039,91.08114242553711
36,1.0,0.9999999772514226,100.0,99.99999545028453,[0 0 0 0 0 0 0],[0.0000 0.0000 0.0000 0.0000 0.0000 0.0000 0.0000],0.9999999886257114,0.9998491736848201,1.0,0.0,0.999849162312247,62.73365020751953,35.94541549682617,0.05984306335449219,0.6916522979736328,99.46727752685547
36,1.0,0.9999999772514226,100.0,99.99999545028453,[0 0 0 0 0 0 0],[0.0000 0.0000 0.0000 0.0000 0.0000 0.0000 0.0000],0.9999999886257114,0.9998491736848201,1.0,0.0,0.999849162312247,50.30536651611328,39.307594299316406,0.04696846008300781,0.7927417755126953,90.49081802368164
36,1.0,0.9999999772514226,100.0,99.99999545028453,[0 0 0 0 0 0 0],[0.0000 0.0000 0.0000 0.0000 0.0000 0.0000 0.0000],0.9999999886257114,0.9998491736848201,1.0,0.0,0.999849162312247,72.45302200317383,37.12654113769531,0.04172325134277344,0.7431507110595703,110.39519309997559
36,1.0,0.9999999772514226,100.0,99.99999545028453,[0 0 0 0 0 0 0],[0.0000 0.0000 0.0000 0.0000 0.0000 0.0000 0.0000],0.9999999886257114,0.9998491736848201,1.0,0.0,0.999849162312247,110.84723472595215,36.450862884521484,0.04887580871582031,0.6368160247802734,148.02122116088867
36,1.0,0.9999999772514226,100.0,99.99999545028453,[0 0 0 0 0 0 0],[0.0000 0.0000 0.0000 0.0000 0.0000 0.0000 0.0000],0.9999999886257114,0.9998491736848201,1.0,0.0,0.999849162312247,64.08405303955078,38.23590278625488,0.0629425048828125,0.7750988006591797,103.18899154663086
36,1.0,0.9999999772514226,100.0,99.99999545028453,[0 0 0 0 0 0 0],[0.0000 0.0000 0.0000 0.0000 0.0000 0.0000 0.0000],0.9999999886257114,0.9998491736848201,1.0,0.0,0.999849162312247,115.5691146850586,34.532785415649414,0.030755996704101562,0.8456707000732422,151.01361274719238
36,1.0,0.9999999772514226,100.0,99.99999545028453,[0 0 0 0 0 0 0],[0.0000 0.0000 0.0000 0.0000 0.0000 0.0000 0.0000],0.9999999886257114,0.9998491736848201,1.0,0.0,0.999849162312247,55.44137954711914,33.90979766845703,0.05984306335449219,0.7379055023193359,90.20662307739258
36,1.0,0.9999999772514226,100.0,99.99999545028453,[0 0 0 0 0 0 0],[0.0000 0.0000 0.0000 0.0000 0.0000 0.0000 0.0000],0.9999999886257114,0.9998491736848201,1.0,0.0,0.999849162312247,69.31090354919434,40.26484489440918,0.045299530029296875,0.8790493011474609,110.53943634033203
36,1.0,0.9999999772514226,100.0,99.99999545028453,[0 0 0 0 0 0 0],[0.0000 0.0000 0.0000 0.0000 0.0000 0.0000 0.0000],0.9999999886257114,0.9998491736848201,1.0,0.0,0.999849162312247,48.45452308654785,31.115293502807617,0.0629425048828125,0.9622573852539062,80.64532279968262
36,1.0,0.9999999772514226,100.0,99.99999545028453,[0 0 0 0 0 0 0],[0.0000 0.0000 0.0000 0.0000 0.0000 0.0000 0.0000],0.9999999886257114,0.9998491736848201,1.0,0.0,0.999849162312247,83.30726623535156,36.00597381591797,0.029802322387695312,0.78582763671875,120.15748023986816
36,1.0,0.9999999772514226,100.0,99.99999545028453,[0 0 0 0 0 0 0],[0.0000 0.0000 0.0000 0.0000 0.0000 0.0000 0.0000],0.9999999886257114,0.9998491736848201,1.0,0.0,0.999849162312247,50.20904541015625,39.25061225891113,0.053882598876953125,0.7853507995605469,90.3317928314209
36,1.0,0.9999999772514226,100.0,99.99999545028453,[0 0 0 0 0 0 0],[0.0000 0.0000 0.0000 0.0000 0.0000 0.0000 0.0000],0.9999999886257114,0.9998491736848201,1.0,0.0,0.999849162312247,75.70195198059082,33.9810848236084,0.030755996704101562,0.8289813995361328,110.57853698730469
36,1.0,0.9999999772514226,100.0,99.99999545028453,[0 0 0 0 0 0 0],[0.0000 0.0000 0.0000 0.0000 0.0000 0.0000 0.0000],0.9999999886257114,0.9998491736848201,1.0,0.0,0.999849162312247,50.621986389160156,39.103031158447266,0.08249282836914062,1.1222362518310547,90.96837043762207
36,1.0,0.9999999772514226,100.0,99.99999545028453,[0 0 0 0 0 0 0],[0.0000 0.0000 0.0000 0.0000 0.0000 0.0000 0.0000],0.9999999886257114,0.9998491736848201,1.0,0.0,0.999849162312247,70.1901912689209,38.50436210632324,0.030994415283203125,0.5662441253662109,109.32230949401855
36,1.0,0.9999999772514226,100.0,99.99999545028453,[0 0 0 0 0 0 0],[0.0000 0.0000 0.0000 0.0000 0.0000 0.0000 0.0000],0.9999999886257114,0.9998491736848201,1.0,0.0,0.999849162312247,46.88382148742676,33.07366371154785,0.05507469177246094,0.820159912109375,80.86538314819336
36,1.0,0.9999999772514226,100.0,99.99999545028453,[0 0 0 0 0 0 0],[0.0000 0.0000 0.0000 0.0000 0.0000 0.0000 0.0000],0.9999999886257114,0.9998491736848201,1.0,0.0,0.999849162312247,72.4797248840332,36.844491958618164,0.05125999450683594,0.7851123809814453,110.19396781921387
36,1.0,0.9999999772514226,100.0,99.99999545028453,[0 0 0 0 0 0 0],[0.0000 0.0000 0.0000 0.0000 0.0000 0.0000 0.0000],0.9999999886257114,0.9998491736848201,1.0,0.0,0.999849162312247,51.598310470581055,37.97602653503418,0.07009506225585938,0.9055137634277344,90.58690071105957
36,1.0,0.9999999772514226,100.0,99.99999545028453,[0 0 0 0 0 0 0],[0.0000 0.0000 0.0000 0.0000 0.0000 0.0000 0.0000],0.9999999886257114,0.9998491736848201,1.0,0.0,0.999849162312247,83.69946479797363,35.689592361450195,0.04100799560546875,0.8392333984375,120.29719352722168
36,1.0,0.9999999772514226,100.0,99.99999545028453,[0 0 0 0 0 0 0],[0.0000 0.0000 0.0000 0.0000 0.0000 0.0000 0.0000],0.9999999886257114,0.9998491736848201,1.0,0.0,0.999849162312247,50.64892768859863,38.7423038482666,0.064849853515625,0.8106231689453125,90.30938148498535
36,1.0,0.9999999772514226,100.0,99.99999545028453,[0 0 0 0 0 0 0],[0.0000 0.0000 0.0000 0.0000 0.0000 0.0000 0.0000],0.9999999886257114,0.9998491736848201,1.0,0.0,0.999849162312247,71.35319709777832,38.130998611450195,0.061511993408203125,0.8866786956787109,110.4733943939209
36,1.0,0.9999999772514226,100.0,99.99999545028453,[0 0 0 0 0 0 0],[0.0000 0.0000 0.0000 0.0000 0.0000 0.0000 0.0000],0.9999999886257114,0.9998491736848201,1.0,0.0,0.999849162312247,102.73361206054688,37.575483322143555,0.1361370086669922,2.2695064544677734,142.79603958129883
36,1.0,0.9999999772514226,100.0,99.99999545028453,[0 0 0 0 0 0 0],[0.0000 0.0000 0.0000 0.0000 0.0000 0.0000 0.0000],0.9999999886257114,0.9998491736848201,1.0,0.0,0.999849162312247,252.31695175170898,35.96806526184082,0.08678436279296875,2.0194053649902344,290.47656059265137
36,1.0,0.9999999772514226,100.0,99.99999545028453,[0 0 0 0 0 0 0],[0.0000 0.0000 0.0000 0.0000 0.0000 0.0000 0.0000],0.9999999886257114,0.9998491736848201,1.0,0.0,0.999849162312247,247.85661697387695,31.213760375976562,0.06580352783203125,1.3484954833984375,280.5464267730713
36,1.0,0.9999999772514226,100.0,99.99999545028453,[0 0 0 0 0 0 0],[0.0000 0.0000 0.0000 0.0000 0.0000 0.0000 0.0000],0.9999999886257114,0.9998491736848201,1.0,0.0,0.999849162312247,142.39120483398438,36.99088096618652,0.09107589721679688,1.613616943359375,181.21695518493652
36,1.0,0.9999999772514226,100.0,99.99999545028453,[0 0 0 0 0 0 0],[0.0000 0.0000 0.0000 0.0000 0.0000 0.0000 0.0000],0.9999999886257114,0.9998491736848201,1.0,0.0,0.999849162312247,140.32626152038574,38.4368896484375,0.08511543273925781,1.3499259948730469,180.25875091552734
36,1.0,0.9999999772514226,100.0,99.99999545028453,[0 0 0 0 0 0 0],[0.0000 0.0000 0.0000 0.0000 0.0000 0.0000 0.0000],0.9999999886257114,0.9998491736848201,1.0,0.0,0.999849162312247,142.89426803588867,35.94565391540527,0.06198883056640625,1.1539459228515625,180.11116981506348
36,1.0,0.9999999772514226,100.0,99.99999545028453,[0 0 0 0 0 0 0],[0.0000 0.0000 0.0000 0.0000 0.0000 0.0000 0.0000],0.9999999886257114,0.9998491736848201,1.0,0.0,0.999849162312247,176.87678337097168,33.16545486450195,0.07915496826171875,1.3117790222167969,211.49206161499023
36,1.0,0.9999999772514226,100.0,99.99999545028453,[0 0 0 0 0 0 0],[0.0000 0.0000 0.0000 0.0000 0.0000 0.0000 0.0000],0.9999999886257114,0.9998491736848201,1.0,0.0,0.999849162312247,157.32288360595703,32.14097023010254,0.08988380432128906,1.3844966888427734,190.99044799804688
36,1.0,0.9999999772514226,100.0,99.99999545028453,[0 0 0 0 0 0 0],[0.0000 0.0000 0.0000 0.0000 0.0000 0.0000 0.0000],0.9999999886257114,0.9998491736848201,1.0,0.0,0.999849162312247,156.87131881713867,32.05680847167969,0.05936622619628906,1.3384819030761719,190.37342071533203
36,1.0,0.9999999772514226,100.0,99.99999545028453,[0 0 0 0 0 0 0],[0.0000 0.0000 0.0000 0.0000 0.0000 0.0000 0.0000],0.9999999886257114,0.9998491736848201,1.0,0.0,0.999849162312247,181.3488006591797,38.27548027038574,0.08678436279296875,1.2531280517578125,221.02928161621094
36,1.0,0.9999999772514226,100.0,99.99999545028453,[0 0 0 0 0 0 0],[0.0000 0.0000 0.0000 0.0000 0.0000 0.0000 0.0000],0.9999999886257114,0.9998491736848201,1.0,0.0,0.999849162312247,159.72042083740234,39.87622261047363,0.08940696716308594,1.3890266418457031,201.13658905029297
36,1.0,0.9999999772514226,100.0,99.99999545028453,[0 0 0 0 0 0 0],[0.0000 0.0000 0.0000 0.0000 0.0000 0.0000 0.0000],0.9999999886257114,0.9998491736848201,1.0,0.0,0.999849162312247,122.20644950866699,36.53979301452637,0.07581710815429688,1.3005733489990234,160.19177436828613
36,1.0,0.9999999772514226,100.0,99.99999545028453,[0 0 0 0 0 0 0],[0.0000 0.0000 0.0000 0.0000 0.0000 0.0000 0.0000],0.9999999886257114,0.9998491736848201,1.0,0.0,0.999849162312247,146.35801315307617,32.90152549743652,0.05650520324707031,1.0869503021240234,180.44233322143555
36,1.0,0.9999999772514226,100.0,99.99999545028453,[0 0 0 0 0 0 0],[0.0000 0.0000 0.0000 0.0000 0.0000 0.0000 0.0000],0.9999999886257114,0.9998491736848201,1.0,0.0,0.999849162312247,140.3031349182129,40.616750717163086,0.06699562072753906,1.9156932830810547,182.96146392822266
36,1.0,0.9999999772514226,100.0,99.99999545028453,[0 0 0 0 0 0 0],[0.0000 0.0000 0.0000 0.0000 0.0000 0.0000 0.0000],0.9999999886257114,0.9998491736848201,1.0,0.0,0.999849162312247,104.59280014038086,32.66763687133789,0.07653236389160156,1.3360977172851562,138.72575759887695
36,1.0,0.9999999772514226,100.0,99.99999545028453,[0 0 0 0 0 0 0],[0.0000 0.0000 0.0000 0.0000 0.0000 0.0000 0.0000],0.9999999886257114,0.9998491736848201,1.0,0.0,0.999849162312247,116.64319038391113,32.64927864074707,0.09322166442871094,1.5261173248291016,150.96092224121094
36,1.0,0.9999999772514226,100.0,99.99999545028453,[0 0 0 0 0 0 0],[0.0000 0.0000 0.0000 0.0000 0.0000 0.0000 0.0000],0.9999999886257114,0.9998491736848201,1.0,0.0,0.999849162312247,142.22216606140137,36.13710403442383,0.04601478576660156,2.2764205932617188,180.7229518890381
36,1.0,0.9999999772514226,100.0,99.99999545028453,[0 0 0 0 0 0 0],[0.0000 0.0000 0.0000 0.0000 0.0000 0.0000 0.0000],0.9999999886257114,0.9998491736848201,1.0,0.0,0.999849162312247,121.00625038146973,35.848140716552734,0.05316734313964844,1.0924339294433594,158.0495834350586
36,1.0,0.9999999772514226,100.0,99.99999545028453,[0 0 0 0 0 0 0],[0.0000 0.0000 0.0000 0.0000 0.0000 0.0000 0.0000],0.9999999886257114,0.9998491736848201,1.0,0.0,0.999849162312247,107.6657772064209,31.62670135498047,0.07724761962890625,1.2357234954833984,140.66052436828613
36,1.0,0.9999999772514226,100.0,99.99999545028453,[0 0 0 0 0 0 0],[0.0000 0.0000 0.0000 0.0000 0.0000 0.0000 0.0000],0.9999999886257114,0.9998491736848201,1.0,0.0,0.999849162312247,113.34776878356934,35.825252532958984,0.0820159912109375,1.2125968933105469,150.51698684692383
36,1.0,0.9999999772514226,100.0,99.99999545028453,[0 0 0 0 0 0 0],[0.0000 0.0000 0.0000 0.0000 0.0000 0.0000 0.0000],0.9999999886257114,0.9998491736848201,1.0,0.0,0.999849162312247,147.3381519317627,31.929731369018555,0.050067901611328125,0.9629726409912109,180.32193183898926
36,1.0,0.9999999772514226,100.0,99.99999545028453,[0 0 0 0 0 0 0],[0.0000 0.0000 0.0000 0.0000 0.0000 0.0000 0.0000],0.9999999886257114,0.9998491736848201,1.0,0.0,0.999849162312247,143.15485954284668,36.90385818481445,0.06175041198730469,1.0247230529785156,181.18834495544434
36,1.0,0.9999999772514226,100.0,99.99999545028453,[0 0 0 0 0 0 0],[0.0000 0.0000 0.0000 0.0000 0.0000 0.0000 0.0000],0.9999999886257114,0.9998491736848201,1.0,0.0,0.999849162312247,123.66199493408203,36.08417510986328,0.09036064147949219,1.3432502746582031,161.23199462890625
36,1.0,0.9999999772514226,100.0,99.99999545028453,[0 0 0 0 0 0 0],[0.0000 0.0000 0.0000 0.0000 0.0000 0.0000 0.0000],0.9999999886257114,0.9998491736848201,1.0,0.0,0.999849162312247,112.44916915893555,36.35120391845703,0.08058547973632812,1.2173652648925781,150.14076232910156
36,1.0,0.9999999772514226,100.0,99.99999545028453,[0 0 0 0 0 0 0],[0.0000 0.0000 0.0000 0.0000 0.0000 0.0000 0.0000],0.9999999886257114,0.9998491736848201,1.0,0.0,0.999849162312247,121.86098098754883,40.10605812072754,0.0553131103515625,3.5552978515625,165.62223434448242
36,1.0,0.9999999772514226,100.0,99.99999545028453,[0 0 0 0 0 0 0],[0.0000 0.0000 0.0000 0.0000 0.0000 0.0000 0.0000],0.9999999886257114,0.9998491736848201,1.0,0.0,0.999849162312247,89.23983573913574,34.826040267944336,0.07390975952148438,1.087188720703125,125.29826164245605
36,1.0,0.9999999772514226,100.0,99.99999545028453,[0 0 0 0 0 0 0],[0.0000 0.0000 0.0000 0.0000 0.0000 0.0000 0.0000],0.9999999886257114,0.9998491736848201,1.0,0.0,0.999849162312247,110.75472831726074,38.581132888793945,0.07534027099609375,1.4324188232421875,150.93636512756348
36,1.0,0.9999999772514226,100.0,99.99999545028453,[0 0 0 0 0 0 0],[0.0000 0.0000 0.0000 0.0000 0.0000 0.0000 0.0000],0.9999999886257114,0.9998491736848201,1.0,0.0,0.999849162312247,141.4813995361328,37.57119178771973,0.05340576171875,1.2209415435791016,180.36866188049316
36,1.0,0.9999999772514226,100.0,99.99999545028453,[0 0 0 0 0 0 0],[0.0000 0.0000 0.0000 0.0000 0.0000 0.0000 0.0000],0.9999999886257114,0.9998491736848201,1.0,0.0,0.999849162312247,129.95576858520508,39.782047271728516,0.05269050598144531,1.0600090026855469,170.89223861694336
36,1.0,0.9999999772514226,100.0,99.99999545028453,[0 0 0 0 0 0 0],[0.0000 0.0000 0.0000 0.0000 0.0000 0.0000 0.0000],0.9999999886257114,0.9998491736848201,1.0,0.0,0.999849162312247,150.5720615386963,39.93535041809082,0.05650520324707031,1.1456012725830078,191.76077842712402
36,1.0,0.9999999772514226,100.0,99.99999545028453,[0 0 0 0 0 0 0],[0.0000 0.0000 0.0000 0.0000 0.0000 0.0000 0.0000],0.9999999886257114,0.9998491736848201,1.0,0.0,0.999849162312247,131.7131519317627,36.79704666137695,0.06937980651855469,1.444101333618164,170.1061725616455
36,1.0,0.9999999772514226,100.0,99.99999545028453,[0 0 0 0 0 0 0],[0.0000 0.0000 0.0000 0.0000 0.0000 0.0000 0.0000],0.9999999886257114,0.9998491736848201,1.0,0.0,0.999849162312247,108.64806175231934,40.335893630981445,0.08749961853027344,1.4853477478027344,150.61163902282715
36,1.0,0.9999999772514226,100.0,99.99999545028453,[0 0 0 0 0 0 0],[0.0000 0.0000 0.0000 0.0000 0.0000 0.0000 0.0000],0.9999999886257114,0.9998491736848201,1.0,0.0,0.999849162312247,159.54852104187012,39.71052169799805,0.07700920104980469,1.2729167938232422,200.65832138061523
36,1.0,0.9999999772514226,100.0,99.99999545028453,[0 0 0 0 0 0 0],[0.0000 0.0000 0.0000 0.0000 0.0000 0.0000 0.0000],0.9999999886257114,0.9998491736848201,1.0,0.0,0.999849162312247,119.05598640441895,40.28177261352539,0.10514259338378906,1.9793510437011719,161.47565841674805
36,1.0,0.9999999772514226,100.0,99.99999545028453,[0 0 0 0 0 0 0],[0.0000 0.0000 0.0000 0.0000 0.0000 0.0000 0.0000],0.9999999886257114,0.9998491736848201,1.0,0.0,0.999849162312247,131.49309158325195,36.77964210510254,0.0553131103515625,1.0399818420410156,169.40999031066895
36,1.0,0.9999999772514226,100.0,99.99999545028453,[0 0 0 0 0 0 0],[0.0000 0.0000 0.0000 0.0000 0.0000 0.0000 0.0000],0.9999999886257114,0.9998491736848201,1.0,0.0,0.999849162312247,123.51751327514648,35.953521728515625,0.049591064453125,0.8816719055175781,160.45832633972168
36,1.0,0.9999999772514226,100.0,99.99999545028453,[0 0 0 0 0 0 0],[0.0000 0.0000 0.0000 0.0000 0.0000 0.0000 0.0000],0.9999999886257114,0.9998491736848201,1.0,0.0,0.999849162312247,91.78924560546875,37.92309761047363,0.0629425048828125,0.9989738464355469,130.8152675628662
36,1.0,0.9999999772514226,100.0,99.99999545028453,[0 0 0 0 0 0 0],[0.0000 0.0000 0.0000 0.0000 0.0000 0.0000 0.0000],0.9999999886257114,0.9998491736848201,1.0,0.0,0.999849162312247,97.74947166442871,31.772851943969727,0.05626678466796875,0.8909702301025391,130.50484657287598
36,1.0,0.9999999772514226,100.0,99.99999545028453,[0 0 0 0 0 0 0],[0.0000 0.0000 0.0000 0.0000 0.0000 0.0000 0.0000],0.9999999886257114,0.9998491736848201,1.0,0.0,0.999849162312247,96.54927253723145,32.23109245300293,0.037670135498046875,0.8091926574707031,129.66609001159668
36,1.0,0.9999999772514226,100.0,99.99999545028453,[0 0 0 0 0 0 0],[0.0000 0.0000 0.0000 0.0000 0.0000 0.0000 0.0000],0.9999999886257114,0.9998491736848201,1.0,0.0,0.999849162312247,106.45270347595215,34.1033935546875,0.041484832763671875,0.7166862487792969,141.357421875
36,1.0,0.9999999772514226,100.0,99.99999545028453,[0 0 0 0 0 0 0],[0.0000 0.0000 0.0000 0.0000 0.0000 0.0000 0.0000],0.9999999886257114,0.9998491736848201,1.0,0.0,0.999849162312247,114.40014839172363,33.44535827636719,0.06127357482910156,0.7932186126708984,148.76246452331543
36,1.0,0.9999999772514226,100.0,99.99999545028453,[0 0 0 0 0 0 0],[0.0000 0.0000 0.0000 0.0000 0.0000 0.0000 0.0000],0.9999999886257114,0.9998491736848201,1.0,0.0,0.999849162312247,87.24474906921387,32.393455505371094,0.062465667724609375,1.0631084442138672,120.81027030944824
36,1.0,0.9999999772514226,100.0,99.99999545028453,[0 0 0 0 0 0 0],[0.0000 0.0000 0.0000 0.0000 0.0000 0.0000 0.0000],0.9999999886257114,0.9998491736848201,1.0,0.0,0.999849162312247,81.82954788208008,34.56425666809082,0.06222724914550781,1.2247562408447266,117.72418022155762
36,1.0,0.9999999772514226,100.0,99.99999545028453,[0 0 0 0 0 0 0],[0.0000 0.0000 0.0000 0.0000 0.0000 0.0000 0.0000],0.9999999886257114,0.9998491736848201,1.0,0.0,0.999849162312247,92.76485443115234,38.81359100341797,0.04315376281738281,0.8242130279541016,132.48443603515625
36,1.0,0.9999999772514226,100.0,99.99999545028453,[0 0 0 0 0 0 0],[0.0000 0.0000 0.0000 0.0000 0.0000 0.0000 0.0000],0.9999999886257114,0.9998491736848201,1.0,0.0,0.999849162312247,106.91237449645996,38.02323341369629,0.04935264587402344,1.0800361633300781,146.1029052734375
36,1.0,0.9999999772514226,100.0,99.99999545028453,[0 0 0 0 0 0 0],[0.0000 0.0000 0.0000 0.0000 0.0000 0.0000 0.0000],0.9999999886257114,0.9998491736848201,1.0,0.0,0.999849162312247,113.9371395111084,40.99297523498535,0.05817413330078125,0.9779930114746094,156.01515769958496
36,1.0,0.9999999772514226,100.0,99.99999545028453,[0 0 0 0 0 0 0],[0.0000 0.0000 0.0000 0.0000 0.0000 0.0000 0.0000],0.9999999886257114,0.9998491736848201,1.0,0.0,0.999849162312247,96.9700813293457,40.46630859375,0.04982948303222656,1.0459423065185547,138.57626914978027
36,1.0,0.9999999772514226,100.0,99.99999545028453,[0 0 0 0 0 0 0],[0.0000 0.0000 0.0000 0.0000 0.0000 0.0000 0.0000],0.9999999886257114,0.9998491736848201,1.0,0.0,0.999849162312247,101.85027122497559,37.70923614501953,0.06508827209472656,1.0759830474853516,140.75994491577148
36,1.0,0.9999999772514226,100.0,99.99999545028453,[0 0 0 0 0 0 0],[0.0000 0.0000 0.0000 0.0000 0.0000 0.0000 0.0000],0.9999999886257114,0.9998491736848201,1.0,0.0,0.999849162312247,98.68264198303223,30.66229820251465,0.061511993408203125,0.9412765502929688,130.38110733032227
36,1.0,0.9999999772514226,100.0,99.99999545028453,[0 0 0 0 0 0 0],[0.0000 0.0000 0.0000 0.0000 0.0000 0.0000 0.0000],0.9999999886257114,0.9998491736848201,1.0,0.0,0.999849162312247,102.813720703125,28.76758575439453,0.05316734313964844,1.2998580932617188,132.97128677368164
36,1.0,0.9999999772514226,100.0,99.99999545028453,[0 0 0 0 0 0 0],[0.0000 0.0000 0.0000 0.0000 0.0000 0.0000 0.0000],0.9999999886257114,0.9998491736848201,1.0,0.0,0.999849162312247,116.62459373474121,40.38882255554199,0.06556510925292969,0.9541511535644531,158.07175636291504
36,1.0,0.9999999772514226,100.0,99.99999545028453,[0 0 0 0 0 0 0],[0.0000 0.0000 0.0000 0.0000 0.0000 0.0000 0.0000],0.9999999886257114,0.9998491736848201,1.0,0.0,0.999849162312247,83.92786979675293,35.20059585571289,0.06890296936035156,0.8823871612548828,120.14985084533691
36,1.0,0.9999999772514226,100.0,99.99999545028453,[   0    0 1114    0    0    0    0],[0.0000 0.0000 0.2476 0.0000 0.0000 0.0000 0.0000],0.9999999886257114,0.9998491736848201,0.7524444444444445,0.24755555555555556,0.7523309474642819,88.56701850891113,30.726909637451172,0.06842613220214844,1.0073184967041016,120.4066276550293
36,1.0,0.9999999772514226,100.0,99.99999545028453,[   0    0 1458    0    0    0    0],[0.0000 0.0000 0.3240 0.0000 0.0000 0.0000 0.0000],0.9999999886257114,0.9998491736848201,0.6759999999999999,0.324,0.6758980337230789,104.23159599304199,35.717010498046875,0.06198883056640625,1.276254653930664,141.33667945861816
36,1.0,0.9999999772514226,100.0,99.99999545028453,[   0    0 1570    0    0    0    0],[0.0000 0.0000 0.3489 0.0000 0.0000 0.0000 0.0000],0.9999999886257114,0.9998491736848201,0.6511111111111111,0.3488888888888889,0.6510128990166407,90.44837951660156,38.187265396118164,0.07295608520507812,0.8754730224609375,129.65059280395508
36,1.0,0.9999999772514226,100.0,99.99999545028453,[   0    0 1676    0    0    0    0],[0.0000 0.0000 0.3724 0.0000 0.0000 0.0000 0.0000],0.9999999886257114,0.9998491736848201,0.6275555555555555,0.37244444444444447,0.627460896526619,92.82732009887695,36.61656379699707,0.09036064147949219,0.9882450103759766,130.56230545043945
36,0.9999999999999991,0.9999999929805785,99.99999999999983,99.99999859611569,[   0    0 1854 1471    0    0    0],[0.0000 0.0000 0.4120 0.3269 0.0000 0.0000 0.0000],0.9999999964902888,0.9999162180168121,0.5880000000000001,0.412,0.5879507341303484,89.70522880554199,39.501190185546875,0.05435943603515625,0.7393360137939453,130.0349235534668
36,0.9999999999989033,0.9999961913538561,99.99999999978067,99.99923827077123,[   0 1431 1933 1602    0    0    0],[0.0000 0.3180 0.4296 0.3560 0.0000 0.0000 0.0000],0.9999980956763799,0.9980484249829431,0.5704444444444444,0.4295555555555556,0.5693300951272353,66.22600555419922,33.38456153869629,0.07557868957519531,1.0654926300048828,100.80599784851074
36,0.999999999999392,0.9999972228576186,99.99999999987841,99.99944457152372,[   0 1607 2012 1711    0    0    0],[0.0000 0.3571 0.4471 0.3802 0.0000 0.0000 0.0000],0.9999986114285053,0.9983335241455588,0.5528888888888889,0.4471111111111111,0.5519667464590123,93.66130828857422,35.48717498779297,0.049114227294921875,0.8351802825927734,130.07664680480957
36,0.9999999999996143,0.9999977885392872,99.99999999992286,99.99955770785743,[   0 1738 2096 1811    0    0    0],[0.0000 0.3862 0.4658 0.4024 0.0000 0.0000 0.0000],0.9999988942694508,0.9985129020452082,0.5342222222222222,0.4657777777777778,0.5334271916207574,115.84281921386719,34.81101989746094,0.05221366882324219,0.9872913360595703,151.72910690307617
36,0.9999999999997453,0.9999981651319402,99.99999999994907,99.99963302638804,[   0 1849 2176 1912    0    0    0],[0.0000 0.4109 0.4836 0.4249 0.0000 0.0000 0.0000],0.9999990825658428,0.9986454270764762,0.5164444444444445,0.48355555555555557,0.5157444096215239,74.07450675964355,34.60860252380371,0.07939338684082031,1.081228256225586,109.88807678222656
36,0.9999999999998745,0.9999986916445238,99.9999999999749,99.99973832890475,[   0 2048 2332 2084    0    0    0],[0.0000 0.4551 0.5182 0.4631 0.0000 0.0000 0.0000],0.9999993458221991,0.9988561663797806,0.48177777777777775,0.5182222222222223,0.48122638935025386,89.39552307128906,40.010929107666016,0.07510185241699219,1.2581348419189453,130.77878952026367
36,0.999999999999907,0.9999988601246411,99.99999999998138,99.99977202492823,[   0 2131 2411 2164    0    0    0],[0.0000 0.4736 0.5358 0.4809 0.0000 0.0000 0.0000],0.999999430062274,0.9989323505885592,0.4642222222222222,0.5357777777777778,0.4637263313446075,90.64936637878418,37.92381286621094,0.05316734313964844,0.7843971252441406,129.4565200805664
36,0.9999999999999305,0.9999990100815898,99.9999999999861,99.99980201631794,[   0 2215 2492 2241    0    0    0],[0.0000 0.4922 0.5538 0.4980 0.0000 0.0000 0.0000],0.9999995050407601,0.9990050535990354,0.4462222222222222,0.5537777777777778,0.44577803438612545,87.67032623291016,31.897783279418945,0.08320808410644531,0.9541511535644531,120.63956260681152
36,0.9999999999999476,0.9999991353820606,99.99999999998951,99.99982707641212,[   0 2296 2574 2317    0    0    0],[0.0000 0.5102 0.5720 0.5149 0.0000 0.0000 0.0000],0.9999995676910041,0.9990701516860394,0.42800000000000005,0.572,0.42760184006542284,97.7632999420166,31.61311149597168,0.06866455078125,0.9336471557617188,130.42402267456055
36,0.9999999999999707,0.9999993526930813,99.99999999999415,99.99987053861625,[   0 2468 2751 2473    0    0    0],[0.0000 0.5484 0.6113 0.5496 0.0000 0.0000 0.0000],0.9999996763465259,0.9991954461550173,0.3886666666666667,0.6113333333333333,0.388353837713474,106.44006729125977,33.23674201965332,0.04839897155761719,0.9725093841552734,140.75660705566406
36,0.9999999999999771,0.9999994178358517,99.99999999999542,99.99988356717034,[   0 2535 2835 2551    0    0    0],[0.0000 0.5633 0.6300 0.5669 0.0000 0.0000 0.0000],0.9999997089179143,0.9992370031943681,0.37,0.63,0.36971758356371953,67.00992584228516,32.02557563781738,0.07271766662597656,0.911712646484375,100.05712509155273
36,0.9999999999999822,0.999999490686148,99.99999999999645,99.9998981372296,[   0 2615 2937 2626    0    0    0],[0.0000 0.5811 0.6527 0.5836 0.0000 0.0000 0.0000],0.9999997453430651,0.9992863377309458,0.3473333333333334,0.6526666666666666,0.34708536625083053,81.41827583312988,37.83130645751953,0.040531158447265625,0.6995201110839844,120.03326416015625
36,0.9999999999999862,0.9999995539009698,99.99999999999724,99.99991078019397,[   0 2695 3042 2704    0    0    0],[0.0000 0.5989 0.6760 0.6009 0.0000 0.0000 0.0000],0.999999776950478,0.9993320935571819,0.32399999999999995,0.676,0.3237835260927501,68.43161582946777,31.66937828063965,0.13065338134765625,1.6658306121826172,101.94587707519531
36,0.9999999999999754,0.9999999268344886,99.99999999999508,99.9999853668977,[   0 2858 3271 2859 1107    0    0],[0.0000 0.6351 0.7269 0.6353 0.2460 0.0000 0.0000],0.9999999634172321,0.9997295088044026,0.2731111111111111,0.7268888888888889,0.2730372269716778,132.67087936401367,35.65335273742676,0.064849853515625,0.797271728515625,169.29101943969727
36,0.9999999999999829,0.999999928050909,99.99999999999659,99.9999856101818,[   0 2941 3391 2950 1365    0    0],[0.0000 0.6536 0.7536 0.6556 0.3033 0.0000 0.0000],0.999999964025446,0.9997317667545405,0.24644444444444447,0.7535555555555555,0.24637833098793477,124.03249740600586,35.921335220336914,0.1621246337890625,2.1257400512695312,162.30320930480957
36,0.9999999999999909,0.9999999398969656,99.99999999999818,99.99998797939313,[   0 3124 3666 3124 1641    0    0],[0.0000 0.6942 0.8147 0.6942 0.3647 0.0000 0.0000],0.9999999699484783,0.9997548408164545,0.18533333333333335,0.8146666666666667,0.18528789159646633,149.12152290344238,39.121389389038086,0.07987022399902344,3.2896995544433594,191.6830539703369
36,0.999999999986873,0.9999999550472667,99.9999999973746,99.99999100945334,[1314 3355 3973 3329 1862    0    0],[0.2920 0.7456 0.8829 0.7398 0.4138 0.0000 0.0000],0.9999999775170698,0.9997880103627255,0.11711111111111117,0.8828888888888888,0.11708628213670315,148.47922325134277,38.993120193481445,0.10395050048828125,2.630949020385742,190.2608871459961
36,0.9999999999984357,0.999999971876434,99.99999999968713,99.9999943752868,[1724 3676 4282 3589 2046    0    0],[0.3831 0.8169 0.9516 0.7976 0.4547 0.0000 0.0000],0.9999999859374349,0.999832303841273,0.0484444444444444,0.9515555555555556,0.04843631981606049,118.08466911315918,38.985252380371094,0.08678436279296875,0.9686946868896484,158.1873893737793
36,0.9999999999995579,0.999999979151948,99.99999999991158,99.99999583038962,[1889 3880 4365 3766 2150    0    0],[0.4198 0.8622 0.9700 0.8369 0.4778 0.0000 0.0000],0.999999989575753,0.9998556129860771,0.030000000000000027,0.97,0.029995668076900083,164.83330726623535,34.95359420776367,0.050067901611328125,0.8356571197509766,200.71792602539062
36,0.999999999999978,0.9999999896067494,99.9999999999956,99.99999792134989,[2285 4340 4442 4158 2344    0    0],[0.5078 0.9644 0.9871 0.9240 0.5209 0.0000 0.0000],0.9999999948033637,0.9998980528149698,0.012888888888888839,0.9871111111111112,0.01288757483597641,122.72906303405762,37.282466888427734,0.07414817810058594,0.9617805480957031,161.0865592956543
36,0.9999999999999982,0.9999999920293737,99.99999999999966,99.99999840587475,[2684 4601 4492 4509 2630    0    0],[0.5964 1.0224 0.9982 1.0020 0.5844 0.0000 0.0000],0.999999996014686,0.9999107216456722,-0.02244444444444449,1.0224444444444445,-0.022442440551940515,112.79177665710449,36.77082061767578,0.0667572021484375,0.93841552734375,150.6640911102295
36,0.9999999999999993,0.9999999918738472,99.99999999999986,99.99999837476946,[2922 4645 4503 4562 2825    0    0],[0.6493 1.0322 1.0007 1.0138 0.6278 0.0000 0.0000],0.9999999959369233,0.9999098548282911,-0.03222222222222215,1.0322222222222222,-0.03221931741355753,114.46213722229004,35.07733345031738,0.06914138793945312,0.9303092956542969,150.59137344360352
36,0.9999999999999998,0.9999999905734135,99.99999999999994,99.99999811468271,[3471 4695 4532 4621 3327    0    0],[0.7713 1.0433 1.0071 1.0269 0.7393 0.0000 0.0000],0.9999999952867066,0.9999029093920065,-0.043333333333333224,1.0433333333333332,-0.04332912586943062,142.26245880126953,37.60051727294922,0.07605552673339844,0.8814334869384766,180.85694313049316
36,1.0,0.9999999896976345,100.0,99.9999979395269,[3729 4707 4500 4627 3572    0    0],[0.8287 1.0460 1.0000 1.0282 0.7938 0.0000 0.0000],0.9999999948488173,0.9998984994311967,-0.04600000000000004,1.046,-0.04599533073690473,102.96392440795898,36.67020797729492,0.07414817810058594,0.9911060333251953,140.7623291015625
36,1.0,0.999999989633155,100.0,99.99999792663098,[3720 4706 4499 4625 3583    0    0],[0.8267 1.0458 0.9998 1.0278 0.7962 0.0000 0.0000],0.9999999948165774,0.9998981822948155,-0.045777777777777695,1.0457777777777777,-0.04577311655223451,120.37229537963867,39.20578956604004,0.07748603820800781,0.9868144989013672,160.68673133850098
36,1.0,0.9999999896361452,100.0,99.99999792722903,[3724 4707 4500 4626 3586    0    0],[0.8276 1.0460 1.0000 1.0280 0.7969 0.0000 0.0000],0.9999999948180727,0.9998981969801971,-0.04600000000000004,1.046,-0.04599531682274472,107.23996162414551,32.517194747924805,0.07414817810058594,1.5349388122558594,141.4620876312256
