38,0.9999999997889943,1.0,99.99999995779888,100.0,[0 0 0 0 0 0 0],[0.0000 0.0000 0.0000 0.0000 0.0000 0.0000 0.0000],0.9999999998944972,0.9999854739677482,1.0,0.0,0.9999854738622469,103.3775806427002,36.76557540893555,0.04029273986816406,0.8039474487304688,141.0198211669922
38,0.9999999997889943,1.0,99.99999995779888,100.0,[0 0 0 0 0 0 0],[0.0000 0.0000 0.0000 0.0000 0.0000 0.0000 0.0000],0.9999999998944972,0.9999854739677482,1.0,0.0,0.9999854738622469,113.91949653625488,35.84408760070801,0.03981590270996094,0.70953369140625,150.55131912231445
38,0.9999999997889943,1.0,99.99999995779888,100.0,[0 0 0 0 0 0 0],[0.0000 0.0000 0.0000 0.0000 0.0000 0.0000 0.0000],0.9999999998944972,0.9999854739677482,1.0,0.0,0.9999854738622469,54.175615310668945,35.16387939453125,0.04696846008300781,0.7958412170410156,90.21902084350586
38,0.9999999997889943,1.0,99.99999995779888,100.0,[0 0 0 0 0 0 0],[0.0000 0.0000 0.0000 0.0000 0.0000 0.0000 0.0000],0.9999999998944972,0.9999854739677482,1.0,0.0,0.9999854738622469,106.25433921813965,33.643484115600586,0.027418136596679688,0.6475448608398438,140.60688018798828
38,0.9999999997889943,1.0,99.99999995779888,100.0,[0 0 0 0 0 0 0],[0.0000 0.0000 0.0000 0.0000 0.0000 0.0000 0.0000],0.9999999998944972,0.9999854739677482,1.0,0.0,0.9999854738622469,44.62862014770508,35.16125679016113,0.05650520324707031,0.8440017700195312,80.72185516357422
38,0.9999999997889943,1.0,99.99999995779888,100.0,[0 0 0 0 0 0 0],[0.0000 0.0000 0.0000 0.0000 0.0000 0.0000 0.0000],0.9999999998944972,0.9999854739677482,1.0,0.0,0.9999854738622469,62.78347969055176,36.96107864379883,0.03838539123535156,4.54401969909668,104.35867309570312
38,0.9999999997889943,1.0,99.99999995779888,100.0,[0 0 0 0 0 0 0],[0.0000 0.0000 0.0000 0.0000 0.0000 0.0000 0.0000],0.9999999998944972,0.9999854739677482,1.0,0.0,0.9999854738622469,83.64677429199219,32.03463554382324,0.051975250244140625,0.8449554443359375,116.61386489868164
38,0.9999999997889943,1.0,99.99999995779888,100.0,[0 0 0 0 0 0 0],[0.0000 0.0000 0.0000 0.0000 0.0000 0.0000 0.0000],0.9999999998944972,0.9999854739677482,1.0,0.0,0.9999854738622469,66.62559509277344,32.7146053314209,0.04601478576660156,0.6036758422851562,100.02017021179199
38,0.9999999997889943,1.0,99.99999995779888,100.0,[0 0 0 0 0 0 0],[0.0000 0.0000 0.0000 0.0000 0.0000 0.0000 0.0000],0.9999999998944972,0.9999854739677482,1.0,0.0,0.9999854738622469,59.980154037475586,39.68620300292969,0.0667572021484375,1.0833740234375,100.85105895996094
38,0.9999999997889943,1.0,99.99999995779888,100.0,[0 0 0 0 0 0 0],[0.0000 0.0000 0.0000 0.0000 0.0000 0.0000 0.0000],0.9999999998944972,0.9999854739677482,1.0,0.0,0.9999854738622469,66.94936752319336,32.12928771972656,0.05030632019042969,1.2755393981933594,100.44479370117188
38,0.9999999997889943,1.0,99.99999995779888,100.0,[0 0 0 0 0 0 0],[0.0000 0.0000 0.0000 0.0000 0.0000 0.0000 0.0000],0.9999999998944972,0.9999854739677482,1.0,0.0,0.9999854738622469,52.23226547241211,36.09800338745117,0.05650520324707031,0.8106231689453125,89.23649787902832
38,0.9999999997889943,1.0,99.99999995779888,100.0,[0 0 0 0 0 0 0],[0.0000 0.0000 0.0000 0.0000 0.0000 0.0000 0.0000],0.9999999998944972,0.9999854739677482,1.0,0.0,0.9999854738622469,62.99114227294922,36.37433052062988,0.030994415283203125,0.8962154388427734,100.32272338867188
38,0.9999999997889943,1.0,99.99999995779888,100.0,[0 0 0 0 0 0 0],[0.0000 0.0000 0.0000 0.0000 0.0000 0.0000 0.0000],0.9999999998944972,0.9999854739677482,1.0,0.0,0.9999854738622469,83.1596851348877,37.775516510009766,0.07677078247070312,0.9593963623046875,122.00403213500977
38,0.9999999997889943,1.0,99.99999995779888,100.0,[0 0 0 0 0 0 0],[0.0000 0.0000 0.0000 0.0000 0.0000 0.0000 0.0000],0.9999999998944972,0.9999854739677482,1.0,0.0,0.9999854738622469,68.9854621887207,38.79141807556152,0.04935264587402344,0.9615421295166016,108.82139205932617
38,0.9999999997889943,1.0,99.99999995779888,100.0,[0 0 0 0 0 0 0],[0.0000 0.0000 0.0000 0.0000 0.0000 0.0000 0.0000],0.9999999998944972,0.9999854739677482,1.0,0.0,0.9999854738622469,109.29107666015625,30.38644790649414,0.03933906555175781,0.6253719329833984,140.3806209564209
38,0.9999999997889943,1.0,99.99999995779888,100.0,[0 0 0 0 0 0 0],[0.0000 0.0000 0.0000 0.0000 0.0000 0.0000 0.0000],0.9999999998944972,0.9999854739677482,1.0,0.0,0.9999854738622469,67.03400611877441,32.762765884399414,0.06222724914550781,0.7894039154052734,100.6779670715332
38,0.9999999997889943,1.0,99.99999995779888,100.0,[0 0 0 0 0 0 0],[0.0000 0.0000 0.0000 0.0000 0.0000 0.0000 0.0000],0.9999999998944972,0.9999854739677482,1.0,0.0,0.9999854738622469,65.6440258026123,33.75053405761719,0.050067901611328125,0.7495880126953125,100.23331642150879
38,0.9999999997889943,1.0,99.99999995779888,100.0,[0 0 0 0 0 0 0],[0.0000 0.0000 0.0000 0.0000 0.0000 0.0000 0.0000],0.9999999998944972,0.9999854739677482,1.0,0.0,0.9999854738622469,55.55105209350586,33.957481384277344,0.04649162292480469,0.6811618804931641,90.26265144348145
38,0.9999999997889943,1.0,99.99999995779888,100.0,[0 0 0 0 0 0 0],[0.0000 0.0000 0.0000 0.0000 0.0000 0.0000 0.0000],0.9999999998944972,0.9999854739677482,1.0,0.0,0.9999854738622469,62.85691261291504,36.83900833129883,0.03743171691894531,0.6511211395263672,100.42428970336914
38,0.9999999997889943,1.0,99.99999995779888,100.0,[0 0 0 0 0 0 0],[0.0000 0.0000 0.0000 0.0000 0.0000 0.0000 0.0000],0.9999999998944972,0.9999854739677482,1.0,0.0,0.9999854738622469,67.34681129455566,32.395362854003906,0.049591064453125,0.7104873657226562,100.53443908691406
38,0.9999999997889943,1.0,99.99999995779888,100.0,[0 0 0 0 0 0 0],[0.0000 0.0000 0.0000 0.0000 0.0000 0.0000 0.0000],0.9999999998944972,0.9999854739677482,1.0,0.0,0.9999854738622469,116.67513847351074,33.38050842285156,0.042438507080078125,0.7221698760986328,150.84600448608398
38,0.9999999997889943,1.0,99.99999995779888,100.0,[0 0 0 0 0 0 0],[0.0000 0.0000 0.0000 0.0000 0.0000 0.0000 0.0000],0.9999999998944972,0.9999854739677482,1.0,0.0,0.9999854738622469,58.96282196044922,43.114662170410156,0.06127357482910156,0.9126663208007812,103.10912132263184
38,0.9999999997889943,1.0,99.99999995779888,100.0,[0 0 0 0 0 0 0],[0.0000 0.0000 0.0000 0.0000 0.0000 0.0000 0.0000],0.9999999998944972,0.9999854739677482,1.0,0.0,0.9999854738622469,93.72234344482422,33.20813179016113,0.054836273193359375,0.8642673492431641,127.8994083404541
38,0.9999999997889943,1.0,99.99999995779888,100.0,[0 0 0 0 0 0 0],[0.0000 0.0000 0.0000 0.0000 0.0000 0.0000 0.0000],0.9999999998944972,0.9999854739677482,1.0,0.0,0.9999854738622469,106.44745826721191,33.37264060974121,0.04410743713378906,0.6234645843505859,140.52057266235352
38,0.9999999997889943,1.0,99.99999995779888,100.0,[0 0 0 0 0 0 0],[0.0000 0.0000 0.0000 0.0000 0.0000 0.0000 0.0000],0.9999999998944972,0.9999854739677482,1.0,0.0,0.9999854738622469,53.948402404785156,35.80832481384277,0.04887580871582031,0.7395744323730469,90.58189392089844
38,0.9999999997889943,1.0,99.99999995779888,100.0,[0 0 0 0 0 0 0],[0.0000 0.0000 0.0000 0.0000 0.0000 0.0000 0.0000],0.9999999998944972,0.9999854739677482,1.0,0.0,0.9999854738622469,105.15308380126953,34.63435173034668,0.028371810913085938,0.6153583526611328,140.46072959899902
38,0.9999999997889943,1.0,99.99999995779888,100.0,[0 0 0 0 0 0 0],[0.0000 0.0000 0.0000 0.0000 0.0000 0.0000 0.0000],0.9999999998944972,0.9999854739677482,1.0,0.0,0.9999854738622469,49.765586853027344,40.03310203552246,0.05555152893066406,0.8404254913330078,90.728759765625
38,0.9999999997889943,1.0,99.99999995779888,100.0,[0 0 0 0 0 0 0],[0.0000 0.0000 0.0000 0.0000 0.0000 0.0000 0.0000],0.9999999998944972,0.9999854739677482,1.0,0.0,0.9999854738622469,64.58783149719238,34.64055061340332,0.02574920654296875,0.5245208740234375,99.81226921081543
38,0.9999999997889943,1.0,99.99999995779888,100.0,[0 0 0 0 0 0 0],[0.0000 0.0000 0.0000 0.0000 0.0000 0.0000 0.0000],0.9999999998944972,0.9999854739677482,1.0,0.0,0.9999854738622469,86.41338348388672,33.86688232421875,0.07152557373046875,0.8864402770996094,121.27995491027832
38,0.9999999997889943,1.0,99.99999995779888,100.0,[0 0 0 0 0 0 0],[0.0000 0.0000 0.0000 0.0000 0.0000 0.0000 0.0000],0.9999999998944972,0.9999854739677482,1.0,0.0,0.9999854738622469,63.75384330749512,35.37273406982422,0.05984306335449219,0.77056884765625,99.98488426208496
38,0.9999999997889943,1.0,99.99999995779888,100.0,[0 0 0 0 0 0 0],[0.0000 0.0000 0.0000 0.0000 0.0000 0.0000 0.0000],0.9999999998944972,0.9999854739677482,1.0,0.0,0.9999854738622469,50.88090896606445,30.503273010253906,0.05459785461425781,0.7774829864501953,82.24654197692871
38,0.9999999997889943,1.0,99.99999995779888,100.0,[0 0 0 0 0 0 0],[0.0000 0.0000 0.0000 0.0000 0.0000 0.0000 0.0000],0.9999999998944972,0.9999854739677482,1.0,0.0,0.9999854738622469,90.02089500427246,37.546396255493164,0.031232833862304688,0.6537437438964844,128.3102035522461
38,0.9999999997889943,1.0,99.99999995779888,100.0,[0 0 0 0 0 0 0],[0.0000 0.0000 0.0000 0.0000 0.0000 0.0000 0.0000],0.9999999998944972,0.9999854739677482,1.0,0.0,0.9999854738622469,111.64355278015137,38.382530212402344,0.040531158447265625,0.7715225219726562,150.87532997131348
38,0.9999999997889943,1.0,99.99999995779888,100.0,[0 0 0 0 0 0 0],[0.0000 0.0000 0.0000 0.0000 0.0000 0.0000 0.0000],0.9999999998944972,0.9999854739677482,1.0,0.0,0.9999854738622469,90.1179313659668,55.94372749328613,0.049114227294921875,0.7212162017822266,146.8677520751953
38,0.9999999997889943,1.0,99.99999995779888,100.0,[0 0 0 0 0 0 0],[0.0000 0.0000 0.0000 0.0000 0.0000 0.0000 0.0000],0.9999999998944972,0.9999854739677482,1.0,0.0,0.9999854738622469,94.88582611083984,38.939714431762695,0.034809112548828125,0.7388591766357422,134.62328910827637
38,0.9999999997889943,1.0,99.99999995779888,100.0,[0 0 0 0 0 0 0],[0.0000 0.0000 0.0000 0.0000 0.0000 0.0000 0.0000],0.9999999998944972,0.9999854739677482,1.0,0.0,0.9999854738622469,100.80671310424805,39.11018371582031,0.03695487976074219,0.6206035614013672,140.60425758361816
38,0.9999999997889943,1.0,99.99999995779888,100.0,[0 0 0 0 0 0 0],[0.0000 0.0000 0.0000 0.0000 0.0000 0.0000 0.0000],0.9999999998944972,0.9999854739677482,1.0,0.0,0.9999854738622469,88.52386474609375,31.382083892822266,0.04553794860839844,0.6558895111083984,120.69153785705566
38,0.9999999997889943,1.0,99.99999995779888,100.0,[0 0 0 0 0 0 0],[0.0000 0.0000 0.0000 0.0000 0.0000 0.0000 0.0000],0.9999999998944972,0.9999854739677482,1.0,0.0,0.9999854738622469,72.25894927978516,37.7497673034668,0.04458427429199219,0.9112358093261719,110.99505424499512
38,0.9999999997889943,1.0,99.99999995779888,100.0,[0 0 0 0 0 0 0],[0.0000 0.0000 0.0000 0.0000 0.0000 0.0000 0.0000],0.9999999998944972,0.9999854739677482,1.0,0.0,0.9999854738622469,42.37985610961914,34.758567810058594,0.054836273193359375,0.7545948028564453,77.99148559570312
38,0.9999999997889943,1.0,99.99999995779888,100.0,[0 0 0 0 0 0 0],[0.0000 0.0000 0.0000 0.0000 0.0000 0.0000 0.0000],0.9999999998944972,0.9999854739677482,1.0,0.0,0.9999854738622469,84.19609069824219,37.42623329162598,0.03981590270996094,0.8265972137451172,122.54548072814941
38,0.9999999997889943,1.0,99.99999995779888,100.0,[0 0 0 0 0 0 0],[0.0000 0.0000 0.0000 0.0000 0.0000 0.0000 0.0000],0.9999999998944972,0.9999854739677482,1.0,0.0,0.9999854738622469,40.56668281555176,39.23201560974121,0.05507469177246094,1.0733604431152344,80.97076416015625
38,0.9999999997889943,1.0,99.99999995779888,100.0,[0 0 0 0 0 0 0],[0.0000 0.0000 0.0000 0.0000 0.0000 0.0000 0.0000],0.9999999998944972,0.9999854739677482,1.0,0.0,0.9999854738622469,70.32918930053711,38.49053382873535,0.03600120544433594,0.7381439208984375,109.62104797363281
38,0.9999999997889943,1.0,99.99999995779888,100.0,[0 0 0 0 0 0 0],[0.0000 0.0000 0.0000 0.0000 0.0000 0.0000 0.0000],0.9999999998944972,0.9999854739677482,1.0,0.0,0.9999854738622469,116.88661575317383,33.464908599853516,0.029325485229492188,0.7543563842773438,151.1666774749756
38,0.9999999997889943,1.0,99.99999995779888,100.0,[0 0 0 0 0 0 0],[0.0000 0.0000 0.0000 0.0000 0.0000 0.0000 0.0000],0.9999999998944972,0.9999854739677482,1.0,0.0,0.9999854738622469,52.04272270202637,37.08624839782715,0.06985664367675781,0.9493827819824219,90.20066261291504
38,0.9999999997889943,1.0,99.99999995779888,100.0,[0 0 0 0 0 0 0],[0.0000 0.0000 0.0000 0.0000 0.0000 0.0000 0.0000],0.9999999998944972,0.9999854739677482,1.0,0.0,0.9999854738622469,109.09533500671387,40.48919677734375,0.031948089599609375,0.7119178771972656,150.36869049072266
38,0.9999999997889943,1.0,99.99999995779888,100.0,[0 0 0 0 0 0 0],[0.0000 0.0000 0.0000 0.0000 0.0000 0.0000 0.0000],0.9999999998944972,0.9999854739677482,1.0,0.0,0.9999854738622469,53.64990234375,35.99119186401367,0.05555152893066406,0.8301734924316406,90.55709838867188
38,0.9999999997889943,1.0,99.99999995779888,100.0,[0 0 0 0 0 0 0],[0.0000 0.0000 0.0000 0.0000 0.0000 0.0000 0.0000],0.9999999998944972,0.9999854739677482,1.0,0.0,0.9999854738622469,61.9504451751709,37.28365898132324,0.03457069396972656,0.8347034454345703,100.20136833190918
38,0.9999999997889943,1.0,99.99999995779888,100.0,[0 0 0 0 0 0 0],[0.0000 0.0000 0.0000 0.0000 0.0000 0.0000 0.0000],0.9999999998944972,0.9999854739677482,1.0,0.0,0.9999854738622469,88.63592147827148,51.27739906311035,0.044345855712890625,0.6299018859863281,140.6271457672119
38,0.9999999997889943,1.0,99.99999995779888,100.0,[0 0 0 0 0 0 0],[0.0000 0.0000 0.0000 0.0000 0.0000 0.0000 0.0000],0.9999999998944972,0.9999854739677482,1.0,0.0,0.9999854738622469,82.61275291442871,37.66345977783203,0.06580352783203125,0.8149147033691406,121.19460105895996
38,0.9999999997889943,1.0,99.99999995779888,100.0,[0 0 0 0 0 0 0],[0.0000 0.0000 0.0000 0.0000 0.0000 0.0000 0.0000],0.9999999998944972,0.9999854739677482,1.0,0.0,0.9999854738622469,99.11727905273438,40.14420509338379,0.029087066650390625,0.720977783203125,140.11287689208984
38,0.9999999997889943,1.0,99.99999995779888,100.0,[0 0 0 0 0 0 0],[0.0000 0.0000 0.0000 0.0000 0.0000 0.0000 0.0000],0.9999999998944972,0.9999854739677482,1.0,0.0,0.9999854738622469,44.09599304199219,35.66861152648926,0.05316734313964844,0.7276535034179688,80.57427406311035
38,0.9999999997889943,1.0,99.99999995779888,100.0,[0 0 0 0 0 0 0],[0.0000 0.0000 0.0000 0.0000 0.0000 0.0000 0.0000],0.9999999998944972,0.9999854739677482,1.0,0.0,0.9999854738622469,64.05472755432129,35.260677337646484,0.0324249267578125,0.5817413330078125,99.96199607849121
38,0.9999999997889943,1.0,99.99999995779888,100.0,[0 0 0 0 0 0 0],[0.0000 0.0000 0.0000 0.0000 0.0000 0.0000 0.0000],0.9999999998944972,0.9999854739677482,1.0,0.0,0.9999854738622469,54.77190017700195,35.36176681518555,0.04982948303222656,0.7958412170410156,91.01366996765137
38,0.9999999997889943,1.0,99.99999995779888,100.0,[0 0 0 0 0 0 0],[0.0000 0.0000 0.0000 0.0000 0.0000 0.0000 0.0000],0.9999999998944972,0.9999854739677482,1.0,0.0,0.9999854738622469,71.10261917114258,38.67483139038086,0.03170967102050781,0.8623600006103516,110.70132255554199
38,0.9999999997889943,1.0,99.99999995779888,100.0,[0 0 0 0 0 0 0],[0.0000 0.0000 0.0000 0.0000 0.0000 0.0000 0.0000],0.9999999998944972,0.9999854739677482,1.0,0.0,0.9999854738622469,76.416015625,32.50765800476074,0.05507469177246094,0.7860660552978516,109.79628562927246
38,0.9999999997889943,1.0,99.99999995779888,100.0,[0 0 0 0 0 0 0],[0.0000 0.0000 0.0000 0.0000 0.0000 0.0000 0.0000],0.9999999998944972,0.9999854739677482,1.0,0.0,0.9999854738622469,63.432931900024414,35.820960998535156,0.030517578125,0.49042701721191406,99.80559349060059
38,0.9999999997889943,1.0,99.99999995779888,100.0,[0 0 0 0 0 0 0],[0.0000 0.0000 0.0000 0.0000 0.0000 0.0000 0.0000],0.9999999998944972,0.9999854739677482,1.0,0.0,0.9999854738622469,83.99033546447754,36.475181579589844,0.06198883056640625,0.9167194366455078,121.48523330688477
38,0.9999999997889943,1.0,99.99999995779888,100.0,[0 0 0 0 0 0 0],[0.0000 0.0000 0.0000 0.0000 0.0000 0.0000 0.0000],0.9999999998944972,0.9999854739677482,1.0,0.0,0.9999854738622469,72.05986976623535,37.65869140625,0.048160552978515625,0.7774829864501953,110.58330535888672
38,0.9999999997889943,1.0,99.99999995779888,100.0,[0 0 0 0 0 0 0],[0.0000 0.0000 0.0000 0.0000 0.0000 0.0000 0.0000],0.9999999998944972,0.9999854739677482,1.0,0.0,0.9999854738622469,92.10753440856934,36.97967529296875,0.03838539123535156,0.7004737854003906,129.8689842224121
38,0.9999999997889943,1.0,99.99999995779888,100.0,[0 0 0 0 0 0 0],[0.0000 0.0000 0.0000 0.0000 0.0000 0.0000 0.0000],0.9999999998944972,0.9999854739677482,1.0,0.0,0.9999854738622469,58.69269371032715,30.94649314880371,0.0362396240234375,0.7207393646240234,90.42000770568848
38,0.9999999997889943,1.0,99.99999995779888,100.0,[0 0 0 0 0 0 0],[0.0000 0.0000 0.0000 0.0000 0.0000 0.0000 0.0000],0.9999999998944972,0.9999854739677482,1.0,0.0,0.9999854738622469,53.36356163024902,36.14544868469238,0.04696846008300781,0.637054443359375,90.23761749267578
38,0.9999999997889943,1.0,99.99999995779888,100.0,[0 0 0 0 0 0 0],[0.0000 0.0000 0.0000 0.0000 0.0000 0.0000 0.0000],0.9999999998944972,0.9999854739677482,1.0,0.0,0.9999854738622469,68.50099563598633,31.424522399902344,0.04076957702636719,0.9038448333740234,100.90970993041992
38,0.9999999997889943,1.0,99.99999995779888,100.0,[0 0 0 0 0 0 0],[0.0000 0.0000 0.0000 0.0000 0.0000 0.0000 0.0000],0.9999999998944972,0.9999854739677482,1.0,0.0,0.9999854738622469,102.27322578430176,37.261247634887695,0.04887580871582031,0.7371902465820312,140.35749435424805
38,0.9999999997889943,1.0,99.99999995779888,100.0,[0 0 0 0 0 0 0],[0.0000 0.0000 0.0000 0.0000 0.0000 0.0000 0.0000],0.9999999998944972,0.9999854739677482,1.0,0.0,0.9999854738622469,83.34732055664062,36.531686782836914,0.054836273193359375,0.8077621459960938,120.7723617553711
38,0.9999999997889943,1.0,99.99999995779888,100.0,[0 0 0 0 0 0 0],[0.0000 0.0000 0.0000 0.0000 0.0000 0.0000 0.0000],0.9999999998944972,0.9999854739677482,1.0,0.0,0.9999854738622469,59.453725814819336,39.9167537689209,0.028133392333984375,0.6480216979980469,100.07977485656738
38,0.9999999997889943,1.0,99.99999995779888,100.0,[0 0 0 0 0 0 0],[0.0000 0.0000 0.0000 0.0000 0.0000 0.0000 0.0000],0.9999999998944972,0.9999854739677482,1.0,0.0,0.9999854738622469,49.396514892578125,31.555652618408203,0.04887580871582031,0.8394718170166016,81.87127113342285
38,0.9999999997889943,1.0,99.99999995779888,100.0,[0 0 0 0 0 0 0],[0.0000 0.0000 0.0000 0.0000 0.0000 0.0000 0.0000],0.9999999998944972,0.9999854739677482,1.0,0.0,0.9999854738622469,74.4781494140625,33.61392021179199,0.03266334533691406,0.6356239318847656,108.79325866699219
38,0.9999999997889943,1.0,99.99999995779888,100.0,[0 0 0 0 0 0 0],[0.0000 0.0000 0.0000 0.0000 0.0000 0.0000 0.0000],0.9999999998944972,0.9999854739677482,1.0,0.0,0.9999854738622469,60.67490577697754,39.23463821411133,0.05745887756347656,0.8313655853271484,100.8310317993164
38,0.9999999997889943,1.0,99.99999995779888,100.0,[0 0 0 0 0 0 0],[0.0000 0.0000 0.0000 0.0000 0.0000 0.0000 0.0000],0.9999999998944972,0.9999854739677482,1.0,0.0,0.9999854738622469,103.37400436401367,36.2246036529541,0.030994415283203125,0.6375312805175781,140.3038501739502
38,0.9999999997889943,1.0,99.99999995779888,100.0,[0 0 0 0 0 0 0],[0.0000 0.0000 0.0000 0.0000 0.0000 0.0000 0.0000],0.9999999998944972,0.9999854739677482,1.0,0.0,0.9999854738622469,44.05951499938965,35.80594062805176,0.05507469177246094,0.8120536804199219,80.77454566955566
38,0.9999999997889943,1.0,99.99999995779888,100.0,[0 0 0 0 0 0 0],[0.0000 0.0000 0.0000 0.0000 0.0000 0.0000 0.0000],0.9999999998944972,0.9999854739677482,1.0,0.0,0.9999854738622469,65.57011604309082,33.718109130859375,0.03314018249511719,0.6201267242431641,99.97725486755371
38,0.9999999997889943,1.0,99.99999995779888,100.0,[0 0 0 0 0 0 0],[0.0000 0.0000 0.0000 0.0000 0.0000 0.0000 0.0000],0.9999999998944972,0.9999854739677482,1.0,0.0,0.9999854738622469,51.95164680480957,37.89472579956055,0.05507469177246094,0.7872581481933594,90.72327613830566
38,0.9999999997889943,1.0,99.99999995779888,100.0,[0 0 0 0 0 0 0],[0.0000 0.0000 0.0000 0.0000 0.0000 0.0000 0.0000],0.9999999998944972,0.9999854739677482,1.0,0.0,0.9999854738622469,65.3083324432373,34.06333923339844,0.0286102294921875,0.6020069122314453,100.04258155822754
38,0.9999999997889943,1.0,99.99999995779888,100.0,[0 0 0 0 0 0 0],[0.0000 0.0000 0.0000 0.0000 0.0000 0.0000 0.0000],0.9999999998944972,0.9999854739677482,1.0,0.0,0.9999854738622469,85.61277389526367,34.395456314086914,0.04982948303222656,0.7359981536865234,120.8350658416748
38,0.9999999997889943,1.0,99.99999995779888,100.0,[0 0 0 0 0 0 0],[0.0000 0.0000 0.0000 0.0000 0.0000 0.0000 0.0000],0.9999999998944972,0.9999854739677482,1.0,0.0,0.9999854738622469,70.39308547973633,39.331674575805664,0.03218650817871094,0.48422813415527344,110.28337478637695
38,0.9999999997889943,1.0,99.99999995779888,100.0,[0 0 0 0 0 0 0],[0.0000 0.0000 0.0000 0.0000 0.0000 0.0000 0.0000],0.9999999998944972,0.9999854739677482,1.0,0.0,0.9999854738622469,109.62390899658203,30.84850311279297,0.062465667724609375,1.3432502746582031,141.92748069763184
38,0.9999999997889943,1.0,99.99999995779888,100.0,[0 0 0 0 0 0 0],[0.0000 0.0000 0.0000 0.0000 0.0000 0.0000 0.0000],0.9999999998944972,0.9999854739677482,1.0,0.0,0.9999854738622469,168.41864585876465,31.538009643554688,0.10037422180175781,2.141714096069336,202.27980613708496
38,0.9999999997889943,1.0,99.99999995779888,100.0,[0 0 0 0 0 0 0],[0.0000 0.0000 0.0000 0.0000 0.0000 0.0000 0.0000],0.9999999998944972,0.9999854739677482,1.0,0.0,0.9999854738622469,163.58542442321777,34.247398376464844,0.040531158447265625,1.2848377227783203,199.19705390930176
38,0.9999999997889943,1.0,99.99999995779888,100.0,[0 0 0 0 0 0 0],[0.0000 0.0000 0.0000 0.0000 0.0000 0.0000 0.0000],0.9999999998944972,0.9999854739677482,1.0,0.0,0.9999854738622469,99.75576400756836,39.28422927856445,0.03814697265625,0.7226467132568359,139.83559608459473
38,0.9999999997889943,1.0,99.99999995779888,100.0,[0 0 0 0 0 0 0],[0.0000 0.0000 0.0000 0.0000 0.0000 0.0000 0.0000],0.9999999998944972,0.9999854739677482,1.0,0.0,0.9999854738622469,91.35985374450684,38.62571716308594,0.03647804260253906,2.8412342071533203,132.90023803710938
38,0.9999999997889943,1.0,99.99999995779888,100.0,[0 0 0 0 0 0 0],[0.0000 0.0000 0.0000 0.0000 0.0000 0.0000 0.0000],0.9999999998944972,0.9999854739677482,1.0,0.0,0.9999854738622469,114.96090888977051,32.77730941772461,0.03695487976074219,0.8747577667236328,148.69976043701172
38,0.9999999997889943,1.0,99.99999995779888,100.0,[0 0 0 0 0 0 0],[0.0000 0.0000 0.0000 0.0000 0.0000 0.0000 0.0000],0.9999999998944972,0.9999854739677482,1.0,0.0,0.9999854738622469,60.40358543395996,36.76152229309082,0.0762939453125,0.9543895721435547,98.23274612426758
38,0.9999999997889943,1.0,99.99999995779888,100.0,[0 0 0 0 0 0 0],[0.0000 0.0000 0.0000 0.0000 0.0000 0.0000 0.0000],0.9999999998944972,0.9999854739677482,1.0,0.0,0.9999854738622469,74.30338859558105,37.26363182067871,0.03814697265625,0.7524490356445312,112.39862442016602
38,0.9999999997889943,1.0,99.99999995779888,100.0,[0 0 0 0 0 0 0],[0.0000 0.0000 0.0000 0.0000 0.0000 0.0000 0.0000],0.9999999998944972,0.9999854739677482,1.0,0.0,0.9999854738622469,64.53156471252441,35.28642654418945,0.05602836608886719,0.8940696716308594,100.80432891845703
38,0.9999999997889943,1.0,99.99999995779888,100.0,[0 0 0 0 0 0 0],[0.0000 0.0000 0.0000 0.0000 0.0000 0.0000 0.0000],0.9999999998944972,0.9999854739677482,1.0,0.0,0.9999854738622469,76.43318176269531,32.84955024719238,0.04744529724121094,0.8466243743896484,110.21304130554199
38,0.9999999997889943,1.0,99.99999995779888,100.0,[0 0 0 0 0 0 0],[0.0000 0.0000 0.0000 0.0000 0.0000 0.0000 0.0000],0.9999999998944972,0.9999854739677482,1.0,0.0,0.9999854738622469,56.14733695983887,33.093929290771484,0.059604644775390625,0.8797645568847656,90.22665023803711
38,0.9999999997889943,1.0,99.99999995779888,100.0,[0 0 0 0 0 0 0],[0.0000 0.0000 0.0000 0.0000 0.0000 0.0000 0.0000],0.9999999998944972,0.9999854739677482,1.0,0.0,0.9999854738622469,85.58416366577148,33.806562423706055,0.03695487976074219,0.8165836334228516,120.27573585510254
38,0.9999999997889943,1.0,99.99999995779888,100.0,[0 0 0 0 0 0 0],[0.0000 0.0000 0.0000 0.0000 0.0000 0.0000 0.0000],0.9999999998944972,0.9999854739677482,1.0,0.0,0.9999854738622469,64.34869766235352,35.25090217590332,0.06175041198730469,0.8945465087890625,100.60906410217285
38,0.9999999997889943,1.0,99.99999995779888,100.0,[0 0 0 0 0 0 0],[0.0000 0.0000 0.0000 0.0000 0.0000 0.0000 0.0000],0.9999999998944972,0.9999854739677482,1.0,0.0,0.9999854738622469,83.48274230957031,35.88294982910156,0.03838539123535156,0.7781982421875,120.24617195129395
38,0.9999999997889943,1.0,99.99999995779888,100.0,[0 0 0 0 0 0 0],[0.0000 0.0000 0.0000 0.0000 0.0000 0.0000 0.0000],0.9999999998944972,0.9999854739677482,1.0,0.0,0.9999854738622469,67.18826293945312,32.4854850769043,0.06628036499023438,0.8680820465087891,100.65293312072754
38,0.9999999997889943,1.0,99.99999995779888,100.0,[0 0 0 0 0 0 0],[0.0000 0.0000 0.0000 0.0000 0.0000 0.0000 0.0000],0.9999999998944972,0.9999854739677482,1.0,0.0,0.9999854738622469,72.67045974731445,55.1605224609375,0.062465667724609375,1.6536712646484375,129.64463233947754
38,0.9999999997889943,1.0,99.99999995779888,100.0,[0 0 0 0 0 0 0],[0.0000 0.0000 0.0000 0.0000 0.0000 0.0000 0.0000],0.9999999998944972,0.9999854739677482,1.0,0.0,0.9999854738622469,113.53540420532227,34.018516540527344,0.061511993408203125,0.8673667907714844,148.52523803710938
38,0.9999999997889943,1.0,99.99999995779888,100.0,[0 0 0 0 0 0 0],[0.0000 0.0000 0.0000 0.0000 0.0000 0.0000 0.0000],0.9999999998944972,0.9999854739677482,1.0,0.0,0.9999854738622469,84.26332473754883,35.24661064147949,0.06437301635742188,0.9760856628417969,120.59807777404785
38,0.9999999997889943,1.0,99.99999995779888,100.0,[0 0 0 0 0 0 0],[0.0000 0.0000 0.0000 0.0000 0.0000 0.0000 0.0000],0.9999999998944972,0.9999854739677482,1.0,0.0,0.9999854738622469,91.69912338256836,37.76907920837402,0.0667572021484375,1.0356903076171875,130.60832023620605
38,0.9999999997889943,1.0,99.99999995779888,100.0,[0 0 0 0 0 0 0],[0.0000 0.0000 0.0000 0.0000 0.0000 0.0000 0.0000],0.9999999998944972,0.9999854739677482,1.0,0.0,0.9999854738622469,129.2426586151123,40.30609130859375,0.03838539123535156,0.8022785186767578,170.43662071228027
38,0.9999999997889943,1.0,99.99999995779888,100.0,[0 0 0 0 0 0 0],[0.0000 0.0000 0.0000 0.0000 0.0000 0.0000 0.0000],0.9999999998944972,0.9999854739677482,1.0,0.0,0.9999854738622469,70.35207748413086,39.16597366333008,0.044345855712890625,0.7841587066650391,110.38970947265625
38,0.9999999997889943,1.0,99.99999995779888,100.0,[0 0 0 0 0 0 0],[0.0000 0.0000 0.0000 0.0000 0.0000 0.0000 0.0000],0.9999999998944972,0.9999854739677482,1.0,0.0,0.9999854738622469,70.66535949707031,39.07060623168945,0.06103515625,0.7522106170654297,110.58354377746582
38,0.9999999997889943,1.0,99.99999995779888,100.0,[0 0 0 0 0 0 0],[0.0000 0.0000 0.0000 0.0000 0.0000 0.0000 0.0000],0.9999999998944972,0.9999854739677482,1.0,0.0,0.9999854738622469,99.2884635925293,30.488014221191406,0.04029273986816406,3.823518753051758,133.69321823120117
38,0.9999999997889943,1.0,99.99999995779888,100.0,[0 0 0 0 0 0 0],[0.0000 0.0000 0.0000 0.0000 0.0000 0.0000 0.0000],0.9999999998944972,0.9999854739677482,1.0,0.0,0.9999854738622469,76.45177841186523,40.224552154541016,0.06365776062011719,0.9784698486328125,117.76137351989746
38,0.9999999997889943,1.0,99.99999995779888,100.0,[0 0 0 0 0 0 0],[0.0000 0.0000 0.0000 0.0000 0.0000 0.0000 0.0000],0.9999999998944972,0.9999854739677482,1.0,0.0,0.9999854738622469,75.85382461547852,33.33163261413574,0.04100799560546875,0.7886886596679688,110.05020141601562
38,0.9999999997889943,1.0,99.99999995779888,100.0,[0 0 0 0 0 0 0],[0.0000 0.0000 0.0000 0.0000 0.0000 0.0000 0.0000],0.9999999998944972,0.9999854739677482,1.0,0.0,0.9999854738622469,66.53571128845215,32.98640251159668,0.06175041198730469,0.9067058563232422,100.53396224975586
38,0.9999999997889943,1.0,99.99999995779888,100.0,[0 0 0 0 0 0 0],[0.0000 0.0000 0.0000 0.0000 0.0000 0.0000 0.0000],0.9999999998944972,0.9999854739677482,1.0,0.0,0.9999854738622469,92.55695343017578,37.20855712890625,0.07534027099609375,0.9293556213378906,130.8121681213379
38,0.9999999997889943,1.0,99.99999995779888,100.0,[0 0 0 0 0 0 0],[0.0000 0.0000 0.0000 0.0000 0.0000 0.0000 0.0000],0.9999999998944972,0.9999854739677482,1.0,0.0,0.9999854738622469,74.26619529724121,34.71088409423828,0.04649162292480469,0.8296966552734375,109.89832878112793
38,0.9999999997889943,1.0,99.99999995779888,100.0,[0 0 0 0 0 0 0],[0.0000 0.0000 0.0000 0.0000 0.0000 0.0000 0.0000],0.9999999998944972,0.9999854739677482,1.0,0.0,0.9999854738622469,72.74580001831055,36.77058219909668,0.05698204040527344,0.9319782257080078,110.53586006164551
38,0.9999999997889943,1.0,99.99999995779888,100.0,[0 0 0 0 0 0 0],[0.0000 0.0000 0.0000 0.0000 0.0000 0.0000 0.0000],0.9999999998944972,0.9999854739677482,1.0,0.0,0.9999854738622469,87.87274360656738,32.86170959472656,0.03790855407714844,0.9202957153320312,121.74034118652344
38,0.9999999997889943,1.0,99.99999995779888,100.0,[0 0 0 0 0 0 0],[0.0000 0.0000 0.0000 0.0000 0.0000 0.0000 0.0000],0.9999999998944972,0.9999854739677482,1.0,0.0,0.9999854738622469,67.54398345947266,40.685415267944336,0.07152557373046875,1.1115074157714844,109.4508171081543
38,0.9999999997889943,1.0,99.99999995779888,100.0,[0 0 0 0 0 0 0],[0.0000 0.0000 0.0000 0.0000 0.0000 0.0000 0.0000],0.9999999998944972,0.9999854739677482,1.0,0.0,0.9999854738622469,87.45837211608887,31.55803680419922,0.041484832763671875,0.7562637329101562,119.84920501708984
38,0.9999999997889943,1.0,99.99999995779888,100.0,[0 0 0 0 0 0 0],[0.0000 0.0000 0.0000 0.0000 0.0000 0.0000 0.0000],0.9999999998944972,0.9999854739677482,1.0,0.0,0.9999854738622469,116.15276336669922,33.60700607299805,0.04315376281738281,0.8337497711181641,150.6822109222412
38,0.9999999997889943,1.0,99.99999995779888,100.0,[0 0 0 0 0 0 0],[0.0000 0.0000 0.0000 0.0000 0.0000 0.0000 0.0000],0.9999999998944972,0.9999854739677482,1.0,0.0,0.9999854738622469,80.18112182617188,39.580345153808594,0.061511993408203125,1.0068416595458984,120.86033821105957
38,0.9999999997889943,1.0,99.99999995779888,100.0,[0 0 0 0 0 0 0],[0.0000 0.0000 0.0000 0.0000 0.0000 0.0000 0.0000],0.9999999998944972,0.9999854739677482,1.0,0.0,0.9999854738622469,83.51993560791016,35.66479682922363,0.04100799560546875,0.6985664367675781,119.964599609375
38,0.9999999997889943,1.0,99.99999995779888,100.0,[0 0 0 0 0 0 0],[0.0000 0.0000 0.0000 0.0000 0.0000 0.0000 0.0000],0.9999999998944972,0.9999854739677482,1.0,0.0,0.9999854738622469,65.20271301269531,34.64245796203613,0.05888938903808594,0.7886886596679688,100.73304176330566
38,0.9999999997889943,1.0,99.99999995779888,100.0,[0 0 0 0 0 0 0],[0.0000 0.0000 0.0000 0.0000 0.0000 0.0000 0.0000],0.9999999998944972,0.9999854739677482,1.0,0.0,0.9999854738622469,75.38127899169922,33.94365310668945,0.044345855712890625,0.7894039154052734,110.19587516784668
38,0.9999999997889943,1.0,99.99999995779888,100.0,[0 0 0 0 0 0 0],[0.0000 0.0000 0.0000 0.0000 0.0000 0.0000 0.0000],0.9999999998944972,0.9999854739677482,1.0,0.0,0.9999854738622469,55.61947822570801,33.869266510009766,0.07343292236328125,0.8749961853027344,90.47818183898926
38,0.9999999997889943,1.0,99.99999995779888,100.0,[0 0 0 0 0 0 0],[0.0000 0.0000 0.0000 0.0000 0.0000 0.0000 0.0000],0.9999999998944972,0.9999854739677482,1.0,0.0,0.9999854738622469,81.13336563110352,38.27619552612305,0.03266334533691406,0.7224082946777344,120.20397186279297
38,0.9999999997889943,1.0,99.99999995779888,100.0,[0 0 0 0 0 0 0],[0.0000 0.0000 0.0000 0.0000 0.0000 0.0000 0.0000],0.9999999998944972,0.9999854739677482,1.0,0.0,0.9999854738622469,113.44552040100098,36.597490310668945,0.03790855407714844,0.7448196411132812,150.85744857788086
38,0.9999999997889943,1.0,99.99999995779888,100.0,[0 0 0 0 0 0 0],[0.0000 0.0000 0.0000 0.0000 0.0000 0.0000 0.0000],0.9999999998944972,0.9999854739677482,1.0,0.0,0.9999854738622469,52.64687538146973,57.27887153625488,0.05364418029785156,1.065969467163086,111.08160018920898
38,0.9999999997889943,1.0,99.99999995779888,100.0,[0 0 0 0 0 0 0],[0.0000 0.0000 0.0000 0.0000 0.0000 0.0000 0.0000],0.9999999998944972,0.9999854739677482,1.0,0.0,0.9999854738622469,100.17800331115723,39.08061981201172,0.04649162292480469,0.6334781646728516,139.9691104888916
38,0.9999999997889943,1.0,99.99999995779888,100.0,[0 0 0 0 0 0 0],[0.0000 0.0000 0.0000 0.0000 0.0000 0.0000 0.0000],0.9999999998944972,0.9999854739677482,1.0,0.0,0.9999854738622469,109.51495170593262,30.712604522705078,0.037670135498046875,1.5587806701660156,141.8595314025879
38,0.9999999997889943,1.0,99.99999995779888,100.0,[0 0 0 0 0 0 0],[0.0000 0.0000 0.0000 0.0000 0.0000 0.0000 0.0000],0.9999999998944972,0.9999854739677482,1.0,0.0,0.9999854738622469,54.72135543823242,33.76460075378418,0.05364418029785156,0.8635520935058594,89.4324779510498
38,0.9999999997889943,1.0,99.99999995779888,100.0,[0 0 0 0 0 0 0],[0.0000 0.0000 0.0000 0.0000 0.0000 0.0000 0.0000],0.9999999998944972,0.9999854739677482,1.0,0.0,0.9999854738622469,82.20839500427246,37.23478317260742,0.061511993408203125,1.260995864868164,120.83029747009277
38,0.9999999997889943,1.0,99.99999995779888,100.0,[0 0 0 0 0 0 0],[0.0000 0.0000 0.0000 0.0000 0.0000 0.0000 0.0000],0.9999999998944972,0.9999854739677482,1.0,0.0,0.9999854738622469,47.183990478515625,31.855106353759766,0.05507469177246094,0.8287429809570312,79.95462417602539
38,0.9999999997889943,1.0,99.99999995779888,100.0,[0 0 0 0 0 0 0],[0.0000 0.0000 0.0000 0.0000 0.0000 0.0000 0.0000],0.9999999998944972,0.9999854739677482,1.0,0.0,0.9999854738622469,84.84053611755371,34.19685363769531,0.05364418029785156,0.7879734039306641,119.92049217224121
38,0.9999999997889943,1.0,99.99999995779888,100.0,[0 0 0 0 0 0 0],[0.0000 0.0000 0.0000 0.0000 0.0000 0.0000 0.0000],0.9999999998944972,0.9999854739677482,1.0,0.0,0.9999854738622469,61.16533279418945,38.37084770202637,0.05316734313964844,0.7851123809814453,100.40712356567383
38,0.9999999997889943,1.0,99.99999995779888,100.0,[0 0 0 0 0 0 0],[0.0000 0.0000 0.0000 0.0000 0.0000 0.0000 0.0000],0.9999999998944972,0.9999854739677482,1.0,0.0,0.9999854738622469,68.42541694641113,30.87019920349121,0.049591064453125,0.72479248046875,100.10981559753418
38,0.9999999997889943,1.0,99.99999995779888,100.0,[0 0 0 0 0 0 0],[0.0000 0.0000 0.0000 0.0000 0.0000 0.0000 0.0000],0.9999999998944972,0.9999854739677482,1.0,0.0,0.9999854738622469,63.31491470336914,36.264896392822266,0.03981590270996094,0.7371902465820312,100.39114952087402
38,0.9999999997889943,1.0,99.99999995779888,100.0,[0 0 0 0 0 0 0],[0.0000 0.0000 0.0000 0.0000 0.0000 0.0000 0.0000],0.9999999998944972,0.9999854739677482,1.0,0.0,0.9999854738622469,77.29268074035645,32.35054016113281,0.03838539123535156,0.7340908050537109,110.44859886169434
38,0.9999999997889943,1.0,99.99999995779888,100.0,[0 0 0 0 0 0 0],[0.0000 0.0000 0.0000 0.0000 0.0000 0.0000 0.0000],0.9999999998944972,0.9999854739677482,1.0,0.0,0.9999854738622469,62.99638748168945,36.780357360839844,0.0553131103515625,0.7884502410888672,100.65555572509766
38,0.9999999997889943,1.0,99.99999995779888,100.0,[0 0 0 0 0 0 0],[0.0000 0.0000 0.0000 0.0000 0.0000 0.0000 0.0000],0.9999999998944972,0.9999854739677482,1.0,0.0,0.9999854738622469,84.46335792541504,35.019874572753906,0.04291534423828125,0.7038116455078125,120.27239799499512
38,0.9999999997889943,1.0,99.99999995779888,100.0,[0 0 0 0 0 0 0],[0.0000 0.0000 0.0000 0.0000 0.0000 0.0000 0.0000],0.9999999998944972,0.9999854739677482,1.0,0.0,0.9999854738622469,50.444841384887695,39.26730155944824,0.06031990051269531,0.9655952453613281,90.77668190002441
38,0.9999999997889943,1.0,99.99999995779888,100.0,[0 0 0 0 0 0 0],[0.0000 0.0000 0.0000 0.0000 0.0000 0.0000 0.0000],0.9999999998944972,0.9999854739677482,1.0,0.0,0.9999854738622469,65.8268928527832,33.209800720214844,0.03910064697265625,0.7143020629882812,99.82156753540039
38,0.9999999997889943,1.0,99.99999995779888,100.0,[0 0 0 0 0 0 0],[0.0000 0.0000 0.0000 0.0000 0.0000 0.0000 0.0000],0.9999999998944972,0.9999854739677482,1.0,0.0,0.9999854738622469,59.08012390136719,30.75575828552246,0.08249282836914062,1.1398792266845703,91.1099910736084
38,0.9999999997889943,1.0,99.99999995779888,100.0,[0 0 0 0 0 0 0],[0.0000 0.0000 0.0000 0.0000 0.0000 0.0000 0.0000],0.9999999998944972,0.9999854739677482,1.0,0.0,0.9999854738622469,86.87949180603027,31.888246536254883,0.032901763916015625,0.7097721099853516,119.54212188720703
38,0.9999999997889943,1.0,99.99999995779888,100.0,[0 0 0 0 0 0 0],[0.0000 0.0000 0.0000 0.0000 0.0000 0.0000 0.0000],0.9999999998944972,0.9999854739677482,1.0,0.0,0.9999854738622469,63.04669380187988,36.67855262756348,0.053882598876953125,0.8118152618408203,100.63052177429199
38,0.9999999997889943,1.0,99.99999995779888,100.0,[0 0 0 0 0 0 0],[0.0000 0.0000 0.0000 0.0000 0.0000 0.0000 0.0000],0.9999999998944972,0.9999854739677482,1.0,0.0,0.9999854738622469,68.3753490447998,40.56239128112793,0.03910064697265625,0.698089599609375,109.70926284790039
38,0.9999999997889943,1.0,99.99999995779888,100.0,[0 0 0 0 0 0 0],[0.0000 0.0000 0.0000 0.0000 0.0000 0.0000 0.0000],0.9999999998944972,0.9999854739677482,1.0,0.0,0.9999854738622469,51.497697830200195,37.01448440551758,0.057697296142578125,0.8068084716796875,89.4172191619873
38,0.9999999997889943,1.0,99.99999995779888,100.0,[0 0 0 0 0 0 0],[0.0000 0.0000 0.0000 0.0000 0.0000 0.0000 0.0000],0.9999999998944972,0.9999854739677482,1.0,0.0,0.9999854738622469,73.83441925048828,35.727500915527344,0.03910064697265625,0.7045269012451172,110.34369468688965
38,0.9999999997889943,1.0,99.99999995779888,100.0,[0 0 0 0 0 0 0],[0.0000 0.0000 0.0000 0.0000 0.0000 0.0000 0.0000],0.9999999998944972,0.9999854739677482,1.0,0.0,0.9999854738622469,69.1976547241211,40.505170822143555,0.06008148193359375,0.8337497711181641,110.70084571838379
38,0.9999999997889943,1.0,99.99999995779888,100.0,[0 0 0 0 0 0 0],[0.0000 0.0000 0.0000 0.0000 0.0000 0.0000 0.0000],0.9999999998944972,0.9999854739677482,1.0,0.0,0.9999854738622469,64.11218643188477,35.21156311035156,0.04839897155761719,0.7660388946533203,100.16894340515137
38,0.9999999997889943,1.0,99.99999995779888,100.0,[0 0 0 0 0 0 0],[0.0000 0.0000 0.0000 0.0000 0.0000 0.0000 0.0000],0.9999999998944972,0.9999854739677482,1.0,0.0,0.9999854738622469,80.28364181518555,39.427995681762695,0.0553131103515625,0.87738037109375,120.68653106689453
38,0.9999999997889943,1.0,99.99999995779888,100.0,[0 0 0 0 0 0 0],[0.0000 0.0000 0.0000 0.0000 0.0000 0.0000 0.0000],0.9999999998944972,0.9999854739677482,1.0,0.0,0.9999854738622469,60.84179878234863,38.498640060424805,0.05984306335449219,0.7646083831787109,100.19421577453613
38,0.9999999997889943,1.0,99.99999995779888,100.0,[0 0 0 0 0 0 0],[0.0000 0.0000 0.0000 0.0000 0.0000 0.0000 0.0000],0.9999999998944972,0.9999854739677482,1.0,0.0,0.9999854738622469,114.30811882019043,35.59708595275879,0.043392181396484375,0.9055137634277344,150.8922576904297
38,0.9999999997889943,1.0,99.99999995779888,100.0,[0 0 0 0 0 0 0],[0.0000 0.0000 0.0000 0.0000 0.0000 0.0000 0.0000],0.9999999998944972,0.9999854739677482,1.0,0.0,0.9999854738622469,52.660465240478516,36.728858947753906,0.07891654968261719,0.9889602661132812,90.49272537231445
38,0.9999999997889943,1.0,99.99999995779888,100.0,[0 0 0 0 0 0 0],[0.0000 0.0000 0.0000 0.0000 0.0000 0.0000 0.0000],0.9999999998944972,0.9999854739677482,1.0,0.0,0.9999854738622469,72.7388858795166,57.66034126281738,0.06413459777832031,0.9455680847167969,131.44731521606445
38,0.9999999997889943,1.0,99.99999995779888,100.0,[0 0 0 0 0 0 0],[0.0000 0.0000 0.0000 0.0000 0.0000 0.0000 0.0000],0.9999999998944972,0.9999854739677482,1.0,0.0,0.9999854738622469,114.40825462341309,33.95533561706543,0.03743171691894531,0.6306171417236328,149.06597137451172
38,0.9999999997889943,1.0,99.99999995779888,100.0,[0 0 0 0 0 0 0],[0.0000 0.0000 0.0000 0.0000 0.0000 0.0000 0.0000],0.9999999998944972,0.9999854739677482,1.0,0.0,0.9999854738622469,98.03652763366699,32.268524169921875,0.05412101745605469,0.8521080017089844,131.25133514404297
38,0.9999999997889943,1.0,99.99999995779888,100.0,[0 0 0 0 0 0 0],[0.0000 0.0000 0.0000 0.0000 0.0000 0.0000 0.0000],0.9999999998944972,0.9999854739677482,1.0,0.0,0.9999854738622469,72.14689254760742,37.3075008392334,0.04982948303222656,1.007080078125,110.55660247802734
38,0.9999999997889943,1.0,99.99999995779888,100.0,[0 0 0 0 0 0 0],[0.0000 0.0000 0.0000 0.0000 0.0000 0.0000 0.0000],0.9999999998944972,0.9999854739677482,1.0,0.0,0.9999854738622469,90.61956405639648,38.78283500671387,0.06341934204101562,0.9171962738037109,130.42974472045898
38,0.9999999997889943,1.0,99.99999995779888,100.0,[0 0 0 0 0 0 0],[0.0000 0.0000 0.0000 0.0000 0.0000 0.0000 0.0000],0.9999999998944972,0.9999854739677482,1.0,0.0,0.9999854738622469,75.35290718078613,34.0418815612793,0.06341934204101562,0.8475780487060547,110.33868789672852
38,0.9999999997889943,1.0,99.99999995779888,100.0,[0 0 0 0 0 0 0],[0.0000 0.0000 0.0000 0.0000 0.0000 0.0000 0.0000],0.9999999998944972,0.9999854739677482,1.0,0.0,0.9999854738622469,84.79857444763184,34.62624549865723,0.045299530029296875,0.8256435394287109,120.35012245178223
38,0.9999999997889943,1.0,99.99999995779888,100.0,[0 0 0 0 0 0 0],[0.0000 0.0000 0.0000 0.0000 0.0000 0.0000 0.0000],0.9999999998944972,0.9999854739677482,1.0,0.0,0.9999854738622469,70.02902030944824,39.47806358337402,0.04458427429199219,0.93841552734375,110.52536964416504
38,0.9999999997889943,1.0,99.99999995779888,100.0,[0 0 0 0 0 0 0],[0.0000 0.0000 0.0000 0.0000 0.0000 0.0000 0.0000],0.9999999998944972,0.9999854739677482,1.0,0.0,0.9999854738622469,81.16388320922852,39.374589920043945,0.03814697265625,0.8287429809570312,121.44327163696289
38,0.9999999997889943,1.0,99.99999995779888,100.0,[0 0 0 0 0 0 0],[0.0000 0.0000 0.0000 0.0000 0.0000 0.0000 0.0000],0.9999999998944972,0.9999854739677482,1.0,0.0,0.9999854738622469,77.47030258178711,30.89451789855957,0.06723403930664062,1.0766983032226562,109.57908630371094
38,0.9999999997889943,1.0,99.99999995779888,100.0,[0 0 0 0 0 0 0],[0.0000 0.0000 0.0000 0.0000 0.0000 0.0000 0.0000],0.9999999998944972,0.9999854739677482,1.0,0.0,0.9999854738622469,83.07814598083496,35.939693450927734,0.04482269287109375,0.80108642578125,119.91310119628906
38,0.9999999997889943,1.0,99.99999995779888,100.0,[0 0 0 0 0 0 0],[0.0000 0.0000 0.0000 0.0000 0.0000 0.0000 0.0000],0.9999999998944972,0.9999854739677482,1.0,0.0,0.9999854738622469,89.69950675964355,39.98112678527832,0.07033348083496094,0.83160400390625,130.6285858154297
38,0.9999999997889943,1.0,99.99999995779888,100.0,[0 0 0 0 0 0 0],[0.0000 0.0000 0.0000 0.0000 0.0000 0.0000 0.0000],0.9999999998944972,0.9999854739677482,1.0,0.0,0.9999854738622469,55.00531196594238,37.41788864135742,0.042438507080078125,0.9014606475830078,93.3997631072998
38,0.9999999997889943,1.0,99.99999995779888,100.0,[0 0 0 0 0 0 0],[0.0000 0.0000 0.0000 0.0000 0.0000 0.0000 0.0000],0.9999999998944972,0.9999854739677482,1.0,0.0,0.9999854738622469,79.70643043518066,36.45038604736328,0.04482269287109375,0.8208751678466797,117.06042289733887
38,0.9999999997889943,1.0,99.99999995779888,100.0,[0 0 0 0 0 0 0],[0.0000 0.0000 0.0000 0.0000 0.0000 0.0000 0.0000],0.9999999998944972,0.9999854739677482,1.0,0.0,0.9999854738622469,77.8207778930664,31.724214553833008,0.05555152893066406,0.9176731109619141,110.55660247802734
38,0.9999999997889943,1.0,99.99999995779888,100.0,[0 0 0 0 0 0 0],[0.0000 0.0000 0.0000 0.0000 0.0000 0.0000 0.0000],0.9999999998944972,0.9999854739677482,1.0,0.0,0.9999854738622469,105.85427284240723,33.88547897338867,0.04410743713378906,0.8871555328369141,140.7313346862793
38,0.9999999997889943,1.0,99.99999995779888,100.0,[0 0 0 0 0 0 0],[0.0000 0.0000 0.0000 0.0000 0.0000 0.0000 0.0000],0.9999999998944972,0.9999854739677482,1.0,0.0,0.9999854738622469,70.40739059448242,38.85340690612793,0.04315376281738281,0.7853507995605469,110.14914512634277
38,0.9999999997889943,1.0,99.99999995779888,100.0,[0 0 0 0 0 0 0],[0.0000 0.0000 0.0000 0.0000 0.0000 0.0000 0.0000],0.9999999998944972,0.9999854739677482,1.0,0.0,0.9999854738622469,81.59828186035156,38.251638412475586,0.06198883056640625,0.9748935699462891,120.91803550720215
38,0.9999999997889943,1.0,99.99999995779888,100.0,[0 0 0 0 0 0 0],[0.0000 0.0000 0.0000 0.0000 0.0000 0.0000 0.0000],0.9999999998944972,0.9999854739677482,1.0,0.0,0.9999854738622469,86.00854873657227,34.227609634399414,0.04482269287109375,1.0499954223632812,121.3843822479248
38,0.9999999997889943,1.0,99.99999995779888,100.0,[0 0 0 0 0 0 0],[0.0000 0.0000 0.0000 0.0000 0.0000 0.0000 0.0000],0.9999999998944972,0.9999854739677482,1.0,0.0,0.9999854738622469,68.90296936035156,39.39962387084961,0.08630752563476562,1.3132095336914062,109.73858833312988
38,0.9999999997889943,1.0,99.99999995779888,100.0,[0 0 0 0 0 0 0],[0.0000 0.0000 0.0000 0.0000 0.0000 0.0000 0.0000],0.9999999998944972,0.9999854739677482,1.0,0.0,0.9999854738622469,95.11590003967285,33.719778060913086,0.03552436828613281,1.3587474822998047,130.27286529541016
38,0.9999999997889943,1.0,99.99999995779888,100.0,[0 0 0 0 0 0 0],[0.0000 0.0000 0.0000 0.0000 0.0000 0.0000 0.0000],0.9999999998944972,0.9999854739677482,1.0,0.0,0.9999854738622469,78.70769500732422,40.15469551086426,0.06103515625,0.8158683776855469,119.78411674499512
38,0.9999999997889943,1.0,99.99999995779888,100.0,[0 0 0 0 0 0 0],[0.0000 0.0000 0.0000 0.0000 0.0000 0.0000 0.0000],0.9999999998944972,0.9999854739677482,1.0,0.0,0.9999854738622469,73.62818717956543,35.99905967712402,0.07295608520507812,0.9443759918212891,110.67914962768555
38,0.9999999997889943,1.0,99.99999995779888,100.0,[0 0 0 0 0 0 0],[0.0000 0.0000 0.0000 0.0000 0.0000 0.0000 0.0000],0.9999999998944972,0.9999854739677482,1.0,0.0,0.9999854738622469,79.66232299804688,42.374610900878906,0.05602836608886719,0.8971691131591797,123.03662300109863
38,0.9999999997889943,1.0,99.99999995779888,100.0,[0 0 0 0 0 0 0],[0.0000 0.0000 0.0000 0.0000 0.0000 0.0000 0.0000],0.9999999998944972,0.9999854739677482,1.0,0.0,0.9999854738622469,56.7927360534668,38.03658485412598,0.08249282836914062,1.0533332824707031,96.00543975830078
38,0.9999999997889943,1.0,99.99999995779888,100.0,[0 0 0 0 0 0 0],[0.0000 0.0000 0.0000 0.0000 0.0000 0.0000 0.0000],0.9999999998944972,0.9999854739677482,1.0,0.0,0.9999854738622469,88.51885795593262,31.075239181518555,0.05340576171875,0.8625984191894531,120.56255340576172
38,0.9999999999676954,1.0,99.99999999353909,100.0,[   0    0 1199    0    0    0    0],[0.0000 0.0000 0.2664 0.0000 0.0000 0.0000 0.0000],0.9999999999838477,0.9999943162915923,0.7335555555555555,0.26644444444444443,0.7335513862278283,74.43404197692871,34.84988212585449,0.09393692016601562,1.268625259399414,110.68987846374512
38,0.999999999980701,0.9999999999996014,99.99999999614019,99.99999999992028,[   0 1327 1366    0    0    0    0],[0.0000 0.2949 0.3036 0.0000 0.0000 0.0000 0.0000],0.9999999999901512,0.9999956525367429,0.6964444444444444,0.3035555555555556,0.6964414166709525,89.96295928955078,38.675546646118164,0.06866455078125,0.8575916290283203,129.63557243347168
38,0.9999999999764881,0.9999999999998725,99.99999999529763,99.9999999999745,[   0 1662 1600    0    0    0    0],[0.0000 0.3693 0.3556 0.0000 0.0000 0.0000 0.0000],0.9999999999881802,0.999995164259337,0.6306666666666667,0.36933333333333335,0.6306636169187676,71.13480567932129,38.355350494384766,0.04982948303222656,0.8039474487304688,110.40329933166504
38,0.9999999999746818,0.9999999999999123,99.99999999493636,99.99999999998246,[   0 1772 1693    0    0    0    0],[0.0000 0.3938 0.3762 0.0000 0.0000 0.0000 0.0000],0.999999999987297,0.9999949770009062,0.6062222222222222,0.3937777777777778,0.6062191771608486,70.32203674316406,39.397478103637695,0.06651878356933594,0.823974609375,110.64624786376953
38,0.9999999999728253,0.9999999999999367,99.99999999456506,99.99999999998735,[   0 1868 1785    0    0    0    0],[0.0000 0.4151 0.3967 0.0000 0.0000 0.0000 0.0000],0.999999999986381,0.9999947931325516,0.5848888888888889,0.4151111111111111,0.5848858434420069,142.89546012878418,37.142038345336914,0.050067901611328125,0.8728504180908203,181.0004711151123
38,0.9999999999710203,0.9999999999999538,99.99999999420405,99.99999999999076,[   0 1960 1867    0    0    0    0],[0.0000 0.4356 0.4149 0.0000 0.0000 0.0000 0.0000],0.999999999985487,0.9999946210052596,0.5644444444444445,0.43555555555555553,0.564441408292555,70.7693099975586,38.477182388305664,0.05030632019042969,0.7810592651367188,110.11767387390137
38,0.999999999969283,0.9999999999999651,99.99999999385659,99.99999999999304,[   0 2044 1941    0    0    0    0],[0.0000 0.4542 0.4313 0.0000 0.0000 0.0000 0.0000],0.9999999999846242,0.9999944608457243,0.5457777777777777,0.45422222222222225,0.5457747546220746,67.63386726379395,31.935453414916992,0.07295608520507812,0.9052753448486328,100.58879852294922
38,0.9999999999652807,0.9999999999999798,99.99999999305612,99.99999999999596,[   0 2202 2103    0    0    0    0],[0.0000 0.4893 0.4673 0.0000 0.0000 0.0000 0.0000],0.9999999999826302,0.9999941093962625,0.5106666666666666,0.48933333333333334,0.5106636585228213,97.6877212524414,35.41827201843262,0.05507469177246094,0.8950233459472656,134.09924507141113
38,0.9999999999632905,0.9999999999999845,99.9999999926581,99.9999999999969,[   0 2279 2175    0    0    0    0],[0.0000 0.5064 0.4833 0.0000 0.0000 0.0000 0.0000],0.9999999999816376,0.9999939424435563,0.4935555555555555,0.5064444444444445,0.4935525658058568,59.9515438079834,35.767555236816406,0.10013580322265625,1.0089874267578125,96.87137603759766
38,0.9999999999612019,0.9999999999999876,99.99999999224039,99.9999999999975,[   0 2348 2249    0    0    0    0],[0.0000 0.5218 0.4998 0.0000 0.0000 0.0000 0.0000],0.9999999999805947,0.9999937721959195,0.4782222222222222,0.5217777777777778,0.4782192439386353,91.12000465393066,38.080453872680664,0.04863739013671875,0.8311271667480469,130.11550903320312
38,0.999999999958908,0.9999999999999905,99.9999999917816,99.9999999999981,[   0 2425 2324    0    0    0    0],[0.0000 0.5389 0.5164 0.0000 0.0000 0.0000 0.0000],0.9999999999794492,0.999993590441192,0.46111111111111114,0.5388888888888889,0.4611081555828513,69.25511360168457,40.49396514892578,0.07128715515136719,0.9307861328125,110.79788208007812
38,0.9999999999564786,0.9999999999999927,99.99999999129571,99.99999999999852,[   0 2499 2400    0    0    0    0],[0.0000 0.5553 0.5333 0.0000 0.0000 0.0000 0.0000],0.9999999999782355,0.9999934034809586,0.44466666666666665,0.5553333333333333,0.444663733404855,82.73935317993164,36.389827728271484,0.045299530029296875,0.8211135864257812,120.03421783447266
38,0.9999993654153211,0.9999999999999558,99.99987308306422,99.99999999999116,[1129 2643 2554 1288    0    0    0],[0.2509 0.5873 0.5676 0.2862 0.0000 0.0000 0.0000],0.9999996827076384,0.9992033917934615,0.4126666666666666,0.5873333333333334,0.41233780218175853,121.31524085998535,38.76304626464844,0.06532669067382812,0.7686614990234375,160.94636917114258
38,0.999999643484642,0.9999999999999705,99.99992869692841,99.99999999999409,[1365 2720 2637 1483    0    0    0],[0.3033 0.6044 0.5860 0.3296 0.0000 0.0000 0.0000],0.9999998217423063,0.9994029109543747,0.39555555555555555,0.6044444444444445,0.3953193031976773,54.27360534667969,34.98697280883789,0.061511993408203125,0.8056163787841797,90.22188186645508
38,0.9999997580295116,0.9999999999999791,99.99995160590231,99.99999999999582,[1529 2793 2722 1626    0    0    0],[0.3398 0.6207 0.6049 0.3613 0.0000 0.0000 0.0000],0.9999998790147453,0.9995080950624805,0.3793333333333333,0.6206666666666667,0.3791466915225363,75.49524307250977,33.90669822692871,0.03695487976074219,0.7987022399902344,110.31055450439453
38,0.9999998221540604,0.9999999999999853,99.99996443081207,99.99999999999707,[1664 2873 2798 1739    0    0    0],[0.3698 0.6384 0.6218 0.3864 0.0000 0.0000 0.0000],0.9999999110770229,0.999578282173712,0.3615555555555555,0.6384444444444445,0.3614030489955464,52.591562271118164,36.86046600341797,0.06031990051269531,0.7801055908203125,90.32607078552246
38,0.9999998646474421,0.9999999999999896,99.99997292948842,99.99999999999793,[1789 2953 2891 1846    0    0    0],[0.3976 0.6562 0.6424 0.4102 0.0000 0.0000 0.0000],0.999999932323716,0.9996320970949873,0.34377777777777774,0.6562222222222223,0.34365127767761144,72.24273681640625,29.236793518066406,0.03814697265625,0.6959438323974609,102.24652290344238
38,0.9999998918172707,0.9999999999999925,99.99997836345415,99.9999999999985,[1898 3027 2992 1937    0    0    0],[0.4218 0.6727 0.6649 0.4304 0.0000 0.0000 0.0000],0.9999999459086317,0.9996710885807213,0.32733333333333337,0.6726666666666666,0.32722565196200526,54.89611625671387,32.76419639587402,0.05841255187988281,0.827789306640625,88.62066268920898
38,0.9999999147665622,0.9999999999999951,99.99998295331244,99.99999999999903,[2017 3133 3094 2029    0    0    0],[0.4482 0.6962 0.6876 0.4509 0.0000 0.0000 0.0000],0.9999999573832787,0.9997080523454979,0.3037777777777778,0.6962222222222222,0.3036890776258324,72.3578929901123,37.46342658996582,0.03933906555175781,0.8912086486816406,110.78572273254395
38,0.9999999303768754,0.9999999999999967,99.99998607537509,99.99999999999935,[2122 3232 3199 2112    0    0    0],[0.4716 0.7182 0.7109 0.4693 0.0000 0.0000 0.0000],0.999999965188436,0.9997361380639859,0.2817777777777778,0.7182222222222222,0.2817034175412707,57.855844497680664,40.51327705383301,0.06532669067382812,0.8423328399658203,99.33018684387207
38,0.9999999436627401,0.9999999999999978,99.99998873254802,99.99999999999955,[2235 3335 3316 2196    0    0    0],[0.4967 0.7411 0.7369 0.4880 0.0000 0.0000 0.0000],0.9999999718313688,0.9997626452915311,0.25888888888888884,0.7411111111111112,0.25882743310132605,106.28747940063477,33.19191932678223,0.046253204345703125,0.7596015930175781,140.32530784606934
38,0.9999999536500971,0.9999999999999987,99.99999073001942,99.99999999999974,[2343 3445 3429 2271    0    0    0],[0.5207 0.7656 0.7620 0.5047 0.0000 0.0000 0.0000],0.9999999768250478,0.999784709727058,0.23444444444444446,0.7655555555555555,0.23439396540394122,58.52103233337402,31.17823600769043,0.06842613220214844,0.8966922760009766,90.70658683776855
38,0.9999999625998764,0.9999999999999991,99.99999251997528,99.99999999999983,[2462 3573 3554 2355    0    0    0],[0.5471 0.7940 0.7898 0.5233 0.0000 0.0000 0.0000],0.9999999812999377,0.9998066088865798,0.20599999999999996,0.794,0.20596015757916755,64.57686424255371,34.682273864746094,0.06556510925292969,0.8807182312011719,100.23951530456543
38,0.9999999704585083,0.9999999999999996,99.99999409170167,99.99999999999991,[2595 3710 3684 2436    0    0    0],[0.5767 0.8244 0.8187 0.5413 0.0000 0.0000 0.0000],0.9999999852292539,0.9998281236163856,0.17555555555555558,0.8244444444444444,0.17552537910890242,64.0418529510498,35.227298736572266,0.08821487426757812,0.8831024169921875,100.29149055480957
38,0.9999999761134498,0.9999999999999998,99.99999522268996,99.99999999999994,[2723 3869 3827 2515    0    0    0],[0.6051 0.8598 0.8504 0.5589 0.0000 0.0000 0.0000],0.9999999880567247,0.9998454472584799,0.14022222222222225,0.8597777777777778,0.140200548818902,73.4870433807373,35.93325614929199,0.08535385131835938,0.8821487426757812,110.4280948638916
38,0.9999999824078553,0.9999999999999998,99.99999648157106,99.99999999999994,[2893 4035 3969 2605    0    0    0],[0.6429 0.8967 0.8820 0.5789 0.0000 0.0000 0.0000],0.9999999912039275,0.9998673646185335,0.10333333333333339,0.8966666666666666,0.10331962676844157,63.655853271484375,35.431861877441406,0.04649162292480469,0.9064674377441406,100.11649131774902
