8,6.147371699306409e-15,0.006685178019269978,-99.99999999999876,-98.66296439614601,[0 0 0 0 0 0 0],[0.0000 0.0000 0.0000 0.0000 0.0000 0.0000 0.0000],0.003342589009638033,0.9182370620680508,1.0,0.0,0.003069289111910983,101.63474082946777,39.577484130859375,0.058650970458984375,0.7627010345458984,142.08412170410156
8,6.147371699306409e-15,0.006685178019269978,-99.99999999999876,-98.66296439614601,[0 0 0 0 0 0 0],[0.0000 0.0000 0.0000 0.0000 0.0000 0.0000 0.0000],0.003342589009638033,0.9182370620680508,1.0,0.0,0.003069289111910983,65.6743049621582,33.657073974609375,0.0476837158203125,0.7343292236328125,100.15249252319336
8,6.147371699306409e-15,0.006685178019269978,-99.99999999999876,-98.66296439614601,[0 0 0 0 0 0 0],[0.0000 0.0000 0.0000 0.0000 0.0000 0.0000 0.0000],0.003342589009638033,0.9182370620680508,1.0,0.0,0.003069289111910983,60.44197082519531,39.20936584472656,0.0743865966796875,0.8480548858642578,100.60715675354004
8,6.147371699306409e-15,0.006685178019269978,-99.99999999999876,-98.66296439614601,[0 0 0 0 0 0 0],[0.0000 0.0000 0.0000 0.0000 0.0000 0.0000 0.0000],0.003342589009638033,0.9182370620680508,1.0,0.0,0.003069289111910983,64.75496292114258,34.50345993041992,0.0362396240234375,0.5848407745361328,99.9152660369873
8,6.147371699306409e-15,0.006685178019269978,-99.99999999999876,-98.66296439614601,[0 0 0 0 0 0 0],[0.0000 0.0000 0.0000 0.0000 0.0000 0.0000 0.0000],0.003342589009638033,0.9182370620680508,1.0,0.0,0.003069289111910983,94.04492378234863,36.15403175354004,0.05817413330078125,0.6623268127441406,130.95855712890625
8,6.147371699306409e-15,0.006685178019269978,-99.99999999999876,-98.66296439614601,[0 0 0 0 0 0 0],[0.0000 0.0000 0.0000 0.0000 0.0000 0.0000 0.0000],0.003342589009638033,0.9182370620680508,1.0,0.0,0.003069289111910983,61.873435974121094,37.821054458618164,0.0476837158203125,0.9882450103759766,100.75855255126953
8,6.147371699306409e-15,0.006685178019269978,-99.99999999999876,-98.66296439614601,[0 0 0 0 0 0 0],[0.0000 0.0000 0.0000 0.0000 0.0000 0.0000 0.0000],0.003342589009638033,0.9182370620680508,1.0,0.0,0.003069289111910983,56.51664733886719,32.73582458496094,0.07486343383789062,0.8323192596435547,90.22879600524902
8,6.147371699306409e-15,0.006685178019269978,-99.99999999999876,-98.66296439614601,[0 0 0 0 0 0 0],[0.0000 0.0000 0.0000 0.0000 0.0000 0.0000 0.0000],0.003342589009638033,0.9182370620680508,1.0,0.0,0.003069289111910983,75.06155967712402,34.090518951416016,0.04482269287109375,0.6625652313232422,109.91358757019043
8,6.147371699306409e-15,0.006685178019269978,-99.99999999999876,-98.66296439614601,[0 0 0 0 0 0 0],[0.0000 0.0000 0.0000 0.0000 0.0000 0.0000 0.0000],0.003342589009638033,0.9182370620680508,1.0,0.0,0.003069289111910983,49.54028129577637,40.19641876220703,0.07343292236328125,0.9469985961914062,90.80839157104492
8,6.147371699306409e-15,0.006685178019269978,-99.99999999999876,-98.66296439614601,[0 0 0 0 0 0 0],[0.0000 0.0000 0.0000 0.0000 0.0000 0.0000 0.0000],0.003342589009638033,0.9182370620680508,1.0,0.0,0.003069289111910983,74.92852210998535,34.06357765197754,0.06270408630371094,0.8218288421630859,109.91859436035156
8,6.147371699306409e-15,0.006685178019269978,-99.99999999999876,-98.66296439614601,[0 0 0 0 0 0 0],[0.0000 0.0000 0.0000 0.0000 0.0000 0.0000 0.0000],0.003342589009638033,0.9182370620680508,1.0,0.0,0.003069289111910983,57.98602104187012,31.58092498779297,0.05984306335449219,0.7047653198242188,90.36970138549805
8,6.147371699306409e-15,0.006685178019269978,-99.99999999999876,-98.66296439614601,[0 0 0 0 0 0 0],[0.0000 0.0000 0.0000 0.0000 0.0000 0.0000 0.0000],0.003342589009638033,0.9182370620680508,1.0,0.0,0.003069289111910983,70.43886184692383,39.20435905456543,0.03719329833984375,0.644683837890625,110.36300659179688
8,6.147371699306409e-15,0.006685178019269978,-99.99999999999876,-98.66296439614601,[0 0 0 0 0 0 0],[0.0000 0.0000 0.0000 0.0000 0.0000 0.0000 0.0000],0.003342589009638033,0.9182370620680508,1.0,0.0,0.003069289111910983,101.05490684509277,39.15572166442871,0.0324249267578125,4.390478134155273,144.71006393432617
8,6.147371699306409e-15,0.006685178019269978,-99.99999999999876,-98.66296439614601,[0 0 0 0 0 0 0],[0.0000 0.0000 0.0000 0.0000 0.0000 0.0000 0.0000],0.003342589009638033,0.9182370620680508,1.0,0.0,0.003069289111910983,61.48171424865723,34.38448905944824,0.049114227294921875,0.7200241088867188,96.66728973388672
8,6.147371699306409e-15,0.006685178019269978,-99.99999999999876,-98.66296439614601,[0 0 0 0 0 0 0],[0.0000 0.0000 0.0000 0.0000 0.0000 0.0000 0.0000],0.003342589009638033,0.9182370620680508,1.0,0.0,0.003069289111910983,72.43537902832031,37.63914108276367,0.034332275390625,0.9946823120117188,111.13858222961426
8,6.147371699306409e-15,0.006685178019269978,-99.99999999999876,-98.66296439614601,[0 0 0 0 0 0 0],[0.0000 0.0000 0.0000 0.0000 0.0000 0.0000 0.0000],0.003342589009638033,0.9182370620680508,1.0,0.0,0.003069289111910983,56.405067443847656,32.56082534790039,0.03981590270996094,0.6814002990722656,89.72334861755371
8,6.147371699306409e-15,0.006685178019269978,-99.99999999999876,-98.66296439614601,[0 0 0 0 0 0 0],[0.0000 0.0000 0.0000 0.0000 0.0000 0.0000 0.0000],0.003342589009638033,0.9182370620680508,1.0,0.0,0.003069289111910983,82.06939697265625,37.71185874938965,0.03647804260253906,0.5741119384765625,120.42522430419922
8,6.147371699306409e-15,0.006685178019269978,-99.99999999999876,-98.66296439614601,[0 0 0 0 0 0 0],[0.0000 0.0000 0.0000 0.0000 0.0000 0.0000 0.0000],0.003342589009638033,0.9182370620680508,1.0,0.0,0.003069289111910983,52.5052547454834,38.05828094482422,0.08535385131835938,0.9675025939941406,91.67909622192383
8,6.147371699306409e-15,0.006685178019269978,-99.99999999999876,-98.66296439614601,[0 0 0 0 0 0 0],[0.0000 0.0000 0.0000 0.0000 0.0000 0.0000 0.0000],0.003342589009638033,0.9182370620680508,1.0,0.0,0.003069289111910983,112.15448379516602,36.82708740234375,0.040531158447265625,0.7932186126708984,149.8432159423828
8,6.147371699306409e-15,0.006685178019269978,-99.99999999999876,-98.66296439614601,[0 0 0 0 0 0 0],[0.0000 0.0000 0.0000 0.0000 0.0000 0.0000 0.0000],0.003342589009638033,0.9182370620680508,1.0,0.0,0.003069289111910983,52.08468437194824,37.53662109375,0.061511993408203125,0.8037090301513672,90.52634239196777
8,6.147371699306409e-15,0.006685178019269978,-99.99999999999876,-98.66296439614601,[0 0 0 0 0 0 0],[0.0000 0.0000 0.0000 0.0000 0.0000 0.0000 0.0000],0.003342589009638033,0.9182370620680508,1.0,0.0,0.003069289111910983,57.52897262573242,31.720638275146484,0.03218650817871094,0.5996227264404297,89.91527557373047
8,6.147371699306409e-15,0.006685178019269978,-99.99999999999876,-98.66296439614601,[0 0 0 0 0 0 0],[0.0000 0.0000 0.0000 0.0000 0.0000 0.0000 0.0000],0.003342589009638033,0.9182370620680508,1.0,0.0,0.003069289111910983,58.22944641113281,31.75044059753418,0.08726119995117188,0.8978843688964844,91.00842475891113
8,6.147371699306409e-15,0.006685178019269978,-99.99999999999876,-98.66296439614601,[0 0 0 0 0 0 0],[0.0000 0.0000 0.0000 0.0000 0.0000 0.0000 0.0000],0.003342589009638033,0.9182370620680508,1.0,0.0,0.003069289111910983,66.90382957458496,32.06658363342285,0.030040740966796875,0.5929470062255859,99.62987899780273
8,6.147371699306409e-15,0.006685178019269978,-99.99999999999876,-98.66296439614601,[0 0 0 0 0 0 0],[0.0000 0.0000 0.0000 0.0000 0.0000 0.0000 0.0000],0.003342589009638033,0.9182370620680508,1.0,0.0,0.003069289111910983,51.90396308898926,38.02895545959473,0.041961669921875,0.79345703125,90.79647064208984
8,6.147371699306409e-15,0.006685178019269978,-99.99999999999876,-98.66296439614601,[0 0 0 0 0 0 0],[0.0000 0.0000 0.0000 0.0000 0.0000 0.0000 0.0000],0.003342589009638033,0.9182370620680508,1.0,0.0,0.003069289111910983,108.28995704650879,31.385183334350586,0.03719329833984375,0.5865097045898438,140.32530784606934
8,6.147371699306409e-15,0.006685178019269978,-99.99999999999876,-98.66296439614601,[0 0 0 0 0 0 0],[0.0000 0.0000 0.0000 0.0000 0.0000 0.0000 0.0000],0.003342589009638033,0.9182370620680508,1.0,0.0,0.003069289111910983,55.907249450683594,35.947561264038086,0.06008148193359375,9.670734405517578,101.64427757263184
8,6.147371699306409e-15,0.006685178019269978,-99.99999999999876,-98.66296439614601,[0 0 0 0 0 0 0],[0.0000 0.0000 0.0000 0.0000 0.0000 0.0000 0.0000],0.003342589009638033,0.9182370620680508,1.0,0.0,0.003069289111910983,65.31429290771484,33.499956130981445,0.04172325134277344,0.9050369262695312,99.78938102722168
8,6.147371699306409e-15,0.006685178019269978,-99.99999999999876,-98.66296439614601,[0 0 0 0 0 0 0],[0.0000 0.0000 0.0000 0.0000 0.0000 0.0000 0.0000],0.003342589009638033,0.9182370620680508,1.0,0.0,0.003069289111910983,108.6270809173584,30.959129333496094,0.046253204345703125,0.7834434509277344,140.45310020446777
8,6.147371699306409e-15,0.006685178019269978,-99.99999999999876,-98.66296439614601,[0 0 0 0 0 0 0],[0.0000 0.0000 0.0000 0.0000 0.0000 0.0000 0.0000],0.003342589009638033,0.9182370620680508,1.0,0.0,0.003069289111910983,47.27053642272949,32.13357925415039,0.06794929504394531,1.0275840759277344,80.52945137023926
8,6.147371699306409e-15,0.006685178019269978,-99.99999999999876,-98.66296439614601,[0 0 0 0 0 0 0],[0.0000 0.0000 0.0000 0.0000 0.0000 0.0000 0.0000],0.003342589009638033,0.9182370620680508,1.0,0.0,0.003069289111910983,52.138328552246094,36.95416450500488,0.059604644775390625,0.6988048553466797,89.89143371582031
8,6.147371699306409e-15,0.006685178019269978,-99.99999999999876,-98.66296439614601,[0 0 0 0 0 0 0],[0.0000 0.0000 0.0000 0.0000 0.0000 0.0000 0.0000],0.003342589009638033,0.9182370620680508,1.0,0.0,0.003069289111910983,62.9727840423584,36.27157211303711,0.03743171691894531,0.6277561187744141,99.93815422058105
8,6.147371699306409e-15,0.006685178019269978,-99.99999999999876,-98.66296439614601,[0 0 0 0 0 0 0],[0.0000 0.0000 0.0000 0.0000 0.0000 0.0000 0.0000],0.003342589009638033,0.9182370620680508,1.0,0.0,0.003069289111910983,113.63983154296875,36.653995513916016,0.05054473876953125,0.6937980651855469,151.06844902038574
8,6.147371699306409e-15,0.006685178019269978,-99.99999999999876,-98.66296439614601,[0 0 0 0 0 0 0],[0.0000 0.0000 0.0000 0.0000 0.0000 0.0000 0.0000],0.003342589009638033,0.9182370620680508,1.0,0.0,0.003069289111910983,89.14637565612793,30.67755699157715,0.064849853515625,0.8492469787597656,120.79572677612305
8,6.147371699306409e-15,0.006685178019269978,-99.99999999999876,-98.66296439614601,[0 0 0 0 0 0 0],[0.0000 0.0000 0.0000 0.0000 0.0000 0.0000 0.0000],0.003342589009638033,0.9182370620680508,1.0,0.0,0.003069289111910983,65.44041633605957,33.722877502441406,0.03457069396972656,0.6339550018310547,99.9596118927002
8,1.609505031207321e-12,0.7102177235068836,-99.9999999996781,42.04354470137673,[   0    0    0    0    0 1141    0],[0.0000 0.0000 0.0000 0.0000 0.0000 0.2536 0.0000],0.3551088617542466,0.15725583745405025,0.7464444444444445,0.25355555555555553,0.041683653401204446,47.74069786071777,31.97455406188965,0.07915496826171875,0.7112026214599609,80.58571815490723
8,1.1630545098895133e-12,0.6346719336796933,-99.99999999976738,26.93438673593866,[   0    0    0    0    0 1337    0],[0.0000 0.0000 0.0000 0.0000 0.0000 0.2971 0.0000],0.3173359668404282,0.20333700118649278,0.7028888888888889,0.2971111111111111,0.04535470956622148,84.68747138977051,35.13813018798828,0.06127357482910156,0.8263587951660156,120.74947357177734
8,1.1746790413905903e-12,0.6371110319280152,-99.99999999976507,27.422206385603047,[   0    0    0    0    0 1331    0],[0.0000 0.0000 0.0000 0.0000 0.0000 0.2958 0.0000],0.31855551596459497,0.20180764728867473,0.7042222222222223,0.29577777777777775,0.045272291188672514,96.50158882141113,33.142805099487305,0.06413459777832031,0.5908012390136719,130.33652305603027
8,1.2366159151264738e-12,0.6495986790733621,-99.99999999975267,29.919735814672435,[   0    0    0    0    0 1300    0],[0.0000 0.0000 0.0000 0.0000 0.0000 0.2889 0.0000],0.3247993395372994,0.19402315227289213,0.7111111111111111,0.28888888888888886,0.04481322077381706,55.11951446533203,34.54470634460449,0.05507469177246094,0.8404254913330078,90.58761596679688
8,1.345698020871531e-12,0.6696979946972603,-99.99999999973086,33.939598939452054,[   0    0    0    0    0 1249    0],[0.0000 0.0000 0.0000 0.0000 0.0000 0.2776 0.0000],0.33484899734930296,0.18164922270708717,0.7224444444444444,0.27755555555555556,0.04394272674700555,53.96604537963867,35.511016845703125,0.06008148193359375,0.7011890411376953,90.27814865112305
8,6.147371699306409e-15,0.006685178019269978,-99.99999999999876,-98.66296439614601,[0 0 0 0 0 0 0],[0.0000 0.0000 0.0000 0.0000 0.0000 0.0000 0.0000],0.003342589009638033,0.9182370620680508,1.0,0.0,0.003069289111910983,65.8712387084961,33.63609313964844,0.06365776062011719,0.7917881011962891,100.39687156677246
8,6.147371699306409e-15,0.006685178019269978,-99.99999999999876,-98.66296439614601,[0 0 0 0 0 0 0],[0.0000 0.0000 0.0000 0.0000 0.0000 0.0000 0.0000],0.003342589009638033,0.9182370620680508,1.0,0.0,0.003069289111910983,50.4145622253418,39.01791572570801,0.06723403930664062,0.8993148803710938,90.44051170349121
8,6.147371699306409e-15,0.006685178019269978,-99.99999999999876,-98.66296439614601,[0 0 0 0 0 0 0],[0.0000 0.0000 0.0000 0.0000 0.0000 0.0000 0.0000],0.003342589009638033,0.9182370620680508,1.0,0.0,0.003069289111910983,71.29621505737305,29.912710189819336,0.0553131103515625,0.8130073547363281,102.12516784667969
8,6.147371699306409e-15,0.006685178019269978,-99.99999999999876,-98.66296439614601,[0 0 0 0 0 0 0],[0.0000 0.0000 0.0000 0.0000 0.0000 0.0000 0.0000],0.003342589009638033,0.9182370620680508,1.0,0.0,0.003069289111910983,54.51035499572754,33.11038017272949,0.07605552673339844,0.8940696716308594,88.62495422363281
8,1.1805348043228697e-12,0.6383279491428825,-99.99999999976389,27.6655898285765,[   0    0    0    0    0 1328    0],[0.0000 0.0000 0.0000 0.0000 0.0000 0.2951 0.0000],0.31916397457203155,0.20104571523665882,0.7048888888888889,0.2951111111111111,0.045230287813038075,77.51870155334473,31.729698181152344,0.03838539123535156,0.6341934204101562,109.96389389038086
8,1.1805348043228697e-12,0.6383279491428825,-99.99999999976389,27.6655898285765,[   0    0    0    0    0 1328    0],[0.0000 0.0000 0.0000 0.0000 0.0000 0.2951 0.0000],0.31916397457203155,0.20104571523665882,0.7048888888888889,0.2951111111111111,0.045230287813038075,54.21757698059082,35.71295738220215,0.09036064147949219,0.873565673828125,90.9273624420166
8,1.0652402680493798e-12,0.6128379319107887,-99.99999999978695,22.567586382157742,[   0    0    0    0    0 1390    0],[0.0000 0.0000 0.0000 0.0000 0.0000 0.3089 0.0000],0.306418965955927,0.21716034086811653,0.6911111111111111,0.3088888888888889,0.04598794810374081,74.6457576751709,34.569740295410156,0.06031990051269531,0.8339881896972656,110.1527214050293
8,1.1477338816475956e-12,0.6314090403249852,-99.99999999977045,26.28180806499705,[   0    0    0    0    0 1345    0],[0.0000 0.0000 0.0000 0.0000 0.0000 0.2989 0.0000],0.3157045201630665,0.20538749045598492,0.7011111111111111,0.29888888888888887,0.045461277784356525,102.67829895019531,37.01043128967285,0.0667572021484375,0.7865428924560547,140.58542251586914
8,1.2975100396073636e-12,0.6610983571852617,-99.9999999997405,32.21967143705234,[   0    0    0    0    0 1271    0],[0.0000 0.0000 0.0000 0.0000 0.0000 0.2824 0.0000],0.3305491785932796,0.18692044842834454,0.7175555555555555,0.28244444444444444,0.0443351750730897,51.98478698730469,37.17994689941406,0.052928924560546875,0.7405281066894531,89.99109268188477
8,6.147371699306409e-15,0.006685178019269978,-99.99999999999876,-98.66296439614601,[0 0 0 0 0 0 0],[0.0000 0.0000 0.0000 0.0000 0.0000 0.0000 0.0000],0.003342589009638033,0.9182370620680508,1.0,0.0,0.003069289111910983,109.49540138244629,40.112972259521484,0.034809112548828125,0.9152889251708984,150.60019493103027
8,6.147371699306409e-15,0.006685178019269978,-99.99999999999876,-98.66296439614601,[0 0 0 0 0 0 0],[0.0000 0.0000 0.0000 0.0000 0.0000 0.0000 0.0000],0.003342589009638033,0.9182370620680508,1.0,0.0,0.003069289111910983,78.8431167602539,40.47799110412598,0.07724761962890625,0.8509159088134766,120.29027938842773
8,6.147371699306409e-15,0.006685178019269978,-99.99999999999876,-98.66296439614601,[0 0 0 0 0 0 0],[0.0000 0.0000 0.0000 0.0000 0.0000 0.0000 0.0000],0.003342589009638033,0.9182370620680508,1.0,0.0,0.003069289111910983,56.337833404541016,33.892154693603516,0.032901763916015625,0.7038116455078125,90.99626541137695
8,6.147371699306409e-15,0.006685178019269978,-99.99999999999876,-98.66296439614601,[0 0 0 0 0 0 0],[0.0000 0.0000 0.0000 0.0000 0.0000 0.0000 0.0000],0.003342589009638033,0.9182370620680508,1.0,0.0,0.003069289111910983,44.187068939208984,34.5606803894043,0.07843971252441406,0.8411407470703125,79.70142364501953
8,6.147371699306409e-15,0.006685178019269978,-99.99999999999876,-98.66296439614601,[0 0 0 0 0 0 0],[0.0000 0.0000 0.0000 0.0000 0.0000 0.0000 0.0000],0.003342589009638033,0.9182370620680508,1.0,0.0,0.003069289111910983,77.08168029785156,31.973600387573242,0.046253204345703125,0.5640983581542969,109.70020294189453
8,1.267747341078501e-12,0.6555695113192788,-99.99999999974645,31.11390226385575,[   0    0    0    0    0 1285    0],[0.0000 0.0000 0.0000 0.0000 0.0000 0.2856 0.0000],0.32778475566027326,0.19032752836840805,0.7144444444444444,0.28555555555555556,0.04457166145712099,52.741050720214844,37.253379821777344,0.06604194641113281,0.7793903350830078,90.90137481689453
8,9.805159398149021e-13,0.5918139137622753,-99.99999999980389,18.36278275245506,[   0    0    0    0    0 1440    0],[0.0000 0.0000 0.0000 0.0000 0.0000 0.3200 0.0000],0.29590695688162794,0.2307055740736874,0.6799999999999999,0.32,0.046421821364646204,107.97405242919922,31.634807586669922,0.049114227294921875,0.7143020629882812,140.40279388427734
8,1.0035353486784892e-12,0.597738198295699,-99.99999999979929,19.54763965913979,[   0    0    0    0    0 1426    0],[0.0000 0.0000 0.0000 0.0000 0.0000 0.3169 0.0000],0.29886909914835125,0.22686469599772163,0.6831111111111111,0.3168888888888889,0.046316878370221054,47.36948013305664,32.11259841918945,0.07104873657226562,0.7882118225097656,80.37638664245605
8,1.1066347861207416e-12,0.6223746397044323,-99.99999999977867,24.47492794088646,[   0    0    0    0    0 1367    0],[0.0000 0.0000 0.0000 0.0000 0.0000 0.3038 0.0000],0.3111873198527695,0.21109275595712418,0.6962222222222223,0.30377777777777776,0.0457344123627686,74.59187507629395,34.8963737487793,0.07414817810058594,0.8313655853271484,110.4278564453125
8,6.147371699306409e-15,0.006685178019269978,-99.99999999999876,-98.66296439614601,[0 0 0 0 0 0 0],[0.0000 0.0000 0.0000 0.0000 0.0000 0.0000 0.0000],0.003342589009638033,0.9182370620680508,1.0,0.0,0.003069289111910983,118.21484565734863,31.766653060913086,0.05245208740234375,3.007650375366211,153.08117866516113
8,6.147371699306409e-15,0.006685178019269978,-99.99999999999876,-98.66296439614601,[0 0 0 0 0 0 0],[0.0000 0.0000 0.0000 0.0000 0.0000 0.0000 0.0000],0.003342589009638033,0.9182370620680508,1.0,0.0,0.003069289111910983,52.072763442993164,34.880638122558594,0.04029273986816406,0.7486343383789062,87.77594566345215
8,6.147371699306409e-15,0.006685178019269978,-99.99999999999876,-98.66296439614601,[0 0 0 0 0 0 0],[0.0000 0.0000 0.0000 0.0000 0.0000 0.0000 0.0000],0.003342589009638033,0.9182370620680508,1.0,0.0,0.003069289111910983,120.54729461669922,37.047386169433594,0.03790855407714844,0.7290840148925781,158.39123725891113
8,6.147371699306409e-15,0.006685178019269978,-99.99999999999876,-98.66296439614601,[0 0 0 0 0 0 0],[0.0000 0.0000 0.0000 0.0000 0.0000 0.0000 0.0000],0.003342589009638033,0.9182370620680508,1.0,0.0,0.003069289111910983,98.36030006408691,33.90336036682129,0.04172325134277344,0.5998611450195312,132.97295570373535
8,6.147371699306409e-15,0.006685178019269978,-99.99999999999876,-98.66296439614601,[0 0 0 0 0 0 0],[0.0000 0.0000 0.0000 0.0000 0.0000 0.0000 0.0000],0.003342589009638033,0.9182370620680508,1.0,0.0,0.003069289111910983,55.57060241699219,34.32178497314453,0.080108642578125,0.7476806640625,90.74282646179199
8,8.803672314456943e-13,0.5639834338068647,-99.99999999982393,12.79668676137294,[   0    0    0    0    0 1505    0],[0.0000 0.0000 0.0000 0.0000 0.0000 0.3344 0.0000],0.28199171690387254,0.24901169529347233,0.6655555555555556,0.33444444444444443,0.046734802283872424,124.0086555480957,36.051273345947266,0.03361701965332031,0.5509853363037109,160.6736183166504
8,7.085368493579011e-13,0.5068345782757333,-99.99999999985829,1.3669156551466557,[   0    0    0    0    0 1636    0],[0.0000 0.0000 0.0000 0.0000 0.0000 0.3636 0.0000],0.2534172891382209,0.2880768452459038,0.6364444444444444,0.3635555555555556,0.046462769494192646,53.267478942871094,36.39721870422363,0.080108642578125,0.9455680847167969,90.72709083557129
8,7.026889932716841e-13,0.5046401703446783,-99.99999999985947,0.9280340689356734,[   0    0    0    0    0 1641    0],[0.0000 0.0000 0.0000 0.0000 0.0000 0.3647 0.0000],0.2523200851726905,0.2896197001999734,0.6353333333333333,0.36466666666666664,0.04642816976887033,65.96612930297852,32.99427032470703,0.04029273986816406,0.5548000335693359,99.58767890930176
8,9.025302005496268e-13,0.5704484503245759,-99.9999999998195,14.089690064915189,[   0    0    0    0    0 1490    0],[0.0000 0.0000 0.0000 0.0000 0.0000 0.3311 0.0000],0.28522422516273926,0.24471962138310954,0.6688888888888889,0.33111111111111113,0.04668842062605782,45.44425010681152,34.523725509643555,0.054836273193359375,0.7379055023193359,80.7962417602539
8,1.2635516273673438e-12,0.6547761835407028,-99.99999999974729,30.955236708140546,[   0    0    0    0    0 1287    0],[0.0000 0.0000 0.0000 0.0000 0.0000 0.2860 0.0000],0.32738809177098316,0.19081758327343823,0.714,0.286,0.04460458278746851,80.43885231018066,39.226531982421875,0.054836273193359375,0.6737709045410156,120.43619155883789
8,6.147371699306409e-15,0.006685178019269978,-99.99999999999876,-98.66296439614601,[0 0 0 0 0 0 0],[0.0000 0.0000 0.0000 0.0000 0.0000 0.0000 0.0000],0.003342589009638033,0.9182370620680508,1.0,0.0,0.003069289111910983,102.39315032958984,37.683963775634766,0.05698204040527344,0.7748603820800781,140.94996452331543
8,6.147371699306409e-15,0.006685178019269978,-99.99999999999876,-98.66296439614601,[0 0 0 0 0 0 0],[0.0000 0.0000 0.0000 0.0000 0.0000 0.0000 0.0000],0.003342589009638033,0.9182370620680508,1.0,0.0,0.003069289111910983,60.6989860534668,58.90941619873047,0.03933906555175781,0.5803108215332031,120.26691436767578
8,6.147371699306409e-15,0.006685178019269978,-99.99999999999876,-98.66296439614601,[0 0 0 0 0 0 0],[0.0000 0.0000 0.0000 0.0000 0.0000 0.0000 0.0000],0.003342589009638033,0.9182370620680508,1.0,0.0,0.003069289111910983,72.96609878540039,36.760807037353516,0.03504753112792969,1.1105537414550781,110.91136932373047
8,6.147371699306409e-15,0.006685178019269978,-99.99999999999876,-98.66296439614601,[0 0 0 0 0 0 0],[0.0000 0.0000 0.0000 0.0000 0.0000 0.0000 0.0000],0.003342589009638033,0.9182370620680508,1.0,0.0,0.003069289111910983,87.43929862976074,40.18402099609375,0.06461143493652344,0.8275508880615234,128.55148315429688
8,6.147371699306409e-15,0.006685178019269978,-99.99999999999876,-98.66296439614601,[0 0 0 0 0 0 0],[0.0000 0.0000 0.0000 0.0000 0.0000 0.0000 0.0000],0.003342589009638033,0.9182370620680508,1.0,0.0,0.003069289111910983,64.86272811889648,34.296274185180664,0.05054473876953125,0.9508132934570312,100.19159317016602
8,6.147371699306409e-15,0.006685178019269978,-99.99999999999876,-98.66296439614601,[0 0 0 0 0 0 0],[0.0000 0.0000 0.0000 0.0000 0.0000 0.0000 0.0000],0.003342589009638033,0.9182370620680508,1.0,0.0,0.003069289111910983,45.339107513427734,33.74171257019043,0.05435943603515625,1.0652542114257812,80.23238182067871
8,1.059956396742108e-12,0.6115874360155757,-99.999999999788,22.31748720311515,[   0    0    0    0    0 1393    0],[0.0000 0.0000 0.0000 0.0000 0.0000 0.3096 0.0000],0.3057937180083179,0.21795944094023123,0.6904444444444444,0.30955555555555553,0.04601855569714149,73.26817512512207,35.61758995056152,0.061511993408203125,0.6551742553710938,109.64345932006836
8,7.458956007814571e-13,0.5204307647015581,-99.99999999985081,4.086152940311621,[   0    0    0    0    0 1605    0],[0.0000 0.0000 0.0000 0.0000 0.0000 0.3567 0.0000],0.260215382351152,0.2785911251579919,0.6433333333333333,0.3566666666666667,0.04663761119152175,102.34379768371582,37.58978843688965,0.07462501525878906,0.7097721099853516,140.76924324035645
8,1.0564483846909933e-12,0.6107529540375559,-99.99999999978871,22.15059080751118,[   0    0    0    0    0 1395    0],[0.0000 0.0000 0.0000 0.0000 0.0000 0.3100 0.0000],0.30537647701930615,0.2184931516381322,0.69,0.31,0.046038641541067515,62.75343894958496,36.64898872375488,0.05030632019042969,0.6618499755859375,100.1443862915039
8,6.147371699306409e-15,0.006685178019269978,-99.99999999999876,-98.66296439614601,[0 0 0 0 0 0 0],[0.0000 0.0000 0.0000 0.0000 0.0000 0.0000 0.0000],0.003342589009638033,0.9182370620680508,1.0,0.0,0.003069289111910983,92.03100204467773,38.046836853027344,0.041961669921875,0.7917881011962891,130.950927734375
8,6.147371699306409e-15,0.006685178019269978,-99.99999999999876,-98.66296439614601,[0 0 0 0 0 0 0],[0.0000 0.0000 0.0000 0.0000 0.0000 0.0000 0.0000],0.003342589009638033,0.9182370620680508,1.0,0.0,0.003069289111910983,66.50567054748535,33.147335052490234,0.06008148193359375,0.8757114410400391,100.616455078125
8,6.147371699306409e-15,0.006685178019269978,-99.99999999999876,-98.66296439614601,[0 0 0 0 0 0 0],[0.0000 0.0000 0.0000 0.0000 0.0000 0.0000 0.0000],0.003342589009638033,0.9182370620680508,1.0,0.0,0.003069289111910983,108.36911201477051,31.335830688476562,0.03695487976074219,0.5865097045898438,140.3634548187256
8,6.147371699306409e-15,0.006685178019269978,-99.99999999999876,-98.66296439614601,[0 0 0 0 0 0 0],[0.0000 0.0000 0.0000 0.0000 0.0000 0.0000 0.0000],0.003342589009638033,0.9182370620680508,1.0,0.0,0.003069289111910983,69.55122947692871,40.33350944519043,0.06127357482910156,0.8971691131591797,110.87894439697266
8,6.147371699306409e-15,0.006685178019269978,-99.99999999999876,-98.66296439614601,[0 0 0 0 0 0 0],[0.0000 0.0000 0.0000 0.0000 0.0000 0.0000 0.0000],0.003342589009638033,0.9182370620680508,1.0,0.0,0.003069289111910983,58.74514579772949,30.343055725097656,0.039577484130859375,0.7042884826660156,89.87641334533691
8,6.147371699306409e-15,0.006685178019269978,-99.99999999999876,-98.66296439614601,[0 0 0 0 0 0 0],[0.0000 0.0000 0.0000 0.0000 0.0000 0.0000 0.0000],0.003342589009638033,0.9182370620680508,1.0,0.0,0.003069289111910983,58.29977989196777,31.427383422851562,0.06437301635742188,0.7932186126708984,90.61837196350098
8,6.147371699306409e-15,0.006685178019269978,-99.99999999999876,-98.66296439614601,[0 0 0 0 0 0 0],[0.0000 0.0000 0.0000 0.0000 0.0000 0.0000 0.0000],0.003342589009638033,0.9182370620680508,1.0,0.0,0.003069289111910983,77.52490043640137,32.32765197753906,0.03552436828613281,0.9241104125976562,110.85319519042969
8,6.147371699306409e-15,0.006685178019269978,-99.99999999999876,-98.66296439614601,[0 0 0 0 0 0 0],[0.0000 0.0000 0.0000 0.0000 0.0000 0.0000 0.0000],0.003342589009638033,0.9182370620680508,1.0,0.0,0.003069289111910983,52.93440818786621,35.36725044250488,0.06031990051269531,0.8473396301269531,89.24508094787598
8,6.147371699306409e-15,0.006685178019269978,-99.99999999999876,-98.66296439614601,[0 0 0 0 0 0 0],[0.0000 0.0000 0.0000 0.0000 0.0000 0.0000 0.0000],0.003342589009638033,0.9182370620680508,1.0,0.0,0.003069289111910983,71.09785079956055,38.2540225982666,0.037670135498046875,0.8852481842041016,110.3050708770752
8,6.147371699306409e-15,0.006685178019269978,-99.99999999999876,-98.66296439614601,[0 0 0 0 0 0 0],[0.0000 0.0000 0.0000 0.0000 0.0000 0.0000 0.0000],0.003342589009638033,0.9182370620680508,1.0,0.0,0.003069289111910983,99.3807315826416,40.20118713378906,0.04172325134277344,0.7915496826171875,140.5191421508789
8,6.147371699306409e-15,0.006685178019269978,-99.99999999999876,-98.66296439614601,[0 0 0 0 0 0 0],[0.0000 0.0000 0.0000 0.0000 0.0000 0.0000 0.0000],0.003342589009638033,0.9182370620680508,1.0,0.0,0.003069289111910983,62.65974044799805,36.70501708984375,0.051021575927734375,0.7266998291015625,100.16703605651855
8,6.147371699306409e-15,0.006685178019269978,-99.99999999999876,-98.66296439614601,[0 0 0 0 0 0 0],[0.0000 0.0000 0.0000 0.0000 0.0000 0.0000 0.0000],0.003342589009638033,0.9182370620680508,1.0,0.0,0.003069289111910983,46.59771919250488,32.928466796875,0.05459785461425781,0.67901611328125,80.29770851135254
8,6.147371699306409e-15,0.006685178019269978,-99.99999999999876,-98.66296439614601,[0 0 0 0 0 0 0],[0.0000 0.0000 0.0000 0.0000 0.0000 0.0000 0.0000],0.003342589009638033,0.9182370620680508,1.0,0.0,0.003069289111910983,76.77769660949707,32.96494483947754,0.03933906555175781,0.7758140563964844,110.63361167907715
8,6.147371699306409e-15,0.006685178019269978,-99.99999999999876,-98.66296439614601,[0 0 0 0 0 0 0],[0.0000 0.0000 0.0000 0.0000 0.0000 0.0000 0.0000],0.003342589009638033,0.9182370620680508,1.0,0.0,0.003069289111910983,102.53095626831055,37.48798370361328,0.054836273193359375,0.8556842803955078,140.97094535827637
8,6.147371699306409e-15,0.006685178019269978,-99.99999999999876,-98.66296439614601,[0 0 0 0 0 0 0],[0.0000 0.0000 0.0000 0.0000 0.0000 0.0000 0.0000],0.003342589009638033,0.9182370620680508,1.0,0.0,0.003069289111910983,130.78689575195312,39.84427452087402,0.16307830810546875,2.3152828216552734,173.21205139160156
8,6.147371699306409e-15,0.006685178019269978,-99.99999999999876,-98.66296439614601,[0 0 0 0 0 0 0],[0.0000 0.0000 0.0000 0.0000 0.0000 0.0000 0.0000],0.003342589009638033,0.9182370620680508,1.0,0.0,0.003069289111910983,183.2118034362793,34.13820266723633,0.08535385131835938,1.3344287872314453,218.83773803710938
8,6.147371699306409e-15,0.006685178019269978,-99.99999999999876,-98.66296439614601,[0 0 0 0 0 0 0],[0.0000 0.0000 0.0000 0.0000 0.0000 0.0000 0.0000],0.003342589009638033,0.9182370620680508,1.0,0.0,0.003069289111910983,120.37229537963867,39.17694091796875,0.04935264587402344,1.1188983917236328,160.76016426086426
8,6.147371699306409e-15,0.006685178019269978,-99.99999999999876,-98.66296439614601,[0 0 0 0 0 0 0],[0.0000 0.0000 0.0000 0.0000 0.0000 0.0000 0.0000],0.003342589009638033,0.9182370620680508,1.0,0.0,0.003069289111910983,85.67118644714355,32.81545639038086,0.08845329284667969,1.239776611328125,119.91381645202637
8,6.147371699306409e-15,0.006685178019269978,-99.99999999999876,-98.66296439614601,[0 0 0 0 0 0 0],[0.0000 0.0000 0.0000 0.0000 0.0000 0.0000 0.0000],0.003342589009638033,0.9182370620680508,1.0,0.0,0.003069289111910983,103.8520336151123,35.062551498413086,0.08463859558105469,1.2066364288330078,140.26546478271484
8,6.147371699306409e-15,0.006685178019269978,-99.99999999999876,-98.66296439614601,[0 0 0 0 0 0 0],[0.0000 0.0000 0.0000 0.0000 0.0000 0.0000 0.0000],0.003342589009638033,0.9182370620680508,1.0,0.0,0.003069289111910983,113.2357120513916,36.09442710876465,0.10418891906738281,1.1963844299316406,150.6803035736084
8,6.147371699306409e-15,0.006685178019269978,-99.99999999999876,-98.66296439614601,[0 0 0 0 0 0 0],[0.0000 0.0000 0.0000 0.0000 0.0000 0.0000 0.0000],0.003342589009638033,0.9182370620680508,1.0,0.0,0.003069289111910983,115.72384834289551,33.277034759521484,0.05507469177246094,0.9930133819580078,150.0866413116455
8,6.147371699306409e-15,0.006685178019269978,-99.99999999999876,-98.66296439614601,[0 0 0 0 0 0 0],[0.0000 0.0000 0.0000 0.0000 0.0000 0.0000 0.0000],0.003342589009638033,0.9182370620680508,1.0,0.0,0.003069289111910983,133.1155300140381,39.96753692626953,0.05817413330078125,5.52821159362793,178.7090301513672
8,6.147371699306409e-15,0.006685178019269978,-99.99999999999876,-98.66296439614601,[0 0 0 0 0 0 0],[0.0000 0.0000 0.0000 0.0000 0.0000 0.0000 0.0000],0.003342589009638033,0.9182370620680508,1.0,0.0,0.003069289111910983,69.44155693054199,31.580209732055664,0.07462501525878906,1.0025501251220703,102.14638710021973
8,6.147371699306409e-15,0.006685178019269978,-99.99999999999876,-98.66296439614601,[0 0 0 0 0 0 0],[0.0000 0.0000 0.0000 0.0000 0.0000 0.0000 0.0000],0.003342589009638033,0.9182370620680508,1.0,0.0,0.003069289111910983,94.23089027404785,35.03847122192383,0.06008148193359375,0.95367431640625,130.33151626586914
8,6.147371699306409e-15,0.006685178019269978,-99.99999999999876,-98.66296439614601,[0 0 0 0 0 0 0],[0.0000 0.0000 0.0000 0.0000 0.0000 0.0000 0.0000],0.003342589009638033,0.9182370620680508,1.0,0.0,0.003069289111910983,88.66572380065918,30.530929565429688,0.04267692565917969,0.8640289306640625,120.147705078125
8,3.599124566558731e-16,0.430620802825558,-99.99999999999993,-13.875839434888405,[1116    0    0    0    0    0    0],[0.2480 0.0000 0.0000 0.0000 0.0000 0.0000 0.0000],0.21531040141277916,0.34378296057968927,0.752,0.248,0.05566307552544747,71.10929489135742,38.4984016418457,0.0896453857421875,0.9858608245849609,110.74209213256836
8,4.220822720747671e-16,0.36715680496195646,-99.99999999999991,-26.56863900760871,[1306    0    0    0    0    0    0],[0.2902 0.0000 0.0000 0.0000 0.0000 0.0000 0.0000],0.18357840248097845,0.39406534596381104,0.7097777777777778,0.2902222222222222,0.05134666357163796,86.44747734069824,32.724618911743164,0.05125999450683594,0.7884502410888672,120.05829811096191
8,5.382927385211521e-16,0.2790693296439072,-99.99999999999989,-44.18613407121856,[1596    0    0    0    0    0    0],[0.3547 0.0000 0.0000 0.0000 0.0000 0.0000 0.0000],0.13953466482195387,0.47172987057386384,0.6453333333333333,0.3546666666666667,0.04247756263797525,70.47820091247559,39.244651794433594,0.07939338684082031,0.8246898651123047,110.6712818145752
8,7.195082692596838e-16,0.19280733808620087,-99.99999999999986,-61.438532382759824,[1942    0    0    0    0    0    0],[0.4316 0.0000 0.0000 0.0000 0.0000 0.0000 0.0000],0.09640366904310077,0.5609016760608164,0.5684444444444444,0.4315555555555556,0.03073748481673567,79.7727108001709,39.65473175048828,0.05459785461425781,0.7989406585693359,120.31388282775879
8,8.828836185469503e-16,0.14525227678295244,-99.99999999999983,-70.94954464340951,[2186    0    0    0    0    0    0],[0.4858 0.0000 0.0000 0.0000 0.0000 0.0000 0.0000],0.07262613839147662,0.6188802330199186,0.5142222222222222,0.48577777777777775,0.02311268526171972,121.51408195495605,38.50078582763672,0.04673004150390625,0.7910728454589844,160.89630126953125
8,1.1565905653872388e-15,0.09782447464726346,-99.99999999999977,-80.43510507054731,[2508    0    0    0    0    0    0],[0.5573 0.0000 0.0000 0.0000 0.0000 0.0000 0.0000],0.0489122373236323,0.6872309563795318,0.44266666666666665,0.5573333333333333,0.014879798942241831,140.99359512329102,39.25132751464844,0.07677078247070312,0.8330345153808594,181.19001388549805
8,1.302859893558126e-15,0.08167729445430182,-99.99999999999974,-83.66454110913963,[2650    0    0    0    0    0    0],[0.5889 0.0000 0.0000 0.0000 0.0000 0.0000 0.0000],0.04083864722715155,0.7142076025253636,0.4111111111111111,0.5888888888888889,0.011990989734220789,57.05881118774414,32.53960609436035,0.10251998901367188,1.0273456573486328,90.76499938964844
8,1.4287656775175416e-15,0.07087928914761257,-99.99999999999972,-85.82414217047749,[2760    0    0    0    0    0    0],[0.6133 0.0000 0.0000 0.0000 0.0000 0.0000 0.0000],0.03543964457380696,0.7337683543460486,0.3866666666666667,0.6133333333333333,0.010055069341978733,98.54984283447266,30.302047729492188,0.048160552978515625,0.6482601165771484,129.58383560180664
8,1.5472522612429616e-15,0.06263092999304726,-99.99999999999969,-87.47381400139055,[2855    0    0    0    0    0    0],[0.6344 0.0000 0.0000 0.0000 0.0000 0.0000 0.0000],0.03131546499652444,0.7497382770117538,0.3655555555555555,0.6344444444444445,0.008582660568260002,74.48482513427734,35.47167778015137,0.08845329284667969,1.0673999786376953,111.15431785583496
8,1.7385474997704686e-15,0.05216491764864248,-99.99999999999966,-89.56701647027151,[2994    0    0    0    0    0    0],[0.6653 0.0000 0.0000 0.0000 0.0000 0.0000 0.0000],0.026082458824322075,0.7716035953684017,0.33466666666666667,0.6653333333333333,0.006735273426971596,75.65450668334961,33.32066535949707,0.08463859558105469,0.850677490234375,109.94291305541992
8,1.889050312942493e-15,0.04574234967876327,-99.99999999999962,-90.85153006424734,[3093    0    0    0    0    0    0],[0.6873 0.0000 0.0000 0.0000 0.0000 0.0000 0.0000],0.022871174839382603,0.7861253879518156,0.31266666666666665,0.6873333333333334,0.005621625099841666,101.30190849304199,39.62993621826172,0.0553131103515625,6.086111068725586,147.16434478759766
8,2.3024886637009294e-15,0.03333610633766999,-99.99999999999955,-93.332778732466,[3329    0    0    0    0    0    0],[0.7398 0.0000 0.0000 0.0000 0.0000 0.0000 0.0000],0.01666805316883611,0.8174182201377482,0.26022222222222224,0.7397777777777778,0.003545468018897585,247.96462059020996,35.74872016906738,0.16999244689941406,1.7840862274169922,285.7317924499512
8,2.5548167744780125e-15,0.028188928063490326,-99.99999999999949,-94.36221438730193,[3453    0    0    0    0    0    0],[0.7673 0.0000 0.0000 0.0000 0.0000 0.0000 0.0000],0.014094464031746412,0.8321044132102103,0.2326666666666667,0.7673333333333333,0.002728729958136279,207.84950256347656,40.6491756439209,0.07677078247070312,1.2660026550292969,249.92823600769043
8,5.676877591734217e-13,0.8792021745794498,-99.99999999988647,75.84043491588997,[3540    0    0    0    0 1284    0],[0.7867 0.0000 0.0000 0.0000 0.0000 0.2853 0.0000],0.4396010872900088,0.06234218684059256,0.21333333333333337,0.7866666666666666,0.005846547865421094,184.97681617736816,34.98268127441406,0.09942054748535156,1.0831356048583984,221.21238708496094
8,4.775851868393062e-13,0.7906927932167478,-99.99999999990449,58.13855864334957,[3747    0    0    0    0 1493    0],[0.8327 0.0000 0.0000 0.0000 0.0000 0.3318 0.0000],0.39534639660861276,0.11079091704128985,0.16733333333333333,0.8326666666666667,0.007329332164759107,151.4444351196289,38.35916519165039,0.10561943054199219,1.2688636779785156,191.2243366241455
8,6.157830818783901e-13,0.5791940858195469,-99.99999999987685,15.838817163909383,[4307    0    0    0    0 1623    0],[0.9571 0.0000 0.0000 0.0000 0.0000 0.3607 0.0000],0.2895970429100813,0.23895198192299905,0.042888888888888865,0.9571111111111111,0.0029679019913208694,152.8909206390381,36.38291358947754,0.11086463928222656,1.3005733489990234,190.73486328125
8,6.457806611853815e-13,0.5730946969277942,-99.99999999987084,14.618939385558846,[4340    0    0    0    0 1611    0],[0.9644 0.0000 0.0000 0.0000 0.0000 0.3580 0.0000],0.28654734846422003,0.24296981769076842,0.03555555555555556,0.9644444444444444,0.0024754615827955427,178.9226531982422,40.558815002441406,0.10466575622558594,1.2357234954833984,220.87359428405762
8,6.211771544209656e-13,0.5568093681158627,-99.99999999987577,11.361873623172542,[4351    0    0    0    0 1640    0],[0.9669 0.0000 0.0000 0.0000 0.0000 0.3644 0.0000],0.2784046840582419,0.2538033984831869,0.03311111111111109,0.9668888888888889,0.0023396329311500736,188.431978225708,29.116153717041016,0.13446807861328125,9.839773178100586,227.59366035461426
8,6.411271541187925e-13,0.5583094161047737,-99.99999999987178,11.661883220954735,[4363    0    0    0    0 1627    0],[0.9696 0.0000 0.0000 0.0000 0.0000 0.3616 0.0000],0.2791547080527074,0.25279894532720815,0.030444444444444496,0.9695555555555555,0.002148464924822744,177.43825912475586,35.95328330993652,0.11897087097167969,1.562356948852539,215.12794494628906
8,6.4224138842753e-13,0.554253979565552,-99.99999999987155,10.850795913110403,[4371    0    0    0    0 1630    0],[0.9713 0.0000 0.0000 0.0000 0.0000 0.3622 0.0000],0.27712698978309713,0.25551764321448844,0.028666666666666618,0.9713333333333334,0.0020299106119477375,182.99388885498047,34.64221954345703,0.22125244140625,2.573251724243164,220.4892635345459
8,6.348827722322853e-13,0.546712775212794,-99.99999999987303,9.342555042558814,[4379    0    0    0    0 1641    0],[0.9731 0.0000 0.0000 0.0000 0.0000 0.3647 0.0000],0.2733563876067145,0.26059971922364056,0.02688888888888885,0.9731111111111111,0.0019154729646342448,174.00074005126953,32.90247917175293,0.10323524475097656,1.1944770812988281,208.32419395446777
8,6.568717936033709e-13,0.5516842606939972,-99.99999999986862,10.336852138799443,[4386    0    0    0    0 1624    0],[0.9747 0.0000 0.0000 0.0000 0.0000 0.3609 0.0000],0.2758421303473271,0.2572454909639792,0.02533333333333332,0.9746666666666667,0.0017976316543269508,141.38317108154297,37.79125213623047,0.07152557373046875,1.0733604431152344,180.3610324859619
8,6.585135008440845e-13,0.5517734008618459,-99.9999999998683,10.354680172369186,[4387    0    0    0    0 1623    0],[0.9749 0.0000 0.0000 0.0000 0.0000 0.3607 0.0000],0.27588670043125224,0.2571854869072714,0.025111111111111084,0.9748888888888889,0.001781735168472596,127.79617309570312,29.170513153076172,0.1480579376220703,1.3957023620605469,158.55693817138672
8,6.503970972599654e-13,0.5468250545305955,-99.99999999986991,9.365010906119096,[4390    0    0    0    0 1632    0],[0.9756 0.0000 0.0000 0.0000 0.0000 0.3627 0.0000],0.27341252726562293,0.2605237971848282,0.02444444444444449,0.9755555555555555,0.0017411892618056592,115.37814140319824,35.76207160949707,0.08082389831542969,0.9291172027587891,152.18353271484375
8,6.796089967867007e-13,0.557767170172579,-99.99999999986407,11.553434034515803,[4391    0    0    0    0 1606    0],[0.9758 0.0000 0.0000 0.0000 0.0000 0.3569 0.0000],0.2788835850866293,0.25316188489613134,0.024222222222222256,0.9757777777777777,0.0017101541451813949,110.75162887573242,38.89632225036621,0.07319450378417969,0.8931159973144531,150.69222450256348
8,6.944394852547285e-13,0.5611516072504651,-99.99999999986112,12.230321450093015,[4395    0    0    0    0 1595    0],[0.9767 0.0000 0.0000 0.0000 0.0000 0.3544 0.0000],0.28057580362557977,0.25089946786177586,0.023333333333333317,0.9766666666666667,0.0016425807959061208,110.61787605285645,38.98906707763672,0.07271766662597656,0.9591579437255859,150.67219734191895
8,3.298943021160464e-11,0.012177662517624449,-99.99999999340211,-97.56446749647512,[4411 1575    0    0    0 1596    0],[0.9802 0.3500 0.0000 0.0000 0.0000 0.3547 0.0000],0.006088831275306888,0.8896475533364349,0.019777777777777783,0.9802222222222222,0.00010713451830249052,104.28571701049805,35.683393478393555,0.12946128845214844,1.7192363739013672,141.86477661132812
8,2.5884140494581832e-11,0.01645843806021129,-99.99999999482317,-96.70831238795775,[4412 1765    0    0    0 1592    0],[0.9804 0.3922 0.0000 0.0000 0.0000 0.3538 0.0000],0.008229219043047707,0.8717095559508538,0.019555555555555548,0.9804444444444445,0.0001402815602777096,123.27885627746582,34.679412841796875,0.05602836608886719,0.728607177734375,158.78033638000488
8,2.1274521766016255e-11,0.01798799374335877,-99.9999999957451,-96.40240125132824,[4409 1863    0    0    0 1631    0],[0.9798 0.4140 0.0000 0.0000 0.0000 0.3624 0.0000],0.008993996882316679,0.8658806735698233,0.020222222222222253,0.9797777777777777,0.0001574851678105821,127.90775299072266,31.81004524230957,0.05507469177246094,0.7548332214355469,160.56180000305176
8,1.566799142143704e-11,0.013285918799862378,-99.9999999968664,-97.34281624002753,[4411 1870    0    0    0 1811    0],[0.9802 0.4156 0.0000 0.0000 0.0000 0.4024 0.0000],0.006642959407765119,0.8847354400338319,0.019777777777777783,0.9802222222222222,0.0001162391741585067,108.12020301818848,31.92734718322754,0.08487701416015625,0.8461475372314453,141.02482795715332
8,6.101501276959278e-12,0.2087615219173985,-99.9999999987797,-58.2476956165203,[4415 1836    0    0    0 1940 1192],[0.9811 0.4080 0.0000 0.0000 0.0000 0.4311 0.2649],0.10438076096174996,0.5430957190928312,0.018888888888888844,0.9811111111111112,0.001070787394864036,113.76953125,35.77733039855957,0.05602836608886719,0.858306884765625,150.50697326660156
8,5.3969578760058044e-12,0.14856502624799192,-99.99999999892061,-70.28699475040162,[4403 1780    0    0    0 2069 1309],[0.9784 0.3956 0.0000 0.0000 0.0000 0.4598 0.2909],0.07428251312669445,0.6145586604389781,0.02155555555555555,0.9784444444444444,0.000984031842407704,83.65821838378906,36.00811958312988,0.12373924255371094,1.3079643249511719,121.14191055297852
8,4.405262717146501e-12,0.14886736720562138,-99.99999999911894,-70.22652655887572,[4402 1869    0    0    0 2126 1349],[0.9782 0.4153 0.0000 0.0000 0.0000 0.4724 0.2998],0.07443368360501339,0.614166658774522,0.021777777777777785,0.9782222222222222,0.0009955642894393685,92.3316478729248,36.27657890319824,0.080108642578125,1.5077590942382812,130.23734092712402
8,3.1788420087135975e-12,0.1446790562685669,-99.99999999936423,-71.06418874628662,[4402 2006    0    0    0 2225 1426],[0.9782 0.4458 0.0000 0.0000 0.0000 0.4944 0.3169],0.07233952813587287,0.6196329979278065,0.021777777777777785,0.9782222222222222,0.0009761662114169678,93.36519241333008,35.016536712646484,0.05269050598144531,0.8115768432617188,129.29034233093262
8,2.540922422708081e-12,0.12966028525941597,-99.99999999949182,-74.06794294811681,[4400 2059    0    0    0 2323 1468],[0.9778 0.4576 0.0000 0.0000 0.0000 0.5162 0.3262],0.06483014263097843,0.6399162802112888,0.022222222222222254,0.9777777777777777,0.000921908082621846,86.43507957458496,33.16354751586914,0.08249282836914062,0.8866786956787109,120.61142921447754
8,2.127795598866057e-12,0.11838652995154629,-99.99999999957444,-76.32269400969074,[4391 2097    0    0    0 2401 1508],[0.9758 0.4660 0.0000 0.0000 0.0000 0.5336 0.3351],0.05919326497683706,0.6559265631446993,0.024222222222222256,0.9757777777777777,0.0009404625332167024,92.24843978881836,37.97292709350586,0.09989738464355469,2.02178955078125,132.39359855651855
8,1.932180706517154e-12,0.11797262642215056,-99.99999999961356,-76.40547471556988,[4388 2146    0    0    0 2425 1552],[0.9751 0.4769 0.0000 0.0000 0.0000 0.5389 0.3449],0.058986313212041355,0.6565285653504525,0.02488888888888885,0.9751111111111112,0.000963852078644968,60.06360054016113,37.32895851135254,0.133514404296875,1.2819766998291016,98.84452819824219
8,1.5610588540111504e-12,0.10535274828536845,-99.99999999968779,-78.92945034292632,[4381 2185    0    0    0 2523 1579],[0.9736 0.4856 0.0000 0.0000 0.0000 0.5607 0.3509],0.05267637414346474,0.6754191190414824,0.026444444444444493,0.9735555555555555,0.0009408571102166993,95.92652320861816,32.57632255554199,0.06914138793945312,0.8502006530761719,129.46510314941406
8,1.0390988442020136e-12,0.07809255232991562,-99.99999999979218,-84.38148953401688,[4359 2248    0    0    0 2723 1689],[0.9687 0.4996 0.0000 0.0000 0.0000 0.6051 0.3753],0.03904627616547735,0.720549552999326,0.031333333333333324,0.9686666666666667,0.0008815563409027853,91.55011177062988,38.023948669433594,0.05316734313964844,0.7290840148925781,130.39922714233398
8,9.0833589111082e-13,0.06208936438033632,-99.99999999981833,-87.58212712393274,[4348 2271    0    0    0 2803 1849],[0.9662 0.5047 0.0000 0.0000 0.0000 0.6229 0.4109],0.031044682190622338,0.7508226246638191,0.033777777777777795,0.9662222222222222,0.000787327903146892,86.87853813171387,33.035993576049805,0.11014938354492188,1.2302398681640625,121.28853797912598
8,7.173338674956244e-13,0.04478494669833115,-99.99999999985653,-91.04301066033378,[4337 2268    0    0    0 2955 1939],[0.9638 0.5040 0.0000 0.0000 0.0000 0.6567 0.4309],0.02239247334952424,0.7883754581868782,0.03622222222222227,0.9637777777777777,0.0006394553909354646,101.62472724914551,37.136077880859375,0.0476837158203125,0.8034706115722656,139.6467685699463
8,4.86740718974766e-13,0.022747334742817128,-99.99999999990266,-95.45053305143658,[4317 2240    0    0    0 3230 2143],[0.9593 0.4978 0.0000 0.0000 0.0000 0.7178 0.4762],0.011373667371651948,0.8491778042119451,0.04066666666666663,0.9593333333333334,0.0003927694793028551,111.97590827941895,38.02371025085449,0.08535385131835938,1.6887187957763672,151.81684494018555
8,4.1209610069501837e-13,0.01660214662298679,-99.99999999991758,-96.67957067540264,[4296 2220    0    0    0 3351 2251],[0.9547 0.4933 0.0000 0.0000 0.0000 0.7447 0.5002],0.008301073311699412,0.8711506824908465,0.04533333333333334,0.9546666666666667,0.00032782735086717173,63.990116119384766,34.31272506713867,0.07867813110351562,0.7975101470947266,99.21050071716309
8,3.140776277465076e-13,0.010264477809983496,-99.99999999993719,-97.9471044380033,[4270 2179    0    0    0 3550 2362],[0.9489 0.4842 0.0000 0.0000 0.0000 0.7889 0.5249],0.005132238905148796,0.8986862407682477,0.05111111111111111,0.9488888888888889,0.00023573837162896115,107.08928108215332,33.40888023376465,0.13256072998046875,1.5752315521240234,142.2593593597412
8,2.329453916819906e-13,0.006280478119042065,-99.99999999995342,-98.74390437619158,[4239 2142    0    0    0 3760 2475],[0.9420 0.4760 0.0000 0.0000 0.0000 0.8356 0.5500],0.0031402390596375084,0.9207505323752317,0.05800000000000005,0.942,0.00016769985358491065,75.41108131408691,33.161163330078125,0.0820159912109375,1.0483264923095703,109.75933074951172
8,1.3519038082899902e-13,0.0026548831623617636,-99.99999999997296,-99.46902336752764,[4101 2042    0    0    0 4133 2723],[0.9113 0.4538 0.0000 0.0000 0.0000 0.9184 0.6051],0.0013274415812485074,0.9484744416602151,0.0815555555555556,0.9184444444444444,0.00010268206653962714,93.11771392822266,35.291433334350586,0.05435943603515625,0.7290840148925781,129.225492477417
8,1.0349906533251557e-13,0.0016957573220778605,-99.9999999999793,-99.66084853558442,[4021 1984    0    0    0 4320 2866],[0.8936 0.4409 0.0000 0.0000 0.0000 0.9600 0.6369],0.0008478786610906752,0.95882042591315,0.040000000000000036,0.96,3.251853515798533e-05,101.26781463623047,38.47074508666992,0.04887580871582031,0.6906986236572266,140.53750038146973
8,8.537290814727947e-14,0.0011347917207656815,-99.99999999998292,-99.77304165584687,[3939 1922    0    0    0 4467 3029],[0.8753 0.4271 0.0000 0.0000 0.0000 0.9927 0.6731],0.0005673958604255347,0.9663133302227683,0.007333333333333303,0.9926666666666667,4.0207360119110015e-06,77.34465599060059,32.57131576538086,0.07152557373046875,0.8227825164794922,110.84938049316406
8,8.839633896840744e-14,0.0009897558763126459,-99.99999999998232,-99.80204882473747,[3852 1864    0    0    0 4471 3191],[0.8560 0.4142 0.0000 0.0000 0.0000 0.9936 0.7091],0.0004948779382004887,0.9685396141755339,0.006444444444444475,0.9935555555555555,3.0888794961182068e-06,99.16806221008301,30.26723861694336,0.048160552978515625,0.7183551788330078,130.2344799041748
8,8.049889986372094e-14,0.0006237665540610392,-99.9999999999839,-99.87524668918779,[3664 1752    0    0    0 4574 3563],[0.8142 0.3893 0.0000 0.0000 0.0000 1.0164 0.7918],0.0003118832770707769,0.9750246811035266,-0.016444444444444484,1.0164444444444445,-5.0006551255093065e-06,96.65513038635254,33.47325325012207,0.08702278137207031,0.9007453918457031,131.15930557250977
8,8.963187451362625e-14,0.0005572577117357544,-99.99999999998208,-99.88854845765285,[3582 1695    0    0    0 4541 3761],[0.7960 0.3767 0.0000 0.0000 0.0000 1.0091 0.8358],0.00027862885591268594,0.9763936933925238,-0.00911111111111107,1.009111111111111,-2.4786910591384665e-06,75.76274871826172,33.31303596496582,0.07271766662597656,0.8716583251953125,110.06283760070801
8,1.3111526594037803e-13,0.0003461395636376011,-99.99999999997378,-99.93077208727247,[3467 1369    0    0    0 4532 3901],[0.7704 0.3042 0.0000 0.0000 0.0000 1.0071 0.8669],0.00017306978188436517,0.9813951736501912,-0.007111111111111068,1.007111111111111,-1.2078211459271555e-06,79.99110221862793,39.37888145446777,0.04935264587402344,0.6270408630371094,120.08547782897949
8,1.859256185293929e-15,0.048618038649416204,-99.99999999999963,-90.27639227011676,[3342    0    0    0    0 4561 3974],[0.7427 0.0000 0.0000 0.0000 0.0000 1.0136 0.8831],0.024309019324709028,0.7795050144574386,-0.013555555555555543,1.0135555555555555,-0.00025686425557096894,59.4019889831543,40.572166442871094,0.06508827209472656,0.7653236389160156,100.85463523864746
8,1.6701705289670557e-15,0.048189571150067,-99.99999999999966,-90.3620857699866,[3179    0    0    0    0 4574 4191],[0.7064 0.0000 0.0000 0.0000 0.0000 1.0164 0.9313],0.024094785575034337,0.7804787683387657,-0.016444444444444484,1.0164444444444445,-0.00030924548313449404,85.88385581970215,33.54287147521973,0.061511993408203125,0.7526874542236328,120.29266357421875
8,1.433903047740126e-15,0.05822601043936718,-99.99999999999972,-88.35479791212657,[2984    0    0    0    0 4577 4259],[0.6631 0.0000 0.0000 0.0000 0.0000 1.0171 0.9464],0.029113005219684282,0.7586993360154893,-0.017111111111111077,1.017111111111111,-0.00037795052559520484,84.65433120727539,35.44116020202637,0.07915496826171875,1.4951229095458984,121.75559997558594
8,1.2526448341609434e-15,0.07345061842211159,-99.99999999999974,-85.30987631557768,[2793    0    0    0    0 4567 4295],[0.6207 0.0000 0.0000 0.0000 0.0000 1.0149 0.9544],0.03672530921105647,0.7289822544147517,-0.014888888888888951,1.014888888888889,-0.00039860680290768416,73.59790802001953,34.55829620361328,0.06389617919921875,0.6868839263916016,108.93583297729492
8,8.765767854477278e-16,0.09883859359571087,-99.99999999999983,-80.23228128085782,[2462    0    0    0    0 4621 4338],[0.5471 0.0000 0.0000 0.0000 0.0000 1.0269 0.9640],0.04941929679785588,0.6856139417917677,-0.026888888888888962,1.026888888888889,-0.0009110643609459549,92.00119972229004,37.93048858642578,0.06723403930664062,0.7028579711914062,130.74374198913574
8,7.482377420327645e-16,0.12202078859953906,-99.99999999999984,-75.59584228009219,[2273    0    0    0    0 4624 4360],[0.5051 0.0000 0.0000 0.0000 0.0000 1.0276 0.9689],0.06101039429976993,0.6506852585424738,-0.027555555555555555,1.0275555555555556,-0.0010939159909781743,59.41176414489746,40.0238037109375,0.06818771362304688,0.7758140563964844,100.31890869140625
8,6.832233177056267e-16,0.15644877600899212,-99.99999999999986,-68.71024479820157,[2098    0    0    0    0 4592 4372],[0.4662 0.0000 0.0000 0.0000 0.0000 1.0204 0.9716],0.07822438800449646,0.60446393842155,-0.020444444444444487,1.0204444444444445,-0.0009666914649224089,77.02326774597168,32.51910209655762,0.06604194641113281,0.7598400115966797,110.40186882019043
8,5.527911664114278e-16,0.18473502114927998,-99.99999999999989,-63.05299577014401,[1905    0    0    0    0 4624 4385],[0.4233 0.0000 0.0000 0.0000 0.0000 1.0276 0.9744],0.09236751057464027,0.5701918786838953,-0.027555555555555555,1.0275555555555556,-0.0014512740763565953,62.772274017333984,36.756277084350586,0.07176399230957031,0.8025169372558594,100.44598579406738
