16,93,36.34909285603916
16,115,34.54490063456296
16,116,1.1925278134477646
16,117,0.2377812875525581
16,118,34.17046299182554
16,119,1.1971866609590713
16,120,1.1939374886314076
16,121,35.21898214506925
16,122,35.23381137982278
16,123,1.202396337810896
16,124,34.79241813332173
16,125,35.071552843194
16,126,1.1405820501568869
16,127,35.27160392419178
16,128,34.25754001273017
16,129,34.881104579534416
16,130,26.099166431395087
16,131,35.89105888004476
16,132,36.204692344491534
16,133,33.47931888612898
