20,14,35.97078010175597
20,20,1.132281374013152
20,21,17.80692964587789
20,22,2.552899091527339e-05
20,23,1.1910340206851147
20,24,36.53186934629623
20,25,0.0007821969664341256
20,26,10.447186800789996
20,27,0.007127721981929969
20,28,1.2326098475233688e-12
20,29,5.954726884298956
20,30,35.752044550661715
20,31,23.931661613988386
20,32,26.45889560601902
20,33,16.720651507055372
20,34,35.547934788004866
20,35,35.77361743535792
20,36,8.081943764083018
20,37,0.9130108357351437
20,38,36.014412605135945
