15,93,36.13407945115586
15,96,0.09801115601718452
15,97,7.47982494507358e-09
15,98,0.0005198219123724108
15,99,35.40236393800638
15,100,0.04810726191792481
15,101,35.1778121836536
15,102,35.87058053471855
15,103,1.0956124759811074
15,104,0.0003430382178479265
15,105,2.4752399741178275
15,106,6.435684974067322e-07
15,107,35.63061523753239
15,108,1.1817236947849619e-07
15,109,35.517983623268705
15,110,1.2555290140879695e-12
15,111,15.634433531395809
15,112,0.0023123491971210977
15,113,31.717257839644823
15,114,14.235815275411587
