13,240,33.853701466902784
13,249,0.0017700941160157537
13,250,33.138152131023574
13,251,23.71993812392531
13,252,11.070956318514568
13,253,0.00045264464829708543
13,254,35.007987578463904
13,255,31.723717148589156
13,256,20.066253342146396
13,257,1.08676276805891
13,258,20.11520010620041
13,259,30.820817100295667
13,260,33.39371849615238
13,261,31.47740848720544
13,262,28.88461341044542
13,263,31.090926942725652
13,264,0.027699184225441206
13,265,12.738909858365988
13,266,32.565885286636124
13,267,32.49784078773928
