11,155,33.329200457921566
11,211,32.790594041037565
11,212,23.66163595088143
11,213,1.2692575185165043
11,214,31.699915128258606
11,215,33.83941997140145
11,216,0.08392337897569636
11,217,13.815160870200385
11,218,31.32980912065562
11,219,32.15213123307852
11,220,31.69793016366883
11,221,0.9991111978432888
11,222,30.658611964799956
11,223,6.598140451392528
11,224,1.1379928986667631
11,225,30.139901903891367
11,226,16.389102507429048
11,227,32.37206200050417
11,228,0.3513436468003228
11,229,32.051334367911856
