-1,1,THYMIO,0.8666836419028157,0.09125925835359538,0.0,0.18048780487804877,0.25203252032520324,0.15772357723577235,0.01788617886178862,0.0,0.0,615.0,1.0,615.0,0.0,0.0,615.0,0.0,0.0,615.0
-1,2,THYMIO,0.9718762052832299,0.06073993855171499,0.4215686274509804,0.45751633986928103,0.4820261437908497,0.46568627450980393,0.4199346405228758,0.16993464052287582,0.12908496732026145,612.0,1.0,612.0,0.0,0.0,612.0,0.0,0.0,612.0
-1,3,THYMIO,0.9240068102897833,0.00024004279388612613,0.0,0.17845659163987138,0.2604501607717042,0.1720257234726688,0.028938906752411574,0.0,0.0,622.0,1.0,622.0,0.0,0.0,622.0,0.0,0.0,622.0
-1,4,THYMIO,0.689707456883915,0.03009761558583499,0.1310344827586207,0.30344827586206896,0.41379310344827586,0.6206896551724138,0.4482758620689655,0.05517241379310345,0.041379310344827586,145.0,1.0,145.0,0.0,0.0,145.0,0.0,0.0,145.0
-1,5,THYMIO,0.5004785864216627,0.5328951669651103,0.947242206235012,0.486810551558753,0.0,0.0,0.0,0.5899280575539568,0.03357314148681055,417.0,1.0,417.0,0.0,0.0,417.0,0.0,0.0,417.0
-1,6,THYMIO,0.5296005431133025,0.9157014673989207,0.7903225806451613,0.8064516129032258,0.7419354838709677,0.5967741935483871,0.4838709677419355,0.11290322580645161,0.0,62.0,1.0,62.0,0.0,0.0,62.0,0.0,0.0,62.0
-1,7,THYMIO,0.11240840331256748,0.03646231358765536,0.0,0.0,0.0,0.0,0.0,0.034759358288770054,0.9224598930481284,374.0,1.0,374.0,0.0,0.0,374.0,0.0,0.0,374.0
-1,8,THYMIO,0.24865098219722664,0.01261071642729648,0.0,0.0,0.0,0.0,0.0,0.49019607843137253,0.6470588235294118,51.0,1.0,51.0,0.0,0.0,51.0,0.0,0.0,51.0
-1,9,THYMIO,0.9999819961127164,0.9999390314694989,0.15254237288135594,0.1864406779661017,0.1864406779661017,0.2288135593220339,0.2627118644067797,0.0,0.0,118.0,1.0,118.0,0.0,0.0,118.0,0.0,0.0,118.0
-1,10,THYMIO,0.8056355375432637,0.5949365361995993,0.5939086294416244,0.4213197969543147,0.1065989847715736,0.08121827411167512,0.030456852791878174,0.0,0.0,197.0,1.0,197.0,0.0,0.0,197.0,0.0,0.0,197.0
-1,11,THYMIO,0.4436750924980475,0.4211398978699307,0.0,0.0,0.0,0.0,0.0,0.9504132231404959,0.9504132231404959,605.0,1.0,605.0,0.0,0.0,605.0,0.0,0.0,605.0
-1,12,THYMIO,2.0123125020601904e-05,0.4325138788119666,0.2,0.0,0.0,0.0,0.0,0.56,0.48,50.0,1.0,50.0,0.0,0.0,50.0,0.0,0.0,50.0
-1,13,THYMIO,0.03337929512695352,0.00045435177815836395,0.0,0.0,0.0,0.0,0.8256172839506173,0.933641975308642,0.9320987654320988,648.0,1.0,648.0,0.0,0.0,648.0,0.0,0.0,648.0
-1,14,THYMIO,0.988441574589381,0.6426494369521326,0.35,0.55,0.625,0.65,0.675,0.0,0.0,40.0,1.0,40.0,0.0,0.0,40.0,0.0,0.0,40.0
-1,15,THYMIO,0.3890116002625753,0.9219917524856505,0.20833333333333334,0.5,0.4583333333333333,0.3888888888888889,0.3194444444444444,0.0,0.0,72.0,1.0,72.0,0.0,0.0,72.0,0.0,0.0,72.0
-1,16,THYMIO,0.00043524516820879104,0.07283933712562769,0.0,0.0,0.0,0.0,0.0,0.9305555555555556,0.9120370370370371,216.0,1.0,216.0,0.0,0.0,216.0,0.0,0.0,216.0
-1,17,THYMIO,0.6736521562928003,0.9643650251051644,0.5740740740740741,0.7962962962962963,0.7592592592592593,0.6851851851851852,0.5740740740740741,0.0,0.0,54.0,1.0,54.0,0.0,0.0,54.0,0.0,0.0,54.0
-1,18,THYMIO,0.916764838153691,0.9999865547805916,0.0,0.0,0.15037593984962405,0.3007518796992481,0.24812030075187969,0.0,0.0,133.0,1.0,133.0,0.0,0.0,133.0,0.0,0.0,133.0
-1,19,THYMIO,0.5305948613206661,0.9489199408653196,0.949685534591195,0.9544025157232704,0.9481132075471698,0.0,0.0,0.0,0.0,636.0,1.0,636.0,0.0,0.0,636.0,0.0,0.0,636.0
-1,20,THYMIO,0.03810162459172717,1.3745254719324315e-06,0.0,0.0,0.0,0.0,0.0,0.9383886255924171,0.9320695102685624,633.0,1.0,633.0,0.0,0.0,633.0,0.0,0.0,633.0
-1,9,THYMIO,0.9999819442181863,0.9999406992335441,0.21428571428571427,0.2619047619047619,0.2619047619047619,0.23809523809523808,0.23809523809523808,0.0,0.0,126.0,1.0,126.0,0.0,0.0,126.0,0.0,0.0,126.0
-1,21,THYMIO,0.47934416470135305,0.49723294279922764,0.8639876352395672,0.42194744976816073,0.0,0.0,0.0,0.865533230293663,0.01854714064914992,647.0,1.0,647.0,0.0,0.0,647.0,0.0,0.0,647.0
-1,22,THYMIO,0.8151155764804043,0.999700830128249,0.15476190476190477,0.19047619047619047,0.19642857142857142,0.15476190476190477,0.08928571428571429,0.0,0.0,109.0,0.5797872340425532,188.0,79.0,0.42021276595744683,188.0,0.0,0.0,188.0
-1,23,THYMIO,0.8685505235710587,0.9999967532516865,0.08333333333333333,0.32575757575757575,0.3787878787878788,0.36363636363636365,0.3712121212121212,0.0,0.0,132.0,1.0,132.0,0.0,0.0,132.0,0.0,0.0,132.0
-1,24,THYMIO,0.7791866149866585,0.9998335557728035,0.6533333333333333,0.56,0.0,0.0,0.0,0.0,0.0,75.0,1.0,75.0,0.0,0.0,75.0,0.0,0.0,75.0
-1,25,THYMIO,0.33471967980710415,0.00026955111931876817,0.0,0.0,0.0,0.0,0.015384615384615385,0.23076923076923078,0.5076923076923077,65.0,1.0,65.0,0.0,0.0,65.0,0.0,0.0,65.0
-1,26,THYMIO,0.7795999773517706,0.9999756074383024,0.13812154696132597,0.20994475138121546,0.2265193370165746,0.19889502762430938,0.16022099447513813,0.0,0.0,84.0,0.4221105527638191,199.0,115.0,0.5778894472361809,199.0,0.0,0.0,199.0
-1,27,THYMIO,0.40940400731310894,3.68335256344524e-05,0.0,0.0,0.0,0.0,0.0,0.9559055118110236,0.9480314960629921,635.0,1.0,635.0,0.0,0.0,635.0,0.0,0.0,635.0
-1,28,THYMIO,0.9982219638858653,0.9951689887848096,0.1885245901639344,0.22131147540983606,0.22131147540983606,0.23770491803278687,0.27049180327868855,0.0,0.0,122.0,1.0,122.0,0.0,0.0,122.0,0.0,0.0,122.0
-1,29,THYMIO,0.38595598077627347,0.732712196203331,0.336283185840708,0.3008849557522124,0.3008849557522124,0.22123893805309736,0.1504424778761062,0.0,0.0,113.0,1.0,113.0,0.0,0.0,113.0,0.0,0.0,113.0
-1,30,THYMIO,0.9498121110053601,0.541077841599585,0.5084745762711864,0.6271186440677966,0.711864406779661,0.4745762711864407,0.2711864406779661,0.0,0.0,59.0,1.0,59.0,0.0,0.0,59.0,0.0,0.0,59.0
-1,31,THYMIO,0.5147497131650093,0.452350243668788,0.02321981424148607,0.032507739938080496,0.03715170278637771,0.03560371517027864,0.01393188854489164,0.38854489164086686,0.14241486068111456,646.0,1.0,646.0,0.0,0.0,646.0,0.0,0.0,646.0
-1,32,THYMIO,0.29491615647278097,0.9989367880067616,0.5206611570247934,0.5785123966942148,0.5537190082644629,0.5041322314049587,0.45454545454545453,0.10743801652892562,0.0743801652892562,121.0,1.0,121.0,0.0,0.0,121.0,0.0,0.0,121.0
-1,33,THYMIO,0.9991207001535286,0.998906579091556,0.09433962264150944,0.16981132075471697,0.1792452830188679,0.2358490566037736,0.32075471698113206,0.0,0.0,106.0,1.0,106.0,0.0,0.0,106.0,0.0,0.0,106.0
-1,34,THYMIO,0.293702972296387,0.2822605217270286,0.0,0.0,0.0,0.0,0.0,0.5737704918032787,0.14754098360655737,61.0,1.0,61.0,0.0,0.0,61.0,0.0,0.0,61.0
-1,35,THYMIO,0.30652678501357294,0.9983172018565757,0.3412698412698413,0.5952380952380952,0.6111111111111112,0.6031746031746031,0.49206349206349204,0.05555555555555555,0.031746031746031744,126.0,1.0,126.0,0.0,0.0,126.0,0.0,0.0,126.0
-1,36,THYMIO,0.9974549178757967,0.8910996701203211,0.047058823529411764,0.12941176470588237,0.15294117647058825,0.24705882352941178,0.35294117647058826,0.0,0.0,85.0,1.0,85.0,0.0,0.0,85.0,0.0,0.0,85.0
-1,37,THYMIO,0.9996744682423547,0.9999918673834396,0.2457627118644068,0.2966101694915254,0.3050847457627119,0.288135593220339,0.2966101694915254,0.0,0.0,118.0,1.0,118.0,0.0,0.0,118.0,0.0,0.0,118.0
-1,38,THYMIO,0.9156515554338662,0.1304154516150975,0.053208137715179966,0.08607198748043818,0.12050078247261346,0.09389671361502347,0.04381846635367762,0.0,0.0,639.0,1.0,639.0,0.0,0.0,639.0,0.0,0.0,639.0
-1,39,THYMIO,0.0036139645023439085,8.371883913976674e-09,0.0,0.0,0.0,0.0,0.0,0.9903225806451613,0.9903225806451613,620.0,1.0,620.0,0.0,0.0,620.0,0.0,0.0,620.0
-1,9,THYMIO,0.9999833201196144,0.9999435082151138,0.13114754098360656,0.1721311475409836,0.1885245901639344,0.22131147540983606,0.2786885245901639,0.040983606557377046,0.01639344262295082,122.0,1.0,122.0,0.0,0.0,122.0,0.0,0.0,122.0
-1,40,THYMIO,0.7686164200839701,0.7595827784358652,0.20967741935483872,0.41935483870967744,0.7580645161290323,0.7419354838709677,0.46774193548387094,0.0,0.0,62.0,1.0,62.0,0.0,0.0,62.0,0.0,0.0,62.0
-1,41,THYMIO,0.9999909325448013,0.9982840573014387,0.0594059405940594,0.1188118811881188,0.12871287128712872,0.2376237623762376,0.32673267326732675,0.0,0.0,101.0,1.0,101.0,0.0,0.0,101.0,0.0,0.0,101.0
-1,42,THYMIO,0.998672662279583,0.9263782957068738,0.22321428571428573,0.2767857142857143,0.2857142857142857,0.26785714285714285,0.2767857142857143,0.0,0.0,112.0,1.0,112.0,0.0,0.0,112.0,0.0,0.0,112.0
-1,43,THYMIO,0.9043189401926998,0.9999877934437031,0.0,0.25316455696202533,0.2911392405063291,0.0,0.0,0.0,0.0,79.0,1.0,79.0,0.0,0.0,79.0,0.0,0.0,79.0
-1,44,THYMIO,0.9952865104489926,0.999982688371258,0.2413793103448276,0.29310344827586204,0.29310344827586204,0.27586206896551724,0.29310344827586204,0.0,0.0,116.0,1.0,116.0,0.0,0.0,116.0,0.0,0.0,116.0
-1,45,THYMIO,0.8889887957141778,0.9999731545461692,0.16176470588235295,0.375,0.375,0.36764705882352944,0.38235294117647056,0.0,0.0,136.0,1.0,136.0,0.0,0.0,136.0,0.0,0.0,136.0
-1,46,THYMIO,0.9999947390756511,0.9580239757079235,0.256198347107438,0.30578512396694213,0.3140495867768595,0.2975206611570248,0.2975206611570248,0.0,0.0,121.0,1.0,121.0,0.0,0.0,121.0,0.0,0.0,121.0
-1,47,THYMIO,0.9999999840774344,0.9999995086832457,0.23728813559322035,0.2966101694915254,0.3050847457627119,0.2542372881355932,0.22033898305084745,0.0,0.0,118.0,1.0,118.0,0.0,0.0,118.0,0.0,0.0,118.0
-1,48,THYMIO,0.46652638267238533,0.989976997769669,0.013803680981595092,0.018404907975460124,0.12883435582822086,0.16411042944785276,0.0736196319018405,0.0,0.0,652.0,1.0,652.0,0.0,0.0,652.0,0.0,0.0,652.0
-1,49,THYMIO,0.9999999161046879,0.6737040028242762,0.49019607843137253,0.6274509803921569,0.6862745098039216,0.43137254901960786,0.2549019607843137,0.0,0.0,51.0,1.0,51.0,0.0,0.0,51.0,0.0,0.0,51.0
-1,50,THYMIO,0.9992048372527047,0.737424150867689,0.3404255319148936,0.574468085106383,0.6808510638297872,0.7446808510638298,0.5531914893617021,0.0,0.0,47.0,1.0,47.0,0.0,0.0,47.0,0.0,0.0,47.0
-1,51,THYMIO,0.4900617200321497,0.4815260249276106,0.0,0.0,0.0,0.0,0.0,0.334913112164297,0.8609794628751974,633.0,1.0,633.0,0.0,0.0,633.0,0.0,0.0,633.0
-1,52,THYMIO,0.9226618051865529,0.9456056394796899,0.0,0.0,0.0,0.2857142857142857,0.37755102040816324,0.09183673469387756,0.07142857142857142,98.0,1.0,98.0,0.0,0.0,98.0,0.0,0.0,98.0
-1,53,THYMIO,0.9995102126196324,0.9717156837837168,0.21951219512195122,0.25609756097560976,0.25609756097560976,0.25609756097560976,0.2926829268292683,0.0,0.0,82.0,1.0,82.0,0.0,0.0,82.0,0.0,0.0,82.0
-1,54,THYMIO,0.9998707318347057,0.7864672116736087,0.3333333333333333,0.5238095238095238,0.5476190476190477,0.6190476190476191,0.5476190476190477,0.0,0.0,42.0,1.0,42.0,0.0,0.0,42.0,0.0,0.0,42.0
-1,55,THYMIO,2.7464265230170536e-05,0.9999988559685369,0.0,0.11524822695035461,0.16312056737588654,0.04609929078014184,0.0,0.0,0.0,564.0,1.0,564.0,0.0,0.0,564.0,0.0,0.0,564.0
-1,56,THYMIO,0.97285735029612,0.7026480860444392,0.3902439024390244,0.6341463414634146,0.6585365853658537,0.7560975609756098,0.5365853658536586,0.0,0.0,41.0,1.0,41.0,0.0,0.0,41.0,0.0,0.0,41.0
-1,57,THYMIO,0.010774037511916001,0.9905813604392945,0.059027777777777776,0.1267361111111111,0.22916666666666666,0.11458333333333333,0.015625,0.0,0.0,576.0,1.0,576.0,0.0,0.0,576.0,0.0,0.0,576.0
-1,58,THYMIO,0.9084260864615606,0.9882908371680941,0.0,0.058823529411764705,0.14285714285714285,0.31932773109243695,0.23529411764705882,0.0,0.0,119.0,1.0,119.0,0.0,0.0,119.0,0.0,0.0,119.0
-1,9,THYMIO,0.9999830473156308,0.9999440440040547,0.22807017543859648,0.2807017543859649,0.2894736842105263,0.2807017543859649,0.30701754385964913,0.0,0.0,114.0,1.0,114.0,0.0,0.0,114.0,0.0,0.0,114.0
-1,59,THYMIO,0.8985983048939439,0.9999999891231522,0.0,0.08571428571428572,0.12857142857142856,0.22142857142857142,0.2642857142857143,0.0,0.0,140.0,1.0,140.0,0.0,0.0,140.0,0.0,0.0,140.0
-1,60,THYMIO,0.9999087963418443,0.10717171196718926,0.136986301369863,0.2222222222222222,0.2754946727549467,0.1872146118721461,0.0867579908675799,0.0350076103500761,0.0106544901065449,657.0,1.0,657.0,0.0,0.0,657.0,0.0,0.0,657.0
-1,61,THYMIO,0.9999999783659924,0.8443884090007997,0.3224181360201511,0.17632241813602015,0.15113350125944586,0.09571788413098237,0.06801007556675064,0.0,0.0,397.0,1.0,397.0,0.0,0.0,397.0,0.0,0.0,397.0
-1,62,THYMIO,0.9999249906540432,0.999988323771413,0.23275862068965517,0.27586206896551724,0.27586206896551724,0.2672413793103448,0.28448275862068967,0.0,0.0,116.0,1.0,116.0,0.0,0.0,116.0,0.0,0.0,116.0
-1,63,THYMIO,0.9999999996641933,0.9999514929121569,0.22608695652173913,0.28695652173913044,0.28695652173913044,0.25217391304347825,0.25217391304347825,0.0,0.0,115.0,1.0,115.0,0.0,0.0,115.0,0.0,0.0,115.0
-1,64,THYMIO,0.17226989029141043,0.9999999999999997,0.0,0.08487654320987655,0.13580246913580246,0.07098765432098765,0.0,0.0,0.0,648.0,1.0,648.0,0.0,0.0,648.0,0.0,0.0,648.0
-1,65,THYMIO,0.9983158990069352,0.9999805920607454,0.0,0.0,0.0,0.18181818181818182,0.36363636363636365,0.0,0.0,88.0,1.0,88.0,0.0,0.0,88.0,0.0,0.0,88.0
-1,66,THYMIO,0.972027624507874,0.8055251035188234,0.26717557251908397,0.1450381679389313,0.16030534351145037,0.183206106870229,0.20610687022900764,0.0,0.0,131.0,1.0,131.0,0.0,0.0,131.0,0.0,0.0,131.0
-1,67,THYMIO,0.9943913650495854,0.999999012188315,0.1926605504587156,0.24770642201834864,0.25688073394495414,0.25688073394495414,0.30275229357798167,0.0,0.0,109.0,1.0,109.0,0.0,0.0,109.0,0.0,0.0,109.0
-1,68,THYMIO,0.9999999991766905,0.8426667745484268,0.2773109243697479,0.3277310924369748,0.31092436974789917,0.20168067226890757,0.19327731092436976,0.0,0.0,119.0,1.0,119.0,0.0,0.0,119.0,0.0,0.0,119.0
-1,69,THYMIO,0.8843232761127708,0.9987541238664975,0.11538461538461539,0.34615384615384615,0.34615384615384615,0.33076923076923076,0.33076923076923076,0.0,0.0,130.0,1.0,130.0,0.0,0.0,130.0,0.0,0.0,130.0
-1,70,THYMIO,0.5725649089599215,0.5551127067406327,0.8625,0.8703125,0.8703125,0.8703125,0.04375,0.0,0.0,640.0,1.0,640.0,0.0,0.0,640.0,0.0,0.0,640.0
-1,71,THYMIO,0.9980741494888566,0.9998811505259692,0.25,0.29310344827586204,0.29310344827586204,0.27586206896551724,0.28448275862068967,0.0,0.0,116.0,1.0,116.0,0.0,0.0,116.0,0.0,0.0,116.0
-1,72,THYMIO,0.9980992510766632,0.8437499925215538,0.3938679245283019,0.22877358490566038,0.17452830188679244,0.09669811320754718,0.049528301886792456,0.0,0.0,424.0,1.0,424.0,0.0,0.0,424.0,0.0,0.0,424.0
-1,73,THYMIO,0.9920193406455878,0.7866253407951946,0.27906976744186046,0.5116279069767442,0.5813953488372093,0.6511627906976745,0.5581395348837209,0.0,0.0,43.0,1.0,43.0,0.0,0.0,43.0,0.0,0.0,43.0
-1,74,THYMIO,0.9999990492629761,0.9999162578428595,0.24347826086956523,0.30434782608695654,0.3130434782608696,0.2608695652173913,0.24347826086956523,0.0,0.0,115.0,1.0,115.0,0.0,0.0,115.0,0.0,0.0,115.0
-1,75,THYMIO,0.994731927004886,0.9999999366311935,0.25471698113207547,0.3113207547169811,0.3113207547169811,0.3018867924528302,0.330188679245283,0.0,0.0,106.0,1.0,106.0,0.0,0.0,106.0,0.0,0.0,106.0
-1,76,THYMIO,0.9999996763443675,0.8941663378462139,0.25,0.29,0.29,0.28,0.28,0.0,0.0,100.0,1.0,100.0,0.0,0.0,100.0,0.0,0.0,100.0
-1,77,THYMIO,0.9999999607698051,0.9999959206764816,0.21052631578947367,0.2543859649122807,0.2543859649122807,0.24561403508771928,0.2719298245614035,0.0,0.0,114.0,1.0,114.0,0.0,0.0,114.0,0.0,0.0,114.0
-1,72,THYMIO,0.9968495681596347,0.8399037366681348,0.38405797101449274,0.22705314009661837,0.19806763285024154,0.10628019323671498,0.06038647342995169,0.0,0.0,414.0,1.0,414.0,0.0,0.0,414.0,0.0,0.0,414.0
-1,78,THYMIO,0.48968364590106395,0.5117268096821425,0.09230769230769231,0.9676923076923077,0.5076923076923077,0.0,0.0,0.0,0.0,650.0,1.0,650.0,0.0,0.0,650.0,0.0,0.0,650.0
-1,79,THYMIO,0.9999368563602821,0.038257220315713165,0.11809815950920245,0.24846625766871167,0.2898773006134969,0.25153374233128833,0.09969325153374232,0.0,0.0,652.0,1.0,652.0,0.0,0.0,652.0,0.0,0.0,652.0
-1,80,THYMIO,0.9819002437100609,0.9741881621850526,0.0,0.0625,0.07142857142857142,0.16964285714285715,0.29464285714285715,0.08928571428571429,0.0625,112.0,1.0,112.0,0.0,0.0,112.0,0.0,0.0,112.0
-1,81,THYMIO,0.9033332631204268,0.7619286826276265,0.23129251700680273,0.3197278911564626,0.2789115646258503,0.2653061224489796,0.272108843537415,0.0,0.0,147.0,1.0,147.0,0.0,0.0,147.0,0.0,0.0,147.0
-1,82,THYMIO,0.9234573922533126,0.9068912851440949,0.22413793103448276,0.2672413793103448,0.2672413793103448,0.27586206896551724,0.31896551724137934,0.0,0.0,116.0,1.0,116.0,0.0,0.0,116.0,0.0,0.0,116.0
-1,83,THYMIO,0.9047960137756899,0.7643189757497879,0.27044025157232704,0.32075471698113206,0.3081761006289308,0.1949685534591195,0.1509433962264151,0.0,0.0,159.0,1.0,159.0,0.0,0.0,159.0,0.0,0.0,159.0
-1,84,THYMIO,0.9999999703519258,0.8368811666933655,0.2558139534883721,0.17054263565891473,0.16279069767441862,0.13178294573643412,0.11627906976744186,0.0,0.0,129.0,1.0,129.0,0.0,0.0,129.0,0.0,0.0,129.0
-1,85,THYMIO,0.9930630565058455,0.8360387212809299,0.37333333333333335,0.2,0.18666666666666668,0.14,0.11333333333333333,0.0,0.0,150.0,1.0,150.0,0.0,0.0,150.0,0.0,0.0,150.0
-1,86,THYMIO,0.9481254074863597,0.8081838325426137,0.3333333333333333,0.24489795918367346,0.23129251700680273,0.19727891156462585,0.17006802721088435,0.0,0.0,147.0,1.0,147.0,0.0,0.0,147.0,0.0,0.0,147.0
-1,87,THYMIO,0.9999998185230491,0.99989500874908,0.23728813559322035,0.2796610169491525,0.288135593220339,0.2796610169491525,0.288135593220339,0.0,0.0,118.0,1.0,118.0,0.0,0.0,118.0,0.0,0.0,118.0
-1,88,THYMIO,0.9987593274789887,0.4034854379477522,0.0571870170015456,0.14528593508500773,0.1731066460587326,0.15919629057187018,0.00463678516228748,0.0,0.0,647.0,1.0,647.0,0.0,0.0,647.0,0.0,0.0,647.0
-1,89,THYMIO,0.9516509964047337,0.807949924762753,0.3103448275862069,0.22758620689655173,0.2206896551724138,0.20689655172413793,0.2206896551724138,0.0,0.0,145.0,1.0,145.0,0.0,0.0,145.0,0.0,0.0,145.0
-1,90,THYMIO,0.999808365072829,0.8474833599671762,0.28125,0.3359375,0.1875,0.125,0.1015625,0.0,0.0,128.0,1.0,128.0,0.0,0.0,128.0,0.0,0.0,128.0
-1,91,THYMIO,0.9331420478271193,0.789689644564111,0.3082706766917293,0.37593984962406013,0.38345864661654133,0.20300751879699247,0.18045112781954886,0.0,0.0,133.0,1.0,133.0,0.0,0.0,133.0,0.0,0.0,133.0
-1,92,THYMIO,0.8237020384756467,0.9901611824910128,0.1342281879194631,0.19463087248322147,0.4563758389261745,0.4429530201342282,0.4697986577181208,0.0,0.0,149.0,1.0,149.0,0.0,0.0,149.0,0.0,0.0,149.0
-1,93,THYMIO,0.997785850502546,0.00012516776456208959,0.0,0.09662576687116564,0.16104294478527606,0.08282208588957055,0.0,0.0,0.0,652.0,1.0,652.0,0.0,0.0,652.0,0.0,0.0,652.0
-1,94,THYMIO,0.9999999630544089,0.9999775513496548,0.24786324786324787,0.29914529914529914,0.29914529914529914,0.26495726495726496,0.24786324786324787,0.0,0.0,117.0,1.0,117.0,0.0,0.0,117.0,0.0,0.0,117.0
-1,95,THYMIO,0.999999996845995,0.8907724851680184,0.19298245614035087,0.2543859649122807,0.2543859649122807,0.2543859649122807,0.2894736842105263,0.0,0.0,114.0,1.0,114.0,0.0,0.0,114.0,0.0,0.0,114.0
-1,96,THYMIO,0.9871320859752587,0.8339525795923944,0.352112676056338,0.19014084507042253,0.176056338028169,0.14788732394366197,0.14084507042253522,0.0,0.0,142.0,1.0,142.0,0.0,0.0,142.0,0.0,0.0,142.0
-1,72,THYMIO,0.9950699528233364,0.8490145729975809,0.3021148036253776,0.2054380664652568,0.18731117824773413,0.08459214501510574,0.0513595166163142,0.0,0.0,331.0,1.0,331.0,0.0,0.0,331.0,0.0,0.0,331.0
-1,97,THYMIO,0.9948771340056229,0.8392889356466579,0.302158273381295,0.17266187050359713,0.15827338129496402,0.1223021582733813,0.12949640287769784,0.0,0.0,139.0,1.0,139.0,0.0,0.0,139.0,0.0,0.0,139.0
-1,98,THYMIO,0.9810282135912705,0.8347274300305925,0.3379204892966361,0.2217125382262997,0.16972477064220184,0.08256880733944955,0.035168195718654434,0.0,0.0,654.0,1.0,654.0,0.0,0.0,654.0,0.0,0.0,654.0
-1,99,THYMIO,0.9997725809812551,0.8456119346538693,0.37209302325581395,0.22790697674418606,0.17364341085271318,0.08217054263565891,0.023255813953488372,0.0,0.0,645.0,1.0,645.0,0.0,0.0,645.0,0.0,0.0,645.0
-1,100,THYMIO,0.9835602892517836,0.8422967401012955,0.35664335664335667,0.23076923076923078,0.22377622377622378,0.14685314685314685,0.07692307692307693,0.0,0.0,143.0,1.0,143.0,0.0,0.0,143.0,0.0,0.0,143.0
-1,101,THYMIO,0.41946072773690835,0.035585570149992606,0.0,0.0,0.08923076923076922,0.24769230769230768,0.2153846153846154,0.010769230769230769,0.0,650.0,1.0,650.0,0.0,0.0,650.0,0.0,0.0,650.0
-1,102,THYMIO,0.5499247597632352,0.5637084943604067,0.0,0.022435897435897436,0.46474358974358976,0.8878205128205128,0.8669871794871795,0.0,0.0,624.0,1.0,624.0,0.0,0.0,624.0,0.0,0.0,624.0
-1,103,THYMIO,0.9999341696882363,0.8573221129484948,0.36,0.23076923076923078,0.18,0.1076923076923077,0.03076923076923077,0.0,0.0,650.0,1.0,650.0,0.0,0.0,650.0,0.0,0.0,650.0
-1,104,THYMIO,0.8429451820334095,0.9993649154885942,0.0,0.04941860465116279,0.14244186046511628,0.41569767441860467,0.5232558139534884,0.0,0.0,170.0,0.46703296703296704,364.0,0.0,0.0,364.0,194.0,0.532967032967033,364.0
-1,105,THYMIO,0.9990232557435629,0.8231379071212493,0.2803738317757009,0.32710280373831774,0.32710280373831774,0.2897196261682243,0.27102803738317754,0.0,0.0,107.0,1.0,107.0,0.0,0.0,107.0,0.0,0.0,107.0
-1,106,THYMIO,0.9836381034903166,0.9533146109785606,0.0,0.012987012987012988,0.12987012987012986,0.2857142857142857,0.35064935064935066,0.0,0.0,77.0,1.0,77.0,0.0,0.0,77.0,0.0,0.0,77.0
-1,107,THYMIO,0.8366710412806251,0.9995361438689786,0.0,0.09451219512195122,0.1524390243902439,0.39634146341463417,0.5426829268292683,0.0,0.0,156.0,0.4444444444444444,351.0,0.0,0.0,351.0,195.0,0.5555555555555556,351.0
-1,108,THYMIO,0.9999989992195848,0.9034667569287436,0.2037037037037037,0.25925925925925924,0.25925925925925924,0.25925925925925924,0.2962962962962963,0.0,0.0,108.0,1.0,108.0,0.0,0.0,108.0,0.0,0.0,108.0
-1,109,THYMIO,0.9985532842702741,0.009690254267461585,0.0,0.08,0.16153846153846155,0.07846153846153846,0.0,0.0,0.0,650.0,1.0,650.0,0.0,0.0,650.0,0.0,0.0,650.0
-1,110,THYMIO,0.999852268865866,0.8439601396095039,0.35251798561151076,0.23741007194244604,0.2302158273381295,0.1510791366906475,0.10071942446043165,0.0,0.0,139.0,1.0,139.0,0.0,0.0,139.0,0.0,0.0,139.0
-1,111,THYMIO,0.9727571452768018,0.8154611025057535,0.20430107526881722,0.19815668202764977,0.17357910906298002,0.13978494623655913,0.07834101382488479,0.0,0.0,651.0,1.0,651.0,0.0,0.0,651.0,0.0,0.0,651.0
-1,112,THYMIO,0.9855723633752942,0.8236647223001847,0.2330246913580247,0.16820987654320987,0.14660493827160495,0.10493827160493827,0.06018518518518518,0.0,0.0,648.0,1.0,648.0,0.0,0.0,648.0,0.0,0.0,648.0
-1,113,THYMIO,0.9822698768166833,0.8487716171232687,0.3680555555555556,0.16666666666666666,0.1597222222222222,0.1111111111111111,0.08333333333333333,0.0,0.0,144.0,1.0,144.0,0.0,0.0,144.0,0.0,0.0,144.0
-1,114,THYMIO,0.9918156976804421,0.8271569948292281,0.21705426356589147,0.17519379844961241,0.14728682170542637,0.10077519379844961,0.06821705426356589,0.0,0.0,645.0,1.0,645.0,0.0,0.0,645.0,0.0,0.0,645.0
-1,115,THYMIO,0.9981568043855051,0.9833535076639633,0.2222222222222222,0.27350427350427353,0.28205128205128205,0.2564102564102564,0.2564102564102564,0.0,0.0,117.0,1.0,117.0,0.0,0.0,117.0,0.0,0.0,117.0
-1,103,THYMIO,0.9999324840925009,0.8528314233098563,0.367601246105919,0.22585669781931464,0.1806853582554517,0.11370716510903427,0.03115264797507788,0.0,0.0,642.0,1.0,642.0,0.0,0.0,642.0,0.0,0.0,642.0
-1,116,THYMIO,0.99897226848391,0.839406279262799,0.29411764705882354,0.17647058823529413,0.16911764705882354,0.1323529411764706,0.10294117647058823,0.0,0.0,136.0,1.0,136.0,0.0,0.0,136.0,0.0,0.0,136.0
-1,117,THYMIO,0.9895013331751635,0.38172609124284446,0.022970903522205207,0.13782542113323124,0.1776416539050536,0.11179173047473201,0.0,0.0,0.0,653.0,1.0,653.0,0.0,0.0,653.0,0.0,0.0,653.0
-1,118,THYMIO,0.9999989961840328,0.9994346813460753,0.0,0.0,0.0,0.16666666666666666,0.38095238095238093,0.03571428571428571,0.0,84.0,1.0,84.0,0.0,0.0,84.0,0.0,0.0,84.0
-1,119,THYMIO,0.5739816492989935,0.6186990516882084,0.36447166921898927,0.33690658499234305,0.07350689127105667,0.34915773353751917,0.21439509954058192,0.0,0.0,114.0,0.16939078751857356,673.0,559.0,0.8306092124814265,673.0,0.0,0.0,673.0
-1,120,THYMIO,0.5646676727147513,0.5626217755016386,0.003048780487804878,0.8734756097560976,0.8734756097560976,0.8673780487804879,0.35823170731707316,0.0,0.0,656.0,1.0,656.0,0.0,0.0,656.0,0.0,0.0,656.0
-1,121,THYMIO,0.9646395094399418,0.8419374506864733,0.34868421052631576,0.3092105263157895,0.3223684210526316,0.2565789473684211,0.07236842105263158,0.039473684210526314,0.0,152.0,1.0,152.0,0.0,0.0,152.0,0.0,0.0,152.0
-1,122,THYMIO,0.9990184201153974,0.799403668506791,0.2459016393442623,0.20491803278688525,0.19672131147540983,0.19672131147540983,0.22131147540983606,0.0,0.0,122.0,1.0,122.0,0.0,0.0,122.0,0.0,0.0,122.0
-1,123,THYMIO,0.9572903311592501,0.9430944605787948,0.19642857142857142,0.24107142857142858,0.25892857142857145,0.25892857142857145,0.29464285714285715,0.0,0.0,112.0,1.0,112.0,0.0,0.0,112.0,0.0,0.0,112.0
-1,124,THYMIO,0.9868545494762992,0.0010537680216364913,0.0,0.07926829268292683,0.16158536585365854,0.09908536585365854,0.0,0.0,0.0,656.0,1.0,656.0,0.0,0.0,656.0,0.0,0.0,656.0
-1,125,THYMIO,0.9958168065084524,0.838193148569146,0.28225806451612906,0.3387096774193548,0.3467741935483871,0.27419354838709675,0.24193548387096775,0.024193548387096774,0.0,124.0,1.0,124.0,0.0,0.0,124.0,0.0,0.0,124.0
-1,126,THYMIO,0.9984528953156167,0.8471292678196198,0.16666666666666666,0.19365079365079366,0.20952380952380953,0.05714285714285714,0.01746031746031746,0.0031746031746031746,0.0,630.0,1.0,630.0,0.0,0.0,630.0,0.0,0.0,630.0
-1,127,THYMIO,0.9999922662066725,0.9837665924859562,0.26851851851851855,0.3333333333333333,0.3333333333333333,0.3055555555555556,0.28703703703703703,0.0,0.0,108.0,1.0,108.0,0.0,0.0,108.0,0.0,0.0,108.0
-1,128,THYMIO,0.4924746906532403,0.5101823127630954,0.6445497630331753,0.0,0.0,0.0,0.0,0.0,0.0,633.0,1.0,633.0,0.0,0.0,633.0,0.0,0.0,633.0
-1,129,THYMIO,0.9999960440118675,0.8754699568239397,0.011235955056179775,0.0449438202247191,0.07865168539325842,0.19101123595505617,0.3595505617977528,0.0,0.0,89.0,1.0,89.0,0.0,0.0,89.0,0.0,0.0,89.0
-1,130,THYMIO,0.8732850758192885,0.31492109867373713,0.0,0.06624605678233439,0.138801261829653,0.10725552050473186,0.0,0.0,0.0,634.0,1.0,634.0,0.0,0.0,634.0,0.0,0.0,634.0
-1,131,THYMIO,0.9999974969328528,0.8229092666383775,0.1111111111111111,0.13302034428794993,0.1267605633802817,0.07981220657276995,0.053208137715179966,0.0,0.0,639.0,1.0,639.0,0.0,0.0,639.0,0.0,0.0,639.0
-1,132,THYMIO,0.9993540149252218,0.852959344911781,0.13595166163141995,0.18731117824773413,0.20241691842900303,0.21148036253776434,0.21450151057401812,0.0,0.0,331.0,1.0,331.0,0.0,0.0,331.0,0.0,0.0,331.0
-1,133,THYMIO,0.9474792543038559,0.992256300382289,0.2457627118644068,0.3050847457627119,0.3135593220338983,0.2711864406779661,0.2457627118644068,0.0,0.0,118.0,1.0,118.0,0.0,0.0,118.0,0.0,0.0,118.0
-1,134,THYMIO,0.5969117321243866,0.7105459662561479,0.5687203791469194,0.6129541864139021,0.641390205371248,0.655608214849921,0.641390205371248,0.0,0.0,99.0,0.15254237288135594,649.0,550.0,0.847457627118644,649.0,0.0,0.0,649.0
-1,126,THYMIO,0.9993240050567043,0.858296829808216,0.16049382716049382,0.17901234567901234,0.2006172839506173,0.06790123456790123,0.013888888888888888,0.015432098765432098,0.0,648.0,1.0,648.0,0.0,0.0,648.0,0.0,0.0,648.0
-1,135,THYMIO,0.9999997650362918,0.8595522958487796,0.14,0.19,0.2,0.24,0.29,0.0,0.0,100.0,1.0,100.0,0.0,0.0,100.0,0.0,0.0,100.0
-1,136,THYMIO,0.9999999138584492,0.013988291897003844,0.0,0.0764525993883792,0.18501529051987767,0.0856269113149847,0.0,0.0,0.0,654.0,1.0,654.0,0.0,0.0,654.0,0.0,0.0,654.0
-1,137,THYMIO,0.9999909312615727,0.7797185421055454,0.09442724458204334,0.13777089783281735,0.15170278637770898,0.12848297213622292,0.0804953560371517,0.0,0.0,646.0,1.0,646.0,0.0,0.0,646.0,0.0,0.0,646.0
-1,138,THYMIO,0.9998818165415865,0.8456294220605038,0.15047021943573669,0.19122257053291536,0.20376175548589343,0.23824451410658307,0.25705329153605017,0.0,0.0,319.0,1.0,319.0,0.0,0.0,319.0,0.0,0.0,319.0
-1,139,THYMIO,0.9999996840526857,0.853532538690702,0.35172413793103446,0.1724137931034483,0.16551724137931034,0.11724137931034483,0.08275862068965517,0.0,0.0,145.0,1.0,145.0,0.0,0.0,145.0,0.0,0.0,145.0
-1,140,THYMIO,0.9999943642643705,0.9996123924565963,0.20535714285714285,0.26785714285714285,0.2767857142857143,0.23214285714285715,0.19642857142857142,0.0,0.0,112.0,1.0,112.0,0.0,0.0,112.0,0.0,0.0,112.0
-1,141,THYMIO,0.999924441781867,0.11950992351048904,0.0,0.10030864197530864,0.16358024691358025,0.07716049382716049,0.0,0.0,0.0,648.0,1.0,648.0,0.0,0.0,648.0,0.0,0.0,648.0
-1,142,THYMIO,0.8159765753096889,0.8742567064457006,0.0,0.0718562874251497,0.1437125748502994,0.3592814371257485,0.40718562874251496,0.0,0.0,167.0,1.0,167.0,0.0,0.0,167.0,0.0,0.0,167.0
-1,143,THYMIO,0.9999666548126022,0.8602586627014797,0.3532110091743119,0.22935779816513763,0.19571865443425077,0.10550458715596331,0.03058103975535168,0.0030581039755351682,0.0,654.0,1.0,654.0,0.0,0.0,654.0,0.0,0.0,654.0
-1,144,THYMIO,0.9994194201343001,0.8297866532629128,0.13505311077389984,0.2094081942336874,0.19878603945371776,0.12291350531107739,0.0819423368740516,0.006069802731411229,0.0,659.0,1.0,659.0,0.0,0.0,659.0,0.0,0.0,659.0
-1,145,THYMIO,0.9992376976560396,0.850561491200823,0.14150943396226415,0.1792452830188679,0.19811320754716982,0.24528301886792453,0.29245283018867924,0.0,0.0,106.0,1.0,106.0,0.0,0.0,106.0,0.0,0.0,106.0
-1,146,THYMIO,0.999611848443979,0.8525969655626285,0.3338533541341654,0.23556942277691106,0.19032761310452417,0.10140405616224649,0.0343213728549142,0.014040561622464899,0.0,641.0,1.0,641.0,0.0,0.0,641.0,0.0,0.0,641.0
-1,147,THYMIO,0.9999803411481607,0.8417948731155867,0.3157894736842105,0.3684210526315789,0.2857142857142857,0.22556390977443608,0.17293233082706766,0.03759398496240601,0.0,133.0,1.0,133.0,0.0,0.0,133.0,0.0,0.0,133.0
-1,148,THYMIO,0.9874227846088565,0.8063253179595357,0.09908536585365854,0.16158536585365854,0.15396341463414634,0.10670731707317073,0.0701219512195122,0.0,0.0,656.0,1.0,656.0,0.0,0.0,656.0,0.0,0.0,656.0
-1,149,THYMIO,0.9996443244240136,0.7768871345767703,0.21052631578947367,0.2543859649122807,0.24561403508771928,0.24561403508771928,0.2631578947368421,0.0,0.0,114.0,1.0,114.0,0.0,0.0,114.0,0.0,0.0,114.0
-1,150,THYMIO,0.9998637723759183,0.8860004064842498,0.14882506527415143,0.15926892950391644,0.22193211488250653,0.17493472584856398,0.08877284595300261,0.010443864229765013,0.0,383.0,1.0,383.0,0.0,0.0,383.0,0.0,0.0,383.0
-1,151,THYMIO,0.9999989148284252,0.8349003001692998,0.3073322932917317,0.18252730109204368,0.1372854914196568,0.09516380655226209,0.0405616224648986,0.0,0.0,641.0,1.0,641.0,0.0,0.0,641.0,0.0,0.0,641.0
-1,152,THYMIO,0.9989082730941239,0.8513745739342495,0.02197802197802198,0.08791208791208792,0.16483516483516483,0.2857142857142857,0.34065934065934067,0.0,0.0,91.0,1.0,91.0,0.0,0.0,91.0,0.0,0.0,91.0
-1,153,THYMIO,0.9991595386620273,0.8291457376198791,0.23765432098765432,0.19290123456790123,0.15432098765432098,0.11419753086419752,0.047839506172839504,0.0,0.0,648.0,1.0,648.0,0.0,0.0,648.0,0.0,0.0,648.0
8,126,THYMIO,0.8210233493514755,0.6083620122256189,0.0,0.0,0.8420195439739414,0.8664495114006515,0.8534201954397395,0.0,0.0,614.0,1.0,614.0,0.0,0.0,614.0,0.0,0.0,614.0
8,154,THYMIO,0.9401878297123369,0.9944969518808089,0.0,0.0,0.06766917293233082,0.43609022556390975,0.37593984962406013,0.0,0.0,133.0,1.0,133.0,0.0,0.0,133.0,0.0,0.0,133.0
8,155,THYMIO,0.9999998052676826,0.9999997636892958,0.0,0.0,0.0,0.02857142857142857,0.21904761904761905,0.0,0.0,105.0,1.0,105.0,0.0,0.0,105.0,0.0,0.0,105.0
8,156,THYMIO,0.9999995200862368,0.8108008916583851,0.3642611683848797,0.1563573883161512,0.10996563573883161,0.12371134020618557,0.09278350515463918,0.024054982817869417,0.018900343642611683,121.0,0.20234113712374582,598.0,0.0,0.0,598.0,477.0,0.7976588628762542,598.0
8,157,THYMIO,0.9999995044138401,0.9993620262663614,0.06493506493506493,0.14285714285714285,0.17532467532467533,0.19480519480519481,0.24675324675324675,0.0,0.0,124.0,0.7469879518072289,166.0,0.0,0.0,166.0,42.0,0.25301204819277107,166.0
8,158,THYMIO,0.9493566711358161,0.9999117603928098,0.0,0.0196078431372549,0.16993464052287582,0.23529411764705882,0.2875816993464052,0.0,0.0,119.0,0.7083333333333334,168.0,0.0,0.0,168.0,49.0,0.2916666666666667,168.0
8,159,THYMIO,0.9899511416698745,0.951707732940295,0.046357615894039736,0.12582781456953643,0.15894039735099338,0.17880794701986755,0.2185430463576159,0.0,0.0,125.0,0.7575757575757576,165.0,0.0,0.0,165.0,40.0,0.24242424242424243,165.0
8,160,THYMIO,0.9950234112332115,0.9599828717088055,0.0,0.0,0.0,0.2376237623762376,0.2376237623762376,0.0,0.0,101.0,1.0,101.0,0.0,0.0,101.0,0.0,0.0,101.0
8,161,THYMIO,0.9999903312987444,0.9269906799653166,0.0,0.0,0.17647058823529413,0.28431372549019607,0.22549019607843138,0.0,0.0,102.0,1.0,102.0,0.0,0.0,102.0,0.0,0.0,102.0
8,162,THYMIO,0.9880190929420481,0.7630565383240471,0.126953125,0.16796875,0.119140625,0.138671875,0.06640625,0.0234375,0.021484375,512.0,1.0,512.0,0.0,0.0,512.0,0.0,0.0,512.0
8,163,THYMIO,0.9978922540062501,0.5245442584774426,0.04194630872483222,0.06711409395973154,0.06208053691275168,0.07214765100671142,0.0587248322147651,0.0,0.0,596.0,1.0,596.0,0.0,0.0,596.0,0.0,0.0,596.0
8,164,THYMIO,0.9999383529987074,0.9999532413739901,0.0,0.0,0.0,0.0,0.15254237288135594,0.0,0.0,118.0,0.9915966386554622,119.0,0.0,0.0,119.0,1.0,0.008403361344537815,119.0
8,165,THYMIO,0.9903640785867159,0.20437089260257882,0.13926174496644295,0.19966442953020133,0.20134228187919462,0.2231543624161074,0.20134228187919462,0.008389261744966443,0.015100671140939598,596.0,1.0,596.0,0.0,0.0,596.0,0.0,0.0,596.0
8,166,THYMIO,0.9999999876412854,0.731785034111429,0.36363636363636365,0.4727272727272727,0.5272727272727272,0.6,0.6545454545454545,0.0,0.0,55.0,1.0,55.0,0.0,0.0,55.0,0.0,0.0,55.0
8,167,THYMIO,0.8614019612404887,0.9757541757324851,0.0,0.2028985507246377,0.30434782608695654,0.2028985507246377,0.0,0.0,0.0,69.0,1.0,69.0,0.0,0.0,69.0,0.0,0.0,69.0
8,168,THYMIO,0.9601180227641443,0.9995646139187802,0.0,0.1464968152866242,0.17834394904458598,0.1910828025477707,0.2611464968152866,0.0,0.0,127.0,0.7470588235294118,170.0,0.0,0.0,170.0,43.0,0.2529411764705882,170.0
8,169,THYMIO,0.9998620820650895,0.9994149340561042,0.0,0.0,0.0,0.0,0.168141592920354,0.0,0.0,113.0,0.9741379310344828,116.0,0.0,0.0,116.0,3.0,0.02586206896551724,116.0
8,170,THYMIO,0.999954013654116,0.21409426409803786,0.08253968253968254,0.18095238095238095,0.10317460317460317,0.15555555555555556,0.009523809523809525,0.0,0.0,630.0,1.0,630.0,0.0,0.0,630.0,0.0,0.0,630.0
8,171,THYMIO,0.9999640666876449,0.18780496667464977,0.13556618819776714,0.24401913875598086,0.18022328548644337,0.21212121212121213,0.09090909090909091,0.0,0.0,627.0,1.0,627.0,0.0,0.0,627.0,0.0,0.0,627.0
8,172,THYMIO,0.9974524145078445,0.9255386921606923,0.06962025316455696,0.13291139240506328,0.16455696202531644,0.17721518987341772,0.23417721518987342,0.0,0.0,130.0,0.7692307692307693,169.0,0.0,0.0,169.0,39.0,0.23076923076923078,169.0
9,156,THYMIO,0.9999801957658137,0.9977644312710539,0.0,0.0,0.0,0.19327731092436976,0.2605042016806723,0.0,0.0,119.0,1.0,119.0,0.0,0.0,119.0,0.0,0.0,119.0
9,1,THYMIO,0.4360003110028405,0.8697284921668585,0.0374414976599064,0.09204368174726989,0.0,0.10764430577223089,0.0655226209048362,0.0,0.0,641.0,1.0,641.0,0.0,0.0,641.0,0.0,0.0,641.0
9,2,THYMIO,0.9996642679156402,7.800840247742928e-10,0.064,0.3472,0.1184,0.264,0.0048,0.0,0.0,625.0,1.0,625.0,0.0,0.0,625.0,0.0,0.0,625.0
9,3,THYMIO,0.7107860477881316,0.7591458818206496,0.5078616352201258,0.4889937106918239,0.05345911949685535,0.0880503144654088,0.09433962264150944,0.007861635220125786,0.007861635220125786,483.0,0.7318181818181818,660.0,0.0,0.0,660.0,177.0,0.2681818181818182,660.0
9,4,THYMIO,0.9999951591014417,0.8071875757502437,0.18838304552590268,0.16169544740973313,0.130298273155416,0.13657770800627944,0.0989010989010989,0.01726844583987441,0.0141287284144427,136.0,0.2085889570552147,652.0,0.0,0.0,652.0,516.0,0.7914110429447853,652.0
9,5,THYMIO,0.9999996389396488,0.9999441790392586,0.05128205128205128,0.1346153846153846,0.17307692307692307,0.19230769230769232,0.16666666666666666,0.0,0.0,128.0,0.757396449704142,169.0,0.0,0.0,169.0,41.0,0.24260355029585798,169.0
9,6,THYMIO,0.9999982568958161,0.9999544666550872,0.0,0.0,0.0,0.0,0.16666666666666666,0.0,0.0,102.0,1.0,102.0,0.0,0.0,102.0,0.0,0.0,102.0
9,7,THYMIO,0.9976686283635721,0.7835132000814229,0.1201923076923077,0.14903846153846154,0.07532051282051282,0.09615384615384616,0.04326923076923077,0.0,0.0,624.0,1.0,624.0,0.0,0.0,624.0,0.0,0.0,624.0
9,8,THYMIO,0.9999382428100493,0.0,0.10634920634920635,0.3412698412698413,0.1253968253968254,0.22380952380952382,0.08253968253968254,0.0,0.0,630.0,1.0,630.0,0.0,0.0,630.0,0.0,0.0,630.0
9,9,THYMIO,0.9931768551874075,0.8104623846621614,0.2893081761006289,0.1792452830188679,0.13364779874213836,0.14150943396226415,0.11006289308176101,0.03773584905660377,0.015723270440251572,145.0,0.22342064714946072,649.0,0.0,0.0,649.0,504.0,0.7765793528505393,649.0
9,10,THYMIO,0.9999999154383855,0.9999723108176349,0.0,0.0,0.0,0.375,0.8333333333333334,0.0,0.0,48.0,1.0,48.0,0.0,0.0,48.0,0.0,0.0,48.0
9,11,THYMIO,0.9998563179961982,4.5837422493217894e-07,0.159375,0.36875,0.2328125,0.2734375,0.121875,0.0,0.0,640.0,1.0,640.0,0.0,0.0,640.0,0.0,0.0,640.0
9,12,THYMIO,0.999742420921383,0.9110718045623316,0.0,0.0,0.0,0.2835820895522388,0.5522388059701493,0.1044776119402985,0.1044776119402985,67.0,1.0,67.0,0.0,0.0,67.0,0.0,0.0,67.0
9,13,THYMIO,0.9999953396964041,1.7678021348100343e-05,0.09291338582677165,0.3291338582677165,0.11023622047244094,0.2251968503937008,0.07086614173228346,0.0,0.0,635.0,1.0,635.0,0.0,0.0,635.0,0.0,0.0,635.0
9,14,THYMIO,0.9998321458280015,0.8540203054585982,0.06635071090047394,0.10110584518167456,0.3048973143759874,0.3222748815165877,0.13428120063191154,0.011058451816745656,0.009478672985781991,633.0,1.0,633.0,0.0,0.0,633.0,0.0,0.0,633.0
9,15,THYMIO,0.9999998544118198,0.24696549011505722,0.09090909090909091,0.2727272727272727,0.36363636363636365,0.6363636363636364,1.0,0.36363636363636365,0.5454545454545454,22.0,1.0,22.0,0.0,0.0,22.0,0.0,0.0,22.0
9,16,THYMIO,0.975926697968951,0.8349585993550337,0.21428571428571427,0.2184873949579832,0.17647058823529413,0.15966386554621848,0.18487394957983194,0.046218487394957986,0.01680672268907563,140.0,0.5533596837944664,253.0,0.0,0.0,253.0,113.0,0.44664031620553357,253.0
9,17,THYMIO,0.9999721173756262,0.9974212873396766,0.06060606060606061,0.13333333333333333,0.1696969696969697,0.18787878787878787,0.2606060606060606,0.0,0.0,134.0,0.7528089887640449,178.0,0.0,0.0,178.0,44.0,0.24719101123595505,178.0
9,18,THYMIO,0.9499923181155523,0.9997909285260632,0.0,0.0,0.07142857142857142,0.1978021978021978,0.21978021978021978,0.0,0.0,140.0,0.7070707070707071,198.0,0.0,0.0,198.0,58.0,0.29292929292929293,198.0
9,19,THYMIO,0.2712096742286065,0.9142861169916846,0.017432646592709985,0.08240887480190175,0.0,0.003169572107765452,0.011093502377179081,0.0,0.0,631.0,1.0,631.0,0.0,0.0,631.0,0.0,0.0,631.0
10,4,THYMIO,0.9999889909624731,0.999563290831356,0.0,0.0,0.7946287519747235,0.8672985781990521,0.07109004739336493,0.0,0.0,633.0,0.5591872791519434,1132.0,0.0,0.0,1132.0,499.0,0.44081272084805656,1132.0
10,20,THYMIO,0.9999943243834714,0.9916317689600396,0.0,0.0,0.0,0.02586206896551724,0.2672413793103448,0.0,0.0,116.0,1.0,116.0,0.0,0.0,116.0,0.0,0.0,116.0
10,21,THYMIO,0.2308896395188453,0.7321656862733162,0.07448494453248812,0.508716323296355,0.0,0.003169572107765452,0.0,0.0,0.0,631.0,1.0,631.0,0.0,0.0,631.0,0.0,0.0,631.0
10,22,THYMIO,0.8264081633291848,0.6532058871659882,0.0,0.20454545454545456,0.36363636363636365,0.5,0.6363636363636364,0.0,0.0,44.0,1.0,44.0,0.0,0.0,44.0,0.0,0.0,44.0
10,23,THYMIO,0.9898568606279595,0.4680955831382303,0.1588785046728972,0.23208722741433022,0.22118380062305296,0.2383177570093458,0.06074766355140187,0.0,0.0,642.0,1.0,642.0,0.0,0.0,642.0,0.0,0.0,642.0
10,24,THYMIO,0.9857411501070019,0.8314982735273557,0.2145748987854251,0.19433198380566802,0.1700404858299595,0.1659919028340081,0.12550607287449392,0.05263157894736842,0.044534412955465584,133.0,0.5095785440613027,261.0,0.0,0.0,261.0,128.0,0.4904214559386973,261.0
10,25,THYMIO,0.9999986548452997,0.9926176640630145,0.0,0.0,0.0,0.1016949152542373,0.2542372881355932,0.0,0.0,118.0,1.0,118.0,0.0,0.0,118.0,0.0,0.0,118.0
10,26,THYMIO,0.9999946134616792,0.85412349045637,0.11378205128205128,0.11057692307692307,0.1955128205128205,0.25801282051282054,0.12179487179487179,0.0,0.0,624.0,0.9659442724458205,646.0,0.0,0.0,646.0,22.0,0.034055727554179564,646.0
10,27,THYMIO,0.9999887255664819,0.8022274230299555,0.15919629057187018,0.16537867078825347,0.12982998454404945,0.14219474497681608,0.0973724884080371,0.027820710973724884,0.012364760432766615,134.0,0.20241691842900303,662.0,0.0,0.0,662.0,528.0,0.797583081570997,662.0
10,28,THYMIO,0.9999913774923076,0.8972490669284727,0.09467455621301775,0.13609467455621302,0.16568047337278108,0.16568047337278108,0.1893491124260355,0.0,0.0,131.0,0.7158469945355191,183.0,0.0,0.0,183.0,52.0,0.28415300546448086,183.0
10,29,THYMIO,0.945305278381073,0.9905682397731518,0.8510301109350238,0.8684627575277337,0.8684627575277337,0.8652931854199684,0.8526148969889065,0.0,0.0,631.0,1.0,631.0,0.0,0.0,631.0,0.0,0.0,631.0
10,30,THYMIO,0.987589698397171,0.786098080221077,0.09936908517350158,0.15141955835962145,0.10725552050473186,0.11198738170347003,0.06466876971608833,0.0,0.0,634.0,1.0,634.0,0.0,0.0,634.0,0.0,0.0,634.0
10,31,THYMIO,0.0,0.8759759321128213,0.03296703296703297,0.07378335949764521,0.0,0.0,0.0,0.0,0.0,637.0,1.0,637.0,0.0,0.0,637.0,0.0,0.0,637.0
10,32,THYMIO,0.9996205106671356,0.7801843655242323,0.10542635658914729,0.15348837209302327,0.06821705426356589,0.08682170542635659,0.03565891472868217,0.0,0.0,645.0,1.0,645.0,0.0,0.0,645.0,0.0,0.0,645.0
10,33,THYMIO,0.9999409603782647,0.9999490099287717,0.052941176470588235,0.1411764705882353,0.18235294117647058,0.2,0.22941176470588234,0.0,0.0,138.0,0.7419354838709677,186.0,0.0,0.0,186.0,48.0,0.25806451612903225,186.0
10,34,THYMIO,0.9996597182078307,0.007670552821150318,0.13406940063091483,0.3138801261829653,0.15141955835962145,0.22082018927444794,0.11198738170347003,0.0,0.0,634.0,1.0,634.0,0.0,0.0,634.0,0.0,0.0,634.0
10,35,THYMIO,0.9998245555040447,0.9985885587941845,0.0,0.0,0.7751196172248804,0.84688995215311,0.0685805422647528,0.004784688995215311,0.0,627.0,0.5669077757685352,1106.0,0.0,0.0,1106.0,479.0,0.43309222423146476,1106.0
10,36,THYMIO,6.652506424147655e-05,0.9007814272029722,0.0359375,0.1125,0.0,0.0,0.0,0.0,0.0,640.0,1.0,640.0,0.0,0.0,640.0,0.0,0.0,640.0
10,37,THYMIO,0.9960954627029786,0.6296103979855538,0.140625,0.21875,0.3125,0.4375,0.546875,0.0,0.0,64.0,1.0,64.0,0.0,0.0,64.0,0.0,0.0,64.0
10,38,THYMIO,0.9999615641721581,0.8347172805519809,0.23580786026200873,0.20087336244541484,0.17903930131004367,0.1615720524017467,0.17903930131004367,0.056768558951965066,0.021834061135371178,134.0,0.551440329218107,243.0,0.0,0.0,243.0,109.0,0.448559670781893,243.0
11,27,THYMIO,0.999989828624294,0.9642136573240286,0.0,0.02912621359223301,0.0970873786407767,0.2524271844660194,0.32038834951456313,0.038834951456310676,0.0,103.0,1.0,103.0,0.0,0.0,103.0,0.0,0.0,103.0
11,39,THYMIO,0.6529950752724138,0.8822701862556741,0.37037037037037035,0.0,0.0,0.0,0.0,0.0,0.0,108.0,0.8852459016393442,122.0,14.0,0.11475409836065574,122.0,0.0,0.0,122.0
11,40,THYMIO,0.9850737426309184,0.5799658024772539,0.1,0.14262295081967213,0.16885245901639345,0.1721311475409836,0.05573770491803279,0.0,0.0,610.0,1.0,610.0,0.0,0.0,610.0,0.0,0.0,610.0
11,41,THYMIO,0.9999995303194495,0.8546080233474678,0.3382352941176471,0.16911764705882354,0.16911764705882354,0.1323529411764706,0.13970588235294118,0.0,0.0,136.0,1.0,136.0,0.0,0.0,136.0,0.0,0.0,136.0
11,42,THYMIO,0.9998145260656209,0.8346818470916558,0.3310225303292894,0.15077989601386482,0.12131715771230503,0.08838821490467938,0.038128249566724434,0.0,0.0,577.0,1.0,577.0,0.0,0.0,577.0,0.0,0.0,577.0
11,43,THYMIO,0.9999998801017214,0.8641556154723224,0.41721854304635764,0.16556291390728478,0.15894039735099338,0.13245033112582782,0.11258278145695365,0.0,0.0,151.0,1.0,151.0,0.0,0.0,151.0,0.0,0.0,151.0
11,44,THYMIO,0.9999997160914963,0.8333231632891585,0.2623456790123457,0.16358024691358025,0.12191358024691358,0.10030864197530864,0.041666666666666664,0.0,0.0,648.0,1.0,648.0,0.0,0.0,648.0,0.0,0.0,648.0
11,45,THYMIO,0.9999989044998562,0.9529672303903842,0.0,0.0,0.12195121951219512,0.2804878048780488,0.34146341463414637,0.0,0.0,82.0,1.0,82.0,0.0,0.0,82.0,0.0,0.0,82.0
11,46,THYMIO,0.9999745320563217,0.7877307663408203,0.12393162393162394,0.16666666666666666,0.18376068376068377,0.2222222222222222,0.2222222222222222,0.0,0.0,234.0,1.0,234.0,0.0,0.0,234.0,0.0,0.0,234.0
11,47,THYMIO,0.9581849911469364,0.8249736716110598,0.310126582278481,0.17721518987341772,0.14556962025316456,0.12025316455696203,0.12658227848101267,0.0,0.0,158.0,1.0,158.0,0.0,0.0,158.0,0.0,0.0,158.0
11,48,THYMIO,0.9999975581415333,0.8060261238781362,0.19491525423728814,0.22033898305084745,0.2033898305084746,0.211864406779661,0.22033898305084745,0.0,0.0,118.0,1.0,118.0,0.0,0.0,118.0,0.0,0.0,118.0
11,49,THYMIO,0.9999997696949201,0.6215424402728705,0.07668711656441718,0.11196319018404909,0.13190184049079753,0.10429447852760736,0.03987730061349693,0.0,0.0,652.0,1.0,652.0,0.0,0.0,652.0,0.0,0.0,652.0
11,50,THYMIO,0.9997685763726287,0.785932134560501,0.1794871794871795,0.2222222222222222,0.21367521367521367,0.20512820512820512,0.23931623931623933,0.0,0.0,117.0,1.0,117.0,0.0,0.0,117.0,0.0,0.0,117.0
11,51,THYMIO,0.9974415877379531,0.8181403382309149,0.10741301059001512,0.14826021180030258,0.13313161875945537,0.12859304084720122,0.10287443267776097,0.0,0.0,661.0,1.0,661.0,0.0,0.0,661.0,0.0,0.0,661.0
11,52,THYMIO,0.9821748431247979,0.8320874685482216,0.3159509202453988,0.19478527607361965,0.1549079754601227,0.0950920245398773,0.046012269938650305,0.0,0.0,652.0,1.0,652.0,0.0,0.0,652.0,0.0,0.0,652.0
11,53,THYMIO,0.8835708009555834,0.9671227905203994,0.0,0.1,0.35,0.38571428571428573,0.38571428571428573,0.0,0.0,140.0,1.0,140.0,0.0,0.0,140.0,0.0,0.0,140.0
11,54,THYMIO,0.9999969626263343,0.8298554930325229,0.19300911854103345,0.1595744680851064,0.14285714285714285,0.1033434650455927,0.060790273556231005,0.0,0.0,658.0,1.0,658.0,0.0,0.0,658.0,0.0,0.0,658.0
11,55,THYMIO,0.3370946170081518,0.9921091298041593,0.004615384615384616,0.038461538461538464,0.16307692307692306,0.1476923076923077,0.016923076923076923,0.0,0.0,650.0,1.0,650.0,0.0,0.0,650.0,0.0,0.0,650.0
11,56,THYMIO,0.9999952723236833,0.8040891647724553,0.10204081632653061,0.13877551020408163,0.15918367346938775,0.19591836734693877,0.19591836734693877,0.0,0.0,245.0,1.0,245.0,0.0,0.0,245.0,0.0,0.0,245.0
11,57,THYMIO,0.9999621577460244,0.8726817087260511,0.33121019108280253,0.1592356687898089,0.1464968152866242,0.12101910828025478,0.1337579617834395,0.01910828025477707,0.0,157.0,1.0,157.0,0.0,0.0,157.0,0.0,0.0,157.0
12,51,THYMIO,0.9966589941537285,0.82511333276591,0.10566615620214395,0.14088820826952528,0.13476263399693722,0.12404287901990811,0.09341500765696784,0.0,0.0,653.0,1.0,653.0,0.0,0.0,653.0,0.0,0.0,653.0
12,1,THYMIO,0.9485875612939073,0.8023937793924536,0.11246200607902736,0.1519756838905775,0.13829787234042554,0.0972644376899696,0.05319148936170213,0.0,0.0,658.0,1.0,658.0,0.0,0.0,658.0,0.0,0.0,658.0
12,2,THYMIO,0.9998863007185566,0.03547772543790251,0.02627511591962906,0.11282843894899536,0.14683153013910355,0.09891808346213292,0.0,0.0,0.0,647.0,1.0,647.0,0.0,0.0,647.0,0.0,0.0,647.0
12,3,THYMIO,0.9997790506703388,0.8031139435480592,0.20833333333333334,0.24166666666666667,0.225,0.2,0.23333333333333334,0.0,0.0,120.0,1.0,120.0,0.0,0.0,120.0,0.0,0.0,120.0
12,4,THYMIO,0.9999991640927038,0.005458910314156612,0.0,0.09448818897637795,0.16220472440944883,0.07401574803149606,0.0,0.0,0.0,635.0,1.0,635.0,0.0,0.0,635.0,0.0,0.0,635.0
12,5,THYMIO,0.9672212802097477,0.3262397409585451,0.032357473035439135,0.20030816640986132,0.23420647149460708,0.17257318952234207,0.029275808936825885,0.009244992295839754,0.012326656394453005,649.0,1.0,649.0,0.0,0.0,649.0,0.0,0.0,649.0
12,6,THYMIO,0.9999545292862632,0.821695470825651,0.1238390092879257,0.14086687306501547,0.11455108359133127,0.09597523219814241,0.05263157894736842,0.0,0.0,646.0,1.0,646.0,0.0,0.0,646.0,0.0,0.0,646.0
12,7,THYMIO,0.9999707429017612,0.04972844297071129,0.0,0.1111111111111111,0.22065727699530516,0.081377151799687,0.0,0.0,0.0,639.0,1.0,639.0,0.0,0.0,639.0,0.0,0.0,639.0
12,8,THYMIO,0.9902382250174088,0.8391273487369298,0.34838709677419355,0.16129032258064516,0.16129032258064516,0.0967741935483871,0.06451612903225806,0.0,0.0,155.0,1.0,155.0,0.0,0.0,155.0,0.0,0.0,155.0
12,9,THYMIO,0.9880603245504551,0.8205259888152636,0.09442724458204334,0.14086687306501547,0.14086687306501547,0.10681114551083591,0.08204334365325078,0.0,0.0,646.0,1.0,646.0,0.0,0.0,646.0,0.0,0.0,646.0
12,10,THYMIO,0.999999993957125,0.8153330869759463,0.14126984126984127,0.1492063492063492,0.14126984126984127,0.09206349206349207,0.05873015873015873,0.0,0.0,630.0,1.0,630.0,0.0,0.0,630.0,0.0,0.0,630.0
12,11,THYMIO,0.999837959104987,0.8529625889921705,0.4225352112676056,0.23708920187793428,0.19248826291079812,0.12910798122065728,0.07276995305164319,0.011737089201877934,0.0,426.0,1.0,426.0,0.0,0.0,426.0,0.0,0.0,426.0
12,12,THYMIO,0.9999989741477375,0.8516623530845556,0.041237113402061855,0.13402061855670103,0.14432989690721648,0.24742268041237114,0.30927835051546393,0.0,0.0,97.0,1.0,97.0,0.0,0.0,97.0,0.0,0.0,97.0
12,13,THYMIO,0.9999787707440209,0.10318566670310161,0.0,0.11308562197092084,0.1631663974151858,0.06946688206785137,0.0,0.0,0.0,619.0,1.0,619.0,0.0,0.0,619.0,0.0,0.0,619.0
12,14,THYMIO,0.9998649240264378,4.903105923713258e-07,0.4513556618819777,0.48165869218500795,0.49920255183413076,0.4864433811802233,0.45614035087719296,0.15789473684210525,0.11961722488038277,627.0,1.0,627.0,0.0,0.0,627.0,0.0,0.0,627.0
12,15,THYMIO,0.9930999277687295,0.9013965971865368,0.09482758620689655,0.15517241379310345,0.1810344827586207,0.19827586206896552,0.28448275862068967,0.0,0.0,116.0,1.0,116.0,0.0,0.0,116.0,0.0,0.0,116.0
12,16,THYMIO,0.9986760592127736,0.8356681834225137,0.014285714285714285,0.07142857142857142,0.22857142857142856,0.38571428571428573,0.42857142857142855,0.0,0.0,70.0,1.0,70.0,0.0,0.0,70.0,0.0,0.0,70.0
12,17,THYMIO,0.9999996496882421,0.7776613925647232,0.1592920353982301,0.23893805309734514,0.23008849557522124,0.23893805309734514,0.23893805309734514,0.0,0.0,113.0,1.0,113.0,0.0,0.0,113.0,0.0,0.0,113.0
12,18,THYMIO,0.9924041680005502,0.8373476468486113,0.36231884057971014,0.2246376811594203,0.21014492753623187,0.15217391304347827,0.10144927536231885,0.0,0.0,138.0,1.0,138.0,0.0,0.0,138.0,0.0,0.0,138.0
12,19,THYMIO,0.966550999290392,0.8186901282686068,0.34306569343065696,0.3357664233576642,0.21897810218978103,0.145985401459854,0.10948905109489052,0.0,0.0,137.0,1.0,137.0,0.0,0.0,137.0,0.0,0.0,137.0
13,51,THYMIO,0.9982325820366517,0.8129252122841002,0.12291350531107739,0.1426403641881639,0.14871016691957512,0.1062215477996965,0.06525037936267071,0.0,0.0,659.0,1.0,659.0,0.0,0.0,659.0,0.0,0.0,659.0
13,20,THYMIO,0.9999300650795016,0.05544216627102731,0.0,0.09662576687116564,0.17024539877300612,0.07208588957055215,0.0,0.0,0.0,652.0,1.0,652.0,0.0,0.0,652.0,0.0,0.0,652.0
13,21,THYMIO,0.4946475311691239,0.5281423434820711,0.9806763285024155,0.5048309178743962,0.0,0.0,0.0,0.0,0.0,414.0,1.0,414.0,0.0,0.0,414.0,0.0,0.0,414.0
13,22,THYMIO,0.9996747784122497,0.8265523863184724,0.3811764705882353,0.18823529411764706,0.18823529411764706,0.13647058823529412,0.09176470588235294,0.0,0.0,425.0,0.9929906542056075,428.0,3.0,0.007009345794392523,428.0,0.0,0.0,428.0
13,23,THYMIO,0.11943732260337911,0.0074857251229911315,0.0,0.0,0.0,0.0,0.0,0.4230769230769231,0.5,52.0,1.0,52.0,0.0,0.0,52.0,0.0,0.0,52.0
13,24,THYMIO,0.9902264042709195,0.8145414177134479,0.18796992481203006,0.18796992481203006,0.18045112781954886,0.18796992481203006,0.20300751879699247,0.022556390977443608,0.0,133.0,1.0,133.0,0.0,0.0,133.0,0.0,0.0,133.0
13,25,THYMIO,0.1363830547767751,0.999728938955173,0.0,0.0852359208523592,0.1476407914764079,0.0806697108066971,0.0,0.0,0.0,657.0,1.0,657.0,0.0,0.0,657.0,0.0,0.0,657.0
13,26,THYMIO,0.9999999952169478,0.8496123657020217,0.0125,0.075,0.2,0.325,0.3625,0.0,0.0,80.0,1.0,80.0,0.0,0.0,80.0,0.0,0.0,80.0
13,27,THYMIO,0.9963345010294221,0.8314966949099237,0.35172413793103446,0.2,0.2,0.13793103448275862,0.06896551724137931,0.0,0.0,145.0,1.0,145.0,0.0,0.0,145.0,0.0,0.0,145.0
13,28,THYMIO,0.999999991272805,0.8235237051708646,0.38461538461538464,0.23325062034739455,0.21339950372208435,0.13399503722084366,0.09181141439205956,0.0024813895781637717,0.0,403.0,1.0,403.0,0.0,0.0,403.0,0.0,0.0,403.0
13,29,THYMIO,0.9958290092898563,0.0,0.003105590062111801,0.11024844720496894,0.14440993788819875,0.08385093167701864,0.0,0.0,0.0,644.0,1.0,644.0,0.0,0.0,644.0,0.0,0.0,644.0
13,30,THYMIO,0.9999903922961544,0.9829148902494019,0.0,0.0,0.0,0.16666666666666666,0.5151515151515151,0.07575757575757576,0.06060606060606061,66.0,1.0,66.0,0.0,0.0,66.0,0.0,0.0,66.0
13,31,THYMIO,0.9918118379096725,0.8437017974282923,0.35625,0.18125,0.1625,0.1125,0.075,0.0,0.0,160.0,1.0,160.0,0.0,0.0,160.0,0.0,0.0,160.0
13,32,THYMIO,0.9999999673504592,0.3774024198630561,0.02336448598130841,0.13707165109034267,0.1806853582554517,0.06230529595015576,0.0,0.0,0.0,642.0,1.0,642.0,0.0,0.0,642.0,0.0,0.0,642.0
13,33,THYMIO,0.9323102035684152,0.9997769405815512,0.0,0.0,0.12686567164179105,0.26865671641791045,0.21641791044776118,0.0,0.0,134.0,1.0,134.0,0.0,0.0,134.0,0.0,0.0,134.0
13,34,THYMIO,0.9999999634122405,0.8439268593401421,0.0,0.028169014084507043,0.1267605633802817,0.3380281690140845,0.4084507042253521,0.0,0.0,71.0,1.0,71.0,0.0,0.0,71.0,0.0,0.0,71.0
13,35,THYMIO,0.9999999997165233,0.01784969760521345,0.0,0.08411214953271028,0.15109034267912771,0.06853582554517133,0.0,0.0,0.0,642.0,1.0,642.0,0.0,0.0,642.0,0.0,0.0,642.0
13,36,THYMIO,0.9999999900758477,0.9044256906614877,0.09523809523809523,0.14285714285714285,0.1619047619047619,0.18095238095238095,0.2571428571428571,0.0,0.0,105.0,1.0,105.0,0.0,0.0,105.0,0.0,0.0,105.0
13,37,THYMIO,0.9988293243264821,0.7022495729526503,0.10719754977029096,0.15160796324655437,0.15160796324655437,0.13476263399693722,0.04900459418070444,0.0,0.0,653.0,1.0,653.0,0.0,0.0,653.0,0.0,0.0,653.0
13,38,THYMIO,0.9999990346839062,0.3451272050102387,0.021638330757341576,0.09119010819165378,0.1375579598145286,0.0401854714064915,0.0,0.0,0.0,647.0,1.0,647.0,0.0,0.0,647.0,0.0,0.0,647.0
14,51,THYMIO,0.9999169604832345,0.8376179240564527,0.3495440729483283,0.1534954407294833,0.1413373860182371,0.08662613981762918,0.05015197568389058,0.0,0.0,658.0,1.0,658.0,0.0,0.0,658.0,0.0,0.0,658.0
14,39,THYMIO,0.9821784071589791,0.8301058988097488,0.3219178082191781,0.23972602739726026,0.21232876712328766,0.136986301369863,0.04794520547945205,0.0,0.0,146.0,1.0,146.0,0.0,0.0,146.0,0.0,0.0,146.0
14,40,THYMIO,0.9999999991242841,0.85345607267733,0.3680555555555556,0.1875,0.19444444444444445,0.13194444444444445,0.05555555555555555,0.0,0.0,144.0,1.0,144.0,0.0,0.0,144.0,0.0,0.0,144.0
14,41,THYMIO,0.9954799343644519,0.8401044519112962,0.281055900621118,0.2204968944099379,0.19409937888198758,0.12422360248447205,0.043478260869565216,0.013975155279503106,0.0,644.0,1.0,644.0,0.0,0.0,644.0,0.0,0.0,644.0
14,42,THYMIO,0.9529587301346065,0.9899650156814934,0.0,0.15702479338842976,0.32231404958677684,0.2644628099173554,0.21487603305785125,0.0,0.0,121.0,1.0,121.0,0.0,0.0,121.0,0.0,0.0,121.0
14,43,THYMIO,0.999915365913418,0.5345624552414021,0.1162079510703364,0.17584097859327216,0.18501529051987767,0.12996941896024464,0.012232415902140673,0.0,0.0,654.0,1.0,654.0,0.0,0.0,654.0,0.0,0.0,654.0
14,44,THYMIO,0.999913749398247,0.8589975881698707,0.0,0.14285714285714285,0.3392857142857143,0.5,0.5357142857142857,0.0,0.0,56.0,1.0,56.0,0.0,0.0,56.0,0.0,0.0,56.0
14,45,THYMIO,0.6412402590330679,0.00032546653119187093,0.0,0.08221225710014948,0.17937219730941703,0.16741405082212257,0.052316890881913304,0.0,0.0,669.0,1.0,669.0,0.0,0.0,669.0,0.0,0.0,669.0
14,46,THYMIO,0.9532496938707081,0.9999382954584892,0.0,0.0,0.23529411764705882,0.20168067226890757,0.11764705882352941,0.0,0.0,119.0,1.0,119.0,0.0,0.0,119.0,0.0,0.0,119.0
14,47,THYMIO,0.9997225184510682,0.4826160885564336,0.09603658536585366,0.15701219512195122,0.17835365853658536,0.15701219512195122,0.007621951219512195,0.0,0.0,656.0,1.0,656.0,0.0,0.0,656.0,0.0,0.0,656.0
14,48,THYMIO,0.0,0.9950250518150571,0.0,0.11503067484662577,0.17331288343558282,0.06901840490797546,0.0,0.0,0.0,652.0,1.0,652.0,0.0,0.0,652.0,0.0,0.0,652.0
14,49,THYMIO,0.99999996730191,0.8419346750402781,0.22764227642276422,0.2926829268292683,0.3008130081300813,0.2764227642276423,0.22764227642276422,0.0,0.0,123.0,1.0,123.0,0.0,0.0,123.0,0.0,0.0,123.0
14,50,THYMIO,0.9978624639150754,0.8314876835703691,0.24283559577677225,0.14479638009049775,0.1297134238310709,0.08295625942684766,0.03619909502262444,0.0,0.0,663.0,1.0,663.0,0.0,0.0,663.0,0.0,0.0,663.0
14,52,THYMIO,0.9987914801713478,0.8436181521423443,0.34961832061068704,0.2015267175572519,0.16946564885496182,0.08549618320610687,0.025954198473282442,0.022900763358778626,0.0,655.0,1.0,655.0,0.0,0.0,655.0,0.0,0.0,655.0
14,53,THYMIO,0.9765655069395791,0.9098859357398786,0.1111111111111111,0.18803418803418803,0.27350427350427353,0.2564102564102564,0.06837606837606838,0.0,0.0,117.0,1.0,117.0,0.0,0.0,117.0,0.0,0.0,117.0
14,54,THYMIO,0.9999999999189174,0.1816686031261084,0.07946026986506746,0.15592203898050974,0.1724137931034483,0.11244377811094453,0.025487256371814093,0.0,0.0,667.0,1.0,667.0,0.0,0.0,667.0,0.0,0.0,667.0
14,55,THYMIO,0.9287732315692486,0.9999496093015424,0.0,0.25203252032520324,0.2845528455284553,0.24390243902439024,0.15447154471544716,0.0,0.0,123.0,1.0,123.0,0.0,0.0,123.0,0.0,0.0,123.0
14,56,THYMIO,0.9999998059383088,0.8364107654326596,0.381294964028777,0.22302158273381295,0.23741007194244604,0.17266187050359713,0.050359712230215826,0.0,0.0,139.0,1.0,139.0,0.0,0.0,139.0,0.0,0.0,139.0
14,57,THYMIO,0.9974803927937967,0.8383532819694444,0.4652777777777778,0.25,0.25,0.1736111111111111,0.04861111111111111,0.013888888888888888,0.0,144.0,1.0,144.0,0.0,0.0,144.0,0.0,0.0,144.0
15,50,THYMIO,0.9976092788429837,0.8193485317656924,0.3300970873786408,0.16181229773462782,0.13106796116504854,0.13915857605177995,0.09870550161812297,0.025889967637540454,0.011326860841423949,139.0,0.2202852614896989,631.0,0.0,0.0,631.0,492.0,0.7797147385103012,631.0
15,58,THYMIO,0.7392226240355086,0.6363313671824854,0.0,0.41237113402061853,0.5876288659793815,0.6494845360824743,0.7216494845360825,0.0,0.0,97.0,1.0,97.0,0.0,0.0,97.0,0.0,0.0,97.0
15,59,THYMIO,0.9729579352723002,0.7922067321503495,0.33668341708542715,0.17755443886097153,0.11725293132328309,0.1490787269681742,0.10552763819095477,0.02847571189279732,0.018425460636515914,136.0,0.22185970636215335,613.0,0.0,0.0,613.0,477.0,0.7781402936378466,613.0
15,60,THYMIO,0.9292649671398759,0.831723151034822,0.45625,0.23125,0.15,0.178125,0.15625,0.059375,0.021875,138.0,0.4144144144144144,333.0,0.0,0.0,333.0,195.0,0.5855855855855856,333.0
15,61,THYMIO,0.998841064438464,0.0,0.11496062992125984,0.33070866141732286,0.13385826771653545,0.2141732283464567,0.08976377952755905,0.0,0.0,635.0,1.0,635.0,0.0,0.0,635.0,0.0,0.0,635.0
15,62,THYMIO,0.999261583776186,0.9999945737312002,0.0,0.0,0.0,0.29365079365079366,0.23809523809523808,0.0,0.0,126.0,1.0,126.0,0.0,0.0,126.0,0.0,0.0,126.0
15,63,THYMIO,0.9972418705246024,0.6671512863738569,0.07142857142857142,0.17857142857142858,0.39285714285714285,0.5714285714285714,0.6428571428571429,0.0,0.0,56.0,1.0,56.0,0.0,0.0,56.0,0.0,0.0,56.0
15,64,THYMIO,0.9934309836981753,0.9999738288905827,0.0,0.0,0.0,0.22807017543859648,0.23684210526315788,0.0,0.0,114.0,1.0,114.0,0.0,0.0,114.0,0.0,0.0,114.0
15,65,THYMIO,0.9957677310099595,0.9999829616067035,0.0,0.0,0.0,0.2627118644067797,0.2288135593220339,0.0,0.0,118.0,1.0,118.0,0.0,0.0,118.0,0.0,0.0,118.0
15,66,THYMIO,0.9999766632454519,0.9999925645224484,0.0,0.0,0.0,0.2543859649122807,0.20175438596491227,0.0,0.0,114.0,1.0,114.0,0.0,0.0,114.0,0.0,0.0,114.0
15,67,THYMIO,0.6328989446743861,0.8209854180694534,0.5211267605633803,0.028169014084507043,0.0,0.0,0.0,0.0,0.0,142.0,0.8352941176470589,170.0,28.0,0.16470588235294117,170.0,0.0,0.0,170.0
15,68,THYMIO,0.8956058601849282,0.861533115324846,0.26582278481012656,0.39662447257383965,0.3037974683544304,0.270042194092827,0.21940928270042195,0.0,0.0,134.0,0.5317460317460317,252.0,0.0,0.0,252.0,118.0,0.46825396825396826,252.0
15,69,THYMIO,0.9779746137996659,0.8498143493409593,0.1941747572815534,0.20064724919093851,0.19093851132686085,0.20388349514563106,0.1423948220064725,0.03559870550161812,0.02912621359223301,141.0,0.4351851851851852,324.0,0.0,0.0,324.0,183.0,0.5648148148148148,324.0
15,70,THYMIO,0.9968287665506748,0.999997325400318,0.0,0.0,0.0,0.24347826086956523,0.20869565217391303,0.0,0.0,115.0,1.0,115.0,0.0,0.0,115.0,0.0,0.0,115.0
15,71,THYMIO,0.9999453935659232,0.9999941519406591,0.0,0.0,0.0,0.25862068965517243,0.21551724137931033,0.0,0.0,116.0,1.0,116.0,0.0,0.0,116.0,0.0,0.0,116.0
15,72,THYMIO,0.44539830649898776,0.0,0.06912442396313365,0.37019969278033793,0.3717357910906298,0.5714285714285714,0.565284178187404,0.0030721966205837174,0.019969278033794162,651.0,1.0,651.0,0.0,0.0,651.0,0.0,0.0,651.0
15,73,THYMIO,0.9984397112429134,0.8219357251361882,0.11290322580645161,0.1693548387096774,0.24193548387096775,0.27419354838709675,0.12096774193548387,0.0,0.0,124.0,1.0,124.0,0.0,0.0,124.0,0.0,0.0,124.0
15,74,THYMIO,0.9151748020712343,0.9377243605895295,0.5522388059701493,0.09701492537313433,0.0,0.0,0.0,0.0,0.0,134.0,1.0,134.0,0.0,0.0,134.0,0.0,0.0,134.0
15,75,THYMIO,0.999921545854563,0.9989166354034926,0.0,0.0,0.0,0.28695652173913044,0.24347826086956523,0.0,0.0,115.0,1.0,115.0,0.0,0.0,115.0,0.0,0.0,115.0
15,76,THYMIO,0.9999949909466784,0.9999650830495451,0.0,0.0,0.0,0.28431372549019607,0.23529411764705882,0.0,0.0,102.0,1.0,102.0,0.0,0.0,102.0,0.0,0.0,102.0
16,50,THYMIO,0.9987003061315631,0.999838496203455,0.0,0.0,0.8,0.15038759689922482,0.07131782945736434,0.0,0.0,645.0,0.5774395702775291,1117.0,0.0,0.0,1117.0,472.0,0.42256042972247093,1117.0
16,1,THYMIO,0.999535729107714,0.9999610572840256,0.0,0.0,0.7984496124031008,0.8697674418604651,0.06511627906976744,0.0,0.0,645.0,0.5687830687830688,1134.0,0.0,0.0,1134.0,489.0,0.4312169312169312,1134.0
16,2,THYMIO,0.99985796830669,0.9999992781103011,0.0,0.0,0.8058551617873652,0.8567026194144838,0.06317411402157165,0.0,0.0,649.0,0.5687992988606485,1141.0,0.0,0.0,1141.0,492.0,0.43120070113935144,1141.0
16,3,THYMIO,0.5463491844778123,0.592757498267748,0.38009049773755654,0.8129713423831071,0.0,0.0015082956259426848,0.0,0.0,0.0,97.0,0.14243759177679882,681.0,584.0,0.8575624082232012,681.0,0.0,0.0,681.0
16,4,THYMIO,0.9999970945646444,0.9973191957592022,0.0,0.0,0.8625954198473282,0.8702290076335878,0.8549618320610687,0.0,0.0,655.0,1.0,655.0,0.0,0.0,655.0,0.0,0.0,655.0
16,5,THYMIO,0.9991644995362878,0.9955544197912317,0.0,0.0,0.0,0.2631578947368421,0.2982456140350877,0.0,0.0,114.0,1.0,114.0,0.0,0.0,114.0,0.0,0.0,114.0
16,6,THYMIO,0.9964351181691452,0.00014566957287023686,0.10476190476190476,0.3111111111111111,0.12063492063492064,0.1761904761904762,0.0873015873015873,0.0,0.0,630.0,1.0,630.0,0.0,0.0,630.0,0.0,0.0,630.0
16,7,THYMIO,0.9999952493348861,0.9987123737244996,0.0,0.0,0.0,0.2627118644067797,0.2457627118644068,0.0,0.0,118.0,1.0,118.0,0.0,0.0,118.0,0.0,0.0,118.0
16,8,THYMIO,0.979831097583748,0.0,0.10361067503924647,0.2621664050235479,0.11773940345368916,0.15384615384615385,0.08320251177394035,0.0,0.0,637.0,1.0,637.0,0.0,0.0,637.0,0.0,0.0,637.0
16,9,THYMIO,0.9984289897007128,0.9999978624904319,0.0,0.0,0.0,0.09917355371900827,0.24793388429752067,0.0,0.0,121.0,1.0,121.0,0.0,0.0,121.0,0.0,0.0,121.0
16,10,THYMIO,0.926809022433087,0.8661471190226789,0.596401028277635,0.34704370179948585,0.31362467866323906,0.32390745501285345,0.2493573264781491,0.08483290488431877,0.061696658097686374,145.0,0.3598014888337469,403.0,0.0,0.0,403.0,258.0,0.6401985111662531,403.0
16,11,THYMIO,0.07812188104901933,0.9999444249020643,0.07621951219512195,0.3643292682926829,0.15091463414634146,0.2728658536585366,0.04420731707317073,0.0,0.0,656.0,1.0,656.0,0.0,0.0,656.0,0.0,0.0,656.0
16,12,THYMIO,0.9766019087713705,0.8374311687030281,0.21993127147766323,0.23367697594501718,0.22336769759450173,0.23024054982817868,0.140893470790378,0.037800687285223365,0.030927835051546393,143.0,0.47194719471947194,303.0,0.0,0.0,303.0,160.0,0.528052805280528,303.0
16,13,THYMIO,0.8364893193095777,9.44491043669292e-06,0.0,0.27472527472527475,0.11616954474097331,0.17425431711145997,0.07692307692307693,0.0,0.0,637.0,1.0,637.0,0.0,0.0,637.0,0.0,0.0,637.0
16,14,THYMIO,0.9981653866834627,0.9995386315030103,0.0,0.0,0.7917933130699089,0.1519756838905775,0.07446808510638298,0.0,0.0,658.0,0.5756780402449694,1143.0,0.0,0.0,1143.0,485.0,0.4243219597550306,1143.0
16,15,THYMIO,0.9724832524500707,0.49195124510062294,0.12098009188361408,0.18989280245022971,0.18683001531393567,0.19601837672281777,0.042879019908116385,0.0,0.0,653.0,1.0,653.0,0.0,0.0,653.0,0.0,0.0,653.0
16,16,THYMIO,0.9994900469833522,0.999999984716765,0.0,0.0,0.785824345146379,0.14637904468412943,0.07858243451463791,0.0,0.0,649.0,0.5774021352313167,1124.0,0.0,0.0,1124.0,475.0,0.4225978647686833,1124.0
16,17,THYMIO,0.9965771947724207,0.8344029951913461,0.17154811715481172,0.17573221757322174,0.15481171548117154,0.16736401673640167,0.16736401673640167,0.03347280334728033,0.016736401673640166,137.0,0.5436507936507936,252.0,0.0,0.0,252.0,115.0,0.45634920634920634,252.0
16,18,THYMIO,0.8895371458499121,0.9999912509093396,0.0,0.0,0.08641975308641975,0.3333333333333333,0.20987654320987653,0.0,0.0,81.0,1.0,81.0,0.0,0.0,81.0,0.0,0.0,81.0
16,19,THYMIO,0.9994193446995904,0.9998855939820732,0.0,0.0,0.0,0.00847457627118644,0.2457627118644068,0.0,0.0,118.0,1.0,118.0,0.0,0.0,118.0,0.0,0.0,118.0
17,2,THYMIO,0.9993381829083612,0.9999996559378208,0.0,0.0,0.0,0.224,0.264,0.0,0.0,125.0,1.0,125.0,0.0,0.0,125.0,0.0,0.0,125.0
17,20,THYMIO,0.9291735921925927,0.8031866887654494,0.33221476510067116,0.22483221476510068,0.13758389261744966,0.15436241610738255,0.12416107382550336,0.05704697986577181,0.020134228187919462,140.0,0.4472843450479233,313.0,0.0,0.0,313.0,173.0,0.5527156549520766,313.0
17,21,THYMIO,0.5509969000674173,0.6450606768813832,0.43167701863354035,0.0,0.0,0.0,0.0,0.0,0.0,304.0,0.8260869565217391,368.0,64.0,0.17391304347826086,368.0,0.0,0.0,368.0
17,22,THYMIO,0.9563191393192897,0.025895632396432437,0.07186544342507645,0.24311926605504589,0.09938837920489296,0.1651376146788991,0.035168195718654434,0.0,0.0,654.0,1.0,654.0,0.0,0.0,654.0,0.0,0.0,654.0
17,23,THYMIO,0.8378229301709181,0.7556559670897356,0.2957393483709273,0.3057644110275689,0.13283208020050125,0.16290726817042606,0.14786967418546365,0.047619047619047616,0.045112781954887216,152.0,0.36626506024096384,415.0,0.0,0.0,415.0,263.0,0.6337349397590362,415.0
17,24,THYMIO,0.9391674039990983,0.8444887606118231,0.47928994082840237,0.30177514792899407,0.28106508875739644,0.29289940828402367,0.1952662721893491,0.08579881656804733,0.05029585798816568,145.0,0.4119318181818182,352.0,0.0,0.0,352.0,207.0,0.5880681818181818,352.0
17,25,THYMIO,0.9990302801032596,0.7850998970636547,0.09119010819165378,0.1561051004636785,0.080370942812983,0.09119010819165378,0.05873261205564142,0.0,0.0,647.0,1.0,647.0,0.0,0.0,647.0,0.0,0.0,647.0
17,26,THYMIO,0.9999429371367562,0.9999999144205591,0.0,0.0,0.8003048780487805,0.8719512195121951,0.06402439024390244,0.0,0.0,656.0,0.567965367965368,1155.0,0.0,0.0,1155.0,499.0,0.43203463203463205,1155.0
17,27,THYMIO,0.9997609151874637,0.9996393634285582,0.0,0.0,0.7975460122699386,0.8696319018404908,0.06748466257668712,0.0,0.0,652.0,0.568935427574171,1146.0,0.0,0.0,1146.0,494.0,0.43106457242582896,1146.0
17,28,THYMIO,0.9870244061545619,0.9997160567087464,0.0,0.693939393939394,0.8015151515151515,0.17272727272727273,0.08333333333333333,0.0,0.0,660.0,0.5861456483126111,1126.0,0.0,0.0,1126.0,466.0,0.413854351687389,1126.0
17,29,THYMIO,0.3348291454666573,0.00019460499045527796,0.0,0.0,0.32098765432098764,0.41975308641975306,0.4691358024691358,0.1111111111111111,0.6296296296296297,81.0,1.0,81.0,0.0,0.0,81.0,0.0,0.0,81.0
17,30,THYMIO,0.9752448202505355,0.03539626271824553,0.10090361445783133,0.3358433734939759,0.13102409638554216,0.21987951807228914,0.043674698795180725,0.0,0.0,664.0,1.0,664.0,0.0,0.0,664.0,0.0,0.0,664.0
17,31,THYMIO,0.9937171551326384,0.7942175484800706,0.11976047904191617,0.18862275449101795,0.09730538922155689,0.10329341317365269,0.05538922155688623,0.010479041916167664,0.011976047904191617,668.0,1.0,668.0,0.0,0.0,668.0,0.0,0.0,668.0
17,32,THYMIO,0.2350304332968817,0.963959146571331,0.019667170953101363,0.18456883509833585,0.015128593040847202,0.12254160363086233,0.036308623298033284,0.0,0.0,661.0,1.0,661.0,0.0,0.0,661.0,0.0,0.0,661.0
17,33,THYMIO,0.9938822098076725,0.9999999716994632,0.0,0.0,0.8307926829268293,0.8734756097560976,0.8628048780487805,0.0,0.0,656.0,1.0,656.0,0.0,0.0,656.0,0.0,0.0,656.0
17,34,THYMIO,0.00039247869266531023,0.9734970740976312,0.07834101382488479,0.31643625192012287,0.059907834101382486,0.14592933947772657,0.013824884792626729,0.0,0.0,651.0,1.0,651.0,0.0,0.0,651.0,0.0,0.0,651.0
17,35,THYMIO,0.9881832172981002,0.9713220785430988,0.0,0.0,0.0,0.27692307692307694,0.26153846153846155,0.023076923076923078,0.015384615384615385,130.0,1.0,130.0,0.0,0.0,130.0,0.0,0.0,130.0
17,36,THYMIO,0.6196736234653906,0.9999994205125248,0.0,0.0,0.8027522935779816,0.481651376146789,0.0672782874617737,0.0,0.0,654.0,0.5706806282722513,1146.0,0.0,0.0,1146.0,492.0,0.4293193717277487,1146.0
17,37,THYMIO,0.03473683787330879,0.9524321393794383,0.05657492354740061,0.24311926605504589,0.022935779816513763,0.11162079510703364,0.0061162079510703364,0.0,0.0,654.0,1.0,654.0,0.0,0.0,654.0,0.0,0.0,654.0
17,38,THYMIO,0.9999106256578183,0.9999762618710724,0.0,0.0,0.8006182380216383,0.16383307573415765,0.07573415765069552,0.0,0.0,647.0,0.5834084761045988,1109.0,0.0,0.0,1109.0,462.0,0.4165915238954013,1109.0
18,31,THYMIO,0.9989137058677944,0.9972075064305818,0.0,0.0,0.8003095975232198,0.14086687306501547,0.06656346749226007,0.0,0.0,646.0,0.5742222222222222,1125.0,0.0,0.0,1125.0,479.0,0.42577777777777776,1125.0
18,39,THYMIO,0.9399648231775224,0.9996975332308455,0.0,0.0,0.783206106870229,0.8625954198473282,0.06717557251908397,0.0,0.0,655.0,0.5656303972366149,1158.0,0.0,0.0,1158.0,503.0,0.43436960276338515,1158.0
18,40,THYMIO,0.9910257094012601,0.9870441907907072,0.0,0.0,0.8625954198473282,0.8687022900763359,0.8534351145038168,0.0,0.0,655.0,1.0,655.0,0.0,0.0,655.0,0.0,0.0,655.0
18,41,THYMIO,0.9894090997547733,0.9996994410585393,0.0,0.0,0.8359872611464968,0.1624203821656051,0.06847133757961783,0.0,0.0,628.0,0.5698729582577132,1102.0,0.0,0.0,1102.0,474.0,0.4301270417422868,1102.0
18,42,THYMIO,0.9993978199869529,0.009584577457504384,0.10736196319018405,0.3343558282208589,0.13803680981595093,0.2331288343558282,0.09355828220858896,0.0,0.0,652.0,1.0,652.0,0.0,0.0,652.0,0.0,0.0,652.0
18,43,THYMIO,0.9995633180796987,0.21211802587825263,0.08675078864353312,0.20189274447949526,0.11356466876971609,0.15930599369085174,0.01892744479495268,0.0,0.0,634.0,1.0,634.0,0.0,0.0,634.0,0.0,0.0,634.0
18,44,THYMIO,0.8483135169359595,0.9063011847089185,0.0,0.0,0.037037037037037035,0.3148148148148148,0.3055555555555556,0.0,0.0,108.0,0.9391304347826087,115.0,7.0,0.06086956521739131,115.0,0.0,0.0,115.0
18,45,THYMIO,0.9993507257790548,0.9433274654848337,0.021929824561403508,0.05263157894736842,0.35964912280701755,0.4824561403508772,0.2149122807017544,0.0,0.0,228.0,0.8603773584905661,265.0,0.0,0.0,265.0,37.0,0.13962264150943396,265.0
18,46,THYMIO,0.30050987015903485,9.871622116821606e-05,0.0,0.08801213960546282,0.3216995447647951,0.5371775417298937,0.5644916540212443,0.012139605462822459,0.0409711684370258,659.0,1.0,659.0,0.0,0.0,659.0,0.0,0.0,659.0
18,47,THYMIO,0.9998204953918398,0.9999987563774053,0.0,0.0,0.8669724770642202,0.8761467889908257,0.8623853211009175,0.0,0.0,654.0,1.0,654.0,0.0,0.0,654.0,0.0,0.0,654.0
18,48,THYMIO,0.0,0.0,0.0,0.0,0.0,0.0,0.0,0.75,0.7272727272727273,44.0,1.0,44.0,0.0,0.0,44.0,0.0,0.0,44.0
18,49,THYMIO,0.998797760894987,0.9999999618877659,0.0,0.0,0.7857142857142857,0.851063829787234,0.05623100303951368,0.00911854103343465,0.010638297872340425,658.0,0.5696969696969697,1155.0,0.0,0.0,1155.0,497.0,0.4303030303030303,1155.0
18,50,THYMIO,0.0006829068627625363,0.8777944690790627,0.06325301204819277,0.24548192771084337,0.0,0.0,0.0,0.0,0.0,664.0,1.0,664.0,0.0,0.0,664.0,0.0,0.0,664.0
18,51,THYMIO,0.979457076889693,0.8494942591175473,0.3533950617283951,0.13734567901234568,0.2222222222222222,0.28703703703703703,0.13580246913580246,0.004629629629629629,0.0,648.0,0.9744360902255639,665.0,17.0,0.02556390977443609,665.0,0.0,0.0,665.0
18,52,THYMIO,0.9995574647756952,0.8956431169174713,0.03937007874015748,0.06456692913385827,0.47716535433070867,0.1763779527559055,0.10078740157480315,0.0,0.0,635.0,0.7298850574712644,870.0,0.0,0.0,870.0,235.0,0.27011494252873564,870.0
18,53,THYMIO,0.9861240701642668,0.08310089684490062,0.10461538461538461,0.21076923076923076,0.12615384615384614,0.13384615384615384,0.09230769230769231,0.0,0.0,650.0,1.0,650.0,0.0,0.0,650.0,0.0,0.0,650.0
18,54,THYMIO,0.9957553949147431,0.9929019406802745,0.0,0.0,0.8475894245723172,0.8538102643856921,0.8429237947122862,0.017107309486780714,0.017107309486780714,643.0,1.0,643.0,0.0,0.0,643.0,0.0,0.0,643.0
18,55,THYMIO,0.9991423618877864,0.025981465315508975,0.11624203821656051,0.28821656050955413,0.13535031847133758,0.17834394904458598,0.10987261146496816,0.0,0.0,628.0,1.0,628.0,0.0,0.0,628.0,0.0,0.0,628.0
18,56,THYMIO,0.9855231759647342,0.7834998022713416,0.11163522012578617,0.16823899371069181,0.08490566037735849,0.08647798742138364,0.020440251572327043,0.0,0.0,636.0,1.0,636.0,0.0,0.0,636.0,0.0,0.0,636.0
18,57,THYMIO,0.8786132332083181,0.38314004858483974,0.05591054313099041,0.26677316293929715,0.23961661341853036,0.2779552715654952,0.12939297124600638,0.0,0.0,626.0,1.0,626.0,0.0,0.0,626.0,0.0,0.0,626.0
19,56,THYMIO,0.9879784868953084,0.9538891939173573,0.0,0.06315789473684211,0.11578947368421053,0.2736842105263158,0.3473684210526316,0.0,0.0,95.0,1.0,95.0,0.0,0.0,95.0,0.0,0.0,95.0
19,58,THYMIO,0.9975516456029775,0.9174288729923252,0.0,0.05555555555555555,0.12222222222222222,0.2777777777777778,0.34444444444444444,0.0,0.0,90.0,1.0,90.0,0.0,0.0,90.0,0.0,0.0,90.0
19,59,THYMIO,0.0,0.9007424797595811,0.022617124394184167,0.09046849757673667,0.07431340872374798,0.0,0.0,0.0,0.0,619.0,1.0,619.0,0.0,0.0,619.0,0.0,0.0,619.0
19,60,THYMIO,0.5633100392779509,0.6127286901467892,0.31280388978930307,0.5883306320907618,0.7552674230145867,0.7147487844408428,0.0,0.0,0.0,109.0,0.17084639498432602,638.0,529.0,0.829153605015674,638.0,0.0,0.0,638.0
19,61,THYMIO,0.9978864365532417,0.9203567470594344,0.0,0.043478260869565216,0.15217391304347827,0.2826086956521739,0.34782608695652173,0.0,0.0,92.0,1.0,92.0,0.0,0.0,92.0,0.0,0.0,92.0
19,62,THYMIO,0.9994847531534681,0.9650273529468212,0.13131313131313133,0.18181818181818182,0.1919191919191919,0.2222222222222222,0.26262626262626265,0.0,0.0,99.0,1.0,99.0,0.0,0.0,99.0,0.0,0.0,99.0
19,63,THYMIO,0.07006316222514926,0.999456309406881,0.0,0.1264,0.2368,0.1456,0.0,0.0,0.0,625.0,1.0,625.0,0.0,0.0,625.0,0.0,0.0,625.0
19,64,THYMIO,0.04489611095947453,0.9898558629153804,0.011093502377179081,0.14263074484944532,0.1901743264659271,0.12836767036450078,0.0,0.0,0.0,631.0,1.0,631.0,0.0,0.0,631.0,0.0,0.0,631.0
19,65,THYMIO,0.9715629428750542,0.7878650661684051,0.1875,0.2526041666666667,0.21875,0.18489583333333334,0.171875,0.0,0.0,384.0,1.0,384.0,0.0,0.0,384.0,0.0,0.0,384.0
19,66,THYMIO,0.9929205024383453,0.8213928304534792,0.2413793103448276,0.29310344827586204,0.29310344827586204,0.25,0.22413793103448276,0.0,0.0,116.0,1.0,116.0,0.0,0.0,116.0,0.0,0.0,116.0
19,67,THYMIO,0.9951868021779392,0.9314768473806627,0.22608695652173913,0.2782608695652174,0.28695652173913044,0.2782608695652174,0.3130434782608696,0.0,0.0,115.0,1.0,115.0,0.0,0.0,115.0,0.0,0.0,115.0
19,68,THYMIO,0.8847395487346017,0.748392094294593,0.27167630057803466,0.2543352601156069,0.2023121387283237,0.1907514450867052,0.1791907514450867,0.0,0.0,173.0,1.0,173.0,0.0,0.0,173.0,0.0,0.0,173.0
19,69,THYMIO,0.9186414343014956,0.9999999878138243,0.2627118644067797,0.3135593220338983,0.3305084745762712,0.3050847457627119,0.3135593220338983,0.0,0.0,118.0,1.0,118.0,0.0,0.0,118.0,0.0,0.0,118.0
19,70,THYMIO,0.9971227011094128,0.8601370643000443,0.4430379746835443,0.17088607594936708,0.16455696202531644,0.12025316455696203,0.0949367088607595,0.0,0.0,158.0,1.0,158.0,0.0,0.0,158.0,0.0,0.0,158.0
19,71,THYMIO,0.8685309982529896,0.769672114467208,0.29441624365482233,0.233502538071066,0.18274111675126903,0.116751269035533,0.07614213197969544,0.0,0.0,197.0,1.0,197.0,0.0,0.0,197.0,0.0,0.0,197.0
19,72,THYMIO,0.882968453074572,0.98414969268211,0.0,0.2845528455284553,0.35772357723577236,0.3089430894308943,0.24390243902439024,0.0,0.0,123.0,1.0,123.0,0.0,0.0,123.0,0.0,0.0,123.0
19,73,THYMIO,0.8737672441670843,0.7578129405726898,0.33271719038817005,0.33826247689463956,0.30868761552680224,0.12014787430683918,0.08687615526802218,0.005545286506469501,0.0,541.0,1.0,541.0,0.0,0.0,541.0,0.0,0.0,541.0
19,74,THYMIO,0.0031529787601908164,0.9086730818528957,0.02321981424148607,0.06811145510835913,0.08823529411764706,0.0,0.0,0.0,0.0,646.0,1.0,646.0,0.0,0.0,646.0,0.0,0.0,646.0
19,75,THYMIO,0.35906341500040495,0.7425656151115235,0.018461538461538463,0.06153846153846154,0.0876923076923077,0.05076923076923077,0.0,0.0,0.0,650.0,1.0,650.0,0.0,0.0,650.0,0.0,0.0,650.0
19,76,THYMIO,0.8887926072359938,0.965587390307215,0.057971014492753624,0.0,0.0,0.10869565217391304,0.17391304347826086,0.0,0.0,138.0,1.0,138.0,0.0,0.0,138.0,0.0,0.0,138.0
