19,137,7.356846962696495
19,172,7.147221307921802
19,173,0.7946282387082662
19,174,5.10213236526666e-07
19,175,6.666136566680887
19,176,4.227516769519936
19,177,7.354705061302025
19,178,7.404469805561149
19,179,4.287075406877056
19,180,7.427711582399812
19,181,6.818885125690446
19,182,7.073116042215127
19,183,7.087321489195265
19,184,7.320729318850559
19,185,6.559762711923634
19,186,0.28887655894488784
19,187,0.05912525576238227
19,188,4.310515306682601
19,189,-0.32974136873630366
19,190,7.256446130478154
