0,0.41681855577991067,0.5440054725608684,2.011602748679843,0.24591600202888533
1,0.7197063051716708,0.697728815440349,2.245048573949133,0.5289509326904903
2,1.0438651287226846,1.1410698696797879,4.564264700313456,0.8066307109602806
3,1.402637229636808,1.0894957704191752,3.843531223372135,1.428904674261144
4,1.211969977013509,1.5250089320952276,5.626324443029521,0.614132287582824
5,1.2348319341186742,1.2245207177803852,4.4361520545035145,0.7526594313770275
6,2.3245139449847034,2.355726821491383,7.79758177400203,1.5112054197686244
7,3.6595007528913612,2.487534284677344,8.208041329516861,3.439998000929767
8,3.380118438830526,2.7382162592318497,8.087838977683303,2.2171731799119927
9,3.5939332083234303,2.912369270688786,8.057055733927784,2.5752038571799645
10,3.8293810437969635,2.929974215198955,8.404308790734792,4.762193703080398
11,2.111390579436877,2.2327830544610268,7.248839221395061,1.2465994606366553
12,3.8429010697194883,2.605136338443428,7.434929409702773,3.8895144505637806
13,3.704534217524182,2.865214246800048,7.259374386484574,4.152295847176657
14,4.135713240648765,2.8290133980485526,7.39761353377617,5.185728428112488
15,4.0210052225711825,2.706120475148566,7.386974877798756,4.875048167730315
16,4.149453577787706,2.7821247282619272,7.208418870085641,4.310893856022991
17,3.278870596020159,2.929423266402319,7.523202113459756,1.7803550835717117
18,4.3495696705785765,2.9922900899253433,7.458928010196453,6.2954826596884095
19,4.955567439144371,2.9518939936291213,7.427711582399812,6.818885125690446
