16,111,7.1567264369185555
16,115,1.3622336091785796
16,116,7.180323291763187
16,117,7.1807131038812395
16,118,6.909731926440452
16,119,1.2358171785642873
16,120,6.601066201480416
16,121,6.906073406488599
16,122,6.75495338188126
16,123,4.310893856022991
16,124,1.777035227930301
16,125,1.9252426570877048
16,126,0.11401553504003441
16,127,0.06607194861622098
16,128,0.6086103103333357
16,129,3.0598300227231694
16,130,7.208418870085641
16,131,7.035997927665905
16,132,1.3007115814115162
16,133,4.294605082240734
