8,148,28.92274730095592
8,154,30.574310416219973
8,155,7.267885899311867
8,156,25.18921806083544
8,157,3.8417583956003125
8,158,5.918321157210534
8,159,9.251605295825861
8,160,21.601247541273576
8,161,0.7167568961287275
8,162,0.7089838506011421
8,163,20.819350537647512
8,164,1.2695896080211129
8,165,17.721938232468165
8,166,4.659033325263014
8,167,0.23829006050091325
8,168,4.027504551034044
8,169,0.5593591540214876
8,170,13.635044556074885
8,171,0.9646881708713269
8,172,0.39127434712069736
8,79,30.826650294971664
8,154,29.8228710673247
8,155,5.785238010187261
8,156,20.356675592225145
8,157,20.701650333513655
8,158,2.3055770449107484
8,159,2.8448743217169836
8,160,11.620028268585836
8,161,30.782321307590866
8,162,28.733830190841893
8,163,15.760516398760986
8,164,0.024283536841975775
8,165,16.90277730833461
8,166,15.764026094241338
8,167,19.565208442496385
8,168,0.41572080220106833
8,169,31.86286161520797
8,170,5.383912420183917
8,171,11.401100198495188
8,172,1.0437648351400453
