19,260,17.02365300017826
19,363,13.125777086578333
19,364,11.294835571560494
19,365,15.73349738730348
19,366,14.497364572003642
19,367,15.883303230513622
19,368,6.313650854193607
19,369,0.002519855307869437
19,370,15.581261297492222
19,371,15.197933164604573
19,372,16.18805574244554
19,373,6.878182618842669
19,374,15.291445498141599
19,375,6.5309195106182205
19,376,15.483962786617749
19,377,15.613135371303425
19,378,14.886504754541052
19,379,16.350300025771926
19,380,16.097080944754396
19,381,6.949948908745497
