12,184,31.814099995666346
12,230,16.140894987471487
12,231,17.81156696926531
12,232,18.386238971977217
12,233,10.197046320008328
12,234,0.12186314114602101
12,235,5.293585844927191
12,236,4.933127017555302
12,237,0.0001236918992085322
12,238,2.2676457737575126
12,239,16.685198538380877
12,240,22.364984819545892
12,241,5.158871103211722
12,242,29.36514119924759
12,243,2.151826077300716
12,244,8.084619207519115
12,245,7.72244812701787
12,246,0.20085984112028415
12,247,3.650980285686296
12,248,7.789886500856775
12,228,32.55909657944672
12,230,12.060436248258878
12,231,10.184790659294386
12,232,32.913440176416245
12,233,19.888886831986266
12,234,29.795314373693902
12,235,12.663003723381234
12,236,5.570138173393887
12,237,1.219858254760637
12,238,31.63534851220466
12,239,5.900138056999713
12,240,3.280262940266695
12,241,15.58302437068521
12,242,1.7736796676469593
12,243,0.26206808971664974
12,244,5.194041385271576e-05
12,245,32.292695812134326
12,246,5.598817180551345
12,247,17.02655136196152
12,248,25.017754142515724
