18,260,17.02365300017826
18,344,13.564100108542213
18,345,11.972440511650783
18,346,14.805171590081914
18,347,9.976538318877505e-21
18,348,15.776142430577545
18,349,10.595298505650513
18,350,16.404492481115106
18,351,8.68018772097923
18,352,1.1671875776962222
18,353,14.424898264619477
18,354,16.14519682764056
18,355,0.00017207388907055488
18,356,16.3016431510669
18,357,15.759742643819996
18,358,6.8447661772422865
18,359,6.792185656955117
18,360,16.22888190644773
18,361,15.459748939357205
18,362,6.818247422056667
