10,184,31.77148436368701
10,192,15.901090639152812
10,193,1.9706451543058023
10,194,5.8146596600362574
10,195,3.3792256926673923
10,196,8.393387062066449
10,197,16.37073693185616
10,198,19.611339528622292
10,199,4.229562686033173
10,200,14.29901026706963
10,201,10.291393607086775
10,202,2.3581712064804794
10,203,9.66663642598746
10,204,30.883599164134218
10,205,1.35169324594899
10,206,5.552778671681554
10,207,1.7865788552492652
10,208,4.061002157962232
10,209,5.175159439729722
10,210,17.303560166609675
10,169,31.963619322519335
10,192,5.508683239034771
10,193,15.87545711709501
10,194,2.0003651617797162
10,195,0.5613085959121733
10,196,5.6741927536704075
10,197,0.481018649878079
10,198,5.228359897671756
10,199,30.397622754913062
10,200,5.747857941934116
10,201,0.3407485457482956
10,202,4.926764501170139
10,203,3.339214169923451
10,204,16.01442152680892
10,205,7.14928263204875
10,206,21.638585697052356
10,207,15.484998800970292
10,208,32.1219222003615
10,209,8.125710900690699
10,210,4.0723900853574466e-05
