11,203,15.949311356491854
11,211,15.818652764876223
11,212,15.67431879743059
11,213,13.780027444107358
11,214,15.405203500796881
11,215,15.566495062637843
11,216,15.024021421618098
11,217,15.195607576364182
11,218,13.0745325914087
11,219,11.33494963048715
11,220,14.298885696866808
11,221,14.842179159274396
11,222,12.057415988076313
11,223,12.782305455995303
11,224,6.897391927322491
11,225,10.797285127461327
11,226,12.752682478013327
11,227,15.482146344779684
11,228,15.13509713909128
11,229,3.717144021987937
