0,1,VREP,0.7758121,0.7078343,0.46080760095011875,0.3847980997624703,0.25415676959619954,0.13064133016627077,0.014251781472684086,0.0,0.0,420.0,1.0,420.0,0.0,0.0,420.0,0.0,0.0,420.0
0,1,THYMIO,0.7078263,0.6761947,0.0,0.0,0.0,0.36649214659685864,0.5235602094240838,0.0,0.0,191.0,1.0,191.0,0.0,0.0,191.0,0.0,0.0,191.0
0,1,VREP,0.7758121,0.7078343,0.46080760095011875,0.3847980997624703,0.25415676959619954,0.13064133016627077,0.014251781472684086,0.0,0.0,420.0,1.0,420.0,0.0,0.0,420.0,0.0,0.0,420.0
0,2,VREP,0.64414173,0.72562224,0.0,0.0,0.0,0.0,0.39776951672862454,0.0,0.0,806.0,0.8207739307535642,982.0,176.0,0.17922606924643583,982.0,0.0,0.0,982.0
0,3,VREP,0.19863422,0.44042966,0.0,0.02875,0.18125,0.23375,0.26625,0.18,0.1425,799.0,1.0,799.0,0.0,0.0,799.0,0.0,0.0,799.0
0,4,VREP,0.43937463,0.72099936,0.0,0.0,0.0,0.0,0.0,0.0,0.0,199.0,1.0,199.0,0.0,0.0,199.0,0.0,0.0,199.0
0,5,VREP,0.82149297,0.15355304,0.0,0.0,0.0,0.0,0.0,0.0,0.0,199.0,1.0,199.0,0.0,0.0,199.0,0.0,0.0,199.0
0,6,VREP,0.6380086,0.4476923,0.0,0.0,0.0,0.0,0.0,0.0,0.0,199.0,1.0,199.0,0.0,0.0,199.0,0.0,0.0,199.0
0,7,VREP,0.6497038,0.17371327,0.0,0.0,0.0,0.0,0.0,0.0,0.0,199.0,1.0,199.0,0.0,0.0,199.0,0.0,0.0,199.0
0,8,VREP,0.82311887,0.6189372,0.0,0.0,0.37407407407407406,0.5185185185185185,0.5222222222222223,0.0,0.0,539.0,1.0,539.0,0.0,0.0,539.0,0.0,0.0,539.0
0,9,VREP,0.11253956,0.5108938,0.0,0.0,0.0,0.13,0.18833333333333332,0.15333333333333332,0.11833333333333333,599.0,1.0,599.0,0.0,0.0,599.0,0.0,0.0,599.0
0,10,VREP,0.64009625,0.70471036,0.03164029975020816,0.0,0.0,0.0,0.0,0.0,0.0,985.0,0.7111913357400722,1385.0,400.0,0.2888086642599278,1385.0,0.0,0.0,1385.0
0,11,VREP,0.48673263,0.69846964,0.0,0.0,0.0,0.0,0.0,0.0,0.0,199.0,1.0,199.0,0.0,0.0,199.0,0.0,0.0,199.0
0,12,VREP,0.78054655,0.32799882,0.0,0.0,0.0,0.0,0.0,0.0,0.0,199.0,1.0,199.0,0.0,0.0,199.0,0.0,0.0,199.0
0,13,VREP,0.33688873,0.2136056,0.0,0.0,0.0,0.0,0.0,0.4426229508196721,0.3797814207650273,365.0,1.0,365.0,0.0,0.0,365.0,0.0,0.0,365.0
0,14,VREP,0.33396554,0.4608179,0.0,0.0,0.0,0.0,0.0,0.0,0.0,199.0,1.0,199.0,0.0,0.0,199.0,0.0,0.0,199.0
0,15,VREP,0.39972678,0.7254082,0.0,0.0,0.0,0.0,0.0,0.0,0.0,199.0,1.0,199.0,0.0,0.0,199.0,0.0,0.0,199.0
0,16,VREP,0.2534075,0.6058979,0.0,0.0,0.0,0.0,0.0,0.0,0.0,199.0,1.0,199.0,0.0,0.0,199.0,0.0,0.0,199.0
0,17,VREP,0.13770919,0.69946826,0.0,0.0,0.0,0.0,0.0,0.0,0.0,199.0,1.0,199.0,0.0,0.0,199.0,0.0,0.0,199.0
0,18,VREP,0.8273767,0.47726014,0.0,0.0,0.0,0.0,0.0,0.0,0.0,199.0,1.0,199.0,0.0,0.0,199.0,0.0,0.0,199.0
0,19,VREP,0.4669725,0.739999,0.0,0.0,0.0,0.0,0.0,0.0,0.0,199.0,1.0,199.0,0.0,0.0,199.0,0.0,0.0,199.0
0,20,VREP,0.43255603,0.24375528,0.0,0.0,0.0,0.0,0.0,0.38609112709832133,0.4172661870503597,416.0,1.0,416.0,0.0,0.0,416.0,0.0,0.0,416.0
1,21,VREP,0.992948,0.48668778,0.0,0.0,0.1125,0.195,0.24,0.12,0.0,399.0,1.0,399.0,0.0,0.0,399.0,0.0,0.0,399.0
1,22,VREP,0.51004297,0.20266719,0.1275,0.115,0.07125,0.0,0.0,0.04375,0.08125,799.0,1.0,799.0,0.0,0.0,799.0,0.0,0.0,799.0
1,23,VREP,0.7990216,0.18204363,0.0,0.0,0.0,0.0,0.0,0.0,0.0,199.0,1.0,199.0,0.0,0.0,199.0,0.0,0.0,199.0
1,24,VREP,0.91582936,0.8886329,0.36875,0.21666666666666667,0.07916666666666666,0.10625,0.08958333333333333,0.0,0.0,479.0,1.0,479.0,0.0,0.0,479.0,0.0,0.0,479.0
1,25,VREP,0.425013,0.31211016,0.0,0.0,0.0,0.0,0.0,0.0,0.0,199.0,1.0,199.0,0.0,0.0,199.0,0.0,0.0,199.0
1,26,VREP,0.3154955,0.5791393,0.0,0.0,0.0,0.0,0.0,0.0,0.0,199.0,1.0,199.0,0.0,0.0,199.0,0.0,0.0,199.0
1,27,VREP,0.6949619,0.049951863,0.0,0.0,0.0,0.0,0.0,0.0,0.0,199.0,1.0,199.0,0.0,0.0,199.0,0.0,0.0,199.0
1,28,VREP,0.018776668,0.99272645,0.0,0.0,0.0,0.0,0.0,0.0,0.0,199.0,1.0,199.0,0.0,0.0,199.0,0.0,0.0,199.0
1,29,VREP,0.91885126,0.39988914,0.0,0.0,0.0,0.08,0.12,0.0,0.0,199.0,1.0,199.0,0.0,0.0,199.0,0.0,0.0,199.0
1,30,VREP,0.18398699,0.8476576,0.0,0.0,0.0,0.0,0.0,0.0,0.0,199.0,1.0,199.0,0.0,0.0,199.0,0.0,0.0,199.0
1,31,VREP,0.9193265,0.20455925,0.0,0.0,0.0,0.0,0.0,0.0,0.0,199.0,1.0,199.0,0.0,0.0,199.0,0.0,0.0,199.0
1,32,VREP,0.15897939,0.73983115,0.0,0.0,0.0,0.0,0.0,0.0,0.0,199.0,1.0,199.0,0.0,0.0,199.0,0.0,0.0,199.0
1,33,VREP,0.50702214,0.15345472,0.1,0.09166666666666666,0.11,0.0,0.0,0.08666666666666667,0.12666666666666668,599.0,1.0,599.0,0.0,0.0,599.0,0.0,0.0,599.0
1,34,VREP,0.07445683,0.62339044,0.0,0.0,0.0,0.0,0.0,0.0,0.0,199.0,1.0,199.0,0.0,0.0,199.0,0.0,0.0,199.0
1,35,VREP,0.00636853,0.8003696,0.0,0.0,0.0,0.0,0.0,0.0,0.0,199.0,1.0,199.0,0.0,0.0,199.0,0.0,0.0,199.0
1,36,VREP,0.064068034,0.5274719,0.0,0.0,0.0,0.10666666666666667,0.15333333333333332,0.11666666666666667,0.09,599.0,1.0,599.0,0.0,0.0,599.0,0.0,0.0,599.0
1,37,VREP,0.030918473,0.7145133,0.0,0.0,0.0,0.0,0.0,0.0,0.0,199.0,1.0,199.0,0.0,0.0,199.0,0.0,0.0,199.0
1,38,VREP,0.9784839,0.0092835445,0.0,0.0,0.0,0.0,0.0,0.0,0.0,199.0,1.0,199.0,0.0,0.0,199.0,0.0,0.0,199.0
1,39,VREP,0.5869652,0.92760205,0.145,0.15666666666666668,0.17,0.11666666666666667,0.0,0.115,0.14833333333333334,599.0,1.0,599.0,0.0,0.0,599.0,0.0,0.0,599.0
1,40,VREP,0.1369084,0.29455164,0.0,0.0,0.0,0.0,0.11333333333333333,0.38333333333333336,0.45666666666666667,299.0,1.0,299.0,0.0,0.0,299.0,0.0,0.0,299.0
1,21,THYMIO,0.98940486,0.47504765,0.18072289156626506,0.2289156626506024,0.16265060240963855,0.1686746987951807,0.10843373493975904,0.0,0.018072289156626505,166.0,1.0,166.0,0.0,0.0,166.0,0.0,0.0,166.0
1,22,THYMIO,0.3169164,0.14807644,0.0,0.0,0.0,0.0,0.0,0.9281437125748503,0.9161676646706587,334.0,1.0,334.0,0.0,0.0,334.0,0.0,0.0,334.0
1,23,THYMIO,0.8208551,0.1869668,0.19767441860465115,0.3023255813953488,0.3023255813953488,0.3372093023255814,0.20930232558139536,0.046511627906976744,0.08139534883720931,86.0,1.0,86.0,0.0,0.0,86.0,0.0,0.0,86.0
1,24,THYMIO,0.9257251,0.8561674,0.2018348623853211,0.27522935779816515,0.26605504587155965,0.23853211009174313,0.1559633027522936,0.0,0.0,109.0,1.0,109.0,0.0,0.0,109.0,0.0,0.0,109.0
1,25,THYMIO,0.39400128,0.310946,0.0,0.0,0.0,0.0,0.0,0.1951219512195122,0.1951219512195122,82.0,1.0,82.0,0.0,0.0,82.0,0.0,0.0,82.0
1,26,THYMIO,0.2888214,0.5216144,0.6341463414634146,0.7560975609756098,0.3048780487804878,0.17073170731707318,0.0,0.0,0.0,82.0,1.0,82.0,0.0,0.0,82.0,0.0,0.0,82.0
1,27,THYMIO,0.7138487,0.04577998,0.0,0.2413793103448276,0.04597701149425287,0.2413793103448276,0.06896551724137931,0.0,0.0,87.0,1.0,87.0,0.0,0.0,87.0,0.0,0.0,87.0
1,28,THYMIO,0.016206322,0.99302,0.09195402298850575,0.3218390804597701,0.12643678160919541,0.19540229885057472,0.10344827586206896,0.0,0.0,87.0,1.0,87.0,0.0,0.0,87.0,0.0,0.0,87.0
1,29,THYMIO,0.7653105,0.6287851,0.5272727272727272,0.6545454545454545,0.6727272727272727,0.7454545454545455,0.6363636363636364,0.14545454545454545,0.2,55.0,1.0,55.0,0.0,0.0,55.0,0.0,0.0,55.0
1,30,THYMIO,0.47259507,0.7312906,0.8125,0.84375,0.78125,0.703125,0.625,0.09375,0.078125,64.0,1.0,64.0,0.0,0.0,64.0,0.0,0.0,64.0
1,31,THYMIO,0.9262949,0.18252724,0.14457831325301204,0.3373493975903614,0.1566265060240964,0.27710843373493976,0.012048192771084338,0.0,0.0,83.0,1.0,83.0,0.0,0.0,83.0,0.0,0.0,83.0
1,32,THYMIO,0.15088762,0.7468748,0.07407407407407407,0.18518518518518517,0.07407407407407407,0.09876543209876543,0.0,0.0,0.0,81.0,1.0,81.0,0.0,0.0,81.0,0.0,0.0,81.0
1,33,THYMIO,0.5413938,0.12172474,0.2,0.3,0.3357142857142857,0.37857142857142856,0.4357142857142857,0.17857142857142858,0.40714285714285714,140.0,1.0,140.0,0.0,0.0,140.0,0.0,0.0,140.0
1,34,THYMIO,0.0671213,0.6357769,0.3670886075949367,0.4810126582278481,0.22784810126582278,0.21518987341772153,0.06329113924050633,0.0,0.0,79.0,1.0,79.0,0.0,0.0,79.0,0.0,0.0,79.0
1,35,THYMIO,0.005515075,0.87828916,0.4827586206896552,0.41379310344827586,0.27586206896551724,0.2413793103448276,0.13793103448275862,0.8275862068965517,0.6896551724137931,29.0,1.0,29.0,0.0,0.0,29.0,0.0,0.0,29.0
1,36,THYMIO,0.06063727,0.5478678,0.3786008230452675,0.45267489711934156,0.3168724279835391,0.31275720164609055,0.13991769547325103,0.06172839506172839,0.04526748971193416,243.0,1.0,243.0,0.0,0.0,243.0,0.0,0.0,243.0
1,37,THYMIO,0.027470542,0.69949853,0.358974358974359,0.5769230769230769,0.21794871794871795,0.24358974358974358,0.08974358974358974,0.05128205128205128,0.02564102564102564,78.0,1.0,78.0,0.0,0.0,78.0,0.0,0.0,78.0
1,38,THYMIO,0.98075074,0.009511411,0.13253012048192772,0.3253012048192771,0.20481927710843373,0.26506024096385544,0.12048192771084337,0.0,0.0,83.0,1.0,83.0,0.0,0.0,83.0,0.0,0.0,83.0
1,39,THYMIO,0.5488157,0.77905077,0.7272727272727273,0.7121212121212122,0.6363636363636364,0.5606060606060606,0.3787878787878788,0.10606060606060606,0.09090909090909091,66.0,1.0,66.0,0.0,0.0,66.0,0.0,0.0,66.0
1,40,THYMIO,0.114315584,0.3260731,0.0,0.0,0.0,0.0,0.0,0.6086956521739131,0.30434782608695654,46.0,1.0,46.0,0.0,0.0,46.0,0.0,0.0,46.0
2,41,VREP,0.2787749,0.10223725,0.0,0.0,0.0,0.0,0.0,0.4765957446808511,0.4297872340425532,234.0,1.0,234.0,0.0,0.0,234.0,0.0,0.0,234.0
2,42,VREP,0.47179452,0.23933396,0.1865671641791045,0.18936567164179105,0.1912313432835821,0.1296641791044776,0.0,0.2555970149253731,0.20055970149253732,1071.0,1.0,1071.0,0.0,0.0,1071.0,0.0,0.0,1071.0
2,43,VREP,0.004464151,0.8893932,0.0,0.0,0.0,0.0,0.0,0.0,0.0,199.0,1.0,199.0,0.0,0.0,199.0,0.0,0.0,199.0
2,44,VREP,0.023723286,0.96407694,0.0,0.0,0.0,0.0,0.0,0.0,0.0,199.0,1.0,199.0,0.0,0.0,199.0,0.0,0.0,199.0
2,45,VREP,0.5500047,0.2887037,0.0,0.0,0.0,0.0,0.0,0.0,0.0,199.0,1.0,199.0,0.0,0.0,199.0,0.0,0.0,199.0
2,46,VREP,0.40588135,0.43151322,0.0,0.0,0.0,0.0,0.0,0.0,0.0,199.0,1.0,199.0,0.0,0.0,199.0,0.0,0.0,199.0
2,47,VREP,0.019964162,0.78536856,0.0,0.0,0.0,0.0,0.0,0.0,0.0,199.0,1.0,199.0,0.0,0.0,199.0,0.0,0.0,199.0
2,48,VREP,0.8858889,0.9876226,0.03571428571428571,0.14642857142857144,0.2642857142857143,0.0,0.0,0.0,0.0,279.0,1.0,279.0,0.0,0.0,279.0,0.0,0.0,279.0
2,49,VREP,0.020614183,0.18963762,0.0,0.0,0.0,0.0,0.0,0.5380116959064327,0.21637426900584794,170.0,1.0,170.0,0.0,0.0,170.0,0.0,0.0,170.0
2,50,VREP,0.9229343,0.96562374,0.15196078431372548,0.12745098039215685,0.0392156862745098,0.06372549019607843,0.08455882352941177,0.0,0.0,545.0,0.6179138321995464,882.0,0.0,0.0,882.0,337.0,0.3820861678004535,882.0
2,51,VREP,0.8135134,0.9304057,0.16627906976744186,0.11627906976744186,0.09767441860465116,0.06279069767441861,0.11511627906976744,0.0,0.0,392.0,0.4206008583690987,932.0,540.0,0.5793991416309013,932.0,0.0,0.0,932.0
2,52,VREP,0.71642613,0.8281735,0.1482098251457119,0.1523730224812656,0.1298917568692756,0.11906744379683597,0.1765195670274771,0.0,0.0,541.0,0.41455938697318007,1305.0,764.0,0.5854406130268199,1305.0,0.0,0.0,1305.0
2,53,VREP,0.045326985,0.10210712,0.0,0.0,0.0,0.0,0.0,0.5202702702702703,0.46621621621621623,147.0,1.0,147.0,0.0,0.0,147.0,0.0,0.0,147.0
2,54,VREP,0.5861374,0.5261763,0.0,0.0,0.0,0.0,0.0,0.0,0.0,199.0,1.0,199.0,0.0,0.0,199.0,0.0,0.0,199.0
2,55,VREP,0.9900987,0.34579906,0.0,0.0,0.0,0.04,0.125,0.0,0.0,399.0,1.0,399.0,0.0,0.0,399.0,0.0,0.0,399.0
2,56,VREP,0.14829434,0.003030836,0.0,0.0,0.0,0.0,0.0,0.352112676056338,0.5,141.0,1.0,141.0,0.0,0.0,141.0,0.0,0.0,141.0
2,57,VREP,0.72813576,0.050316148,0.0,0.0,0.0,0.0,0.0,0.0,0.0,199.0,1.0,199.0,0.0,0.0,199.0,0.0,0.0,199.0
2,58,VREP,0.020077765,0.750151,0.0,0.0,0.0,0.0,0.0,0.0,0.0,199.0,1.0,199.0,0.0,0.0,199.0,0.0,0.0,199.0
2,59,VREP,0.24216503,0.011359363,0.10526315789473684,0.0,0.0,0.0,0.0,0.35964912280701755,0.45614035087719296,227.0,1.0,227.0,0.0,0.0,227.0,0.0,0.0,227.0
2,60,VREP,0.6565168,0.36059827,0.0,0.0,0.0,0.0,0.0,0.0,0.0,199.0,1.0,199.0,0.0,0.0,199.0,0.0,0.0,199.0
2,50,THYMIO,0.9245122,0.963358,0.1744186046511628,0.0,0.0,0.0,0.0,0.0,0.0,86.0,1.0,86.0,0.0,0.0,86.0,0.0,0.0,86.0
2,51,THYMIO,0.7955786,0.9322013,0.0,0.0,0.2898550724637681,0.2753623188405797,0.14492753623188406,0.0,0.0,69.0,1.0,69.0,0.0,0.0,69.0,0.0,0.0,69.0
2,52,THYMIO,0.73174363,0.8409069,0.0,0.0,0.03488372093023256,0.2441860465116279,0.2441860465116279,0.0,0.0,86.0,1.0,86.0,0.0,0.0,86.0,0.0,0.0,86.0
3,61,VREP,0.33998463,0.8026066,0.0,0.0,0.0,0.0,0.0,0.0,0.0,199.0,1.0,199.0,0.0,0.0,199.0,0.0,0.0,199.0
3,62,VREP,0.58306885,0.5395701,0.5611990008326395,0.7035803497085762,0.8376353039134055,0.8184845961698585,0.7885095753538718,0.0,0.0,1200.0,1.0,1200.0,0.0,0.0,1200.0,0.0,0.0,1200.0
3,63,VREP,0.032110933,0.02472553,0.0,0.0,0.0,0.0,0.0,0.5620437956204379,0.5547445255474452,136.0,1.0,136.0,0.0,0.0,136.0,0.0,0.0,136.0
3,64,VREP,0.010562768,0.36125425,0.0,0.0,0.09,0.22333333333333333,0.2633333333333333,0.195,0.15666666666666668,599.0,1.0,599.0,0.0,0.0,599.0,0.0,0.0,599.0
3,65,VREP,0.80679166,0.9444073,0.0898876404494382,0.10252808988764045,0.09831460674157304,0.09550561797752809,0.18820224719101122,0.0,0.0,387.0,0.48375,800.0,413.0,0.51625,800.0,0.0,0.0,800.0
3,66,VREP,0.39747605,0.16669525,0.0,0.0,0.0,0.0,0.0,0.3029411764705882,0.3911764705882353,339.0,1.0,339.0,0.0,0.0,339.0,0.0,0.0,339.0
3,67,VREP,0.8163907,0.02844537,0.0,0.0,0.0,0.0,0.0,0.0,0.0,199.0,1.0,199.0,0.0,0.0,199.0,0.0,0.0,199.0
3,68,VREP,0.017853487,0.026429579,0.0,0.0,0.0,0.0,0.0,0.5454545454545454,0.5378787878787878,131.0,1.0,131.0,0.0,0.0,131.0,0.0,0.0,131.0
3,69,VREP,0.7977477,0.981667,0.0,0.0,0.0,0.0,0.0,0.0,0.0,354.0,0.7580299785867237,467.0,113.0,0.24197002141327623,467.0,0.0,0.0,467.0
3,70,VREP,0.78911203,0.9933161,0.0,0.0,0.0,0.0,0.3017543859649123,0.0,0.0,284.0,0.8427299703264095,337.0,53.0,0.1572700296735905,337.0,0.0,0.0,337.0
3,71,VREP,0.00011592778,0.8548878,0.0,0.0,0.0,0.0,0.0,0.0,0.0,199.0,1.0,199.0,0.0,0.0,199.0,0.0,0.0,199.0
3,72,VREP,0.966923,0.1383572,0.0,0.0,0.0,0.0,0.0,0.0,0.0,199.0,1.0,199.0,0.0,0.0,199.0,0.0,0.0,199.0
3,73,VREP,0.9227803,0.5664233,0.0,0.115,0.15666666666666668,0.18833333333333332,0.21666666666666667,0.10333333333333333,0.0,599.0,1.0,599.0,0.0,0.0,599.0,0.0,0.0,599.0
3,74,VREP,0.34149605,0.00042067724,0.0,0.0,0.0,0.0,0.0,0.42487046632124353,0.36787564766839376,192.0,1.0,192.0,0.0,0.0,192.0,0.0,0.0,192.0
3,75,VREP,0.8276527,0.9368115,0.11627906976744186,0.19186046511627908,0.2180232558139535,0.0,0.0,0.0,0.0,343.0,1.0,343.0,0.0,0.0,343.0,0.0,0.0,343.0
3,76,VREP,0.82792777,0.82209504,0.7544338335607094,0.2892223738062756,0.17598908594815826,0.15961800818553887,0.12005457025920874,0.0,0.0,732.0,1.0,732.0,0.0,0.0,732.0,0.0,0.0,732.0
3,77,VREP,0.12472205,0.24531272,0.0,0.0,0.0,0.0,0.0,0.6259842519685039,0.5118110236220472,253.0,1.0,253.0,0.0,0.0,253.0,0.0,0.0,253.0
3,78,VREP,0.20213898,0.26699355,0.0,0.0,0.0,0.0,0.0,0.49280575539568344,0.3597122302158273,277.0,1.0,277.0,0.0,0.0,277.0,0.0,0.0,277.0
3,79,VREP,0.9459461,0.85693175,0.5022421524663677,0.42152466367713004,0.29596412556053814,0.0,0.0,0.0,0.0,222.0,1.0,222.0,0.0,0.0,222.0,0.0,0.0,222.0
3,80,VREP,0.9657845,0.49370635,0.0,0.0,0.085,0.14166666666666666,0.175,0.11,0.05333333333333334,599.0,1.0,599.0,0.0,0.0,599.0,0.0,0.0,599.0
3,64,THYMIO,0.015405346,0.39000717,0.38181818181818183,0.3090909090909091,0.0,0.0,0.0,0.509090909090909,0.21818181818181817,55.0,1.0,55.0,0.0,0.0,55.0,0.0,0.0,55.0
3,65,THYMIO,0.8142605,0.94815534,0.0,0.007352941176470588,0.07352941176470588,0.20588235294117646,0.19852941176470587,0.0,0.0,90.0,0.6081081081081081,148.0,58.0,0.3918918918918919,148.0,0.0,0.0,148.0
3,76,THYMIO,0.8284981,0.7915978,0.0,0.0,0.0,0.3333333333333333,0.41333333333333333,0.0,0.0,75.0,1.0,75.0,0.0,0.0,75.0,0.0,0.0,75.0
4,81,VREP,0.21278836,0.115216,0.0,0.0,0.0,0.0,0.0,0.5527638190954773,0.5829145728643216,198.0,1.0,198.0,0.0,0.0,198.0,0.0,0.0,198.0
4,82,VREP,0.2428624,0.8407851,0.0,0.0,0.0,0.0,0.0,0.0,0.0,199.0,1.0,199.0,0.0,0.0,199.0,0.0,0.0,199.0
4,83,VREP,0.1338171,0.53928566,0.0,0.0,0.0,0.065,0.15833333333333333,0.09666666666666666,0.028333333333333332,599.0,1.0,599.0,0.0,0.0,599.0,0.0,0.0,599.0
4,84,VREP,0.48621482,0.18222086,0.07625,0.05,0.0,0.0,0.0,0.0,0.05625,799.0,1.0,799.0,0.0,0.0,799.0,0.0,0.0,799.0
4,85,VREP,0.07756709,0.98269755,0.0,0.0,0.0,0.0,0.0,0.0,0.0,199.0,1.0,199.0,0.0,0.0,199.0,0.0,0.0,199.0
4,86,VREP,0.4357447,0.30450463,0.0,0.0,0.0,0.0,0.0,0.0,0.0,199.0,1.0,199.0,0.0,0.0,199.0,0.0,0.0,199.0
4,87,VREP,0.94986475,0.4349907,0.0,0.0,0.0975,0.175,0.205,0.0525,0.0,399.0,1.0,399.0,0.0,0.0,399.0,0.0,0.0,399.0
4,88,VREP,0.11778064,0.120355025,0.0,0.0,0.0,0.0,0.0,0.532258064516129,0.510752688172043,185.0,1.0,185.0,0.0,0.0,185.0,0.0,0.0,185.0
4,89,VREP,0.80306166,0.9494912,0.05345911949685535,0.07389937106918239,0.08490566037735849,0.06132075471698113,0.2358490566037736,0.0,0.0,382.0,0.5225718194254446,731.0,349.0,0.4774281805745554,731.0,0.0,0.0,731.0
4,90,VREP,0.027191892,0.6055105,0.0,0.0,0.0,0.05,0.1325,0.0,0.0,399.0,1.0,399.0,0.0,0.0,399.0,0.0,0.0,399.0
4,91,VREP,0.9601347,0.9733097,0.15903614457831325,0.13975903614457832,0.0,0.0,0.0,0.0,0.0,414.0,1.0,414.0,0.0,0.0,414.0,0.0,0.0,414.0
4,92,VREP,0.1793362,0.021559898,0.0,0.0,0.0,0.0,0.0,0.24096385542168675,0.4879518072289157,165.0,1.0,165.0,0.0,0.0,165.0,0.0,0.0,165.0
4,93,VREP,0.22493826,0.0012434954,0.0,0.0,0.0,0.0,0.0,0.37435897435897436,0.3076923076923077,194.0,1.0,194.0,0.0,0.0,194.0,0.0,0.0,194.0
4,94,VREP,0.91544724,0.9028786,0.13147410358565736,0.10358565737051793,0.15338645418326693,0.16334661354581673,0.13545816733067728,0.0,0.0,501.0,1.0,501.0,0.0,0.0,501.0,0.0,0.0,501.0
4,95,VREP,0.98390484,0.81220484,0.510752688172043,0.44623655913978494,0.34408602150537637,0.22043010752688172,0.05913978494623656,0.0,0.0,185.0,1.0,185.0,0.0,0.0,185.0,0.0,0.0,185.0
4,96,VREP,0.2557003,0.6547716,0.0,0.0,0.0,0.0,0.0,0.0,0.0,199.0,1.0,199.0,0.0,0.0,199.0,0.0,0.0,199.0
4,97,VREP,0.053694986,0.47051713,0.07348703170028818,0.10518731988472622,0.14265129682997119,0.16714697406340057,0.1829971181556196,0.30979827089337175,0.2910662824207493,693.0,1.0,693.0,0.0,0.0,693.0,0.0,0.0,693.0
4,98,VREP,0.09980754,0.033175413,0.0,0.0,0.0,0.0,0.0,0.5140845070422535,0.5352112676056338,141.0,1.0,141.0,0.0,0.0,141.0,0.0,0.0,141.0
4,99,VREP,0.93920434,0.9897668,0.019498607242339833,0.052924791086350974,0.08774373259052924,0.11002785515320335,0.21448467966573817,0.0,0.0,495.0,0.6118665018541409,809.0,0.0,0.0,809.0,314.0,0.38813349814585907,809.0
4,100,VREP,0.42194426,0.4514257,0.0,0.0,0.0,0.0,0.0,0.0,0.0,199.0,1.0,199.0,0.0,0.0,199.0,0.0,0.0,199.0
4,99,THYMIO,0.93668514,0.9833868,0.2602739726027397,0.0,0.0,0.0,0.0,0.0,0.0,73.0,1.0,73.0,0.0,0.0,73.0,0.0,0.0,73.0
5,101,VREP,0.989603,0.9262589,0.39925373134328357,0.2835820895522388,0.1044776119402985,0.0,0.0,0.0,0.0,267.0,1.0,267.0,0.0,0.0,267.0,0.0,0.0,267.0
5,102,VREP,0.12705806,0.051066045,0.0,0.0,0.0,0.0,0.0,0.4967741935483871,0.5290322580645161,154.0,1.0,154.0,0.0,0.0,154.0,0.0,0.0,154.0
5,103,VREP,0.6455447,0.87478846,0.0,0.0915032679738562,0.3464052287581699,0.5032679738562091,0.0,0.0,0.0,305.0,1.0,305.0,0.0,0.0,305.0,0.0,0.0,305.0
5,104,VREP,0.96138257,0.9671015,0.09535452322738386,0.14425427872860636,0.1784841075794621,0.17114914425427874,0.0,0.0,0.0,408.0,1.0,408.0,0.0,0.0,408.0,0.0,0.0,408.0
5,105,VREP,0.7992413,0.013826196,0.0,0.0,0.0,0.0,0.0,0.0,0.0,199.0,1.0,199.0,0.0,0.0,199.0,0.0,0.0,199.0
5,106,VREP,0.9823223,0.99403864,0.13315926892950392,0.16449086161879894,0.0,0.0,0.0,0.0,0.0,382.0,1.0,382.0,0.0,0.0,382.0,0.0,0.0,382.0
5,107,VREP,0.025089253,0.9837295,0.0,0.0,0.0,0.0,0.0,0.0,0.0,199.0,1.0,199.0,0.0,0.0,199.0,0.0,0.0,199.0
5,108,VREP,0.73936677,0.9727659,0.0,0.0,0.0,0.2863636363636364,0.4818181818181818,0.0,0.0,219.0,1.0,219.0,0.0,0.0,219.0,0.0,0.0,219.0
5,109,VREP,0.73797643,0.0431295,0.0,0.0,0.0,0.0,0.0,0.0,0.0,199.0,1.0,199.0,0.0,0.0,199.0,0.0,0.0,199.0
5,110,VREP,0.45548743,0.30270672,0.0,0.0,0.0,0.0,0.0,0.0,0.0,199.0,1.0,199.0,0.0,0.0,199.0,0.0,0.0,199.0
5,111,VREP,0.15578414,0.93526804,0.0,0.0,0.0,0.0,0.0,0.0,0.0,199.0,1.0,199.0,0.0,0.0,199.0,0.0,0.0,199.0
5,112,VREP,0.85375947,0.049836807,0.0,0.0,0.0,0.0,0.0,0.0,0.0,199.0,1.0,199.0,0.0,0.0,199.0,0.0,0.0,199.0
5,113,VREP,0.9807165,0.62934065,0.32340425531914896,0.4425531914893617,0.5148936170212766,0.4340425531914894,0.3574468085106383,0.0,0.0,234.0,1.0,234.0,0.0,0.0,234.0,0.0,0.0,234.0
5,114,VREP,0.33780578,0.6968327,0.0,0.0,0.0,0.0,0.0,0.0,0.0,199.0,1.0,199.0,0.0,0.0,199.0,0.0,0.0,199.0
5,115,VREP,0.7556855,0.9003211,0.0,0.0,0.0,0.0,0.39622641509433965,0.0,0.0,370.0,0.8466819221967964,437.0,67.0,0.15331807780320367,437.0,0.0,0.0,437.0
5,116,VREP,0.8407391,0.96114606,0.109717868338558,0.1724137931034483,0.1724137931034483,0.0,0.0,0.0,0.0,318.0,1.0,318.0,0.0,0.0,318.0,0.0,0.0,318.0
5,117,VREP,0.9546523,0.9262689,0.36768802228412256,0.2562674094707521,0.013927576601671309,0.0,0.0,0.0,0.0,358.0,1.0,358.0,0.0,0.0,358.0,0.0,0.0,358.0
5,118,VREP,0.17825617,0.24315245,0.0,0.0,0.0,0.0,0.0,0.3557312252964427,0.4308300395256917,252.0,1.0,252.0,0.0,0.0,252.0,0.0,0.0,252.0
5,119,VREP,0.6930488,0.0104694655,0.0,0.0,0.0,0.0,0.0,0.0,0.0,199.0,1.0,199.0,0.0,0.0,199.0,0.0,0.0,199.0
5,120,VREP,0.98145676,0.053390414,0.0,0.0,0.0,0.0,0.0,0.0,0.0,199.0,1.0,199.0,0.0,0.0,199.0,0.0,0.0,199.0
6,121,VREP,0.27639058,0.0018473752,0.05365853658536585,0.0,0.0,0.0,0.0,0.3902439024390244,0.32682926829268294,204.0,1.0,204.0,0.0,0.0,204.0,0.0,0.0,204.0
6,122,VREP,0.60045606,0.47221315,0.0,0.0,0.0,0.0,0.0,0.0,0.0,199.0,1.0,199.0,0.0,0.0,199.0,0.0,0.0,199.0
6,123,VREP,0.90850645,0.9953338,0.0,0.0,0.1678832116788321,0.23357664233576642,0.0,0.0,0.0,273.0,1.0,273.0,0.0,0.0,273.0,0.0,0.0,273.0
6,124,VREP,0.9710547,0.46090266,0.0,0.0,0.04666666666666667,0.12166666666666667,0.15666666666666668,0.07,0.0,599.0,1.0,599.0,0.0,0.0,599.0,0.0,0.0,599.0
6,125,VREP,0.9553569,0.1726913,0.0,0.0,0.0,0.0,0.0,0.0,0.0,199.0,1.0,199.0,0.0,0.0,199.0,0.0,0.0,199.0
6,126,VREP,0.91197443,0.9979103,0.0,0.0,0.17777777777777778,0.1925925925925926,0.0,0.0,0.0,269.0,1.0,269.0,0.0,0.0,269.0,0.0,0.0,269.0
6,127,VREP,0.22454427,0.0890905,0.0,0.0,0.0,0.0,0.0,0.47342995169082125,0.5314009661835749,206.0,1.0,206.0,0.0,0.0,206.0,0.0,0.0,206.0
6,128,VREP,0.25254104,0.9801589,0.0,0.0,0.0,0.0,0.0,0.0,0.0,199.0,1.0,199.0,0.0,0.0,199.0,0.0,0.0,199.0
6,129,VREP,0.7756547,0.61934584,0.3857758620689655,0.5172413793103449,0.41379310344827586,0.2650862068965517,0.1961206896551724,0.0,0.0,463.0,1.0,463.0,0.0,0.0,463.0,0.0,0.0,463.0
6,130,VREP,0.060984455,0.15346134,0.0,0.0,0.0,0.0,0.0,0.46987951807228917,0.3313253012048193,165.0,1.0,165.0,0.0,0.0,165.0,0.0,0.0,165.0
6,131,VREP,0.065418795,0.0020081613,0.0,0.0,0.0,0.0,0.0,0.5230769230769231,0.5461538461538461,129.0,1.0,129.0,0.0,0.0,129.0,0.0,0.0,129.0
6,132,VREP,0.49574468,0.60079145,0.0,0.0,0.0,0.0,0.0,0.0,0.0,199.0,1.0,199.0,0.0,0.0,199.0,0.0,0.0,199.0
6,133,VREP,0.022090891,0.3547219,0.0,0.0,0.0,0.0,0.0,0.3917525773195876,0.4484536082474227,193.0,1.0,193.0,0.0,0.0,193.0,0.0,0.0,193.0
6,134,VREP,0.756802,0.8120101,0.0,0.018975332068311195,0.25616698292220114,0.36242884250474383,0.0,0.0,0.0,526.0,1.0,526.0,0.0,0.0,526.0,0.0,0.0,526.0
6,135,VREP,0.07561022,0.0021187412,0.0,0.0,0.0,0.0,0.0,0.49230769230769234,0.5307692307692308,129.0,1.0,129.0,0.0,0.0,129.0,0.0,0.0,129.0
6,136,VREP,0.94188505,0.35643455,0.0,0.0,0.0,0.0,0.185,0.0,0.0,199.0,1.0,199.0,0.0,0.0,199.0,0.0,0.0,199.0
6,137,VREP,0.9276433,0.97696936,0.0,0.0,0.0,0.0,0.3445121951219512,0.0,0.0,327.0,1.0,327.0,0.0,0.0,327.0,0.0,0.0,327.0
6,138,VREP,0.115846224,0.0330175,0.0,0.0,0.0,0.0,0.0,0.5208333333333334,0.5486111111111112,143.0,1.0,143.0,0.0,0.0,143.0,0.0,0.0,143.0
6,139,VREP,0.34270468,0.6966927,0.0,0.0,0.0,0.0,0.0,0.0,0.0,199.0,1.0,199.0,0.0,0.0,199.0,0.0,0.0,199.0
6,140,VREP,0.9486131,0.9855063,0.1424581005586592,0.12988826815642457,0.07262569832402235,0.0,0.0,0.0,0.0,505.0,0.6541450777202072,772.0,0.0,0.0,772.0,267.0,0.34585492227979275,772.0
6,140,THYMIO,0.9141948,0.9838104,0.37681159420289856,0.014492753623188406,0.0,0.0,0.0,0.0,0.0,69.0,1.0,69.0,0.0,0.0,69.0,0.0,0.0,69.0
7,141,VREP,0.9987621,0.9920019,0.09333333333333334,0.14133333333333334,0.17333333333333334,0.16533333333333333,0.018666666666666668,0.0,0.0,374.0,1.0,374.0,0.0,0.0,374.0,0.0,0.0,374.0
7,142,VREP,0.041260336,0.0061783707,0.0,0.0,0.0,0.0,0.0,0.5384615384615384,0.5461538461538461,129.0,1.0,129.0,0.0,0.0,129.0,0.0,0.0,129.0
7,143,VREP,0.79396814,0.9954625,0.0,0.0,0.0,0.0,0.3678571428571429,0.0,0.0,279.0,0.8801261829652997,317.0,38.0,0.11987381703470032,317.0,0.0,0.0,317.0
7,144,VREP,0.9989783,0.7579232,0.5138121546961326,0.4696132596685083,0.3867403314917127,0.287292817679558,0.1712707182320442,0.0,0.0,180.0,1.0,180.0,0.0,0.0,180.0,0.0,0.0,180.0
7,145,VREP,0.78225297,0.9832183,0.0,0.0,0.0,0.0,0.41353383458646614,0.0,0.0,265.0,0.9265734265734266,286.0,21.0,0.07342657342657342,286.0,0.0,0.0,286.0
7,146,VREP,0.4801173,0.93662596,0.1,0.08666666666666667,0.05333333333333334,0.0,0.0,0.03166666666666667,0.07833333333333334,599.0,1.0,599.0,0.0,0.0,599.0,0.0,0.0,599.0
7,147,VREP,0.8470789,0.955414,0.0030211480362537764,0.0755287009063444,0.18429003021148035,0.21148036253776434,0.0,0.0,0.0,330.0,1.0,330.0,0.0,0.0,330.0,0.0,0.0,330.0
7,148,VREP,0.45662344,0.8929082,0.08666666666666667,0.07,0.013333333333333334,0.0,0.0,0.0,0.0,599.0,1.0,599.0,0.0,0.0,599.0,0.0,0.0,599.0
7,149,VREP,0.9902855,0.58370113,0.0,0.08747044917257683,0.17848699763593381,0.3983451536643026,0.4326241134751773,0.1867612293144208,0.09101654846335698,845.0,1.0,845.0,0.0,0.0,845.0,0.0,0.0,845.0
7,150,VREP,0.41986904,0.7247415,0.0,0.0,0.0,0.0,0.0,0.0,0.0,199.0,1.0,199.0,0.0,0.0,199.0,0.0,0.0,199.0
7,151,VREP,0.24501707,0.942028,0.0,0.0,0.0,0.0,0.0,0.0,0.0,199.0,1.0,199.0,0.0,0.0,199.0,0.0,0.0,199.0
7,152,VREP,0.38513714,0.31185535,0.0,0.0,0.0,0.0,0.0,0.09741550695825049,0.5248508946322068,502.0,1.0,502.0,0.0,0.0,502.0,0.0,0.0,502.0
7,153,VREP,0.93999845,0.1459236,0.0,0.0,0.0,0.0,0.0,0.0,0.0,199.0,1.0,199.0,0.0,0.0,199.0,0.0,0.0,199.0
7,154,VREP,0.31517705,0.998518,0.0475,0.0,0.0,0.0,0.0,0.0,0.0,399.0,1.0,399.0,0.0,0.0,399.0,0.0,0.0,399.0
7,155,VREP,0.051135834,0.0092382105,0.0,0.0,0.0,0.0,0.0,0.5114503816793893,0.5343511450381679,130.0,1.0,130.0,0.0,0.0,130.0,0.0,0.0,130.0
7,156,VREP,0.9959081,0.98193973,0.05235602094240838,0.11780104712041885,0.16753926701570682,0.17277486910994763,0.12303664921465969,0.0,0.0,381.0,1.0,381.0,0.0,0.0,381.0,0.0,0.0,381.0
7,157,VREP,0.48305562,0.27682024,0.0,0.0,0.0,0.0,0.0,0.0,0.0,199.0,1.0,199.0,0.0,0.0,199.0,0.0,0.0,199.0
7,158,VREP,0.8641524,0.26319015,0.0,0.0,0.0,0.0,0.0,0.0,0.0,199.0,1.0,199.0,0.0,0.0,199.0,0.0,0.0,199.0
7,159,VREP,0.25297263,0.86060023,0.0,0.0,0.0,0.0,0.0,0.0,0.0,199.0,1.0,199.0,0.0,0.0,199.0,0.0,0.0,199.0
7,160,VREP,0.7863466,0.39209825,0.0,0.0,0.0,0.0,0.0,0.0,0.0,199.0,1.0,199.0,0.0,0.0,199.0,0.0,0.0,199.0
8,161,VREP,0.6051932,0.77449596,0.0,0.0,0.32027649769585254,0.41935483870967744,0.0,0.0,0.0,433.0,1.0,433.0,0.0,0.0,433.0,0.0,0.0,433.0
8,162,VREP,0.0019517627,0.16037944,0.0,0.0,0.0,0.0,0.0,0.5234899328859061,0.3825503355704698,148.0,1.0,148.0,0.0,0.0,148.0,0.0,0.0,148.0
8,163,VREP,0.7946855,0.9826241,0.0,0.0,0.0,0.0,0.3268608414239482,0.0,0.0,308.0,0.8346883468834688,369.0,61.0,0.16531165311653118,369.0,0.0,0.0,369.0
8,164,VREP,0.88673496,0.9403567,0.0,0.0,0.14556962025316456,0.25316455696202533,0.04746835443037975,0.0,0.0,315.0,1.0,315.0,0.0,0.0,315.0,0.0,0.0,315.0
8,165,VREP,0.85479444,0.9516734,0.36636136552872606,0.2048293089092423,0.11074104912572856,0.07410491257285595,0.0,0.044962531223980015,0.06078268109908409,551.0,0.4331761006289308,1272.0,0.0,0.0,1272.0,721.0,0.5668238993710691,1272.0
8,166,VREP,0.005524222,0.09541705,0.0,0.0,0.0,0.0,0.0,0.5298507462686567,0.48507462686567165,133.0,1.0,133.0,0.0,0.0,133.0,0.0,0.0,133.0
8,167,VREP,0.032584753,0.00037109794,0.0,0.0,0.0,0.0,0.0,0.5196850393700787,0.5354330708661418,126.0,1.0,126.0,0.0,0.0,126.0,0.0,0.0,126.0
8,168,VREP,0.8363263,0.8346988,0.5204081632653061,0.1282798833819242,0.15306122448979592,0.13702623906705538,0.08454810495626822,0.0,0.0,685.0,1.0,685.0,0.0,0.0,685.0,0.0,0.0,685.0
8,169,VREP,0.883506,0.9892804,0.0,0.08865248226950355,0.22695035460992907,0.0,0.0,0.0,0.0,281.0,1.0,281.0,0.0,0.0,281.0,0.0,0.0,281.0
8,170,VREP,0.09779277,0.0041682897,0.0,0.0,0.0,0.0,0.0,0.49624060150375937,0.5338345864661654,132.0,1.0,132.0,0.0,0.0,132.0,0.0,0.0,132.0
8,171,VREP,0.99057424,0.99588585,0.09498680738786279,0.1424802110817942,0.17678100263852242,0.15303430079155672,0.0,0.0,0.0,378.0,1.0,378.0,0.0,0.0,378.0,0.0,0.0,378.0
8,172,VREP,0.048109688,0.9615173,0.0,0.0,0.0,0.0,0.0,0.0,0.0,199.0,1.0,199.0,0.0,0.0,199.0,0.0,0.0,199.0
8,173,VREP,0.88443303,0.99173206,0.02888086642599278,0.1371841155234657,0.27075812274368233,0.0,0.0,0.0,0.0,276.0,1.0,276.0,0.0,0.0,276.0,0.0,0.0,276.0
8,174,VREP,0.72087646,0.0479059,0.0,0.0,0.0,0.0,0.0,0.0,0.0,199.0,1.0,199.0,0.0,0.0,199.0,0.0,0.0,199.0
8,175,VREP,0.17232127,0.9977836,0.0,0.0,0.0,0.0,0.0,0.0,0.0,199.0,1.0,199.0,0.0,0.0,199.0,0.0,0.0,199.0
8,176,VREP,0.0034901663,0.79209435,0.0,0.0,0.0,0.0,0.0,0.0,0.0,199.0,1.0,199.0,0.0,0.0,199.0,0.0,0.0,199.0
8,177,VREP,0.7248369,0.06082447,0.0,0.0,0.0,0.0,0.0,0.0,0.0,199.0,1.0,199.0,0.0,0.0,199.0,0.0,0.0,199.0
8,178,VREP,0.9916756,0.9705747,0.21158690176322417,0.10831234256926953,0.163727959697733,0.17884130982367757,0.15869017632241814,0.0,0.0,396.0,1.0,396.0,0.0,0.0,396.0,0.0,0.0,396.0
8,179,VREP,0.004408416,0.9689675,0.0,0.0,0.0,0.0,0.0,0.0,0.0,199.0,1.0,199.0,0.0,0.0,199.0,0.0,0.0,199.0
8,180,VREP,0.875169,0.9661865,0.0,0.05,0.20333333333333334,0.07,0.0,0.0,0.0,299.0,1.0,299.0,0.0,0.0,299.0,0.0,0.0,299.0
8,165,THYMIO,0.6491415,0.7490187,0.03732809430255403,0.8821218074656189,0.8722986247544204,0.8664047151277013,0.0,0.0,0.0,509.0,1.0,509.0,0.0,0.0,509.0,0.0,0.0,509.0
9,181,VREP,0.009732628,0.99409604,0.0,0.0,0.0,0.0,0.0,0.0,0.0,199.0,1.0,199.0,0.0,0.0,199.0,0.0,0.0,199.0
9,182,VREP,0.9994821,0.09852201,0.0,0.0,0.0,0.0,0.0,0.0,0.0,199.0,1.0,199.0,0.0,0.0,199.0,0.0,0.0,199.0
9,183,VREP,0.99560195,0.9226616,0.40562248995983935,0.30120481927710846,0.1285140562248996,0.0,0.0,0.0,0.0,248.0,1.0,248.0,0.0,0.0,248.0,0.0,0.0,248.0
9,184,VREP,0.38956004,0.9897,0.105,0.07,0.0,0.0,0.0,0.0,0.0,399.0,1.0,399.0,0.0,0.0,399.0,0.0,0.0,399.0
9,185,VREP,0.8693981,0.38190797,0.0,0.0,0.0,0.0,0.0,0.0,0.0,199.0,1.0,199.0,0.0,0.0,199.0,0.0,0.0,199.0
9,186,VREP,0.2447994,0.008593818,0.0,0.0,0.0,0.0,0.0,0.40375586854460094,0.3474178403755869,212.0,1.0,212.0,0.0,0.0,212.0,0.0,0.0,212.0
9,187,VREP,0.24509135,0.5394977,0.3717791411042945,0.252760736196319,0.15950920245398773,0.13374233128834356,0.13496932515337423,0.147239263803681,0.14969325153374233,814.0,1.0,814.0,0.0,0.0,814.0,0.0,0.0,814.0
9,188,VREP,0.38096252,0.06736596,0.12236286919831224,0.0,0.0,0.0,0.0,0.4472573839662447,0.41350210970464135,236.0,1.0,236.0,0.0,0.0,236.0,0.0,0.0,236.0
9,189,VREP,0.48572862,0.96726614,0.11166666666666666,0.095,0.04666666666666667,0.0,0.0,0.0,0.07833333333333334,599.0,1.0,599.0,0.0,0.0,599.0,0.0,0.0,599.0
9,190,VREP,0.99341387,0.99711263,0.0967741935483871,0.1424731182795699,0.17204301075268819,0.12365591397849462,0.0,0.0,0.0,371.0,1.0,371.0,0.0,0.0,371.0,0.0,0.0,371.0
9,191,VREP,0.56783557,0.99239993,0.15463917525773196,0.19293078055964655,0.203240058910162,0.15169366715758467,0.08836524300441827,0.09867452135493372,0.12223858615611193,678.0,1.0,678.0,0.0,0.0,678.0,0.0,0.0,678.0
9,192,VREP,0.55811924,0.955924,0.105,0.09,0.075,0.0016666666666666668,0.0,0.0,0.06833333333333333,599.0,1.0,599.0,0.0,0.0,599.0,0.0,0.0,599.0
9,193,VREP,0.4596183,0.99629503,0.1125,0.1,0.0525,0.0,0.0,0.0,0.065,399.0,1.0,399.0,0.0,0.0,399.0,0.0,0.0,399.0
9,194,VREP,0.91524184,0.924552,0.11740041928721175,0.1488469601677149,0.0,0.0,0.0,0.0,0.0,476.0,1.0,476.0,0.0,0.0,476.0,0.0,0.0,476.0
9,195,VREP,0.26609638,0.080276065,0.0,0.0,0.0,0.0,0.0,0.4581673306772908,0.398406374501992,250.0,1.0,250.0,0.0,0.0,250.0,0.0,0.0,250.0
9,196,VREP,0.97031784,0.201571,0.0,0.0,0.0,0.0,0.0,0.0,0.0,199.0,1.0,199.0,0.0,0.0,199.0,0.0,0.0,199.0
9,197,VREP,0.83609635,0.8775968,0.2922564529558701,0.1482098251457119,0.20815986677768525,0.20233139050791007,0.17985012489592006,0.07410491257285595,0.08326394671107411,940.0,0.7419100236779794,1267.0,0.0,0.0,1267.0,327.0,0.2580899763220205,1267.0
9,198,VREP,0.019396367,0.9656833,0.0,0.0,0.0,0.0,0.0,0.0,0.0,199.0,1.0,199.0,0.0,0.0,199.0,0.0,0.0,199.0
9,199,VREP,0.9994596,0.38375324,0.0,0.0,0.0,0.0875,0.155,0.0,0.0,399.0,1.0,399.0,0.0,0.0,399.0,0.0,0.0,399.0
9,200,VREP,0.8734171,0.42208531,0.0,0.0,0.0,0.075,0.0,0.0,0.0,199.0,1.0,199.0,0.0,0.0,199.0,0.0,0.0,199.0
10,201,VREP,0.9377847,0.40735126,0.0,0.0,0.0,0.1125,0.1875,0.0,0.0,399.0,1.0,399.0,0.0,0.0,399.0,0.0,0.0,399.0
10,202,VREP,0.7373262,0.5400484,0.0,0.0,0.0,0.0,0.0,0.0,0.0,199.0,1.0,199.0,0.0,0.0,199.0,0.0,0.0,199.0
10,203,VREP,0.98586726,0.27480003,0.0,0.0,0.0,0.0,0.06,0.0,0.0,199.0,1.0,199.0,0.0,0.0,199.0,0.0,0.0,199.0
10,204,VREP,0.8981202,0.87360775,0.0018248175182481751,0.14416058394160583,0.177007299270073,0.16970802919708028,0.06751824817518248,0.0,0.0,547.0,1.0,547.0,0.0,0.0,547.0,0.0,0.0,547.0
10,205,VREP,0.49663106,0.9664534,0.09,0.08,0.065,0.0,0.0,0.0,0.06333333333333334,599.0,1.0,599.0,0.0,0.0,599.0,0.0,0.0,599.0
10,206,VREP,0.84167254,0.89411247,0.4954204829308909,0.23980016652789343,0.11240632805995004,0.0890924229808493,0.006661115736885929,0.07577019150707744,0.093255620316403,905.0,0.7086922474549726,1277.0,0.0,0.0,1277.0,372.0,0.2913077525450274,1277.0
10,207,VREP,0.97918177,0.838721,0.5111111111111111,0.45,0.3388888888888889,0.16111111111111112,0.0,0.0,0.0,179.0,1.0,179.0,0.0,0.0,179.0,0.0,0.0,179.0
10,208,VREP,0.99843055,0.9783408,0.22164948453608246,0.0979381443298969,0.15979381443298968,0.17783505154639176,0.15721649484536082,0.0,0.0,387.0,1.0,387.0,0.0,0.0,387.0,0.0,0.0,387.0
10,209,VREP,0.08415001,0.10531677,0.0,0.0,0.0,0.0,0.0,0.5515151515151515,0.5393939393939394,164.0,1.0,164.0,0.0,0.0,164.0,0.0,0.0,164.0
10,210,VREP,0.34186754,0.028558938,0.0,0.0,0.0,0.0,0.0,0.4444444444444444,0.3939393939393939,197.0,1.0,197.0,0.0,0.0,197.0,0.0,0.0,197.0
10,211,VREP,0.08551479,0.180575,0.0,0.0,0.0,0.0,0.0,0.4375,0.22395833333333334,191.0,1.0,191.0,0.0,0.0,191.0,0.0,0.0,191.0
10,212,VREP,0.98033804,0.91401905,0.38515901060070673,0.26855123674911663,0.11307420494699646,0.0,0.0,0.0,0.0,282.0,1.0,282.0,0.0,0.0,282.0,0.0,0.0,282.0
10,213,VREP,0.4323401,0.9412686,0.08333333333333333,0.065,0.0,0.0,0.0,0.0,0.0,599.0,1.0,599.0,0.0,0.0,599.0,0.0,0.0,599.0
10,214,VREP,0.42289382,0.30314294,0.0,0.0,0.0,0.0,0.0,0.48928571428571427,0.45,559.0,1.0,559.0,0.0,0.0,559.0,0.0,0.0,559.0
10,215,VREP,0.8523563,0.8386627,0.08409785932721713,0.13302752293577982,0.17737003058103976,0.18501529051987767,0.11314984709480122,0.0,0.0,653.0,1.0,653.0,0.0,0.0,653.0,0.0,0.0,653.0
10,216,VREP,0.8702925,0.9842361,0.09655172413793103,0.19310344827586207,0.16551724137931034,0.0,0.0,0.0,0.0,289.0,1.0,289.0,0.0,0.0,289.0,0.0,0.0,289.0
10,217,VREP,0.14670523,0.9884197,0.0,0.0,0.0,0.0,0.0,0.0,0.0,199.0,1.0,199.0,0.0,0.0,199.0,0.0,0.0,199.0
10,218,VREP,0.053192183,0.09071504,0.0,0.0,0.0,0.0,0.0,0.5466666666666666,0.5066666666666667,149.0,1.0,149.0,0.0,0.0,149.0,0.0,0.0,149.0
10,219,VREP,0.8921408,0.23598962,0.0,0.0,0.0,0.0,0.0,0.0,0.0,199.0,1.0,199.0,0.0,0.0,199.0,0.0,0.0,199.0
10,220,VREP,0.38281092,0.24991934,0.10596026490066225,0.0,0.0,0.0,0.0,0.3465783664459161,0.2847682119205298,452.0,1.0,452.0,0.0,0.0,452.0,0.0,0.0,452.0
10,206,THYMIO,0.8135858,0.8707359,0.0,0.18461538461538463,0.3230769230769231,0.36923076923076925,0.6230769230769231,0.0,0.0,130.0,1.0,130.0,0.0,0.0,130.0,0.0,0.0,130.0
11,221,VREP,0.5673194,0.9335029,0.13166666666666665,0.11,0.08833333333333333,0.058333333333333334,0.0,0.02,0.08333333333333333,599.0,1.0,599.0,0.0,0.0,599.0,0.0,0.0,599.0
11,222,VREP,0.13807817,0.6525572,0.0,0.0,0.0,0.0,0.0,0.0,0.0,199.0,1.0,199.0,0.0,0.0,199.0,0.0,0.0,199.0
11,223,VREP,0.9977784,0.9994288,0.09433962264150944,0.14285714285714285,0.1725067385444744,0.1293800539083558,0.0,0.0,0.0,370.0,1.0,370.0,0.0,0.0,370.0,0.0,0.0,370.0
11,224,VREP,0.9090947,0.96597815,0.0,0.0,0.0,0.2628398791540785,0.311178247734139,0.0,0.0,330.0,1.0,330.0,0.0,0.0,330.0,0.0,0.0,330.0
11,225,VREP,0.5851779,0.9891222,0.06258503401360545,0.08163265306122448,0.18639455782312925,0.19863945578231293,0.0,0.050340136054421766,0.07346938775510205,734.0,1.0,734.0,0.0,0.0,734.0,0.0,0.0,734.0
11,226,VREP,0.60334945,0.18402864,0.0,0.0,0.0,0.0,0.0,0.0,0.0,199.0,1.0,199.0,0.0,0.0,199.0,0.0,0.0,199.0
11,227,VREP,0.89249825,0.9864917,0.0,0.014084507042253521,0.19718309859154928,0.17253521126760563,0.0,0.0,0.0,283.0,1.0,283.0,0.0,0.0,283.0,0.0,0.0,283.0
11,228,VREP,0.9462511,0.92642003,0.15349887133182843,0.20090293453724606,0.2234762979683973,0.08577878103837472,0.0,0.0,0.0,442.0,1.0,442.0,0.0,0.0,442.0,0.0,0.0,442.0
11,229,VREP,0.20868188,0.6788273,0.0,0.0,0.0,0.0,0.0,0.0,0.0,199.0,1.0,199.0,0.0,0.0,199.0,0.0,0.0,199.0
11,230,VREP,0.9889352,0.23294085,0.0,0.0,0.0,0.0,0.0,0.0,0.0,199.0,1.0,199.0,0.0,0.0,199.0,0.0,0.0,199.0
11,231,VREP,0.0013572985,0.0074500623,0.0,0.0,0.0,0.0,0.0,0.552,0.544,124.0,1.0,124.0,0.0,0.0,124.0,0.0,0.0,124.0
11,232,VREP,0.4846641,0.9936779,0.0875,0.0725,0.09,0.0,0.0,0.0,0.0,399.0,1.0,399.0,0.0,0.0,399.0,0.0,0.0,399.0
11,233,VREP,0.83022755,0.9372773,0.27395715896279593,0.1713641488162345,0.09582863585118377,0.06200676437429538,0.006764374295377677,0.0,0.0,419.0,0.43509865005192105,963.0,544.0,0.564901349948079,963.0,0.0,0.0,963.0
11,234,VREP,0.890972,0.964115,0.0,0.0,0.19732441471571907,0.27424749163879597,0.0,0.0,0.0,298.0,1.0,298.0,0.0,0.0,298.0,0.0,0.0,298.0
11,235,VREP,0.5666865,0.38092345,0.0,0.0,0.0,0.0,0.0,0.0,0.0,199.0,1.0,199.0,0.0,0.0,199.0,0.0,0.0,199.0
11,236,VREP,0.005183894,0.5665032,0.0,0.0,0.0,0.035,0.155,0.09,0.0,399.0,1.0,399.0,0.0,0.0,399.0,0.0,0.0,399.0
11,237,VREP,0.9886163,0.58776325,0.34050179211469533,0.36200716845878134,0.4050179211469534,0.45161290322580644,0.4336917562724014,0.0,0.0,278.0,1.0,278.0,0.0,0.0,278.0,0.0,0.0,278.0
11,238,VREP,0.0657284,0.9074961,0.0,0.0,0.0,0.0,0.0,0.0,0.0,199.0,1.0,199.0,0.0,0.0,199.0,0.0,0.0,199.0
11,239,VREP,0.22703971,0.2362951,0.0,0.0,0.0,0.0,0.0,0.5656934306569343,0.5291970802919708,273.0,1.0,273.0,0.0,0.0,273.0,0.0,0.0,273.0
11,240,VREP,0.60845566,0.8501198,0.21957671957671956,0.2830687830687831,0.3835978835978836,0.15873015873015872,0.0,0.0,0.0,377.0,1.0,377.0,0.0,0.0,377.0,0.0,0.0,377.0
12,241,VREP,0.08579298,0.3590896,0.0,0.0,0.0,0.0,0.0,0.4095238095238095,0.46190476190476193,209.0,1.0,209.0,0.0,0.0,209.0,0.0,0.0,209.0
12,242,VREP,0.77856976,0.83119035,0.1887298747763864,0.14221824686940965,0.11717352415026834,0.13327370304114491,0.2003577817531306,0.0,0.0,513.0,0.421875,1216.0,703.0,0.578125,1216.0,0.0,0.0,1216.0
12,243,VREP,0.53628004,0.74380654,0.0,0.0,0.0,0.0,0.0,0.0,0.0,199.0,1.0,199.0,0.0,0.0,199.0,0.0,0.0,199.0
12,244,VREP,0.8531595,0.8444379,0.5184534270650264,0.4200351493848858,0.39191564147627417,0.4094903339191564,0.39718804920913886,0.0,0.0,568.0,1.0,568.0,0.0,0.0,568.0,0.0,0.0,568.0
12,245,VREP,0.93500805,0.49937892,0.0,0.0,0.07333333333333333,0.12833333333333333,0.16666666666666666,0.05333333333333334,0.0,599.0,1.0,599.0,0.0,0.0,599.0,0.0,0.0,599.0
12,246,VREP,0.9768344,0.8450509,0.5047619047619047,0.4238095238095238,0.3047619047619048,0.15714285714285714,0.0,0.0,0.0,209.0,1.0,209.0,0.0,0.0,209.0,0.0,0.0,209.0
12,247,VREP,0.15764466,0.3545151,0.0,0.0,0.0,0.06896551724137931,0.15229885057471265,0.5287356321839081,0.3045977011494253,347.0,1.0,347.0,0.0,0.0,347.0,0.0,0.0,347.0
12,248,VREP,0.5385395,0.94043875,0.095,0.08333333333333333,0.07333333333333333,0.0,0.0,0.0,0.058333333333333334,599.0,1.0,599.0,0.0,0.0,599.0,0.0,0.0,599.0
12,249,VREP,0.3257721,0.44353476,0.0,0.0,0.0,0.0,0.0,0.0,0.0,199.0,1.0,199.0,0.0,0.0,199.0,0.0,0.0,199.0
12,250,VREP,0.9967344,0.0771038,0.0,0.0,0.0,0.0,0.0,0.0,0.0,199.0,1.0,199.0,0.0,0.0,199.0,0.0,0.0,199.0
12,251,VREP,0.003072944,0.5102462,0.0,0.0,0.0,0.109,0.166,0.114,0.058,999.0,1.0,999.0,0.0,0.0,999.0,0.0,0.0,999.0
12,252,VREP,0.36650592,0.80223054,0.0,0.0,0.0,0.0,0.0,0.0,0.0,199.0,1.0,199.0,0.0,0.0,199.0,0.0,0.0,199.0
12,253,VREP,0.8347321,0.13677257,0.0,0.0,0.0,0.0,0.0,0.0,0.0,199.0,1.0,199.0,0.0,0.0,199.0,0.0,0.0,199.0
12,254,VREP,0.9513007,0.9878902,0.145478374836173,0.10747051114023591,0.06290956749672345,0.09043250327653997,0.10484927916120576,0.0,0.0,505.0,0.6143552311435523,822.0,0.0,0.0,822.0,317.0,0.38564476885644766,822.0
12,255,VREP,0.9726447,0.6238678,0.0,0.08032128514056225,0.5502008032128514,0.4939759036144578,0.42971887550200805,0.0,0.0,248.0,1.0,248.0,0.0,0.0,248.0,0.0,0.0,248.0
12,256,VREP,0.6060414,0.15352868,0.0,0.0,0.0,0.0,0.0,0.0,0.0,199.0,1.0,199.0,0.0,0.0,199.0,0.0,0.0,199.0
12,257,VREP,0.79263693,0.9800115,0.0,0.0,0.0,0.0,0.4392857142857143,0.0,0.0,279.0,0.8801261829652997,317.0,38.0,0.11987381703470032,317.0,0.0,0.0,317.0
12,258,VREP,0.93822485,0.9837882,0.1375921375921376,0.18427518427518427,0.2113022113022113,0.1375921375921376,0.0,0.0,0.0,406.0,1.0,406.0,0.0,0.0,406.0,0.0,0.0,406.0
12,259,VREP,0.81133586,0.85463774,0.8297567954220315,0.4334763948497854,0.21316165951359084,0.15593705293276108,0.0,0.010014306151645207,0.06866952789699571,698.0,1.0,698.0,0.0,0.0,698.0,0.0,0.0,698.0
12,260,VREP,0.14687628,0.005583467,0.0,0.0,0.0,0.0,0.0,0.4195804195804196,0.5244755244755245,142.0,1.0,142.0,0.0,0.0,142.0,0.0,0.0,142.0
12,254,THYMIO,0.954164,0.98638844,0.25806451612903225,0.0,0.0,0.0,0.0,0.0,0.0,62.0,1.0,62.0,0.0,0.0,62.0,0.0,0.0,62.0
12,259,THYMIO,0.879962,0.8482648,0.0,0.0,0.0,0.375,0.546875,0.0,0.0,64.0,1.0,64.0,0.0,0.0,64.0,0.0,0.0,64.0
13,261,VREP,0.9780987,0.9915046,0.12661498708010335,0.165374677002584,0.17829457364341086,0.0,0.0,0.0,0.0,386.0,1.0,386.0,0.0,0.0,386.0,0.0,0.0,386.0
13,262,VREP,0.6737507,0.6744508,0.8159866777685262,0.1523730224812656,0.00749375520399667,0.0,0.0,0.0,0.0,1200.0,1.0,1200.0,0.0,0.0,1200.0,0.0,0.0,1200.0
13,263,VREP,0.7800464,0.9933786,0.24732142857142858,0.24821428571428572,0.25,0.15982142857142856,0.15267857142857144,0.07410714285714286,0.07589285714285714,387.0,0.3249370277078086,1191.0,804.0,0.6750629722921915,1191.0,0.0,0.0,1191.0
13,264,VREP,0.8236589,0.030753253,0.0,0.0,0.0,0.0,0.0,0.0,0.0,199.0,1.0,199.0,0.0,0.0,199.0,0.0,0.0,199.0
13,265,VREP,0.8791002,0.9200273,0.0559662090813094,0.04012671594508976,0.07286166842661035,0.09714889123548047,0.16156282998944033,0.0,0.0,642.0,0.6096866096866097,1053.0,0.0,0.0,1053.0,411.0,0.3903133903133903,1053.0
13,266,VREP,0.73568934,0.89073044,0.3076923076923077,0.29534662867996203,0.28300094966761635,0.21652421652421652,0.20417853751187084,0.0,0.05318138651471985,384.0,0.3419412288512912,1123.0,739.0,0.6580587711487088,1123.0,0.0,0.0,1123.0
13,267,VREP,0.70138514,0.015754715,0.0,0.0,0.0,0.0,0.0,0.0,0.0,199.0,1.0,199.0,0.0,0.0,199.0,0.0,0.0,199.0
13,268,VREP,0.62365574,0.8220661,0.0,0.0,0.43258426966292135,0.5224719101123596,0.19382022471910113,0.0,0.0,355.0,1.0,355.0,0.0,0.0,355.0,0.0,0.0,355.0
13,269,VREP,0.3189311,0.014465146,0.03431372549019608,0.0,0.0,0.0,0.0,0.4215686274509804,0.3627450980392157,203.0,1.0,203.0,0.0,0.0,203.0,0.0,0.0,203.0
13,270,VREP,0.1265917,0.03154659,0.0,0.0,0.0,0.0,0.0,0.5,0.5342465753424658,145.0,1.0,145.0,0.0,0.0,145.0,0.0,0.0,145.0
13,271,VREP,0.023710288,0.7132483,0.0,0.0,0.0,0.0,0.0,0.0,0.0,199.0,1.0,199.0,0.0,0.0,199.0,0.0,0.0,199.0
13,272,VREP,0.5113404,0.00016415928,0.1075,0.0775,0.0,0.0,0.0,0.0,0.075,399.0,1.0,399.0,0.0,0.0,399.0,0.0,0.0,399.0
13,273,VREP,0.114026524,0.10467443,0.0,0.0,0.0,0.0,0.0,0.6145251396648045,0.6145251396648045,178.0,1.0,178.0,0.0,0.0,178.0,0.0,0.0,178.0
13,274,VREP,0.59907484,0.20499794,0.0,0.0,0.0,0.0,0.0,0.0,0.0,199.0,1.0,199.0,0.0,0.0,199.0,0.0,0.0,199.0
13,275,VREP,0.87272465,0.97017366,0.29509906152241916,0.2273201251303441,0.21689259645464026,0.20959332638164754,0.16684045881126172,0.0667361835245047,0.08446298227320125,725.0,0.7192460317460317,1008.0,0.0,0.0,1008.0,283.0,0.28075396825396826,1008.0
13,276,VREP,0.75922644,0.17878732,0.0,0.0,0.0,0.0,0.0,0.0,0.0,199.0,1.0,199.0,0.0,0.0,199.0,0.0,0.0,199.0
13,277,VREP,0.8761457,0.75001866,0.5,0.437984496124031,0.3333333333333333,0.19767441860465115,0.046511627906976744,0.0,0.0,257.0,1.0,257.0,0.0,0.0,257.0,0.0,0.0,257.0
13,278,VREP,0.6022888,0.7609586,0.57421875,0.6080729166666666,0.3020833333333333,0.19401041666666666,0.0,0.0,0.0,767.0,1.0,767.0,0.0,0.0,767.0,0.0,0.0,767.0
13,279,VREP,0.99721843,0.98990655,0.08222811671087533,0.13262599469496023,0.16976127320954906,0.16710875331564987,0.04774535809018567,0.0,0.0,376.0,1.0,376.0,0.0,0.0,376.0,0.0,0.0,376.0
13,280,VREP,0.9082258,0.9938813,0.0,0.0,0.07216494845360824,0.27147766323024053,0.061855670103092786,0.0,0.0,290.0,1.0,290.0,0.0,0.0,290.0,0.0,0.0,290.0
13,262,THYMIO,0.6265163,0.6593561,0.0,0.06521739130434782,0.017786561264822136,0.1007905138339921,0.3577075098814229,0.0,0.0,292.0,0.5499058380414312,531.0,0.0,0.0,531.0,239.0,0.4500941619585687,531.0
13,263,THYMIO,0.88990766,0.99416476,0.0,0.05,0.3,0.3,0.16666666666666666,0.0,0.0,60.0,1.0,60.0,0.0,0.0,60.0,0.0,0.0,60.0
13,265,THYMIO,0.8812618,0.90812975,0.2608695652173913,0.0,0.0,0.0,0.0,0.0,0.0,69.0,1.0,69.0,0.0,0.0,69.0,0.0,0.0,69.0
13,266,THYMIO,0.7012964,0.9041896,0.1095890410958904,0.182648401826484,0.18493150684931506,0.45662100456621,0.639269406392694,0.0,0.0,76.0,0.16926503340757237,449.0,373.0,0.8307349665924276,449.0,0.0,0.0,449.0
14,281,VREP,0.76512825,0.74559164,0.7928496319663512,0.2544689800210305,0.1587802313354364,0.14195583596214512,0.11461619348054679,0.0,0.0,950.0,1.0,950.0,0.0,0.0,950.0,0.0,0.0,950.0
14,282,VREP,0.99203414,0.89914435,0.38924050632911394,0.27531645569620256,0.14556962025316456,0.056962025316455694,0.0,0.0,0.0,315.0,1.0,315.0,0.0,0.0,315.0,0.0,0.0,315.0
14,283,VREP,0.96165824,0.99261075,0.14066496163682865,0.1867007672634271,0.21227621483375958,0.13554987212276215,0.0,0.0,0.0,390.0,1.0,390.0,0.0,0.0,390.0,0.0,0.0,390.0
14,284,VREP,0.19793281,0.8564804,0.0,0.0,0.0,0.0,0.0,0.0,0.0,199.0,1.0,199.0,0.0,0.0,199.0,0.0,0.0,199.0
14,285,VREP,0.52770734,0.038895264,0.1125,0.0925,0.0,0.0,0.0,0.0225,0.0875,399.0,1.0,399.0,0.0,0.0,399.0,0.0,0.0,399.0
14,286,VREP,0.43957454,0.6465621,0.0,0.0,0.0,0.0,0.0,0.0,0.0,199.0,1.0,199.0,0.0,0.0,199.0,0.0,0.0,199.0
14,287,VREP,0.38696313,0.0301278,0.0,0.0,0.0,0.0,0.0,0.38613861386138615,0.4158415841584158,201.0,1.0,201.0,0.0,0.0,201.0,0.0,0.0,201.0
14,288,VREP,0.97849065,0.99859035,0.21844660194174756,0.16828478964401294,0.10032362459546926,0.059870550161812294,0.0,0.0,0.0,466.0,0.6934523809523809,672.0,0.0,0.0,672.0,206.0,0.30654761904761907,672.0
14,289,VREP,0.014140839,0.9781839,0.0,0.0,0.0,0.0,0.0,0.0,0.0,199.0,1.0,199.0,0.0,0.0,199.0,0.0,0.0,199.0
14,290,VREP,0.78272057,0.99851435,0.0,0.0,0.0,0.036101083032490974,0.34296028880866425,0.0,0.0,276.0,0.8932038834951457,309.0,33.0,0.10679611650485436,309.0,0.0,0.0,309.0
14,291,VREP,0.7165565,0.72728604,0.7921810699588477,0.7613168724279835,0.30246913580246915,0.0,0.0,0.0,0.0,485.0,1.0,485.0,0.0,0.0,485.0,0.0,0.0,485.0
14,292,VREP,0.5057041,0.92068565,0.11,0.08333333333333333,0.07,0.0,0.0,0.0,0.06,599.0,1.0,599.0,0.0,0.0,599.0,0.0,0.0,599.0
14,293,VREP,0.009327042,0.017423525,0.0,0.0,0.0,0.0,0.0,0.5426356589147286,0.5348837209302325,128.0,1.0,128.0,0.0,0.0,128.0,0.0,0.0,128.0
14,294,VREP,0.1929088,0.19304898,0.0,0.0,0.0,0.0,0.0,0.4834710743801653,0.512396694214876,241.0,1.0,241.0,0.0,0.0,241.0,0.0,0.0,241.0
14,295,VREP,0.93264985,0.97202575,0.14935064935064934,0.12597402597402596,0.05714285714285714,0.01038961038961039,0.015584415584415584,0.0,0.0,529.0,0.638118214716526,829.0,0.0,0.0,829.0,300.0,0.3618817852834741,829.0
14,296,VREP,0.7392682,0.5582688,0.0,0.05523590333716916,0.38204833141542005,0.663981588032221,0.7261219792865362,0.20138089758342922,0.11852704257767549,868.0,1.0,868.0,0.0,0.0,868.0,0.0,0.0,868.0
14,297,VREP,0.9823343,0.99834365,0.13541666666666666,0.16666666666666666,0.0,0.0,0.0,0.0,0.0,383.0,1.0,383.0,0.0,0.0,383.0,0.0,0.0,383.0
14,298,VREP,0.32315367,0.85963005,0.0,0.0,0.0,0.0,0.0,0.0,0.0,199.0,1.0,199.0,0.0,0.0,199.0,0.0,0.0,199.0
14,299,VREP,0.8309241,0.94730896,0.17813267813267813,0.10810810810810811,0.10073710073710074,0.05405405405405406,0.04054054054054054,0.0,0.0,366.0,0.4168564920273349,878.0,512.0,0.5831435079726651,878.0,0.0,0.0,878.0
14,300,VREP,0.21289347,0.28416607,0.0,0.0,0.0,0.0,0.0,0.38461538461538464,0.4432234432234432,272.0,1.0,272.0,0.0,0.0,272.0,0.0,0.0,272.0
14,281,THYMIO,0.75405127,0.7225762,0.0,0.0,0.0,0.32,0.46,0.0,0.0,100.0,1.0,100.0,0.0,0.0,100.0,0.0,0.0,100.0
14,291,THYMIO,0.7265707,0.61669546,0.5057471264367817,0.5517241379310345,0.5977011494252874,0.6436781609195402,0.7126436781609196,0.0,0.0,87.0,1.0,87.0,0.0,0.0,87.0,0.0,0.0,87.0
14,295,THYMIO,0.93909097,0.97571856,0.04195804195804196,0.04895104895104895,0.09090909090909091,0.16083916083916083,0.17482517482517482,0.0,0.0,111.0,0.7254901960784313,153.0,0.0,0.0,153.0,42.0,0.27450980392156865,153.0
14,296,THYMIO,0.786194,0.5773204,0.23076923076923078,0.36923076923076925,0.5076923076923077,0.6307692307692307,0.676923076923077,0.0,0.0,65.0,1.0,65.0,0.0,0.0,65.0,0.0,0.0,65.0
15,301,VREP,0.70800596,0.83458006,0.0,0.0,0.0,0.0,0.36099585062240663,0.0,0.0,481.0,0.8409090909090909,572.0,91.0,0.1590909090909091,572.0,0.0,0.0,572.0
15,302,VREP,0.99757516,0.9462016,0.32231404958677684,0.20110192837465565,0.06336088154269973,0.06887052341597796,0.0743801652892562,0.0,0.0,362.0,1.0,362.0,0.0,0.0,362.0,0.0,0.0,362.0
15,303,VREP,0.73779166,0.2580912,0.0,0.0,0.0,0.0,0.0,0.0,0.0,199.0,1.0,199.0,0.0,0.0,199.0,0.0,0.0,199.0
15,304,VREP,0.7603878,0.82170236,0.1723563696919234,0.09159034138218151,0.07327227310574522,0.049125728559533725,0.029142381348875937,0.0,0.0,545.0,0.4202004626060139,1297.0,752.0,0.5797995373939862,1297.0,0.0,0.0,1297.0
15,305,VREP,0.11634902,0.09242487,0.0,0.0,0.0,0.0,0.0,0.6347305389221557,0.6287425149700598,166.0,1.0,166.0,0.0,0.0,166.0,0.0,0.0,166.0
15,306,VREP,0.11215225,0.3659312,0.0,0.0,0.0,0.0,0.0,0.40160642570281124,0.4497991967871486,248.0,1.0,248.0,0.0,0.0,248.0,0.0,0.0,248.0
15,307,VREP,0.9937966,0.7785101,0.5308056872037915,0.4549763033175355,0.35071090047393366,0.24170616113744076,0.14218009478672985,0.0,0.0,210.0,1.0,210.0,0.0,0.0,210.0,0.0,0.0,210.0
15,308,VREP,0.749438,0.7681783,0.8849658314350797,0.4760820045558087,0.20956719817767655,0.07403189066059225,0.0,0.0,0.0,877.0,1.0,877.0,0.0,0.0,877.0,0.0,0.0,877.0
15,309,VREP,0.027559232,0.3758327,0.0,0.0,0.0,0.16875,0.235,0.1325,0.1175,799.0,1.0,799.0,0.0,0.0,799.0,0.0,0.0,799.0
15,310,VREP,0.049995445,0.16013685,0.0,0.0,0.0,0.0,0.0,0.5506329113924051,0.47468354430379744,157.0,1.0,157.0,0.0,0.0,157.0,0.0,0.0,157.0
15,311,VREP,0.9071383,0.6016261,0.135,0.17666666666666667,0.215,0.25166666666666665,0.325,0.0,0.0,599.0,1.0,599.0,0.0,0.0,599.0,0.0,0.0,599.0
15,312,VREP,0.8239219,0.9239323,0.48081841432225064,0.26854219948849106,0.11892583120204604,0.159846547314578,0.0639386189258312,0.1329923273657289,0.12148337595907928,781.0,1.0,781.0,0.0,0.0,781.0,0.0,0.0,781.0
15,313,VREP,0.5329647,0.5950604,0.08243130724396336,0.27477102414654453,0.736053288925895,0.6935886761032473,0.6694421315570358,0.0,0.0,1200.0,1.0,1200.0,0.0,0.0,1200.0,0.0,0.0,1200.0
15,314,VREP,0.10018941,0.5928045,0.0,0.0,0.0,0.0875,0.175,0.02,0.0,399.0,1.0,399.0,0.0,0.0,399.0,0.0,0.0,399.0
15,315,VREP,0.94794816,0.22840634,0.0,0.0,0.0,0.0,0.0,0.0,0.0,199.0,1.0,199.0,0.0,0.0,199.0,0.0,0.0,199.0
15,316,VREP,0.012346984,0.7245026,0.0,0.0,0.0,0.0,0.0,0.0,0.0,199.0,1.0,199.0,0.0,0.0,199.0,0.0,0.0,199.0
15,317,VREP,0.9708912,0.916397,0.426056338028169,0.323943661971831,0.16901408450704225,0.0,0.0,0.0,0.0,283.0,1.0,283.0,0.0,0.0,283.0,0.0,0.0,283.0
15,318,VREP,0.3583494,0.6730263,0.0,0.0,0.0,0.0,0.0,0.0,0.0,199.0,1.0,199.0,0.0,0.0,199.0,0.0,0.0,199.0
15,319,VREP,0.7849343,0.9748337,0.0,0.0,0.0,0.0,0.2037037037037037,0.0,0.0,323.0,0.8239795918367347,392.0,69.0,0.1760204081632653,392.0,0.0,0.0,392.0
15,320,VREP,0.9628067,0.9649202,0.10049019607843138,0.14460784313725492,0.16911764705882354,0.024509803921568627,0.0,0.0,0.0,407.0,1.0,407.0,0.0,0.0,407.0,0.0,0.0,407.0
15,308,THYMIO,0.7794314,0.7274297,0.0,0.0,0.0,0.5384615384615384,0.6461538461538462,0.0,0.0,65.0,1.0,65.0,0.0,0.0,65.0,0.0,0.0,65.0
16,321,VREP,0.99192226,0.9901123,0.10317460317460317,0.1455026455026455,0.17724867724867724,0.09523809523809523,0.0,0.0,0.0,377.0,1.0,377.0,0.0,0.0,377.0,0.0,0.0,377.0
16,322,VREP,0.05000247,0.7812653,0.0,0.0,0.0,0.0,0.0,0.0,0.0,199.0,1.0,199.0,0.0,0.0,199.0,0.0,0.0,199.0
16,323,VREP,0.918163,0.9933934,0.0,0.0,0.0,0.0,0.3652694610778443,0.0,0.0,333.0,1.0,333.0,0.0,0.0,333.0,0.0,0.0,333.0
16,324,VREP,0.12281456,0.3198257,0.0,0.0,0.0,0.0,0.011583011583011582,0.36293436293436293,0.43243243243243246,258.0,1.0,258.0,0.0,0.0,258.0,0.0,0.0,258.0
16,325,VREP,0.83020043,0.9380764,0.5154038301415487,0.29308909242298087,0.16902581182348042,0.13738551207327226,0.06411323896752706,0.10574521232306411,0.13072439633638636,781.0,0.6149606299212599,1270.0,0.0,0.0,1270.0,489.0,0.3850393700787402,1270.0
16,326,VREP,0.34036925,0.5794389,0.0,0.0,0.0,0.0,0.0,0.0,0.0,199.0,1.0,199.0,0.0,0.0,199.0,0.0,0.0,199.0
16,327,VREP,0.42540509,0.7879943,0.0,0.0,0.0,0.0,0.0,0.0,0.0,199.0,1.0,199.0,0.0,0.0,199.0,0.0,0.0,199.0
16,328,VREP,0.7504756,0.9936032,0.17384615384615384,0.19076923076923077,0.19846153846153847,0.17846153846153845,0.3030769230769231,0.0,0.0,327.0,0.4497936726272352,727.0,400.0,0.5502063273727648,727.0,0.0,0.0,727.0
16,329,VREP,0.2960287,0.999872,0.065,0.0,0.0,0.0,0.0,0.0,0.0,199.0,1.0,199.0,0.0,0.0,199.0,0.0,0.0,199.0
16,330,VREP,0.91079664,0.9181697,0.10950413223140495,0.15082644628099173,0.17768595041322313,0.03512396694214876,0.0,0.0,0.0,483.0,1.0,483.0,0.0,0.0,483.0,0.0,0.0,483.0
16,331,VREP,0.99757826,0.83396494,0.5025906735751295,0.42487046632124353,0.31088082901554404,0.18134715025906736,0.03626943005181347,0.0,0.0,192.0,1.0,192.0,0.0,0.0,192.0,0.0,0.0,192.0
16,332,VREP,0.018118566,0.02295393,0.0,0.0,0.0,0.0,0.0,0.5648854961832062,0.5572519083969466,130.0,1.0,130.0,0.0,0.0,130.0,0.0,0.0,130.0
16,333,VREP,0.5384238,0.5300441,0.0,0.0,0.0,0.0,0.0,0.0,0.0,199.0,1.0,199.0,0.0,0.0,199.0,0.0,0.0,199.0
16,334,VREP,0.9048472,0.9850725,0.0,0.0,0.0,0.27124183006535946,0.22875816993464052,0.0,0.0,305.0,1.0,305.0,0.0,0.0,305.0,0.0,0.0,305.0
16,335,VREP,0.78266764,0.40913376,0.0,0.0,0.0,0.0,0.0,0.0,0.0,199.0,1.0,199.0,0.0,0.0,199.0,0.0,0.0,199.0
16,336,VREP,0.6612283,0.9980918,0.01327433628318584,0.13716814159292035,0.26548672566371684,0.23893805309734514,0.11504424778761062,0.0,0.0,225.0,1.0,225.0,0.0,0.0,225.0,0.0,0.0,225.0
16,337,VREP,0.8500009,0.8402844,0.37305699481865284,0.2694300518134715,0.012089810017271158,0.02936096718480138,0.0034542314335060447,0.0,0.0,578.0,1.0,578.0,0.0,0.0,578.0,0.0,0.0,578.0
16,338,VREP,0.8542037,0.94921196,0.0,0.020172910662824207,0.16138328530259366,0.29971181556195964,0.0,0.0,0.0,346.0,1.0,346.0,0.0,0.0,346.0,0.0,0.0,346.0
16,339,VREP,0.993754,0.96882564,0.329608938547486,0.2122905027932961,0.0335195530726257,0.0782122905027933,0.07541899441340782,0.0,0.0,357.0,1.0,357.0,0.0,0.0,357.0,0.0,0.0,357.0
16,340,VREP,0.80178803,0.9713201,0.0950965824665676,0.10104011887072809,0.06537890044576523,0.11292719167904904,0.17979197622585438,0.0,0.0,346.0,0.46318607764390896,747.0,401.0,0.536813922356091,747.0,0.0,0.0,747.0
16,325,THYMIO,0.8632453,0.9119766,0.03773584905660377,0.36792452830188677,0.330188679245283,0.3584905660377358,0.4339622641509434,0.0,0.0,106.0,1.0,106.0,0.0,0.0,106.0,0.0,0.0,106.0
17,341,VREP,0.7203337,0.6221035,0.401673640167364,0.5941422594142259,0.5627615062761506,0.502092050209205,0.4351464435146444,0.0,0.0,477.0,1.0,477.0,0.0,0.0,477.0,0.0,0.0,477.0
17,342,VREP,0.93631166,0.9235775,0.43123543123543123,0.3006993006993007,0.06293706293706294,0.07226107226107226,0.04428904428904429,0.0,0.0,428.0,1.0,428.0,0.0,0.0,428.0,0.0,0.0,428.0
17,343,VREP,0.52798855,0.1730733,0.09333333333333334,0.07333333333333333,0.0,0.0,0.0,0.051666666666666666,0.09833333333333333,599.0,1.0,599.0,0.0,0.0,599.0,0.0,0.0,599.0
17,344,VREP,0.71555704,0.9229912,0.0,0.0,0.0,0.20863309352517986,0.41007194244604317,0.0,0.0,277.0,1.0,277.0,0.0,0.0,277.0,0.0,0.0,277.0
17,345,VREP,0.19997671,0.9982196,0.0,0.0,0.0,0.0,0.0,0.0,0.0,199.0,1.0,199.0,0.0,0.0,199.0,0.0,0.0,199.0
17,346,VREP,0.96733266,0.925147,0.4575645756457565,0.35424354243542433,0.0959409594095941,0.0,0.0,0.0,0.0,270.0,1.0,270.0,0.0,0.0,270.0,0.0,0.0,270.0
17,347,VREP,0.43352014,0.05815622,0.12666666666666668,0.10833333333333334,0.09666666666666666,0.105,0.0,0.1,0.12333333333333334,599.0,1.0,599.0,0.0,0.0,599.0,0.0,0.0,599.0
17,348,VREP,0.97940767,0.79120237,0.4902597402597403,0.38961038961038963,0.24675324675324675,0.15584415584415584,0.08766233766233766,0.0,0.0,307.0,1.0,307.0,0.0,0.0,307.0,0.0,0.0,307.0
17,349,VREP,0.97973555,0.39942867,0.0,0.0,0.0,0.0975,0.175,0.0,0.0,399.0,1.0,399.0,0.0,0.0,399.0,0.0,0.0,399.0
17,350,VREP,0.77626604,0.93678516,0.0,0.0,0.0,0.0,0.017114914425427872,0.0,0.0,408.0,0.7861271676300579,519.0,111.0,0.2138728323699422,519.0,0.0,0.0,519.0
17,351,VREP,0.3092468,0.8564454,0.0,0.0,0.0,0.0,0.0,0.0,0.0,199.0,1.0,199.0,0.0,0.0,199.0,0.0,0.0,199.0
17,352,VREP,0.9788819,0.055485714,0.0,0.0,0.0,0.0,0.0,0.0,0.0,199.0,1.0,199.0,0.0,0.0,199.0,0.0,0.0,199.0
17,353,VREP,0.017757103,0.39719343,0.0,0.0,0.0,0.0,0.0,0.42857142857142855,0.48095238095238096,209.0,1.0,209.0,0.0,0.0,209.0,0.0,0.0,209.0
17,354,VREP,0.1835436,0.011227315,0.0,0.0,0.0,0.0,0.0,0.5302013422818792,0.5704697986577181,148.0,1.0,148.0,0.0,0.0,148.0,0.0,0.0,148.0
17,355,VREP,0.4762051,0.9981802,0.115,0.095,0.08,0.0,0.0,0.0,0.055,399.0,1.0,399.0,0.0,0.0,399.0,0.0,0.0,399.0
17,356,VREP,0.72219193,0.76639855,0.7860869565217391,0.18869565217391304,0.06347826086956522,0.008695652173913044,0.0,0.07565217391304348,0.10956521739130434,1149.0,1.0,1149.0,0.0,0.0,1149.0,0.0,0.0,1149.0
17,357,VREP,0.9888601,0.9698707,0.24433249370277077,0.11083123425692695,0.16876574307304787,0.181360201511335,0.1561712846347607,0.0,0.0,396.0,1.0,396.0,0.0,0.0,396.0,0.0,0.0,396.0
17,358,VREP,0.6969357,0.9773421,0.0,0.0,0.16535433070866143,0.30708661417322836,0.2637795275590551,0.0,0.0,253.0,1.0,253.0,0.0,0.0,253.0,0.0,0.0,253.0
17,359,VREP,0.1407068,0.08305979,0.0,0.0,0.0,0.0,0.0,0.5384615384615384,0.5384615384615384,168.0,1.0,168.0,0.0,0.0,168.0,0.0,0.0,168.0
17,360,VREP,0.1489825,0.78451693,0.0,0.0,0.0,0.0,0.0,0.0,0.0,199.0,1.0,199.0,0.0,0.0,199.0,0.0,0.0,199.0
17,356,THYMIO,0.83727914,0.7660586,0.0,0.04838709677419355,0.25806451612903225,0.3870967741935484,0.5,0.0,0.0,62.0,1.0,62.0,0.0,0.0,62.0,0.0,0.0,62.0
18,361,VREP,0.9312563,0.67940354,0.4326530612244898,0.5346938775510204,0.46122448979591835,0.3795918367346939,0.2938775510204082,0.0,0.0,244.0,1.0,244.0,0.0,0.0,244.0,0.0,0.0,244.0
18,362,VREP,0.05207442,0.058711786,0.0,0.0,0.0,0.0,0.0,0.564625850340136,0.5714285714285714,146.0,1.0,146.0,0.0,0.0,146.0,0.0,0.0,146.0
18,363,VREP,0.99250495,0.9963202,0.09814323607427056,0.14323607427055704,0.1724137931034483,0.14323607427055704,0.0,0.0,0.0,376.0,1.0,376.0,0.0,0.0,376.0,0.0,0.0,376.0
18,364,VREP,0.5384908,0.14277199,0.08333333333333333,0.0,0.0,0.0,0.0,0.0,0.025,599.0,1.0,599.0,0.0,0.0,599.0,0.0,0.0,599.0
18,365,VREP,0.47156942,0.8999582,0.09833333333333333,0.07833333333333334,0.0,0.0,0.0,0.0,0.03166666666666667,599.0,1.0,599.0,0.0,0.0,599.0,0.0,0.0,599.0
18,366,VREP,0.8841709,0.065544054,0.0,0.0,0.0,0.0,0.0,0.0,0.0,199.0,1.0,199.0,0.0,0.0,199.0,0.0,0.0,199.0
18,367,VREP,0.92910117,0.99893534,0.0,0.0,0.0,0.26334519572953735,0.13167259786476868,0.0,0.0,280.0,1.0,280.0,0.0,0.0,280.0,0.0,0.0,280.0
18,368,VREP,0.25681344,0.9949482,0.0,0.0,0.0,0.0,0.0,0.0,0.0,199.0,1.0,199.0,0.0,0.0,199.0,0.0,0.0,199.0
18,369,VREP,0.9607335,0.9811419,0.19598765432098766,0.12808641975308643,0.10030864197530864,0.06327160493827161,0.010802469135802469,0.0,0.0,489.0,0.6965811965811965,702.0,0.0,0.0,702.0,213.0,0.3034188034188034,702.0
18,370,VREP,0.95527256,0.96353185,0.10679611650485436,0.1529126213592233,0.17718446601941748,0.06553398058252427,0.0,0.0,0.0,411.0,1.0,411.0,0.0,0.0,411.0,0.0,0.0,411.0
18,371,VREP,0.96460974,0.716292,0.3415841584158416,0.49504950495049505,0.43564356435643564,0.35148514851485146,0.24752475247524752,0.0,0.0,201.0,1.0,201.0,0.0,0.0,201.0,0.0,0.0,201.0
18,372,VREP,0.39365327,0.94437987,0.075,0.0,0.0,0.0,0.0,0.0,0.0,399.0,1.0,399.0,0.0,0.0,399.0,0.0,0.0,399.0
18,373,VREP,0.26692903,0.005811615,0.0,0.0,0.0,0.0,0.0,0.4039408866995074,0.3448275862068966,202.0,1.0,202.0,0.0,0.0,202.0,0.0,0.0,202.0
18,374,VREP,0.62154025,0.97777724,0.05776173285198556,0.13357400722021662,0.20938628158844766,0.18050541516245489,0.23465703971119134,0.0,0.0,276.0,1.0,276.0,0.0,0.0,276.0,0.0,0.0,276.0
18,375,VREP,0.85655093,0.99448246,0.5168539325842697,0.40574282147315854,0.10362047440699126,0.02871410736579276,0.0,0.0,0.0,326.0,0.38128654970760234,855.0,529.0,0.6187134502923977,855.0,0.0,0.0,855.0
18,376,VREP,0.40317163,0.012996071,0.0,0.0,0.0,0.0,0.0,0.34299516908212563,0.4396135265700483,206.0,1.0,206.0,0.0,0.0,206.0,0.0,0.0,206.0
18,377,VREP,0.59801114,0.73810023,0.0,0.18143459915611815,0.45147679324894513,0.15822784810126583,0.008438818565400843,0.0,0.0,473.0,1.0,473.0,0.0,0.0,473.0,0.0,0.0,473.0
18,378,VREP,0.6794186,0.5018791,0.0,0.0,0.0,0.0,0.0,0.0,0.0,199.0,1.0,199.0,0.0,0.0,199.0,0.0,0.0,199.0
18,379,VREP,0.017638076,0.018944034,0.0,0.0,0.0,0.0,0.0,0.5538461538461539,0.5538461538461539,129.0,1.0,129.0,0.0,0.0,129.0,0.0,0.0,129.0
18,380,VREP,0.8223938,0.8698987,0.20233139050791007,0.1357202331390508,0.15903413821815154,0.1482098251457119,0.09908409658617819,0.061615320566194835,0.07243963363863447,1006.0,0.7940015785319653,1267.0,0.0,0.0,1267.0,261.0,0.20599842146803474,1267.0
18,375,THYMIO,0.8307494,0.9877581,0.0,0.0,0.0,0.3384615384615385,0.23076923076923078,0.0,0.0,65.0,1.0,65.0,0.0,0.0,65.0,0.0,0.0,65.0
19,381,VREP,0.991026,0.9458996,0.37543859649122807,0.2631578947368421,0.08070175438596491,0.0,0.0,0.0,0.0,284.0,1.0,284.0,0.0,0.0,284.0,0.0,0.0,284.0
19,382,VREP,0.9931384,0.14292674,0.0,0.0,0.0,0.0,0.0,0.0,0.0,199.0,1.0,199.0,0.0,0.0,199.0,0.0,0.0,199.0
19,383,VREP,0.7829222,0.99789196,0.0,0.0,0.0,0.0,0.4008097165991903,0.0,0.0,246.0,0.9647058823529412,255.0,9.0,0.03529411764705882,255.0,0.0,0.0,255.0
19,384,VREP,0.12546358,0.23666435,0.0,0.0,0.0,0.0,0.0,0.5622489959839357,0.41767068273092367,248.0,1.0,248.0,0.0,0.0,248.0,0.0,0.0,248.0
19,385,VREP,0.49110615,0.97225577,0.08833333333333333,0.07166666666666667,0.05,0.0,0.0,0.0,0.04666666666666667,599.0,1.0,599.0,0.0,0.0,599.0,0.0,0.0,599.0
19,386,VREP,0.93694395,0.9820783,0.1382842509603073,0.10243277848911651,0.07810499359795134,0.10371318822023047,0.1702944942381562,0.0,0.0,513.0,0.5951276102088167,862.0,0.0,0.0,862.0,349.0,0.4048723897911833,862.0
19,387,VREP,0.69051737,0.75978816,0.04079933388842631,0.03663613655287261,0.0,0.0,0.0,0.0,0.0,861.0,0.6252723311546841,1377.0,516.0,0.3747276688453159,1377.0,0.0,0.0,1377.0
19,388,VREP,0.2690228,0.53281397,0.0,0.0,0.0,0.0,0.0,0.0,0.0,199.0,1.0,199.0,0.0,0.0,199.0,0.0,0.0,199.0
19,389,VREP,0.060679406,0.007725741,0.0,0.0,0.0,0.0,0.0,0.5112781954887218,0.5338345864661654,132.0,1.0,132.0,0.0,0.0,132.0,0.0,0.0,132.0
19,390,VREP,0.8644059,0.070568144,0.0,0.0,0.0,0.0,0.0,0.0,0.0,199.0,1.0,199.0,0.0,0.0,199.0,0.0,0.0,199.0
19,391,VREP,0.27006683,0.98042214,0.0,0.0,0.0,0.0,0.0,0.0,0.0,199.0,1.0,199.0,0.0,0.0,199.0,0.0,0.0,199.0
19,392,VREP,0.7482924,0.931388,0.26061615320566195,0.23397169025811823,0.19150707743547044,0.09075770191507078,0.09242298084929226,0.06328059950041633,0.07243963363863447,473.0,0.3672360248447205,1288.0,815.0,0.6327639751552795,1288.0,0.0,0.0,1288.0
19,393,VREP,0.5951101,0.9430216,0.1175,0.1225,0.1525,0.1075,0.145,0.0,0.0,399.0,0.7528301886792453,530.0,131.0,0.24716981132075472,530.0,0.0,0.0,530.0
19,394,VREP,0.91455114,0.96177864,0.5601750547045952,0.4420131291028446,0.2188183807439825,0.212253829321663,0.06783369803063458,0.0,0.0350109409190372,456.0,1.0,456.0,0.0,0.0,456.0,0.0,0.0,456.0
19,395,VREP,0.70528257,0.9999334,0.0,0.0,0.12727272727272726,0.30454545454545456,0.35909090909090907,0.0,0.0,219.0,1.0,219.0,0.0,0.0,219.0,0.0,0.0,219.0
19,396,VREP,0.2537107,0.40431237,0.0,0.0,0.0,0.0,0.26588235294117646,0.5317647058823529,0.5882352941176471,424.0,1.0,424.0,0.0,0.0,424.0,0.0,0.0,424.0
19,397,VREP,0.047839265,0.8963154,0.0,0.0,0.0,0.0,0.0,0.0,0.0,199.0,1.0,199.0,0.0,0.0,199.0,0.0,0.0,199.0
19,398,VREP,0.31338787,0.7993409,0.0,0.0,0.0,0.0,0.0,0.0,0.0,199.0,1.0,199.0,0.0,0.0,199.0,0.0,0.0,199.0
19,399,VREP,0.5927859,0.99981976,0.28833333333333333,0.235,0.10333333333333333,0.05333333333333334,0.02666666666666667,0.13333333333333333,0.15166666666666667,599.0,1.0,599.0,0.0,0.0,599.0,0.0,0.0,599.0
19,400,VREP,0.2070406,0.52471185,0.23880597014925373,0.2265943012211669,0.2265943012211669,0.2510176390773406,0.32157394843962006,0.2618724559023066,0.1614654002713704,736.0,1.0,736.0,0.0,0.0,736.0,0.0,0.0,736.0
19,392,THYMIO,0.79835033,0.9261084,0.0,0.043478260869565216,0.2898550724637681,0.2028985507246377,0.0,0.0,0.0,69.0,1.0,69.0,0.0,0.0,69.0,0.0,0.0,69.0
20,401,VREP,0.71429545,0.9237316,0.0,0.0,0.0,0.2706766917293233,0.4473684210526316,0.0,0.0,265.0,1.0,265.0,0.0,0.0,265.0,0.0,0.0,265.0
20,402,VREP,0.8147125,0.9749087,0.3946711074104913,0.2922564529558701,0.2514571190674438,0.16985845129059118,0.06328059950041633,0.06078268109908409,0.08243130724396336,653.0,0.5240770465489567,1246.0,0.0,0.0,1246.0,593.0,0.47592295345104335,1246.0
20,403,VREP,0.8154956,0.8028293,0.7583979328165374,0.1731266149870801,0.19509043927648578,0.17958656330749354,0.1421188630490956,0.0,0.0,773.0,1.0,773.0,0.0,0.0,773.0,0.0,0.0,773.0
20,404,VREP,0.012914655,0.83203596,0.0,0.0,0.0,0.0,0.0,0.0,0.0,199.0,1.0,199.0,0.0,0.0,199.0,0.0,0.0,199.0
20,405,VREP,0.82337594,0.98014456,0.4243093922651934,0.2839779005524862,0.18232044198895028,0.09171270718232044,0.10276243093922652,0.0,0.0,364.0,0.3752577319587629,970.0,606.0,0.6247422680412371,970.0,0.0,0.0,970.0
20,406,VREP,0.51884407,0.9026246,0.095,0.07166666666666667,0.07166666666666667,0.0,0.0,0.0,0.03333333333333333,599.0,1.0,599.0,0.0,0.0,599.0,0.0,0.0,599.0
20,407,VREP,0.89692783,0.9887919,0.0,0.0,0.15625,0.2881944444444444,0.0,0.0,0.0,287.0,1.0,287.0,0.0,0.0,287.0,0.0,0.0,287.0
20,408,VREP,0.717646,0.7121886,0.5652985074626866,0.5055970149253731,0.27052238805970147,0.0,0.0,0.0,0.0,535.0,1.0,535.0,0.0,0.0,535.0,0.0,0.0,535.0
20,409,VREP,0.9308344,0.9998989,0.0,0.0,0.0,0.0,0.3515151515151515,0.0,0.0,329.0,1.0,329.0,0.0,0.0,329.0,0.0,0.0,329.0
20,410,VREP,0.9680985,0.9125691,0.38175675675675674,0.2702702702702703,0.10472972972972973,0.0,0.0,0.0,0.0,295.0,1.0,295.0,0.0,0.0,295.0,0.0,0.0,295.0
20,411,VREP,0.9874976,0.9272835,0.3763440860215054,0.26881720430107525,0.1003584229390681,0.0,0.0,0.0,0.0,278.0,1.0,278.0,0.0,0.0,278.0,0.0,0.0,278.0
20,412,VREP,0.17055851,0.98640555,0.0,0.0,0.0,0.0,0.0,0.0,0.0,199.0,1.0,199.0,0.0,0.0,199.0,0.0,0.0,199.0
20,413,VREP,0.30854544,0.030722102,0.0,0.0,0.0,0.0,0.0,0.41346153846153844,0.35096153846153844,207.0,1.0,207.0,0.0,0.0,207.0,0.0,0.0,207.0
20,414,VREP,0.5934778,0.044939738,0.0675,0.0,0.0,0.0,0.0,0.0,0.0,399.0,1.0,399.0,0.0,0.0,399.0,0.0,0.0,399.0
20,415,VREP,0.9922362,0.26914105,0.0,0.0,0.0,0.0,0.01,0.0,0.0,199.0,1.0,199.0,0.0,0.0,199.0,0.0,0.0,199.0
20,416,VREP,0.41053736,0.0038217965,0.0,0.0,0.0,0.0,0.0,0.35353535353535354,0.43434343434343436,197.0,1.0,197.0,0.0,0.0,197.0,0.0,0.0,197.0
20,417,VREP,0.84379584,0.10182172,0.0,0.0,0.0,0.0,0.0,0.0,0.0,199.0,1.0,199.0,0.0,0.0,199.0,0.0,0.0,199.0
20,418,VREP,0.93665504,0.28867248,0.0,0.0,0.0,0.0,0.0,0.0,0.0,199.0,1.0,199.0,0.0,0.0,199.0,0.0,0.0,199.0
20,419,VREP,0.15266187,0.9398044,0.0,0.0,0.0,0.0,0.0,0.0,0.0,199.0,1.0,199.0,0.0,0.0,199.0,0.0,0.0,199.0
20,420,VREP,0.63013685,0.9815442,0.06582278481012659,0.08354430379746836,0.09873417721518987,0.11645569620253164,0.1670886075949367,0.0,0.0,394.0,0.7547892720306514,522.0,128.0,0.24521072796934865,522.0,0.0,0.0,522.0
20,402,THYMIO,0.9329431,0.98530275,0.0,0.06666666666666667,0.3,0.3,0.2222222222222222,0.0,0.0,90.0,1.0,90.0,0.0,0.0,90.0,0.0,0.0,90.0
20,403,THYMIO,0.8233789,0.70541066,0.11538461538461539,0.16666666666666666,0.20512820512820512,0.2948717948717949,0.3974358974358974,0.0,0.0,78.0,1.0,78.0,0.0,0.0,78.0,0.0,0.0,78.0
20,405,THYMIO,0.8375134,0.97657245,0.0,0.0,0.07692307692307693,0.3230769230769231,0.23076923076923078,0.0,0.0,65.0,1.0,65.0,0.0,0.0,65.0,0.0,0.0,65.0
20,408,THYMIO,0.74996674,0.7815396,0.0,0.23448275862068965,0.2413793103448276,0.2620689655172414,0.6620689655172414,0.0,0.0,145.0,1.0,145.0,0.0,0.0,145.0,0.0,0.0,145.0
21,421,VREP,0.93048453,0.9966397,0.33215962441314556,0.25821596244131456,0.1807511737089202,0.06455399061032864,0.01643192488262911,0.0,0.0,485.0,0.5312157721796276,913.0,0.0,0.0,913.0,428.0,0.4687842278203724,913.0
21,422,VREP,0.56119746,0.5864427,0.0,0.0,0.0,0.0,0.0,0.0,0.0,199.0,1.0,199.0,0.0,0.0,199.0,0.0,0.0,199.0
21,423,VREP,0.37567124,0.43476382,0.0,0.0,0.0,0.0,0.0,0.0,0.0,199.0,1.0,199.0,0.0,0.0,199.0,0.0,0.0,199.0
21,424,VREP,0.9287633,0.7137428,0.5604026845637584,0.49328859060402686,0.39932885906040266,0.31208053691275167,0.22818791946308725,0.0,0.0,297.0,1.0,297.0,0.0,0.0,297.0,0.0,0.0,297.0
21,425,VREP,0.99413234,0.99641013,0.10372340425531915,0.14627659574468085,0.17287234042553193,0.0797872340425532,0.0,0.0,0.0,375.0,1.0,375.0,0.0,0.0,375.0,0.0,0.0,375.0
21,426,VREP,0.9696248,0.8973656,0.4232209737827715,0.32209737827715357,0.1647940074906367,0.0,0.0,0.0,0.0,266.0,1.0,266.0,0.0,0.0,266.0,0.0,0.0,266.0
21,427,VREP,0.3097418,0.9959143,0.0575,0.0,0.0,0.0,0.0,0.0,0.0,399.0,1.0,399.0,0.0,0.0,399.0,0.0,0.0,399.0
21,428,VREP,0.9002787,0.058192264,0.0,0.0,0.0,0.0,0.0,0.0,0.0,199.0,1.0,199.0,0.0,0.0,199.0,0.0,0.0,199.0
21,429,VREP,0.8701547,0.85129035,0.039603960396039604,0.18976897689768976,0.22442244224422442,0.22112211221122113,0.10396039603960396,0.0,0.0,605.0,1.0,605.0,0.0,0.0,605.0,0.0,0.0,605.0
21,430,VREP,0.007684342,0.8442745,0.0,0.0,0.0,0.0,0.0,0.0,0.0,199.0,1.0,199.0,0.0,0.0,199.0,0.0,0.0,199.0
21,431,VREP,0.959637,0.8930572,0.47843137254901963,0.3843137254901961,0.16470588235294117,0.0,0.0,0.0,0.0,254.0,1.0,254.0,0.0,0.0,254.0,0.0,0.0,254.0
21,432,VREP,0.25153163,0.47902465,0.115736885928393,0.11240632805995004,0.1115736885928393,0.12489592006661115,0.16069941715237301,0.27726894254787676,0.22564529558701082,1200.0,1.0,1200.0,0.0,0.0,1200.0,0.0,0.0,1200.0
21,433,VREP,0.13718027,0.014255439,0.0,0.0,0.0,0.0,0.0,0.43356643356643354,0.5104895104895105,142.0,1.0,142.0,0.0,0.0,142.0,0.0,0.0,142.0
21,434,VREP,0.7371352,0.1811155,0.0,0.0,0.0,0.0,0.0,0.0,0.0,199.0,1.0,199.0,0.0,0.0,199.0,0.0,0.0,199.0
21,435,VREP,0.96603817,0.97312,0.17733990147783252,0.20689655172413793,0.0,0.0,0.0,0.0,0.0,405.0,1.0,405.0,0.0,0.0,405.0,0.0,0.0,405.0
21,436,VREP,0.92102736,0.37552586,0.0,0.0,0.0,0.0,0.1,0.0,0.0,199.0,1.0,199.0,0.0,0.0,199.0,0.0,0.0,199.0
21,437,VREP,0.98917186,0.9223534,0.41365461847389556,0.30522088353413657,0.1285140562248996,0.0,0.0,0.0,0.0,248.0,1.0,248.0,0.0,0.0,248.0,0.0,0.0,248.0
21,438,VREP,0.23332113,0.8334609,0.0,0.0,0.0,0.0,0.0,0.0,0.0,199.0,1.0,199.0,0.0,0.0,199.0,0.0,0.0,199.0
21,439,VREP,0.86903846,0.9742413,0.33388842631140714,0.3047460449625312,0.1257285595337219,0.06661115736885928,0.0,0.08742714404662781,0.10241465445462115,509.0,0.40332805071315375,1262.0,0.0,0.0,1262.0,753.0,0.5966719492868463,1262.0
21,440,VREP,0.5769569,0.5621904,0.8892589508742714,0.8692756036636137,0.8209825145711906,0.0,0.0,0.0,0.0,1200.0,1.0,1200.0,0.0,0.0,1200.0,0.0,0.0,1200.0
21,439,THYMIO,0.9471387,0.980652,0.1917808219178082,0.0,0.0,0.0,0.0,0.0,0.0,73.0,1.0,73.0,0.0,0.0,73.0,0.0,0.0,73.0
21,440,THYMIO,0.95888793,0.86517555,0.0,0.05970149253731343,0.1791044776119403,0.29850746268656714,0.40298507462686567,0.0,0.0,67.0,1.0,67.0,0.0,0.0,67.0,0.0,0.0,67.0
22,441,VREP,0.6431314,0.87019044,0.0,0.11343283582089553,0.2746268656716418,0.2835820895522388,0.03880597014925373,0.0,0.0,334.0,1.0,334.0,0.0,0.0,334.0,0.0,0.0,334.0
22,442,VREP,0.05770539,0.06145535,0.0,0.0,0.0,0.0,0.0,0.5771812080536913,0.5704697986577181,148.0,1.0,148.0,0.0,0.0,148.0,0.0,0.0,148.0
22,443,VREP,0.54895556,0.21017355,0.0,0.0,0.0,0.0,0.0,0.0,0.0,199.0,1.0,199.0,0.0,0.0,199.0,0.0,0.0,199.0
22,444,VREP,0.81739116,0.8816432,0.24940047961630696,0.33573141486810554,0.02877697841726619,0.0,0.0,0.0,0.0,416.0,0.9082969432314411,458.0,42.0,0.09170305676855896,458.0,0.0,0.0,458.0
22,445,VREP,0.8184763,0.9200134,0.5212323064113239,0.24646128226477934,0.14737718567860117,0.10990840965861781,0.027477102414654453,0.08492922564529559,0.11240632805995004,811.0,0.6355799373040752,1276.0,0.0,0.0,1276.0,465.0,0.36442006269592475,1276.0
22,446,VREP,0.18970749,0.9228169,0.0,0.0,0.0,0.0,0.0,0.0,0.0,199.0,1.0,199.0,0.0,0.0,199.0,0.0,0.0,199.0
22,447,VREP,0.075547725,0.027908036,0.0,0.0,0.0,0.0,0.0,0.5,0.5214285714285715,139.0,1.0,139.0,0.0,0.0,139.0,0.0,0.0,139.0
22,448,VREP,0.3026507,0.46331537,0.0,0.0,0.0,0.0,0.0,0.0,0.0,199.0,1.0,199.0,0.0,0.0,199.0,0.0,0.0,199.0
22,449,VREP,0.46085882,0.45804152,0.0,0.0,0.0,0.0,0.0,0.8967527060782681,0.8967527060782681,1200.0,1.0,1200.0,0.0,0.0,1200.0,0.0,0.0,1200.0
22,450,VREP,0.9180199,0.9858708,0.0,0.0,0.1263537906137184,0.2563176895306859,0.05054151624548736,0.0,0.0,276.0,1.0,276.0,0.0,0.0,276.0,0.0,0.0,276.0
22,451,VREP,0.31301358,0.1489019,0.0,0.0,0.0,0.0,0.0,0.48484848484848486,0.4318181818181818,263.0,1.0,263.0,0.0,0.0,263.0,0.0,0.0,263.0
22,452,VREP,0.83971,0.93735516,0.3755203996669442,0.1823480432972523,0.07243963363863447,0.035803497085761866,0.0,0.061615320566194835,0.08742714404662781,553.0,0.4344069128043991,1273.0,0.0,0.0,1273.0,720.0,0.565593087195601,1273.0
22,453,VREP,0.41597766,0.6152745,0.0,0.0,0.0,0.0,0.0,0.0,0.0,199.0,1.0,199.0,0.0,0.0,199.0,0.0,0.0,199.0
22,454,VREP,0.9992759,0.99946,0.09946236559139784,0.14516129032258066,0.17473118279569894,0.10483870967741936,0.0,0.0,0.0,371.0,1.0,371.0,0.0,0.0,371.0,0.0,0.0,371.0
22,455,VREP,0.759364,0.15427549,0.0,0.0,0.0,0.0,0.0,0.0,0.0,199.0,1.0,199.0,0.0,0.0,199.0,0.0,0.0,199.0
22,456,VREP,0.8772668,0.9013329,0.10476190476190476,0.08783068783068783,0.05291005291005291,0.013756613756613757,0.0,0.0,0.0,696.0,0.6796875,1024.0,0.0,0.0,1024.0,328.0,0.3203125,1024.0
22,457,VREP,0.97739524,0.79531986,0.5118110236220472,0.4251968503937008,0.3228346456692913,0.22440944881889763,0.12992125984251968,0.0,0.0,253.0,1.0,253.0,0.0,0.0,253.0,0.0,0.0,253.0
22,458,VREP,0.99515814,0.6059103,0.023,0.085,0.182,0.218,0.243,0.164,0.059,999.0,1.0,999.0,0.0,0.0,999.0,0.0,0.0,999.0
22,459,VREP,0.32105327,0.70753527,0.0,0.0,0.0,0.0,0.0,0.0,0.0,199.0,1.0,199.0,0.0,0.0,199.0,0.0,0.0,199.0
22,460,VREP,0.9122431,0.41284072,0.0,0.0,0.0,0.12,0.09,0.0,0.0,199.0,1.0,199.0,0.0,0.0,199.0,0.0,0.0,199.0
22,445,THYMIO,0.89932144,0.8850699,0.0,0.14285714285714285,0.012987012987012988,0.2597402597402597,0.42857142857142855,0.0,0.0,77.0,1.0,77.0,0.0,0.0,77.0,0.0,0.0,77.0
22,452,THYMIO,0.8127433,0.9485586,0.10526315789473684,0.11842105263157894,0.15789473684210525,0.23684210526315788,0.17105263157894737,0.0,0.0,76.0,1.0,76.0,0.0,0.0,76.0,0.0,0.0,76.0
23,461,VREP,0.5569027,0.72794634,0.14583333333333334,0.1775,0.2175,0.11583333333333333,0.0,0.0,0.0475,1199.0,1.0,1199.0,0.0,0.0,1199.0,0.0,0.0,1199.0
23,462,VREP,0.102363594,0.9926804,0.0,0.0,0.0,0.0,0.0,0.0,0.0,199.0,1.0,199.0,0.0,0.0,199.0,0.0,0.0,199.0
23,463,VREP,0.36380267,0.9989697,0.0625,0.0,0.0,0.0,0.0,0.0,0.0,399.0,1.0,399.0,0.0,0.0,399.0,0.0,0.0,399.0
23,464,VREP,0.97266406,0.9795062,0.14646464646464646,0.17676767676767677,0.0,0.0,0.0,0.0,0.0,395.0,1.0,395.0,0.0,0.0,395.0,0.0,0.0,395.0
23,465,VREP,0.9990825,0.22611824,0.0,0.0,0.0,0.0,0.0,0.0,0.0,199.0,1.0,199.0,0.0,0.0,199.0,0.0,0.0,199.0
23,466,VREP,0.1285348,0.993702,0.0,0.0,0.0,0.0,0.0,0.0,0.0,199.0,1.0,199.0,0.0,0.0,199.0,0.0,0.0,199.0
23,467,VREP,0.9721366,0.9825106,0.1240506329113924,0.1620253164556962,0.0,0.0,0.0,0.0,0.0,394.0,1.0,394.0,0.0,0.0,394.0,0.0,0.0,394.0
23,468,VREP,0.94560754,0.2210415,0.0,0.0,0.0,0.0,0.0,0.0,0.0,199.0,1.0,199.0,0.0,0.0,199.0,0.0,0.0,199.0
23,469,VREP,0.8212173,0.013804453,0.0,0.0,0.0,0.0,0.0,0.0,0.0,199.0,1.0,199.0,0.0,0.0,199.0,0.0,0.0,199.0
23,470,VREP,0.99562216,0.9867269,0.07387862796833773,0.12928759894459102,0.17150395778364116,0.17150395778364116,0.0712401055408971,0.0,0.0,378.0,1.0,378.0,0.0,0.0,378.0,0.0,0.0,378.0
23,471,VREP,0.21215495,0.5092316,0.0,0.0,0.165,0.21,0.23,0.1525,0.11125,799.0,1.0,799.0,0.0,0.0,799.0,0.0,0.0,799.0
23,472,VREP,0.8752342,0.9194679,0.20606060606060606,0.24646464646464647,0.26666666666666666,0.03636363636363636,0.0,0.0,0.0,494.0,1.0,494.0,0.0,0.0,494.0,0.0,0.0,494.0
23,473,VREP,0.11406516,0.99905515,0.0,0.0,0.0,0.0,0.0,0.0,0.0,199.0,1.0,199.0,0.0,0.0,199.0,0.0,0.0,199.0
23,474,VREP,0.3852545,0.7271284,0.0,0.0,0.0,0.0,0.0,0.0,0.0,199.0,1.0,199.0,0.0,0.0,199.0,0.0,0.0,199.0
23,475,VREP,0.82584614,0.77765805,0.6153846153846154,0.5714285714285714,0.48717948717948717,0.0,0.0,0.0,0.0,272.0,1.0,272.0,0.0,0.0,272.0,0.0,0.0,272.0
23,476,VREP,0.6711499,0.49123135,0.0,0.0,0.0,0.0,0.0,0.0,0.0,199.0,1.0,199.0,0.0,0.0,199.0,0.0,0.0,199.0
23,477,VREP,0.16361248,0.7596079,0.0,0.0,0.0,0.0,0.0,0.0,0.0,199.0,1.0,199.0,0.0,0.0,199.0,0.0,0.0,199.0
23,478,VREP,0.89004654,0.0037221473,0.0,0.0,0.0,0.0,0.0,0.0,0.0,199.0,1.0,199.0,0.0,0.0,199.0,0.0,0.0,199.0
23,479,VREP,0.0060260417,0.8291002,0.0,0.0,0.0,0.0,0.0,0.0,0.0,199.0,1.0,199.0,0.0,0.0,199.0,0.0,0.0,199.0
23,480,VREP,0.026648344,0.89210504,0.0,0.0,0.0,0.0,0.0,0.0,0.0,199.0,1.0,199.0,0.0,0.0,199.0,0.0,0.0,199.0
23,475,THYMIO,0.90000695,0.797487,0.0,0.05454545454545454,0.2545454545454545,0.43636363636363634,0.5454545454545454,0.0,0.0,55.0,1.0,55.0,0.0,0.0,55.0,0.0,0.0,55.0
24,481,VREP,0.19539493,0.9326834,0.0,0.0,0.0,0.0,0.0,0.0,0.0,199.0,1.0,199.0,0.0,0.0,199.0,0.0,0.0,199.0
24,482,VREP,0.926443,0.70946157,0.611336032388664,0.562753036437247,0.46963562753036436,0.3603238866396761,0.2591093117408907,0.0,0.0,246.0,1.0,246.0,0.0,0.0,246.0,0.0,0.0,246.0
24,483,VREP,0.0034655973,0.7692309,0.0,0.0,0.0,0.0,0.0,0.0,0.0,199.0,1.0,199.0,0.0,0.0,199.0,0.0,0.0,199.0
24,484,VREP,0.7236943,0.058537744,0.0,0.0,0.0,0.0,0.0,0.0,0.0,199.0,1.0,199.0,0.0,0.0,199.0,0.0,0.0,199.0
24,485,VREP,0.50133723,0.948483,0.0825,0.085,0.09,0.0,0.0,0.0,0.0,399.0,1.0,399.0,0.0,0.0,399.0,0.0,0.0,399.0
24,486,VREP,0.99162674,0.92058724,0.36036036036036034,0.25225225225225223,0.13513513513513514,0.04804804804804805,0.0,0.0,0.0,332.0,1.0,332.0,0.0,0.0,332.0,0.0,0.0,332.0
24,487,VREP,0.8305769,0.96762055,0.1934260429835651,0.13274336283185842,0.12389380530973451,0.045512010113780026,0.07711757269279393,0.0,0.0,346.0,0.4061032863849765,852.0,506.0,0.5938967136150235,852.0,0.0,0.0,852.0
24,488,VREP,0.9940926,0.23516096,0.0,0.0,0.0,0.0,0.0,0.0,0.0,199.0,1.0,199.0,0.0,0.0,199.0,0.0,0.0,199.0
24,489,VREP,0.9814449,0.70639455,0.4354066985645933,0.5358851674641149,0.46411483253588515,0.37320574162679426,0.28708133971291866,0.0,0.0,208.0,1.0,208.0,0.0,0.0,208.0,0.0,0.0,208.0
24,490,VREP,0.26726744,0.43301618,0.0,0.0,0.0,0.0,0.4479600333055787,0.12156536219816819,0.0890924229808493,1200.0,1.0,1200.0,0.0,0.0,1200.0,0.0,0.0,1200.0
24,491,VREP,0.8054842,0.9942296,0.0,0.0,0.0,0.0,0.0,0.0,0.0,339.0,0.7566964285714286,448.0,109.0,0.24330357142857142,448.0,0.0,0.0,448.0
24,492,VREP,0.14393008,0.017451106,0.0,0.0,0.0,0.0,0.0,0.46153846153846156,0.5244755244755245,142.0,1.0,142.0,0.0,0.0,142.0,0.0,0.0,142.0
24,493,VREP,0.8951072,0.9465739,0.0,0.0,0.0,0.24778761061946902,0.20058997050147492,0.0,0.0,338.0,1.0,338.0,0.0,0.0,338.0,0.0,0.0,338.0
24,494,VREP,0.59409595,0.54740584,0.7577019150707743,0.7318900915903414,0.6736053288925895,0.6228143213988343,0.5195670274771024,0.0,0.0,1200.0,1.0,1200.0,0.0,0.0,1200.0,0.0,0.0,1200.0
24,495,VREP,0.095675156,0.99638766,0.0,0.0,0.0,0.0,0.0,0.0,0.0,199.0,1.0,199.0,0.0,0.0,199.0,0.0,0.0,199.0
24,496,VREP,0.9981837,0.8822263,0.45754716981132076,0.3584905660377358,0.2169811320754717,0.05188679245283019,0.0,0.0,0.0,211.0,1.0,211.0,0.0,0.0,211.0,0.0,0.0,211.0
24,497,VREP,0.7906201,0.5875382,0.0,0.09375,0.7283653846153846,0.6923076923076923,0.65625,0.0,0.0,415.0,1.0,415.0,0.0,0.0,415.0,0.0,0.0,415.0
24,498,VREP,0.9019776,0.21462627,0.0,0.0,0.0,0.0,0.0,0.0,0.0,199.0,1.0,199.0,0.0,0.0,199.0,0.0,0.0,199.0
24,499,VREP,0.91618735,0.823717,0.5403225806451613,0.4637096774193548,0.3346774193548387,0.14516129032258066,0.0,0.0,0.0,247.0,1.0,247.0,0.0,0.0,247.0,0.0,0.0,247.0
24,500,VREP,0.9959536,0.9616923,0.3268156424581006,0.19832402234636873,0.0446927374301676,0.061452513966480445,0.061452513966480445,0.0,0.0,357.0,1.0,357.0,0.0,0.0,357.0,0.0,0.0,357.0
24,482,THYMIO,0.9308028,0.6816607,0.11764705882352941,0.23529411764705882,0.3235294117647059,0.4117647058823529,0.5294117647058824,0.0,0.0,34.0,1.0,34.0,0.0,0.0,34.0,0.0,0.0,34.0
25,501,VREP,0.35197982,0.099337354,0.4646128226477935,0.37052456286427976,0.18484596169858453,0.009991673605328892,0.0,0.17485428809325562,0.23230641132389676,1200.0,1.0,1200.0,0.0,0.0,1200.0,0.0,0.0,1200.0
25,502,VREP,0.5336127,0.9951047,0.20333333333333334,0.13666666666666666,0.1,0.043333333333333335,0.0,0.08666666666666667,0.12,599.0,1.0,599.0,0.0,0.0,599.0,0.0,0.0,599.0
25,503,VREP,0.89625514,0.8017,0.589041095890411,0.54337899543379,0.4383561643835616,0.2237442922374429,0.0,0.0,0.0,218.0,1.0,218.0,0.0,0.0,218.0,0.0,0.0,218.0
25,504,VREP,0.09800066,0.0007632449,0.0,0.0,0.0,0.0,0.0,0.5,0.5378787878787878,131.0,1.0,131.0,0.0,0.0,131.0,0.0,0.0,131.0
25,505,VREP,0.9141629,0.98910064,0.0,0.0,0.1474820143884892,0.23381294964028776,0.0,0.0,0.0,277.0,1.0,277.0,0.0,0.0,277.0,0.0,0.0,277.0
25,506,VREP,0.513308,0.5146788,0.0,0.0,0.0,0.0,0.0,0.0,0.0,199.0,1.0,199.0,0.0,0.0,199.0,0.0,0.0,199.0
25,507,VREP,0.32878122,0.5339122,0.0,0.0,0.0,0.0,0.0,0.0,0.0,199.0,1.0,199.0,0.0,0.0,199.0,0.0,0.0,199.0
25,508,VREP,0.8768856,0.7643918,0.6309523809523809,0.5793650793650794,0.49603174603174605,0.3888888888888889,0.0,0.0,0.0,251.0,1.0,251.0,0.0,0.0,251.0,0.0,0.0,251.0
25,509,VREP,0.8135196,0.7566043,0.524,0.43,0.326,0.222,0.0,0.0,0.0,499.0,1.0,499.0,0.0,0.0,499.0,0.0,0.0,499.0
25,510,VREP,0.80613476,0.83806515,0.22398001665278935,0.208992506244796,0.0,0.0,0.0,0.0,0.0,765.0,0.593944099378882,1288.0,0.0,0.0,1288.0,523.0,0.406055900621118,1288.0
25,511,VREP,0.8531712,0.98822594,0.2389853137516689,0.10947930574098798,0.1081441922563418,0.06675567423230974,0.0,0.0,0.0,332.0,0.4124223602484472,805.0,473.0,0.5875776397515527,805.0,0.0,0.0,805.0
25,512,VREP,0.7246902,0.9984191,0.22231473771856786,0.1740216486261449,0.15320566194837634,0.1340549542048293,0.09991673605328892,0.03913405495420483,0.04412989175686927,313.0,0.24900556881463803,1257.0,944.0,0.750994431185362,1257.0,0.0,0.0,1257.0
25,513,VREP,0.9797744,0.58168286,0.0,0.0,0.39322033898305087,0.4610169491525424,0.49830508474576274,0.0,0.0,294.0,1.0,294.0,0.0,0.0,294.0,0.0,0.0,294.0
25,514,VREP,0.8276558,0.71536934,0.6875,0.6375,0.5625,0.4625,0.24375,0.0,0.0,319.0,1.0,319.0,0.0,0.0,319.0,0.0,0.0,319.0
25,515,VREP,0.98428583,0.8887839,0.44642857142857145,0.3482142857142857,0.20089285714285715,0.013392857142857142,0.0,0.0,0.0,223.0,1.0,223.0,0.0,0.0,223.0,0.0,0.0,223.0
25,516,VREP,0.9915762,0.64876974,0.0,0.16751269035532995,0.4619289340101523,0.40609137055837563,0.3350253807106599,0.0,0.0,196.0,1.0,196.0,0.0,0.0,196.0,0.0,0.0,196.0
25,517,VREP,0.054841984,0.9615173,0.0,0.0,0.0,0.0,0.0,0.0,0.0,199.0,1.0,199.0,0.0,0.0,199.0,0.0,0.0,199.0
25,518,VREP,0.25244114,0.3998499,0.0,0.0,0.0,0.004555808656036446,0.15945330296127563,0.3917995444191344,0.45785876993166286,438.0,1.0,438.0,0.0,0.0,438.0,0.0,0.0,438.0
25,519,VREP,0.85457414,0.90392405,0.22878932316491898,0.2831267874165872,0.29075309818875117,0.25738798856053385,0.19447092469018112,0.047664442326024785,0.07244995233555768,832.0,0.7612076852698993,1093.0,0.0,0.0,1093.0,261.0,0.23879231473010065,1093.0
25,520,VREP,0.79513747,0.88825536,0.3180682764363031,0.1315570358034971,0.08243130724396336,0.06078268109908409,0.019150707743547043,0.04412989175686927,0.054954204829308906,736.0,0.5592705167173252,1316.0,0.0,0.0,1316.0,580.0,0.44072948328267475,1316.0
25,501,THYMIO,0.36259845,0.06798391,0.0,0.0,0.0,0.06,0.14,0.26,0.5,50.0,1.0,50.0,0.0,0.0,50.0,0.0,0.0,50.0
25,503,THYMIO,0.91393733,0.7226327,0.3548387096774194,0.43548387096774194,0.4838709677419355,0.5483870967741935,0.43548387096774194,0.0,0.0,62.0,1.0,62.0,0.0,0.0,62.0,0.0,0.0,62.0
25,508,THYMIO,0.9435254,0.8188776,0.018867924528301886,0.3018867924528302,0.4339622641509434,0.5283018867924528,0.5849056603773585,0.0,0.0,53.0,1.0,53.0,0.0,0.0,53.0,0.0,0.0,53.0
25,512,THYMIO,0.70816725,0.99828357,0.0683453237410072,0.1474820143884892,0.28776978417266186,0.36330935251798563,0.31654676258992803,0.0,0.01079136690647482,78.0,0.2671232876712329,292.0,214.0,0.7328767123287672,292.0,0.0,0.0,292.0
26,521,VREP,0.7389433,0.7398585,0.8661257606490872,0.7931034482758621,0.16328600405679514,0.10649087221095335,0.04766734279918864,0.0,0.0,985.0,1.0,985.0,0.0,0.0,985.0,0.0,0.0,985.0
26,522,VREP,0.9552339,0.9804363,0.24069478908188585,0.14392059553349876,0.20099255583126552,0.21588089330024815,0.19602977667493796,0.0,0.0,402.0,1.0,402.0,0.0,0.0,402.0,0.0,0.0,402.0
26,523,VREP,0.9390228,0.9506107,0.09907834101382489,0.14516129032258066,0.18433179723502305,0.18202764976958524,0.0,0.0,0.0,433.0,1.0,433.0,0.0,0.0,433.0,0.0,0.0,433.0
26,524,VREP,0.45455426,0.34065923,0.0,0.0,0.0,0.0,0.0,0.0,0.0,199.0,1.0,199.0,0.0,0.0,199.0,0.0,0.0,199.0
26,525,VREP,0.5984416,0.95527244,0.13,0.13666666666666666,0.135,0.09166666666666666,0.0,0.07166666666666667,0.12333333333333334,599.0,1.0,599.0,0.0,0.0,599.0,0.0,0.0,599.0
26,526,VREP,0.061239477,0.9905253,0.0,0.0,0.0,0.0,0.0,0.0,0.0,199.0,1.0,199.0,0.0,0.0,199.0,0.0,0.0,199.0
26,527,VREP,0.17143999,0.23420967,0.0,0.0,0.0,0.0,0.0,0.5,0.5043103448275862,231.0,1.0,231.0,0.0,0.0,231.0,0.0,0.0,231.0
26,528,VREP,0.7607153,0.9847704,0.0,0.0,0.0,0.1553784860557769,0.350597609561753,0.0,0.0,250.0,1.0,250.0,0.0,0.0,250.0,0.0,0.0,250.0
26,529,VREP,0.37444043,0.9995512,0.0625,0.0525,0.0,0.0,0.0,0.0,0.0,399.0,1.0,399.0,0.0,0.0,399.0,0.0,0.0,399.0
26,530,VREP,0.16391529,0.04850554,0.0,0.0,0.0,0.0,0.0,0.4276729559748428,0.5094339622641509,158.0,1.0,158.0,0.0,0.0,158.0,0.0,0.0,158.0
26,531,VREP,0.8163015,0.9505013,0.3180682764363031,0.2581182348043297,0.2531223980016653,0.20399666944213155,0.08742714404662781,0.0,0.009991673605328892,701.0,0.5563492063492064,1260.0,0.0,0.0,1260.0,559.0,0.44365079365079363,1260.0
26,532,VREP,0.16213667,0.036701012,0.0,0.0,0.0,0.0,0.0,0.45751633986928103,0.5228758169934641,152.0,1.0,152.0,0.0,0.0,152.0,0.0,0.0,152.0
26,533,VREP,0.40126666,0.13251244,0.0,0.0,0.0,0.0,0.0,0.3321678321678322,0.4020979020979021,285.0,1.0,285.0,0.0,0.0,285.0,0.0,0.0,285.0
26,534,VREP,0.81340796,0.9264595,0.0,0.0,0.010660980810234541,0.08315565031982942,0.3773987206823028,0.0,0.0,468.0,1.0,468.0,0.0,0.0,468.0,0.0,0.0,468.0
26,535,VREP,0.9150584,0.04624694,0.0,0.0,0.0,0.0,0.0,0.0,0.0,199.0,1.0,199.0,0.0,0.0,199.0,0.0,0.0,199.0
26,536,VREP,0.08748437,0.6923608,0.0,0.0,0.0,0.0,0.0,0.0,0.0,199.0,1.0,199.0,0.0,0.0,199.0,0.0,0.0,199.0
26,537,VREP,0.5545331,0.46130872,0.0,0.0,0.0,0.0,0.0,0.0,0.0,199.0,1.0,199.0,0.0,0.0,199.0,0.0,0.0,199.0
26,538,VREP,0.9188785,0.9860051,0.0,0.0,0.0,0.2635135135135135,0.15202702702702703,0.0,0.0,295.0,1.0,295.0,0.0,0.0,295.0,0.0,0.0,295.0
26,539,VREP,0.83824813,0.9774845,0.09831029185867896,0.11367127496159754,0.11213517665130568,0.07680491551459294,0.1889400921658986,0.0,0.0,333.0,0.4605809128630705,723.0,390.0,0.5394190871369294,723.0,0.0,0.0,723.0
26,540,VREP,0.9882684,0.999741,0.13421052631578947,0.1631578947368421,0.0,0.0,0.0,0.0,0.0,379.0,1.0,379.0,0.0,0.0,379.0,0.0,0.0,379.0
26,521,THYMIO,0.94520617,0.75885844,0.06557377049180328,0.16393442622950818,0.21311475409836064,0.3114754098360656,0.4098360655737705,0.0,0.0,61.0,1.0,61.0,0.0,0.0,61.0,0.0,0.0,61.0
27,541,VREP,0.81423694,0.4924669,0.0,0.0,0.11166666666666666,0.18,0.22166666666666668,0.0,0.0,599.0,1.0,599.0,0.0,0.0,599.0,0.0,0.0,599.0
27,542,VREP,0.81837004,0.25611848,0.0,0.0,0.0,0.0,0.0,0.0,0.0,199.0,1.0,199.0,0.0,0.0,199.0,0.0,0.0,199.0
27,543,VREP,0.17083877,0.99727994,0.0,0.0,0.0,0.0,0.0,0.0,0.0,199.0,1.0,199.0,0.0,0.0,199.0,0.0,0.0,199.0
27,544,VREP,0.93501353,0.8976433,0.3834745762711864,0.2648305084745763,0.3050847457627119,0.3199152542372881,0.3029661016949153,0.0,0.0,471.0,1.0,471.0,0.0,0.0,471.0,0.0,0.0,471.0
27,545,VREP,0.9172663,0.44883785,0.0,0.0,0.0,0.13,0.19,0.056666666666666664,0.0,599.0,1.0,599.0,0.0,0.0,599.0,0.0,0.0,599.0
27,546,VREP,0.009196703,0.54492396,0.0,0.095,0.125,0.1625,0.205,0.1575,0.105,399.0,1.0,399.0,0.0,0.0,399.0,0.0,0.0,399.0
27,547,VREP,0.5862885,0.10321713,0.1,0.06,0.0,0.0,0.0,0.0,0.06,399.0,1.0,399.0,0.0,0.0,399.0,0.0,0.0,399.0
27,548,VREP,0.9960019,0.47366077,0.0,0.0,0.055,0.1675,0.22,0.0725,0.0,399.0,1.0,399.0,0.0,0.0,399.0,0.0,0.0,399.0
27,549,VREP,0.9249537,0.99429333,0.0,0.0,0.0,0.24183006535947713,0.28431372549019607,0.0,0.0,305.0,1.0,305.0,0.0,0.0,305.0,0.0,0.0,305.0
27,550,VREP,0.5579203,0.98138964,0.0825,0.0875,0.11,0.1175,0.0,0.0,0.015,399.0,1.0,399.0,0.0,0.0,399.0,0.0,0.0,399.0
27,551,VREP,0.83566934,0.98083615,0.347210657785179,0.22231473771856786,0.15570358034970858,0.09658617818484597,0.05661948376353039,0.08076602830974189,0.10824313072439634,579.0,0.44848954298993027,1291.0,0.0,0.0,1291.0,712.0,0.5515104570100697,1291.0
27,552,VREP,0.9150516,0.98914206,0.1822721598002497,0.09737827715355805,0.10861423220973783,0.12484394506866417,0.1348314606741573,0.0,0.0,507.0,0.590221187427241,859.0,0.0,0.0,859.0,352.0,0.409778812572759,859.0
27,553,VREP,0.2799094,0.22634225,0.0,0.0,0.0,0.0,0.0,0.37184115523465705,0.47653429602888087,276.0,1.0,276.0,0.0,0.0,276.0,0.0,0.0,276.0
27,554,VREP,0.81862646,0.58514196,0.029023746701846966,0.18733509234828497,0.42480211081794195,0.5435356200527705,0.49868073878627966,0.0,0.0,378.0,1.0,378.0,0.0,0.0,378.0,0.0,0.0,378.0
27,555,VREP,0.44197306,0.90066844,0.09166666666666666,0.08333333333333333,0.0,0.0,0.0,0.0,0.03166666666666667,599.0,1.0,599.0,0.0,0.0,599.0,0.0,0.0,599.0
27,556,VREP,0.9563666,0.46099594,0.0,0.0,0.07666666666666666,0.12,0.15833333333333333,0.06166666666666667,0.0,599.0,1.0,599.0,0.0,0.0,599.0,0.0,0.0,599.0
27,557,VREP,0.7743616,0.79761887,0.04412989175686927,0.030807660283097418,0.0,0.0,0.0,0.0,0.0,1023.0,0.7600297176820208,1346.0,0.0,0.0,1346.0,323.0,0.2399702823179792,1346.0
27,558,VREP,0.61159444,0.92984545,0.13166666666666665,0.10333333333333333,0.08333333333333333,0.07666666666666666,0.0,0.0,0.08,599.0,1.0,599.0,0.0,0.0,599.0,0.0,0.0,599.0
27,559,VREP,0.12161162,0.05111753,0.0,0.0,0.0,0.0,0.0,0.49019607843137253,0.5359477124183006,152.0,1.0,152.0,0.0,0.0,152.0,0.0,0.0,152.0
27,560,VREP,0.9051577,0.98855203,0.1686746987951807,0.21204819277108433,0.20240963855421687,0.13012048192771083,0.0,0.0,0.0,414.0,1.0,414.0,0.0,0.0,414.0,0.0,0.0,414.0
27,551,THYMIO,0.97902274,0.9855842,0.0,0.0,0.0,0.11235955056179775,0.20224719101123595,0.0,0.0,89.0,1.0,89.0,0.0,0.0,89.0,0.0,0.0,89.0
28,561,VREP,0.8008423,0.96611565,0.03150912106135987,0.04477611940298507,0.03150912106135987,0.0779436152570481,0.19237147595356552,0.0,0.0,362.0,0.5246376811594203,690.0,328.0,0.4753623188405797,690.0,0.0,0.0,690.0
28,562,VREP,0.7527946,0.7335282,0.4407051282051282,0.34775641025641024,0.07051282051282051,0.0,0.0,0.0,0.0,623.0,1.0,623.0,0.0,0.0,623.0,0.0,0.0,623.0
28,563,VREP,0.67875797,0.6828646,0.9059117402164862,0.611157368859284,0.5478767693588676,0.5395503746877602,0.5120732722731057,0.0,0.0,1200.0,1.0,1200.0,0.0,0.0,1200.0,0.0,0.0,1200.0
28,564,VREP,0.18897787,0.72804886,0.0,0.0,0.0,0.0,0.0,0.0,0.0,199.0,1.0,199.0,0.0,0.0,199.0,0.0,0.0,199.0
28,565,VREP,0.9127232,0.4707579,0.0,0.0,0.0,0.13833333333333334,0.18333333333333332,0.09666666666666666,0.0,599.0,1.0,599.0,0.0,0.0,599.0,0.0,0.0,599.0
28,566,VREP,0.9051346,0.9915431,0.0,0.0,0.01904761904761905,0.24126984126984127,0.2920634920634921,0.0,0.0,314.0,1.0,314.0,0.0,0.0,314.0,0.0,0.0,314.0
28,567,VREP,0.7187421,0.96868485,0.27310574521232306,0.2781015820149875,0.22980849292256453,0.19733555370524564,0.18984179850124897,0.05578684429641965,0.06244796003330558,339.0,0.26819620253164556,1264.0,925.0,0.7318037974683544,1264.0,0.0,0.0,1264.0
28,568,VREP,0.7516424,0.99906707,0.0,0.0,0.0,0.19636363636363635,0.32727272727272727,0.0,0.0,274.0,0.9513888888888888,288.0,14.0,0.04861111111111111,288.0,0.0,0.0,288.0
28,569,VREP,0.6927518,0.987445,0.0,0.0,0.21951219512195122,0.424390243902439,0.05365853658536585,0.0,0.0,204.0,1.0,204.0,0.0,0.0,204.0,0.0,0.0,204.0
28,570,VREP,0.19198436,0.16186756,0.0,0.0,0.0,0.0,0.0,0.44155844155844154,0.47186147186147187,230.0,1.0,230.0,0.0,0.0,230.0,0.0,0.0,230.0
28,571,VREP,0.85886997,0.9854721,0.0,0.0,0.025210084033613446,0.08123249299719888,0.42296918767507,0.0,0.0,356.0,1.0,356.0,0.0,0.0,356.0,0.0,0.0,356.0
28,572,VREP,0.6266619,0.6555656,0.7285595337218984,0.7177352206494588,0.5245628642797668,0.0890924229808493,0.061615320566194835,0.6286427976686095,0.6427976686094921,1200.0,1.0,1200.0,0.0,0.0,1200.0,0.0,0.0,1200.0
28,573,VREP,0.9198731,0.97576725,0.0,0.0,0.0,0.16408668730650156,0.29411764705882354,0.0,0.0,322.0,1.0,322.0,0.0,0.0,322.0,0.0,0.0,322.0
28,574,VREP,0.86549073,0.6153944,0.0,0.07669616519174041,0.6489675516224189,0.6047197640117994,0.56047197640118,0.0,0.0,338.0,1.0,338.0,0.0,0.0,338.0,0.0,0.0,338.0
28,575,VREP,0.28692925,0.47552285,0.0,0.0,0.0,0.0,0.0,0.0,0.0,199.0,1.0,199.0,0.0,0.0,199.0,0.0,0.0,199.0
28,576,VREP,0.8205871,0.020303482,0.0,0.0,0.0,0.0,0.0,0.0,0.0,199.0,1.0,199.0,0.0,0.0,199.0,0.0,0.0,199.0
28,577,VREP,0.8876022,0.9960841,0.0,0.0,0.08206686930091185,0.1945288753799392,0.3829787234042553,0.0,0.0,328.0,1.0,328.0,0.0,0.0,328.0,0.0,0.0,328.0
28,578,VREP,0.8972394,0.98843837,0.1606714628297362,0.20863309352517986,0.2302158273381295,0.18225419664268586,0.0,0.0,0.0,416.0,1.0,416.0,0.0,0.0,416.0,0.0,0.0,416.0
28,579,VREP,0.9403175,0.9417073,0.44,0.32222222222222224,0.2311111111111111,0.25333333333333335,0.23555555555555555,0.0,0.0,449.0,1.0,449.0,0.0,0.0,449.0,0.0,0.0,449.0
28,580,VREP,0.9070299,0.7337988,0.6203007518796992,0.5639097744360902,0.4774436090225564,0.3684210526315789,0.20300751879699247,0.0,0.0,265.0,1.0,265.0,0.0,0.0,265.0,0.0,0.0,265.0
28,572,THYMIO,0.9439736,0.9652868,0.0,0.29411764705882354,0.3058823529411765,0.3058823529411765,0.2,0.0,0.0,85.0,1.0,85.0,0.0,0.0,85.0,0.0,0.0,85.0
29,581,VREP,0.0521243,0.99556357,0.0,0.0,0.0,0.0,0.0,0.0,0.0,199.0,1.0,199.0,0.0,0.0,199.0,0.0,0.0,199.0
29,582,VREP,0.97930336,0.9876503,0.11948051948051948,0.15584415584415584,0.17142857142857143,0.0,0.0,0.0,0.0,384.0,1.0,384.0,0.0,0.0,384.0,0.0,0.0,384.0
29,583,VREP,0.99798214,0.847101,0.4918918918918919,0.41621621621621624,0.3027027027027027,0.14594594594594595,0.0,0.0,0.0,184.0,1.0,184.0,0.0,0.0,184.0,0.0,0.0,184.0
29,584,VREP,0.858357,0.3185272,0.0,0.0,0.0,0.0,0.0,0.0,0.0,199.0,1.0,199.0,0.0,0.0,199.0,0.0,0.0,199.0
29,585,VREP,0.9992604,0.9844174,0.09186351706036745,0.14960629921259844,0.18110236220472442,0.1732283464566929,0.049868766404199474,0.0,0.0,380.0,1.0,380.0,0.0,0.0,380.0,0.0,0.0,380.0
29,586,VREP,0.5100269,0.4941153,0.0,0.0,0.0,0.0,0.0,0.0,0.0,199.0,1.0,199.0,0.0,0.0,199.0,0.0,0.0,199.0
29,587,VREP,0.8301759,0.922634,0.43856655290102387,0.29692832764505117,0.2226962457337884,0.22610921501706485,0.1561433447098976,0.08617747440273038,0.11177474402730375,816.0,0.6688524590163935,1220.0,0.0,0.0,1220.0,404.0,0.33114754098360655,1220.0
29,588,VREP,0.65853846,0.65226096,0.0,0.671940049958368,0.6819317235636969,0.6594504579517069,0.5220649458784347,0.0,0.0,1200.0,1.0,1200.0,0.0,0.0,1200.0,0.0,0.0,1200.0
29,589,VREP,0.33177024,0.98528475,0.0575,0.0,0.0,0.0,0.0,0.0,0.0,399.0,1.0,399.0,0.0,0.0,399.0,0.0,0.0,399.0
29,590,VREP,0.065643184,0.25996274,0.0,0.0,0.0,0.0,0.0,0.29535864978902954,0.37130801687763715,236.0,1.0,236.0,0.0,0.0,236.0,0.0,0.0,236.0
29,591,VREP,0.71627325,0.98934025,0.23480432972522897,0.21398834304746045,0.16985845129059118,0.1398834304746045,0.14571190674437967,0.04079933388842631,0.05661948376353039,319.0,0.25257323832145684,1263.0,944.0,0.7474267616785432,1263.0,0.0,0.0,1263.0
29,592,VREP,0.90831655,0.9920727,0.17266187050359713,0.17026378896882494,0.1079136690647482,0.0,0.0,0.0,0.0,416.0,1.0,416.0,0.0,0.0,416.0,0.0,0.0,416.0
29,593,VREP,0.19415721,0.42825276,0.0,0.0,0.0,0.155,0.196,0.113,0.078,999.0,1.0,999.0,0.0,0.0,999.0,0.0,0.0,999.0
29,594,VREP,0.8312755,0.9410815,0.33388842631140714,0.13655287260616153,0.13905079100749376,0.1257285595337219,0.06827643630308076,0.005828476269775187,0.0466278101582015,738.0,0.5889864325618516,1253.0,0.0,0.0,1253.0,515.0,0.41101356743814843,1253.0
29,595,VREP,0.106791355,0.38888824,0.0,0.0,0.0,0.16,0.22625,0.16375,0.14375,799.0,1.0,799.0,0.0,0.0,799.0,0.0,0.0,799.0
29,596,VREP,0.9040759,0.9960219,0.0,0.022304832713754646,0.22304832713754646,0.09665427509293681,0.0,0.0,0.0,268.0,1.0,268.0,0.0,0.0,268.0,0.0,0.0,268.0
29,597,VREP,0.6212181,0.98335403,0.10040160642570281,0.18473895582329317,0.26907630522088355,0.21285140562248997,0.18473895582329317,0.0,0.0,248.0,1.0,248.0,0.0,0.0,248.0,0.0,0.0,248.0
29,598,VREP,0.67036295,0.39452302,0.0,0.0,0.0,0.0,0.0,0.0,0.0,199.0,1.0,199.0,0.0,0.0,199.0,0.0,0.0,199.0
29,599,VREP,0.79214036,0.8830365,0.28226477935054123,0.28143213988343047,0.2697751873438801,0.20815986677768525,0.12905911740216486,0.0,0.05661948376353039,860.0,0.6858054226475279,1254.0,0.0,0.0,1254.0,394.0,0.3141945773524721,1254.0
29,600,VREP,0.8227867,0.99311626,0.04,0.09,0.22333333333333333,0.20666666666666667,0.0,0.0,0.0,299.0,1.0,299.0,0.0,0.0,299.0,0.0,0.0,299.0
29,587,THYMIO,0.8871331,0.94095975,0.07368421052631578,0.37894736842105264,0.3473684210526316,0.35789473684210527,0.42105263157894735,0.0,0.0,95.0,1.0,95.0,0.0,0.0,95.0,0.0,0.0,95.0
