12,124,5.9977556206024225
12,134,5.529182744741852
12,135,4.345756511081634
12,136,0.78070140352628
12,137,3.199104829250359
12,138,4.8570866926263285
12,139,5.3675368408083255
12,140,1.5699479509179202
12,141,5.780958563414772
12,142,5.906825670272716
12,143,0.261779936160732
12,144,0.1344769106362707
12,145,4.396000270125419
12,146,0.6991975782793641
12,147,0.06854580133671237
12,148,0.9879328170886339
12,149,5.105653648176739
12,150,0.3159112507209229
12,151,0.09824137433760978
12,152,0.4287860359616354
