13,237,33.49582521985339
13,249,16.76927330183755
13,250,32.49630879183056
13,251,27.725722484870023
13,252,30.99931762287828
13,253,32.589651028630236
13,254,2.1108602084815824
13,255,33.66860538918952
13,256,5.881889205201314
13,257,1.4824551503441594
13,258,3.921224172977804
13,259,1.1904773958174297
13,260,32.91862028780783
13,261,31.071124033810925
13,262,24.800288739228805
13,263,15.018503869252871
13,264,18.70584930483337
13,265,32.750265071612795
13,266,31.084362693109515
13,267,26.76538800269503
