17,311,35.51536808724937
17,325,34.94295728721351
17,326,34.101434687226636
17,327,35.042312415324446
17,328,33.826832062522
17,329,35.152010441794864
17,330,0.025833877535710592
17,331,34.198220284964464
17,332,1.1481845843287075
17,333,0.16653815721940912
17,334,33.1103425848173
17,335,14.912060558305361
17,336,34.21141594216247
17,337,1.1599574535202766
17,338,34.62480473583732
17,339,34.897442823899574
17,340,33.19541416803097
17,341,33.75009812658953
17,342,33.45755237051855
17,343,1.1495556392849893
