0,1,VREP,0.5040931,0.5393029,0.0,0.0,0.0,0.0,0.0,0.995,0.995,199.0,1.0,199.0,0.0,0.0,199.0,0.0,0.0,199.0
0,1,THYMIO,0.51861465,0.5498746,0.3106060606060606,0.0,0.0,0.0,0.0,0.0,0.0,132.0,1.0,132.0,0.0,0.0,132.0,0.0,0.0,132.0
0,1,VREP,0.5040931,0.5393029,0.0,0.0,0.0,0.0,0.0,0.995,0.995,199.0,1.0,199.0,0.0,0.0,199.0,0.0,0.0,199.0
0,2,VREP,0.21250337,0.37841335,0.0,0.0,0.0,0.0,0.0,0.9908256880733946,0.9908256880733946,108.0,1.0,108.0,0.0,0.0,108.0,0.0,0.0,108.0
0,3,VREP,0.73671067,0.6374414,0.4109848484848485,0.4621212121212121,0.42803030303030304,0.35984848484848486,0.2878787878787879,0.08522727272727272,0.11553030303030302,527.0,1.0,527.0,0.0,0.0,527.0,0.0,0.0,527.0
0,4,VREP,0.2161515,0.56864387,0.0,0.0,0.0,0.0,0.185,0.56,0.36,199.0,1.0,199.0,0.0,0.0,199.0,0.0,0.0,199.0
0,5,VREP,0.12288719,0.2269126,0.0,0.0,0.0,0.0,0.0,0.9871794871794872,0.9871794871794872,77.0,1.0,77.0,0.0,0.0,77.0,0.0,0.0,77.0
0,6,VREP,0.5671254,0.606251,0.0,0.0,0.0,0.0,0.0,0.655,0.57,199.0,1.0,199.0,0.0,0.0,199.0,0.0,0.0,199.0
0,7,VREP,0.36230665,0.28588894,0.0,0.0,0.0,0.0,0.0,0.9926470588235294,0.9926470588235294,135.0,1.0,135.0,0.0,0.0,135.0,0.0,0.0,135.0
0,8,VREP,0.48413116,0.14008649,0.5033333333333333,0.46166666666666667,0.3516666666666667,0.041666666666666664,0.0,0.36833333333333335,0.43333333333333335,599.0,1.0,599.0,0.0,0.0,599.0,0.0,0.0,599.0
0,9,VREP,0.83731455,0.5801988,0.2702205882352941,0.37683823529411764,0.46875,0.5661764705882353,0.5496323529411765,0.06985294117647059,0.10294117647058823,543.0,1.0,543.0,0.0,0.0,543.0,0.0,0.0,543.0
0,10,VREP,0.22610007,0.29395032,0.0,0.0,0.0,0.0,0.0,0.9905660377358491,0.9905660377358491,105.0,1.0,105.0,0.0,0.0,105.0,0.0,0.0,105.0
0,11,VREP,0.6872167,0.31862268,0.0,0.0,0.0,0.0,0.0,0.255,0.41,199.0,1.0,199.0,0.0,0.0,199.0,0.0,0.0,199.0
0,12,VREP,0.41556033,0.28664356,0.0,0.0,0.0,0.0,0.0,0.993421052631579,0.993421052631579,151.0,1.0,151.0,0.0,0.0,151.0,0.0,0.0,151.0
0,13,VREP,0.80324745,0.6425582,0.0,0.41866028708133973,0.39473684210526316,0.3277511961722488,0.24401913875598086,0.09808612440191387,0.13636363636363635,417.0,1.0,417.0,0.0,0.0,417.0,0.0,0.0,417.0
0,14,VREP,0.7754478,0.65497303,0.42127659574468085,0.4340425531914894,0.37446808510638296,0.2936170212765957,0.19787234042553192,0.0851063829787234,0.1127659574468085,469.0,1.0,469.0,0.0,0.0,469.0,0.0,0.0,469.0
0,15,VREP,0.5536159,0.41761342,0.0,0.0,0.0,0.0,0.0,0.905,0.995,199.0,1.0,199.0,0.0,0.0,199.0,0.0,0.0,199.0
0,16,VREP,0.81206,0.7264009,0.4036697247706422,0.3348623853211009,0.22935779816513763,0.12385321100917432,0.0481651376146789,0.08486238532110092,0.10321100917431193,435.0,1.0,435.0,0.0,0.0,435.0,0.0,0.0,435.0
0,17,VREP,0.56081116,0.49854618,0.0,0.0,0.0,0.0,0.0,0.995,0.995,199.0,1.0,199.0,0.0,0.0,199.0,0.0,0.0,199.0
0,18,VREP,0.19370504,0.09866041,0.0,0.0,0.0,0.0,0.0,0.9864864864864865,0.9864864864864865,73.0,1.0,73.0,0.0,0.0,73.0,0.0,0.0,73.0
0,19,VREP,0.6437317,0.4540179,0.0,0.0,0.0,0.0,0.0,0.385,0.59,199.0,1.0,199.0,0.0,0.0,199.0,0.0,0.0,199.0
0,20,VREP,0.76528203,0.9020236,0.0,0.0,0.0,0.0,0.573170731707317,0.14227642276422764,0.11382113821138211,245.0,1.0,245.0,0.0,0.0,245.0,0.0,0.0,245.0
1,21,VREP,0.5604768,0.5595907,0.0,0.0,0.0,0.0,0.0,0.875,0.9,199.0,1.0,199.0,0.0,0.0,199.0,0.0,0.0,199.0
1,22,VREP,0.35414326,0.0381212,0.0,0.0,0.0,0.0,0.0,0.9861111111111112,0.9861111111111112,71.0,1.0,71.0,0.0,0.0,71.0,0.0,0.0,71.0
1,23,VREP,0.27748752,0.69988525,0.0,0.0,0.0,0.0,0.145,0.37,0.225,199.0,1.0,199.0,0.0,0.0,199.0,0.0,0.0,199.0
1,24,VREP,0.7766105,0.48148686,0.0,0.0,0.0,0.0,0.0,0.18,0.285,199.0,1.0,199.0,0.0,0.0,199.0,0.0,0.0,199.0
1,25,VREP,0.69190925,0.38850725,0.0,0.0,0.0,0.0,0.0,0.25,0.4,199.0,1.0,199.0,0.0,0.0,199.0,0.0,0.0,199.0
1,26,VREP,0.31333074,0.12714107,0.0,0.0,0.0,0.0,0.0,0.9868421052631579,0.9868421052631579,75.0,1.0,75.0,0.0,0.0,75.0,0.0,0.0,75.0
1,27,VREP,0.017541585,0.014920611,0.0,0.0,0.0,0.0,0.0,0.9814814814814815,0.9814814814814815,53.0,1.0,53.0,0.0,0.0,53.0,0.0,0.0,53.0
1,28,VREP,0.008553939,0.040431384,0.0,0.0,0.0,0.0,0.0,0.9811320754716981,0.9811320754716981,52.0,1.0,52.0,0.0,0.0,52.0,0.0,0.0,52.0
1,29,VREP,0.14643879,0.96921754,0.27,0.33,0.33,0.315,0.305,0.16,0.1,199.0,1.0,199.0,0.0,0.0,199.0,0.0,0.0,199.0
1,30,VREP,0.2829953,0.09138827,0.0,0.0,0.0,0.0,0.0,0.9861111111111112,0.9861111111111112,71.0,1.0,71.0,0.0,0.0,71.0,0.0,0.0,71.0
1,31,VREP,0.30507317,0.84944826,0.065,0.0,0.0,0.125,0.285,0.24,0.155,199.0,1.0,199.0,0.0,0.0,199.0,0.0,0.0,199.0
1,32,VREP,0.053658802,0.35763493,0.0,0.0,0.0,0.0,0.0,0.9855072463768116,0.9855072463768116,68.0,1.0,68.0,0.0,0.0,68.0,0.0,0.0,68.0
1,33,VREP,0.7795193,0.2803897,0.175,0.03,0.0,0.0,0.0,0.175,0.27,199.0,1.0,199.0,0.0,0.0,199.0,0.0,0.0,199.0
1,34,VREP,0.888804,0.1210334,0.31,0.305,0.315,0.285,0.2,0.115,0.175,199.0,1.0,199.0,0.0,0.0,199.0,0.0,0.0,199.0
1,35,VREP,0.8017703,0.63989943,0.012195121951219513,0.4097560975609756,0.4146341463414634,0.36097560975609755,0.2926829268292683,0.0951219512195122,0.13414634146341464,409.0,1.0,409.0,0.0,0.0,409.0,0.0,0.0,409.0
1,36,VREP,0.7947215,0.82057595,0.0,0.0,0.17615658362989323,0.14412811387900357,0.0,0.06405693950177936,0.05693950177935943,561.0,1.0,561.0,0.0,0.0,561.0,0.0,0.0,561.0
1,37,VREP,0.19576074,0.2922343,0.0,0.0,0.0,0.0,0.0,0.9895833333333334,0.9895833333333334,95.0,1.0,95.0,0.0,0.0,95.0,0.0,0.0,95.0
1,38,VREP,0.88520706,0.20454521,0.375,0.35,0.24,0.13,0.05,0.12,0.19,199.0,1.0,199.0,0.0,0.0,199.0,0.0,0.0,199.0
1,39,VREP,0.040202655,0.04306041,0.0,0.0,0.0,0.0,0.0,0.9827586206896551,0.9827586206896551,57.0,1.0,57.0,0.0,0.0,57.0,0.0,0.0,57.0
1,40,VREP,0.94973737,0.29648468,0.47,0.375,0.255,0.135,0.015,0.11,0.175,199.0,1.0,199.0,0.0,0.0,199.0,0.0,0.0,199.0
1,21,THYMIO,0.5451128,0.5430982,0.0,0.0,0.0,0.0,0.2612312811980033,0.0,0.0,601.0,1.0,601.0,0.0,0.0,601.0,0.0,0.0,601.0
1,22,THYMIO,0.37898323,0.031677928,0.0,0.0,0.13131313131313133,0.23232323232323232,0.40404040404040403,0.5050505050505051,0.5050505050505051,99.0,1.0,99.0,0.0,0.0,99.0,0.0,0.0,99.0
1,23,THYMIO,0.2679748,0.7429567,0.36605657237936773,0.47088186356073214,0.39933444259567386,0.4043261231281198,0.33943427620632277,0.10149750415973377,0.12312811980033278,601.0,1.0,601.0,0.0,0.0,601.0,0.0,0.0,601.0
1,24,THYMIO,0.6579736,0.4902915,0.08888888888888889,0.2111111111111111,0.5111111111111111,0.7555555555555555,0.9111111111111111,0.0,0.0,90.0,1.0,90.0,0.0,0.0,90.0,0.0,0.0,90.0
1,25,THYMIO,0.67219317,0.36675012,0.08051529790660225,0.2995169082125604,0.09017713365539452,0.14009661835748793,0.0322061191626409,0.0,0.0,621.0,1.0,621.0,0.0,0.0,621.0,0.0,0.0,621.0
1,26,THYMIO,0.24884816,0.11447451,0.0,0.0,0.0,0.0,0.0,0.46938775510204084,0.5918367346938775,49.0,1.0,49.0,0.0,0.0,49.0,0.0,0.0,49.0
1,27,THYMIO,0.011271398,0.0114927385,0.0,0.0,0.0,0.0,0.0,1.0,1.0,28.0,1.0,28.0,0.0,0.0,28.0,0.0,0.0,28.0
1,28,THYMIO,0.012911812,0.019186808,0.0,0.0,0.0,0.0,0.0,1.0,1.0,28.0,1.0,28.0,0.0,0.0,28.0,0.0,0.0,28.0
1,29,THYMIO,0.22641398,0.95863986,0.576271186440678,0.8305084745762712,0.7288135593220338,0.6949152542372882,0.5932203389830508,0.2033898305084746,0.11864406779661017,59.0,1.0,59.0,0.0,0.0,59.0,0.0,0.0,59.0
1,30,THYMIO,0.30033827,0.10078984,0.0,0.0,0.0,0.0,0.0,1.0,1.0,43.0,1.0,43.0,0.0,0.0,43.0,0.0,0.0,43.0
1,31,THYMIO,0.30316678,0.8535987,0.24920127795527156,0.4968051118210863,0.4009584664536741,0.4744408945686901,0.35303514376996803,0.08466453674121406,0.09105431309904154,626.0,1.0,626.0,0.0,0.0,626.0,0.0,0.0,626.0
1,32,THYMIO,0.04192761,0.3659124,0.0,0.0,0.0,0.0,0.0,0.9285714285714286,0.30952380952380953,42.0,1.0,42.0,0.0,0.0,42.0,0.0,0.0,42.0
1,33,THYMIO,0.8078746,0.25400433,0.34415584415584416,0.5438311688311688,0.3847402597402597,0.44155844155844154,0.2597402597402597,0.17207792207792208,0.1737012987012987,616.0,1.0,616.0,0.0,0.0,616.0,0.0,0.0,616.0
1,34,THYMIO,0.84527826,0.16690622,0.4192495921696574,0.5171288743882545,0.5024469820554649,0.5024469820554649,0.42414355628058725,0.0766721044045677,0.09951060358890701,613.0,1.0,613.0,0.0,0.0,613.0,0.0,0.0,613.0
1,35,THYMIO,0.790698,0.6958915,0.0,0.2222222222222222,0.36363636363636365,0.494949494949495,0.5252525252525253,0.06060606060606061,0.08080808080808081,99.0,1.0,99.0,0.0,0.0,99.0,0.0,0.0,99.0
1,36,THYMIO,0.8024317,0.72690266,0.6161290322580645,0.6274193548387097,0.5903225806451613,0.5903225806451613,0.6387096774193548,0.0,0.0,209.0,0.3265625,640.0,0.0,0.0,640.0,431.0,0.6734375,640.0
1,37,THYMIO,0.22879055,0.27713862,0.0,0.0,0.0,0.0,0.0,0.5857142857142857,0.6428571428571429,70.0,1.0,70.0,0.0,0.0,70.0,0.0,0.0,70.0
1,38,THYMIO,0.8815443,0.18522178,0.3667205169628433,0.4668820678513732,0.39418416801292405,0.4410339256865913,0.3344103392568659,0.07592891760904685,0.10016155088852989,619.0,1.0,619.0,0.0,0.0,619.0,0.0,0.0,619.0
1,39,THYMIO,0.040770672,0.04450689,0.0,0.0,0.0,0.0,0.0,0.8823529411764706,0.9117647058823529,34.0,1.0,34.0,0.0,0.0,34.0,0.0,0.0,34.0
1,40,THYMIO,0.85178715,0.42936522,0.5172413793103449,0.7011494252873564,0.6091954022988506,0.6666666666666666,0.45977011494252873,0.05747126436781609,0.09195402298850575,87.0,1.0,87.0,0.0,0.0,87.0,0.0,0.0,87.0
2,41,VREP,0.5657137,0.21374764,0.515,0.495,0.4633333333333333,0.44333333333333336,0.3416666666666667,0.42833333333333334,0.5066666666666667,599.0,1.0,599.0,0.0,0.0,599.0,0.0,0.0,599.0
2,42,VREP,0.00061404606,0.2151728,0.0,0.0,0.0,0.0,0.0,0.9811320754716981,0.9811320754716981,52.0,1.0,52.0,0.0,0.0,52.0,0.0,0.0,52.0
2,43,VREP,0.035083257,0.6426535,0.0,0.0,0.08,0.315,0.4,0.21,0.13,199.0,1.0,199.0,0.0,0.0,199.0,0.0,0.0,199.0
2,44,VREP,0.21482208,0.5999125,0.0,0.0,0.0,0.0,0.185,0.42,0.26,199.0,1.0,199.0,0.0,0.0,199.0,0.0,0.0,199.0
2,45,VREP,0.45531526,0.3241627,0.0,0.0,0.0,0.0,0.0,0.9941860465116279,0.9941860465116279,171.0,1.0,171.0,0.0,0.0,171.0,0.0,0.0,171.0
2,46,VREP,0.9866596,0.8169497,0.44782608695652176,0.391304347826087,0.30434782608695654,0.20869565217391303,0.11739130434782609,0.08695652173913043,0.10434782608695652,229.0,1.0,229.0,0.0,0.0,229.0,0.0,0.0,229.0
2,47,VREP,0.6439822,0.4101302,0.0,0.0,0.0,0.0,0.0,0.465,0.67,199.0,1.0,199.0,0.0,0.0,199.0,0.0,0.0,199.0
2,48,VREP,0.3148051,0.037167143,0.0,0.0,0.0,0.0,0.0,0.9833333333333333,0.9833333333333333,59.0,1.0,59.0,0.0,0.0,59.0,0.0,0.0,59.0
2,49,VREP,0.87396973,0.25796467,0.39,0.285,0.15,0.025,0.0,0.135,0.205,199.0,1.0,199.0,0.0,0.0,199.0,0.0,0.0,199.0
2,50,VREP,0.04621736,0.11877095,0.0,0.0,0.0,0.0,0.0,0.9830508474576272,0.9830508474576272,58.0,1.0,58.0,0.0,0.0,58.0,0.0,0.0,58.0
2,51,VREP,0.0040422846,0.024515467,0.0,0.0,0.0,0.0,0.0,0.9811320754716981,0.9811320754716981,52.0,1.0,52.0,0.0,0.0,52.0,0.0,0.0,52.0
2,52,VREP,0.005246552,0.067787044,0.0,0.0,0.0,0.0,0.0,0.9814814814814815,0.9814814814814815,53.0,1.0,53.0,0.0,0.0,53.0,0.0,0.0,53.0
2,53,VREP,0.54901195,0.52320457,0.0,0.0,0.0,0.0,0.0,0.995,0.995,199.0,1.0,199.0,0.0,0.0,199.0,0.0,0.0,199.0
2,54,VREP,0.9824762,0.14174582,0.285,0.285,0.295,0.315,0.275,0.095,0.15,199.0,1.0,199.0,0.0,0.0,199.0,0.0,0.0,199.0
2,55,VREP,0.66513485,0.9489169,0.14832535885167464,0.2727272727272727,0.47368421052631576,0.5741626794258373,0.6602870813397129,0.1674641148325359,0.11483253588516747,208.0,1.0,208.0,0.0,0.0,208.0,0.0,0.0,208.0
2,56,VREP,0.9993515,0.94821805,0.3271604938271605,0.22839506172839505,0.08641975308641975,0.0,0.0,0.05555555555555555,0.05864197530864197,323.0,1.0,323.0,0.0,0.0,323.0,0.0,0.0,323.0
2,57,VREP,0.014773666,0.31008497,0.0,0.0,0.0,0.0,0.0,0.9827586206896551,0.9827586206896551,57.0,1.0,57.0,0.0,0.0,57.0,0.0,0.0,57.0
2,58,VREP,0.016992478,0.039372645,0.0,0.0,0.0,0.0,0.0,0.9818181818181818,0.9818181818181818,54.0,1.0,54.0,0.0,0.0,54.0,0.0,0.0,54.0
2,59,VREP,0.99257416,0.033042245,0.255,0.245,0.24,0.245,0.265,0.09,0.14,199.0,1.0,199.0,0.0,0.0,199.0,0.0,0.0,199.0
2,60,VREP,0.45782393,0.8127442,0.02,0.1,0.19,0.0,0.0,0.275,0.18,199.0,1.0,199.0,0.0,0.0,199.0,0.0,0.0,199.0
2,41,THYMIO,0.56942344,0.22521026,0.056074766355140186,0.3317757009345794,0.21339563862928349,0.3068535825545171,0.23208722741433022,0.0,0.021806853582554516,642.0,1.0,642.0,0.0,0.0,642.0,0.0,0.0,642.0
2,43,THYMIO,0.03939007,0.60348845,0.3297045101088647,0.45878693623639194,0.24416796267496113,0.2534992223950233,0.02177293934681182,0.012441679626749611,0.01088646967340591,643.0,1.0,643.0,0.0,0.0,643.0,0.0,0.0,643.0
2,44,THYMIO,0.19105466,0.5453022,0.31369426751592355,0.40605095541401276,0.18949044585987262,0.14012738853503184,0.0,0.027070063694267517,0.01751592356687898,628.0,1.0,628.0,0.0,0.0,628.0,0.0,0.0,628.0
2,46,THYMIO,0.98213696,0.87330717,0.0,0.0379746835443038,0.16455696202531644,0.34177215189873417,0.46835443037974683,0.0,0.0,79.0,1.0,79.0,0.0,0.0,79.0,0.0,0.0,79.0
2,56,THYMIO,0.9993176,0.9468108,0.23577235772357724,0.3008130081300813,0.2682926829268293,0.2764227642276423,0.37398373983739835,0.0,0.0,123.0,1.0,123.0,0.0,0.0,123.0,0.0,0.0,123.0
2,60,THYMIO,0.5010962,0.8104452,0.1324376199616123,0.4145873320537428,0.4472168905950096,0.6161228406909789,0.5758157389635317,0.019193857965451054,0.044145873320537425,521.0,1.0,521.0,0.0,0.0,521.0,0.0,0.0,521.0
3,61,VREP,0.12017542,0.41321215,0.0,0.0,0.02867383512544803,0.33691756272401435,0.5483870967741935,0.8494623655913979,0.7204301075268817,278.0,1.0,278.0,0.0,0.0,278.0,0.0,0.0,278.0
3,62,VREP,0.64492357,0.69145226,0.0,0.0,0.0,0.0,0.0,0.0507910074937552,0.03913405495420483,1009.0,0.7322206095791002,1378.0,369.0,0.2677793904208999,1378.0,0.0,0.0,1378.0
3,63,VREP,0.012310988,0.13450113,0.0,0.0,0.0,0.0,0.0,0.9818181818181818,0.9818181818181818,54.0,1.0,54.0,0.0,0.0,54.0,0.0,0.0,54.0
3,64,VREP,0.980599,0.7376815,0.4057507987220447,0.4281150159744409,0.34824281150159747,0.2747603833865815,0.2108626198083067,0.06389776357827476,0.07028753993610223,312.0,1.0,312.0,0.0,0.0,312.0,0.0,0.0,312.0
3,65,VREP,0.96347827,0.7173182,0.2679245283018868,0.4716981132075472,0.4339622641509434,0.3584905660377358,0.2943396226415094,0.07924528301886792,0.1018867924528302,264.0,1.0,264.0,0.0,0.0,264.0,0.0,0.0,264.0
3,66,VREP,0.988126,0.6280941,0.2946708463949843,0.3448275862068966,0.36990595611285265,0.49843260188087773,0.5109717868338558,0.06896551724137931,0.10344827586206896,318.0,1.0,318.0,0.0,0.0,318.0,0.0,0.0,318.0
3,67,VREP,0.999073,0.9437087,0.3025936599423631,0.21037463976945245,0.09510086455331412,0.0,0.0,0.05187319884726225,0.05475504322766571,346.0,1.0,346.0,0.0,0.0,346.0,0.0,0.0,346.0
3,68,VREP,0.8087749,0.27293733,0.245,0.12,0.0,0.0,0.0,0.175,0.265,199.0,1.0,199.0,0.0,0.0,199.0,0.0,0.0,199.0
3,69,VREP,0.82707983,0.9946028,0.0,0.0,0.0,0.0,0.5875706214689266,0.14124293785310735,0.11299435028248588,176.0,1.0,176.0,0.0,0.0,176.0,0.0,0.0,176.0
3,70,VREP,0.65944046,0.28424096,0.09,0.0,0.0,0.0,0.0,0.32,0.46,199.0,1.0,199.0,0.0,0.0,199.0,0.0,0.0,199.0
3,71,VREP,0.07154072,0.02444428,0.0,0.0,0.0,0.0,0.0,0.9827586206896551,0.9827586206896551,57.0,1.0,57.0,0.0,0.0,57.0,0.0,0.0,57.0
3,72,VREP,0.91637087,0.9989961,0.009375,0.08125,0.225,0.0,0.0,0.0625,0.059375,319.0,1.0,319.0,0.0,0.0,319.0,0.0,0.0,319.0
3,73,VREP,0.8220988,0.7313531,0.4065934065934066,0.3252747252747253,0.23736263736263735,0.14285714285714285,0.06813186813186813,0.07032967032967033,0.08351648351648351,454.0,1.0,454.0,0.0,0.0,454.0,0.0,0.0,454.0
3,74,VREP,0.88390213,0.9485796,0.02185792349726776,0.16666666666666666,0.23497267759562843,0.0,0.0,0.06557377049180328,0.060109289617486336,365.0,0.9554973821989529,382.0,17.0,0.04450261780104712,382.0,0.0,0.0,382.0
3,75,VREP,0.73630506,0.0773689,0.32,0.28,0.23,0.105,0.0,0.14,0.215,199.0,1.0,199.0,0.0,0.0,199.0,0.0,0.0,199.0
3,76,VREP,0.96557516,0.9865426,0.09902370990237098,0.10320781032078104,0.08786610878661087,0.04741980474198047,0.0,0.02510460251046025,0.02510460251046025,558.0,0.7218628719275549,773.0,0.0,0.0,773.0,215.0,0.278137128072445,773.0
3,77,VREP,0.81446934,0.9547739,0.0,0.0,0.0,0.0,0.5668449197860963,0.1657754010695187,0.12834224598930483,186.0,1.0,186.0,0.0,0.0,186.0,0.0,0.0,186.0
3,78,VREP,0.0037621292,0.030091863,0.0,0.0,0.0,0.0,0.0,0.9811320754716981,0.9811320754716981,52.0,1.0,52.0,0.0,0.0,52.0,0.0,0.0,52.0
3,79,VREP,0.17376694,0.12072226,0.0,0.0,0.0,0.0,0.0,0.9871794871794872,0.9871794871794872,77.0,1.0,77.0,0.0,0.0,77.0,0.0,0.0,77.0
3,80,VREP,0.9092834,0.98128927,0.017964071856287425,0.1317365269461078,0.18862275449101795,0.0,0.0,0.06287425149700598,0.059880239520958084,333.0,0.9652173913043478,345.0,12.0,0.034782608695652174,345.0,0.0,0.0,345.0
3,61,THYMIO,0.14643641,0.40625706,0.8048780487804879,0.5609756097560976,0.0,0.0,0.0,0.8536585365853658,0.14634146341463414,41.0,1.0,41.0,0.0,0.0,41.0,0.0,0.0,41.0
3,67,THYMIO,0.99869823,0.96011865,0.009615384615384616,0.10576923076923077,0.0673076923076923,0.18269230769230768,0.3942307692307692,0.057692307692307696,0.057692307692307696,104.0,1.0,104.0,0.0,0.0,104.0,0.0,0.0,104.0
3,72,THYMIO,0.7101174,0.9992225,0.7546218487394958,0.7243697478991596,0.7126050420168067,0.7075630252100841,0.7109243697478992,0.0,0.0,150.0,0.24429967426710097,614.0,0.0,0.0,614.0,464.0,0.755700325732899,614.0
3,74,THYMIO,0.8518834,0.8070648,0.5449101796407185,0.844311377245509,0.4431137724550898,0.023952095808383235,0.0,0.0,0.0,334.0,1.0,334.0,0.0,0.0,334.0,0.0,0.0,334.0
3,76,THYMIO,0.96843624,0.9861205,0.0,0.0,0.0,0.0,0.22448979591836735,0.0,0.0,98.0,1.0,98.0,0.0,0.0,98.0,0.0,0.0,98.0
3,80,THYMIO,0.9368513,0.9931106,0.0,0.9157303370786517,0.898876404494382,0.8726591760299626,0.0,0.0,0.0,534.0,1.0,534.0,0.0,0.0,534.0,0.0,0.0,534.0
4,81,VREP,0.112644546,0.9690905,0.275,0.295,0.28,0.27,0.28,0.155,0.1,199.0,1.0,199.0,0.0,0.0,199.0,0.0,0.0,199.0
4,82,VREP,0.58084935,0.5486214,0.8526228143213989,0.8384679433805162,0.8126561199000832,0.7660283097418817,0.0,0.02331390507910075,0.02997502081598668,1200.0,1.0,1200.0,0.0,0.0,1200.0,0.0,0.0,1200.0
4,83,VREP,0.5378191,0.9954262,0.6666666666666666,0.6885245901639344,0.6338797814207651,0.453551912568306,0.23497267759562843,0.2540983606557377,0.33879781420765026,365.0,1.0,365.0,0.0,0.0,365.0,0.0,0.0,365.0
4,84,VREP,0.99924445,0.9536768,0.32326283987915405,0.22356495468277945,0.07854984894259819,0.0,0.0,0.054380664652567974,0.05740181268882175,330.0,1.0,330.0,0.0,0.0,330.0,0.0,0.0,330.0
4,85,VREP,0.93687797,0.76355124,0.41735537190082644,0.4090909090909091,0.34297520661157027,0.2603305785123967,0.17355371900826447,0.09504132231404959,0.128099173553719,241.0,1.0,241.0,0.0,0.0,241.0,0.0,0.0,241.0
4,86,VREP,0.9959115,0.9764756,0.282560706401766,0.17660044150110377,0.10375275938189846,0.1280353200883002,0.11699779249448124,0.039735099337748346,0.04194260485651214,452.0,1.0,452.0,0.0,0.0,452.0,0.0,0.0,452.0
4,87,VREP,0.30879188,0.020640146,0.0,0.0,0.0,0.0,0.0,0.9841269841269841,0.9841269841269841,62.0,1.0,62.0,0.0,0.0,62.0,0.0,0.0,62.0
4,88,VREP,0.22921246,0.293583,0.0,0.0,0.0,0.0,0.0,0.9907407407407407,0.9907407407407407,107.0,1.0,107.0,0.0,0.0,107.0,0.0,0.0,107.0
4,89,VREP,0.11389469,0.18847553,0.0,0.0,0.0,0.0,0.0,0.9871794871794872,0.9871794871794872,77.0,1.0,77.0,0.0,0.0,77.0,0.0,0.0,77.0
4,90,VREP,0.7253256,0.63244295,0.30308076602830974,0.25228975853455454,0.18817651956702747,0.15487094088259784,0.18318068276436303,0.038301415487094086,0.03913405495420483,1200.0,1.0,1200.0,0.0,0.0,1200.0,0.0,0.0,1200.0
4,91,VREP,0.103324234,0.08552373,0.0,0.0,0.0,0.0,0.0,0.9857142857142858,0.9857142857142858,69.0,1.0,69.0,0.0,0.0,69.0,0.0,0.0,69.0
4,92,VREP,0.9755805,0.9166315,0.31750741839762614,0.22551928783382788,0.10979228486646884,0.0,0.0,0.05637982195845697,0.05934718100890208,336.0,1.0,336.0,0.0,0.0,336.0,0.0,0.0,336.0
4,93,VREP,0.95743287,0.96814686,0.12016293279022404,0.1079429735234216,0.0,0.0,0.0,0.03665987780040733,0.038696537678207736,490.0,1.0,490.0,0.0,0.0,490.0,0.0,0.0,490.0
4,94,VREP,0.97856265,0.97648865,0.22151898734177214,0.10337552742616034,0.14135021097046413,0.15822784810126583,0.14345991561181434,0.0379746835443038,0.0379746835443038,473.0,1.0,473.0,0.0,0.0,473.0,0.0,0.0,473.0
4,95,VREP,0.35464755,0.97682685,0.455,0.4075,0.315,0.175,0.1625,0.1575,0.2875,399.0,1.0,399.0,0.0,0.0,399.0,0.0,0.0,399.0
4,96,VREP,0.9937818,0.88203084,0.3892857142857143,0.30357142857142855,0.18928571428571428,0.08571428571428572,0.0,0.06785714285714285,0.075,279.0,1.0,279.0,0.0,0.0,279.0,0.0,0.0,279.0
4,97,VREP,0.8238792,0.57846385,0.0,0.1375,0.1925,0.35375,0.44875,0.22,0.1625,799.0,1.0,799.0,0.0,0.0,799.0,0.0,0.0,799.0
4,98,VREP,0.68078434,0.95536894,0.11055276381909548,0.24120603015075376,0.44221105527638194,0.5778894472361809,0.6633165829145728,0.1658291457286432,0.11557788944723618,198.0,1.0,198.0,0.0,0.0,198.0,0.0,0.0,198.0
4,99,VREP,0.299423,0.9750691,0.345,0.315,0.2,0.31,0.365,0.175,0.11,199.0,1.0,199.0,0.0,0.0,199.0,0.0,0.0,199.0
4,100,VREP,0.6577304,0.00032703136,0.345,0.275,0.1075,0.0,0.0,0.165,0.2675,399.0,1.0,399.0,0.0,0.0,399.0,0.0,0.0,399.0
4,82,THYMIO,0.5360526,0.52139235,0.0,0.625,0.8828125,0.8984375,0.91796875,0.0,0.0,512.0,1.0,512.0,0.0,0.0,512.0,0.0,0.0,512.0
4,83,THYMIO,0.70587087,0.9715779,0.9131274131274131,0.9478764478764479,0.9478764478764479,0.9382239382239382,0.9247104247104247,0.0,0.0,518.0,1.0,518.0,0.0,0.0,518.0,0.0,0.0,518.0
4,100,THYMIO,0.64341563,0.00029061415,0.0,0.2176360225140713,0.07317073170731707,0.1575984990619137,0.07129455909943715,0.0,0.0,533.0,1.0,533.0,0.0,0.0,533.0,0.0,0.0,533.0
5,101,VREP,0.57359093,0.8635955,0.5859030837004405,0.6299559471365639,0.6475770925110133,0.5242290748898678,0.394273127753304,0.10572687224669604,0.06828193832599119,453.0,1.0,453.0,0.0,0.0,453.0,0.0,0.0,453.0
5,102,VREP,0.8684088,0.99101394,0.16994633273703041,0.16994633273703041,0.10912343470483005,0.0,0.0,0.04114490161001789,0.03577817531305903,318.0,0.5145631067961165,618.0,300.0,0.4854368932038835,618.0,0.0,0.0,618.0
5,103,VREP,0.9768323,0.34815627,0.35,0.255,0.14,0.04,0.0,0.115,0.18,199.0,1.0,199.0,0.0,0.0,199.0,0.0,0.0,199.0
5,104,VREP,0.98045295,0.43739277,0.135,0.1625,0.18,0.2375,0.4,0.1025,0.085,399.0,1.0,399.0,0.0,0.0,399.0,0.0,0.0,399.0
5,105,VREP,0.047060695,0.04393231,0.0,0.0,0.0,0.0,0.0,0.9833333333333333,0.9833333333333333,59.0,1.0,59.0,0.0,0.0,59.0,0.0,0.0,59.0
5,106,VREP,0.97670096,0.0068476503,0.25,0.245,0.24,0.25,0.265,0.095,0.145,199.0,1.0,199.0,0.0,0.0,199.0,0.0,0.0,199.0
5,107,VREP,0.9289587,0.51518285,0.11833333333333333,0.15666666666666668,0.225,0.415,0.5016666666666667,0.3016666666666667,0.17,599.0,1.0,599.0,0.0,0.0,599.0,0.0,0.0,599.0
5,108,VREP,0.012466152,0.013801527,0.0,0.0,0.0,0.0,0.0,0.9818181818181818,0.9818181818181818,54.0,1.0,54.0,0.0,0.0,54.0,0.0,0.0,54.0
5,109,VREP,0.99232775,0.99674666,0.09438202247191012,0.1258426966292135,0.06741573033707865,0.0,0.0,0.04044943820224719,0.038202247191011236,444.0,1.0,444.0,0.0,0.0,444.0,0.0,0.0,444.0
5,110,VREP,0.24011092,0.13558772,0.0,0.0,0.0,0.0,0.0,0.9875,0.9875,79.0,1.0,79.0,0.0,0.0,79.0,0.0,0.0,79.0
5,111,VREP,0.00046433412,0.9710301,0.27,0.26,0.25,0.25,0.26,0.145,0.09,199.0,1.0,199.0,0.0,0.0,199.0,0.0,0.0,199.0
5,112,VREP,0.9746658,0.98977774,0.1676300578034682,0.09826589595375723,0.09393063583815028,0.06791907514450866,0.02601156069364162,0.02601156069364162,0.02601156069364162,539.0,0.7254374158815612,743.0,0.0,0.0,743.0,204.0,0.27456258411843876,743.0
5,113,VREP,0.9846289,0.49279758,0.105,0.145,0.185,0.39,0.475,0.1825,0.0825,399.0,1.0,399.0,0.0,0.0,399.0,0.0,0.0,399.0
5,114,VREP,0.0323588,0.2707624,0.0,0.0,0.0,0.0,0.0,0.984375,0.984375,63.0,1.0,63.0,0.0,0.0,63.0,0.0,0.0,63.0
5,115,VREP,0.8017387,0.9347634,0.0,0.0,0.0,0.0,0.367816091954023,0.10344827586206896,0.08812260536398467,260.0,1.0,260.0,0.0,0.0,260.0,0.0,0.0,260.0
5,116,VREP,0.011862538,0.0252481,0.0,0.0,0.0,0.0,0.0,0.9818181818181818,0.9818181818181818,54.0,1.0,54.0,0.0,0.0,54.0,0.0,0.0,54.0
5,117,VREP,0.31020898,0.0054575484,0.0,0.0,0.0,0.0,0.0,0.9830508474576272,0.9830508474576272,58.0,1.0,58.0,0.0,0.0,58.0,0.0,0.0,58.0
5,118,VREP,0.99286157,0.8962757,0.3772893772893773,0.2967032967032967,0.1794871794871795,0.06227106227106227,0.0,0.0695970695970696,0.07692307692307693,272.0,1.0,272.0,0.0,0.0,272.0,0.0,0.0,272.0
5,119,VREP,0.7189648,0.49704498,0.0,0.0,0.0,0.0,0.0,0.255,0.4,199.0,1.0,199.0,0.0,0.0,199.0,0.0,0.0,199.0
5,120,VREP,0.016736362,0.012450951,0.0,0.0,0.0,0.0,0.0,0.9818181818181818,0.9818181818181818,54.0,1.0,54.0,0.0,0.0,54.0,0.0,0.0,54.0
5,101,THYMIO,0.7839095,0.90535885,0.875,0.08928571428571429,0.0,0.0,0.0,0.07142857142857142,0.08928571428571429,56.0,1.0,56.0,0.0,0.0,56.0,0.0,0.0,56.0
5,102,THYMIO,0.8919226,0.9893508,0.0,0.06153846153846154,0.23076923076923078,0.2923076923076923,0.15384615384615385,0.0,0.0,65.0,1.0,65.0,0.0,0.0,65.0,0.0,0.0,65.0
5,119,THYMIO,0.52618074,0.49664998,0.0,0.0392156862745098,0.8851540616246498,0.907563025210084,0.07563025210084033,0.0,0.0,357.0,1.0,357.0,0.0,0.0,357.0,0.0,0.0,357.0
6,121,VREP,0.9997216,0.9709452,0.2794871794871795,0.18717948717948718,0.041025641025641026,0.0,0.0,0.046153846153846156,0.046153846153846156,389.0,1.0,389.0,0.0,0.0,389.0,0.0,0.0,389.0
6,122,VREP,0.18903911,0.0027074728,0.0,0.0,0.0,0.0,0.0,0.9811320754716981,0.9811320754716981,52.0,1.0,52.0,0.0,0.0,52.0,0.0,0.0,52.0
6,123,VREP,0.9768914,0.78226876,0.4507042253521127,0.3873239436619718,0.3028169014084507,0.22887323943661972,0.16901408450704225,0.07042253521126761,0.07746478873239436,283.0,1.0,283.0,0.0,0.0,283.0,0.0,0.0,283.0
6,124,VREP,0.98241574,0.9998956,0.13569321533923304,0.10176991150442478,0.09144542772861357,0.058997050147492625,0.011799410029498525,0.025073746312684365,0.025073746312684365,527.0,0.7239010989010989,728.0,0.0,0.0,728.0,201.0,0.2760989010989011,728.0
6,125,VREP,0.9169167,0.99698067,0.16519174041297935,0.26253687315634217,0.09734513274336283,0.0,0.0,0.05604719764011799,0.05309734513274336,338.0,0.8733850129198967,387.0,49.0,0.12661498708010335,387.0,0.0,0.0,387.0
6,126,VREP,0.8625986,0.02840678,0.28,0.265,0.27,0.295,0.29,0.105,0.165,199.0,1.0,199.0,0.0,0.0,199.0,0.0,0.0,199.0
6,127,VREP,0.194029,0.043813396,0.0,0.0,0.0,0.0,0.0,0.9836065573770492,0.9836065573770492,60.0,1.0,60.0,0.0,0.0,60.0,0.0,0.0,60.0
6,128,VREP,0.98509437,0.08596867,0.255,0.25,0.255,0.27,0.295,0.095,0.15,199.0,1.0,199.0,0.0,0.0,199.0,0.0,0.0,199.0
6,129,VREP,0.96611273,0.097657025,0.27,0.265,0.28,0.305,0.31,0.1,0.155,199.0,1.0,199.0,0.0,0.0,199.0,0.0,0.0,199.0
6,130,VREP,0.34184682,0.9381365,0.32,0.265,0.05,0.175,0.315,0.21,0.14,199.0,1.0,199.0,0.0,0.0,199.0,0.0,0.0,199.0
6,131,VREP,0.004041252,0.0035425713,0.0,0.0,0.0,0.0,0.0,0.9811320754716981,0.9811320754716981,52.0,1.0,52.0,0.0,0.0,52.0,0.0,0.0,52.0
6,132,VREP,0.9962759,0.9920108,0.06981981981981981,0.11486486486486487,0.1463963963963964,0.08333333333333333,0.0,0.038288288288288286,0.038288288288288286,443.0,1.0,443.0,0.0,0.0,443.0,0.0,0.0,443.0
6,133,VREP,0.0034646057,0.02631229,0.0,0.0,0.0,0.0,0.0,0.9811320754716981,0.9811320754716981,52.0,1.0,52.0,0.0,0.0,52.0,0.0,0.0,52.0
6,134,VREP,0.79221773,0.95700204,0.0,0.0,0.0,0.04285714285714286,0.580952380952381,0.12380952380952381,0.10476190476190476,209.0,1.0,209.0,0.0,0.0,209.0,0.0,0.0,209.0
6,135,VREP,0.8488303,0.9184123,0.05755395683453238,0.12949640287769784,0.2014388489208633,0.0,0.0,0.06474820143884892,0.05755395683453238,416.0,0.9696969696969697,429.0,13.0,0.030303030303030304,429.0,0.0,0.0,429.0
6,136,VREP,0.026433866,0.26013908,0.0,0.0,0.0,0.0,0.0,0.9836065573770492,0.9836065573770492,60.0,1.0,60.0,0.0,0.0,60.0,0.0,0.0,60.0
6,137,VREP,0.9888855,0.65147495,0.3689655172413793,0.32068965517241377,0.3275862068965517,0.5241379310344828,0.4827586206896552,0.07931034482758621,0.11724137931034483,289.0,1.0,289.0,0.0,0.0,289.0,0.0,0.0,289.0
6,138,VREP,0.9930668,0.5260829,0.057,0.134,0.185,0.336,0.41,0.215,0.185,999.0,1.0,999.0,0.0,0.0,999.0,0.0,0.0,999.0
6,139,VREP,0.5249639,0.99882346,0.585,0.5375,0.415,0.3425,0.1175,0.25,0.2825,399.0,1.0,399.0,0.0,0.0,399.0,0.0,0.0,399.0
6,140,VREP,0.14396654,0.011456838,0.0,0.0,0.0,0.0,0.0,0.9824561403508771,0.9824561403508771,56.0,1.0,56.0,0.0,0.0,56.0,0.0,0.0,56.0
6,130,THYMIO,0.53154516,0.9275053,0.5692307692307692,0.7846153846153846,0.7076923076923077,0.6461538461538462,0.5384615384615384,0.0,0.0,65.0,1.0,65.0,0.0,0.0,65.0,0.0,0.0,65.0
6,139,THYMIO,0.6899524,0.9993418,0.6739130434782609,0.13043478260869565,0.0,0.0,0.0,0.0,0.0,46.0,1.0,46.0,0.0,0.0,46.0,0.0,0.0,46.0
7,141,VREP,0.96919817,0.99947715,0.19326500732064422,0.15226939970717424,0.10834553440702782,0.08052708638360176,0.0,0.02635431918008785,0.02635431918008785,524.0,0.7168262653898769,731.0,0.0,0.0,731.0,207.0,0.28317373461012313,731.0
7,142,VREP,0.00096572377,0.9637906,0.27,0.265,0.26,0.265,0.275,0.16,0.105,199.0,1.0,199.0,0.0,0.0,199.0,0.0,0.0,199.0
7,143,VREP,0.0072100926,0.04448038,0.0,0.0,0.0,0.0,0.0,0.9814814814814815,0.9814814814814815,53.0,1.0,53.0,0.0,0.0,53.0,0.0,0.0,53.0
7,144,VREP,0.1395249,0.13305041,0.0,0.0,0.0,0.0,0.0,0.9879518072289156,0.9879518072289156,82.0,1.0,82.0,0.0,0.0,82.0,0.0,0.0,82.0
7,145,VREP,0.98894763,0.5084988,0.1,0.135,0.18,0.245,0.3416666666666667,0.21166666666666667,0.21166666666666667,599.0,1.0,599.0,0.0,0.0,599.0,0.0,0.0,599.0
7,146,VREP,0.694063,0.95489466,0.016129032258064516,0.1989247311827957,0.44623655913978494,0.5483870967741935,0.6451612903225806,0.1827956989247312,0.12365591397849462,185.0,1.0,185.0,0.0,0.0,185.0,0.0,0.0,185.0
7,147,VREP,0.9100099,0.99795026,0.5100917431192661,0.47706422018348627,0.12477064220183487,0.10642201834862386,0.05688073394495413,0.03853211009174312,0.03486238532110092,351.0,0.5707317073170731,615.0,264.0,0.4292682926829268,615.0,0.0,0.0,615.0
7,148,VREP,0.9825087,0.30902553,0.23,0.3,0.215,0.135,0.05,0.115,0.17,199.0,1.0,199.0,0.0,0.0,199.0,0.0,0.0,199.0
7,149,VREP,0.1741757,0.19677365,0.0,0.0,0.0,0.0,0.0,0.9896907216494846,0.9896907216494846,96.0,1.0,96.0,0.0,0.0,96.0,0.0,0.0,96.0
7,150,VREP,0.004128793,0.0041243443,0.0,0.0,0.0,0.0,0.0,0.9811320754716981,0.9811320754716981,52.0,1.0,52.0,0.0,0.0,52.0,0.0,0.0,52.0
7,151,VREP,0.0692078,0.053228382,0.0,0.0,0.0,0.0,0.0,0.9841269841269841,0.9841269841269841,62.0,1.0,62.0,0.0,0.0,62.0,0.0,0.0,62.0
7,152,VREP,0.7348985,0.10964469,0.35,0.3,0.195,0.055,0.0,0.155,0.24,199.0,1.0,199.0,0.0,0.0,199.0,0.0,0.0,199.0
7,153,VREP,0.9586237,0.9376185,0.14563106796116504,0.1145631067961165,0.16310679611650486,0.17281553398058253,0.15145631067961166,0.040776699029126215,0.038834951456310676,514.0,1.0,514.0,0.0,0.0,514.0,0.0,0.0,514.0
7,154,VREP,0.150245,0.9747137,0.285,0.34,0.31,0.28,0.29,0.155,0.1,199.0,1.0,199.0,0.0,0.0,199.0,0.0,0.0,199.0
7,155,VREP,0.9796993,0.98558635,0.11663066954643629,0.1447084233261339,0.0,0.0,0.0,0.038876889848812095,0.038876889848812095,462.0,1.0,462.0,0.0,0.0,462.0,0.0,0.0,462.0
7,156,VREP,0.85333705,0.89412856,0.0,0.0,0.14349775784753363,0.18385650224215247,0.05605381165919283,0.053811659192825115,0.053811659192825115,445.0,1.0,445.0,0.0,0.0,445.0,0.0,0.0,445.0
7,157,VREP,0.34031337,0.9878489,0.3825,0.325,0.2425,0.1375,0.125,0.275,0.335,399.0,1.0,399.0,0.0,0.0,399.0,0.0,0.0,399.0
7,158,VREP,0.99510103,0.9958474,0.083710407239819,0.12217194570135746,0.14705882352941177,0.0022624434389140274,0.0,0.04072398190045249,0.04072398190045249,441.0,1.0,441.0,0.0,0.0,441.0,0.0,0.0,441.0
7,159,VREP,0.99838334,0.99410266,0.06787330316742081,0.11085972850678733,0.1425339366515837,0.1425339366515837,0.020361990950226245,0.04072398190045249,0.04072398190045249,441.0,1.0,441.0,0.0,0.0,441.0,0.0,0.0,441.0
7,160,VREP,0.9982228,0.81979877,0.45,0.39545454545454545,0.3090909090909091,0.21363636363636362,0.11818181818181818,0.08636363636363636,0.10454545454545454,219.0,1.0,219.0,0.0,0.0,219.0,0.0,0.0,219.0
7,141,THYMIO,0.98047787,0.99972016,0.0,0.0,0.0,0.0,0.1485148514851485,0.0,0.0,101.0,1.0,101.0,0.0,0.0,101.0,0.0,0.0,101.0
7,145,THYMIO,0.9729164,0.5429578,0.43636363636363634,0.5636363636363636,0.6363636363636364,0.7090909090909091,0.4909090909090909,0.0,0.0,55.0,1.0,55.0,0.0,0.0,55.0,0.0,0.0,55.0
7,147,THYMIO,0.9027715,0.9968893,0.0,0.2753623188405797,0.2318840579710145,0.11594202898550725,0.0,0.0,0.0,69.0,1.0,69.0,0.0,0.0,69.0,0.0,0.0,69.0
7,157,THYMIO,0.3630567,0.98792815,0.0,0.19814814814814816,0.03148148148148148,0.19814814814814816,0.13703703703703704,0.0,0.0,540.0,1.0,540.0,0.0,0.0,540.0,0.0,0.0,540.0
8,161,VREP,0.76080287,0.9552097,0.0,0.0,0.0,0.39,0.605,0.145,0.11,199.0,1.0,199.0,0.0,0.0,199.0,0.0,0.0,199.0
8,162,VREP,0.10071995,0.87167495,0.195,0.26,0.275,0.285,0.315,0.17,0.11,199.0,1.0,199.0,0.0,0.0,199.0,0.0,0.0,199.0
8,163,VREP,0.05702799,0.05401692,0.0,0.0,0.0,0.0,0.0,0.9838709677419355,0.9838709677419355,61.0,1.0,61.0,0.0,0.0,61.0,0.0,0.0,61.0
8,164,VREP,0.0810802,0.02923762,0.0,0.0,0.0,0.0,0.0,0.9827586206896551,0.9827586206896551,57.0,1.0,57.0,0.0,0.0,57.0,0.0,0.0,57.0
8,165,VREP,0.99865216,0.9656924,0.2824427480916031,0.183206106870229,0.04580152671755725,0.0,0.0,0.04580152671755725,0.04834605597964377,392.0,1.0,392.0,0.0,0.0,392.0,0.0,0.0,392.0
8,166,VREP,0.9905098,0.061080597,0.255,0.245,0.245,0.26,0.28,0.095,0.145,199.0,1.0,199.0,0.0,0.0,199.0,0.0,0.0,199.0
8,167,VREP,0.6213231,0.11795102,0.455,0.33,0.125,0.0,0.0,0.415,0.61,199.0,1.0,199.0,0.0,0.0,199.0,0.0,0.0,199.0
8,168,VREP,0.89722925,0.96994334,0.11204481792717087,0.21008403361344538,0.13445378151260504,0.0,0.0,0.06442577030812324,0.058823529411764705,356.0,0.898989898989899,396.0,40.0,0.10101010101010101,396.0,0.0,0.0,396.0
8,169,VREP,0.8857909,0.7350943,0.46078431372549017,0.42810457516339867,0.34967320261437906,0.2581699346405229,0.16993464052287582,0.0784313725490196,0.10457516339869281,305.0,1.0,305.0,0.0,0.0,305.0,0.0,0.0,305.0
8,170,VREP,0.9662153,0.99973464,0.121251629726206,0.10299869621903521,0.05084745762711865,0.035202086049543675,0.17209908735332463,0.02346805736636245,0.02346805736636245,544.0,0.6415094339622641,848.0,0.0,0.0,848.0,304.0,0.3584905660377358,848.0
8,171,VREP,0.99040794,0.99712217,0.09865470852017937,0.13228699551569506,0.0,0.0,0.0,0.03811659192825112,0.03811659192825112,445.0,1.0,445.0,0.0,0.0,445.0,0.0,0.0,445.0
8,172,VREP,0.7819275,0.989691,0.0,0.0,0.0,0.4127906976744186,0.6104651162790697,0.1569767441860465,0.11627906976744186,171.0,1.0,171.0,0.0,0.0,171.0,0.0,0.0,171.0
8,173,VREP,0.0014551486,0.0027358467,0.0,0.0,0.0,0.0,0.0,0.9811320754716981,0.9811320754716981,52.0,1.0,52.0,0.0,0.0,52.0,0.0,0.0,52.0
8,174,VREP,0.1753812,0.012447022,0.0,0.0,0.0,0.0,0.0,0.9821428571428571,0.9821428571428571,55.0,1.0,55.0,0.0,0.0,55.0,0.0,0.0,55.0
8,175,VREP,0.36354294,0.6463377,0.0,0.0,0.0,0.0,0.0,0.38,0.23,199.0,1.0,199.0,0.0,0.0,199.0,0.0,0.0,199.0
8,176,VREP,0.00051285035,0.24791835,0.0,0.0,0.0,0.0,0.0,0.9821428571428571,0.9821428571428571,55.0,1.0,55.0,0.0,0.0,55.0,0.0,0.0,55.0
8,177,VREP,0.98659015,0.9860483,0.08351648351648351,0.12087912087912088,0.14505494505494507,0.06153846153846154,0.0,0.03956043956043956,0.03956043956043956,454.0,1.0,454.0,0.0,0.0,454.0,0.0,0.0,454.0
8,178,VREP,0.34637326,0.87384576,0.16,0.155,0.0,0.03,0.195,0.25,0.16,199.0,1.0,199.0,0.0,0.0,199.0,0.0,0.0,199.0
8,179,VREP,0.67202216,0.38172576,0.0,0.0,0.0,0.0,0.0,0.3,0.475,199.0,1.0,199.0,0.0,0.0,199.0,0.0,0.0,199.0
8,180,VREP,0.4952993,0.94375,0.5225,0.4525,0.3475,0.195,0.1675,0.1575,0.2325,399.0,1.0,399.0,0.0,0.0,399.0,0.0,0.0,399.0
8,167,THYMIO,0.5457358,0.07985675,0.0,0.0,0.0,0.0,0.0,0.803921568627451,0.5686274509803921,51.0,1.0,51.0,0.0,0.0,51.0,0.0,0.0,51.0
8,170,THYMIO,0.98326683,0.9999334,0.7397769516728625,0.7342007434944238,0.7509293680297398,0.7676579925650557,0.7639405204460966,0.0,0.0,120.0,0.21818181818181817,550.0,0.0,0.0,550.0,430.0,0.7818181818181819,550.0
8,175,THYMIO,0.35088634,0.5511282,0.2045028142589118,0.3320825515947467,0.0,0.0,0.0,0.0,0.0,533.0,1.0,533.0,0.0,0.0,533.0,0.0,0.0,533.0
8,179,THYMIO,0.7088321,0.37528694,0.11909262759924386,0.15122873345935728,0.13988657844990549,0.15879017013232513,0.13043478260869565,0.05103969754253308,0.0661625708884688,529.0,1.0,529.0,0.0,0.0,529.0,0.0,0.0,529.0
9,181,VREP,0.26846525,0.99701,0.355,0.27,0.365,0.435,0.4,0.15,0.095,199.0,1.0,199.0,0.0,0.0,199.0,0.0,0.0,199.0
9,182,VREP,0.9628169,0.9999377,0.06770833333333333,0.028645833333333332,0.06770833333333333,0.09765625,0.23828125,0.024739583333333332,0.0234375,536.0,0.6182237600922722,867.0,0.0,0.0,867.0,331.0,0.3817762399077278,867.0
9,183,VREP,0.99957746,0.78107095,0.47533632286995514,0.43946188340807174,0.3542600896860987,0.2600896860986547,0.16591928251121077,0.08520179372197309,0.10762331838565023,222.0,1.0,222.0,0.0,0.0,222.0,0.0,0.0,222.0
9,184,VREP,0.9656061,0.98018724,0.14425770308123248,0.09943977591036414,0.09243697478991597,0.06022408963585434,0.012605042016806723,0.02661064425770308,0.02661064425770308,556.0,0.7258485639686684,766.0,0.0,0.0,766.0,210.0,0.2741514360313316,766.0
9,185,VREP,0.981522,0.5453176,0.0,0.059,0.157,0.328,0.408,0.185,0.061,999.0,1.0,999.0,0.0,0.0,999.0,0.0,0.0,999.0
9,186,VREP,0.6806617,0.66309863,0.533721898417985,0.46794338051623646,0.19567027477102414,0.0,0.0,0.026644462947543714,0.0324729392173189,1200.0,1.0,1200.0,0.0,0.0,1200.0,0.0,0.0,1200.0
9,187,VREP,0.004157652,0.052627392,0.0,0.0,0.0,0.0,0.0,0.9811320754716981,0.9811320754716981,52.0,1.0,52.0,0.0,0.0,52.0,0.0,0.0,52.0
9,188,VREP,0.45624253,0.042652972,0.4467005076142132,0.29949238578680204,0.02030456852791878,0.0,0.0,0.883248730964467,0.9390862944162437,196.0,1.0,196.0,0.0,0.0,196.0,0.0,0.0,196.0
9,189,VREP,0.58353025,0.22628285,0.145,0.005,0.0,0.0,0.0,0.685,0.815,199.0,1.0,199.0,0.0,0.0,199.0,0.0,0.0,199.0
9,190,VREP,0.13075519,0.03351271,0.0,0.0,0.0,0.0,0.0,0.9830508474576272,0.9830508474576272,58.0,1.0,58.0,0.0,0.0,58.0,0.0,0.0,58.0
9,191,VREP,0.049334537,0.021035153,0.0,0.0,0.0,0.0,0.0,0.9824561403508771,0.9824561403508771,56.0,1.0,56.0,0.0,0.0,56.0,0.0,0.0,56.0
9,192,VREP,0.9317801,0.36325753,0.1675,0.165,0.1625,0.175,0.21,0.0675,0.1025,399.0,1.0,399.0,0.0,0.0,399.0,0.0,0.0,399.0
9,193,VREP,0.17673866,0.54626215,0.0,0.0,0.0,0.025,0.24,0.445,0.295,199.0,1.0,199.0,0.0,0.0,199.0,0.0,0.0,199.0
9,194,VREP,0.0044583236,0.010447733,0.0,0.0,0.0,0.0,0.0,0.9811320754716981,0.9811320754716981,52.0,1.0,52.0,0.0,0.0,52.0,0.0,0.0,52.0
9,195,VREP,0.17244776,0.8096466,0.025,0.1,0.215,0.365,0.435,0.25,0.165,199.0,1.0,199.0,0.0,0.0,199.0,0.0,0.0,199.0
9,196,VREP,0.3027985,0.77894944,0.0,0.0,0.0,0.0,0.21,0.265,0.16,199.0,1.0,199.0,0.0,0.0,199.0,0.0,0.0,199.0
9,197,VREP,0.8248291,0.9980772,0.0,0.0,0.0,0.0,0.5919540229885057,0.14942528735632185,0.11494252873563218,173.0,1.0,173.0,0.0,0.0,173.0,0.0,0.0,173.0
9,198,VREP,0.947161,0.999646,0.0,0.0,0.12297734627831715,0.1715210355987055,0.009708737864077669,0.05825242718446602,0.05825242718446602,308.0,1.0,308.0,0.0,0.0,308.0,0.0,0.0,308.0
9,199,VREP,0.7153742,0.44514763,0.0,0.0,0.0,0.0,0.0,0.26,0.405,199.0,1.0,199.0,0.0,0.0,199.0,0.0,0.0,199.0
9,200,VREP,0.9990503,0.7084895,0.0,0.3767441860465116,0.413953488372093,0.3581395348837209,0.2930232558139535,0.10232558139534884,0.14883720930232558,214.0,1.0,214.0,0.0,0.0,214.0,0.0,0.0,214.0
9,182,THYMIO,0.9831191,0.9999877,0.847457627118644,0.576271186440678,0.0,0.0,0.0,0.0,0.0,59.0,1.0,59.0,0.0,0.0,59.0,0.0,0.0,59.0
9,186,THYMIO,0.75425655,0.78738356,0.0,0.01098901098901099,0.0989010989010989,0.13736263736263737,0.14285714285714285,0.0,0.0,182.0,1.0,182.0,0.0,0.0,182.0,0.0,0.0,182.0
9,188,THYMIO,0.50266516,0.035459597,0.0,0.05415860735009671,0.0425531914893617,0.21663442940038685,0.20696324951644102,0.0,0.0,517.0,1.0,517.0,0.0,0.0,517.0,0.0,0.0,517.0
9,193,THYMIO,0.11727384,0.49222058,0.3587360594795539,0.44423791821561337,0.20631970260223048,0.16728624535315986,0.0,0.03903345724907063,0.03531598513011153,538.0,1.0,538.0,0.0,0.0,538.0,0.0,0.0,538.0
9,195,THYMIO,0.34025848,0.842463,0.5138888888888888,0.5833333333333334,0.5208333333333334,0.5694444444444444,0.4930555555555556,0.0763888888888889,0.10416666666666667,144.0,1.0,144.0,0.0,0.0,144.0,0.0,0.0,144.0
9,199,THYMIO,0.80094755,0.52988255,0.5058823529411764,0.5694117647058824,0.45176470588235296,0.4611764705882353,0.32235294117647056,0.042352941176470586,0.03764705882352941,425.0,1.0,425.0,0.0,0.0,425.0,0.0,0.0,425.0
10,201,VREP,0.9834753,0.9999158,0.142433234421365,0.09940652818991098,0.09347181008902077,0.06379821958456973,0.020771513353115726,0.026706231454005934,0.025222551928783383,524.0,0.7247579529737206,723.0,0.0,0.0,723.0,199.0,0.2752420470262794,723.0
10,202,VREP,0.84066427,0.20074536,0.34,0.305,0.175,0.06,0.0,0.135,0.21,199.0,1.0,199.0,0.0,0.0,199.0,0.0,0.0,199.0
10,203,VREP,0.6959433,0.107946865,0.345,0.275,0.12,0.0,0.0,0.165,0.255,199.0,1.0,199.0,0.0,0.0,199.0,0.0,0.0,199.0
10,204,VREP,0.035633232,0.012403263,0.0,0.0,0.0,0.0,0.0,0.9821428571428571,0.9821428571428571,55.0,1.0,55.0,0.0,0.0,55.0,0.0,0.0,55.0
10,205,VREP,0.029737951,0.15458411,0.0,0.0,0.0,0.0,0.0,0.9824561403508771,0.9824561403508771,56.0,1.0,56.0,0.0,0.0,56.0,0.0,0.0,56.0
10,206,VREP,0.87882465,0.9506954,0.0,0.08648648648648649,0.21081081081081082,0.0,0.0,0.05675675675675676,0.05405405405405406,369.0,1.0,369.0,0.0,0.0,369.0,0.0,0.0,369.0
10,207,VREP,0.9971453,0.8764794,0.3992673992673993,0.32234432234432236,0.20512820512820512,0.0989010989010989,0.014652014652014652,0.06593406593406594,0.07692307692307693,272.0,1.0,272.0,0.0,0.0,272.0,0.0,0.0,272.0
10,208,VREP,0.9791138,0.9939955,0.16715542521994134,0.12023460410557185,0.093841642228739,0.06744868035190615,0.02346041055718475,0.026392961876832845,0.024926686217008796,533.0,0.7271487039563438,733.0,0.0,0.0,733.0,200.0,0.2728512960436562,733.0
10,209,VREP,0.9944654,0.9894261,0.06919642857142858,0.11383928571428571,0.14508928571428573,0.14285714285714285,0.033482142857142856,0.04017857142857143,0.03794642857142857,447.0,1.0,447.0,0.0,0.0,447.0,0.0,0.0,447.0
10,210,VREP,0.061104577,0.01665487,0.0,0.0,0.0,0.0,0.0,0.9824561403508771,0.9824561403508771,56.0,1.0,56.0,0.0,0.0,56.0,0.0,0.0,56.0
10,211,VREP,0.6588609,0.9984801,0.2,0.31891891891891894,0.4648648648648649,0.5621621621621622,0.41081081081081083,0.16216216216216217,0.11351351351351352,184.0,1.0,184.0,0.0,0.0,184.0,0.0,0.0,184.0
10,212,VREP,0.98520863,0.999897,0.16344725111441308,0.09806835066864784,0.09361069836552749,0.0638930163447251,0.02526002971768202,0.02674591381872214,0.02674591381872214,524.0,0.7277777777777777,720.0,0.0,0.0,720.0,196.0,0.2722222222222222,720.0
10,213,VREP,0.9871581,0.9353887,0.275626423690205,0.16856492027334852,0.07972665148063782,0.009111617312072893,0.04100227790432802,0.04100227790432802,0.04328018223234624,438.0,1.0,438.0,0.0,0.0,438.0,0.0,0.0,438.0
10,214,VREP,0.9340749,0.98724335,0.0,0.0,0.11145510835913312,0.22291021671826625,0.0,0.06191950464396285,0.058823529411764705,322.0,1.0,322.0,0.0,0.0,322.0,0.0,0.0,322.0
10,215,VREP,0.8478507,0.9838296,0.32724719101123595,0.2991573033707865,0.12640449438202248,0.1348314606741573,0.11657303370786516,0.02949438202247191,0.026685393258426966,319.0,0.41482444733420026,769.0,450.0,0.5851755526657998,769.0,0.0,0.0,769.0
10,216,VREP,0.04247615,0.00014926164,0.0,0.0,0.0,0.0,0.0,0.9814814814814815,0.9814814814814815,53.0,1.0,53.0,0.0,0.0,53.0,0.0,0.0,53.0
10,217,VREP,0.6990986,0.6704642,0.7108433734939759,0.672289156626506,0.6277108433734939,0.5506024096385542,0.0,0.024096385542168676,0.02650602409638554,829.0,1.0,829.0,0.0,0.0,829.0,0.0,0.0,829.0
10,218,VREP,0.9562086,0.99925536,0.0,0.0,0.0,0.07887323943661972,0.2704225352112676,0.05352112676056338,0.05070422535211268,354.0,1.0,354.0,0.0,0.0,354.0,0.0,0.0,354.0
10,219,VREP,0.6208651,0.9999831,0.28217821782178215,0.3910891089108911,0.5198019801980198,0.5742574257425742,0.36633663366336633,0.15841584158415842,0.10891089108910891,201.0,1.0,201.0,0.0,0.0,201.0,0.0,0.0,201.0
10,220,VREP,0.99634737,0.43670276,0.1275,0.145,0.16,0.29,0.395,0.2025,0.0825,399.0,1.0,399.0,0.0,0.0,399.0,0.0,0.0,399.0
10,215,THYMIO,0.82708305,0.972019,0.0,0.0,0.20408163265306123,0.16326530612244897,0.0,0.09183673469387756,0.12244897959183673,98.0,1.0,98.0,0.0,0.0,98.0,0.0,0.0,98.0
11,221,VREP,0.9267055,0.9999565,0.0,0.10223642172523961,0.20766773162939298,0.0,0.0,0.06070287539936102,0.05750798722044728,312.0,0.9904761904761905,315.0,3.0,0.009523809523809525,315.0,0.0,0.0,315.0
11,222,VREP,0.9980962,0.99624157,0.0654627539503386,0.11286681715575621,0.14672686230248308,0.14446952595936793,0.01580135440180587,0.03837471783295711,0.03837471783295711,442.0,1.0,442.0,0.0,0.0,442.0,0.0,0.0,442.0
11,223,VREP,0.0058739134,0.012773346,0.0,0.0,0.0,0.0,0.0,0.9811320754716981,0.9811320754716981,52.0,1.0,52.0,0.0,0.0,52.0,0.0,0.0,52.0
11,224,VREP,0.35456413,0.44434604,0.0,0.0,0.0,0.0,0.0,0.995,0.995,199.0,1.0,199.0,0.0,0.0,199.0,0.0,0.0,199.0
11,225,VREP,0.99634117,0.9903579,0.051224944320712694,0.10244988864142539,0.1403118040089087,0.1447661469933185,0.10690423162583519,0.0400890868596882,0.0400890868596882,448.0,1.0,448.0,0.0,0.0,448.0,0.0,0.0,448.0
11,226,VREP,0.98033524,0.7014576,0.38267148014440433,0.4296028880866426,0.41155234657039713,0.33212996389891697,0.26353790613718414,0.06859205776173286,0.08303249097472924,276.0,1.0,276.0,0.0,0.0,276.0,0.0,0.0,276.0
11,227,VREP,0.11495613,0.35552207,0.0,0.0,0.05995004163197336,0.27726894254787676,0.537052456286428,0.36969192339716905,0.21731890091590342,1200.0,1.0,1200.0,0.0,0.0,1200.0,0.0,0.0,1200.0
11,228,VREP,0.91987795,0.99827296,0.15522388059701492,0.2507462686567164,0.10746268656716418,0.0,0.0,0.0626865671641791,0.05373134328358209,334.0,0.8789473684210526,380.0,46.0,0.12105263157894737,380.0,0.0,0.0,380.0
11,229,VREP,0.00015611736,0.013964674,0.0,0.0,0.0,0.0,0.0,0.9811320754716981,0.9811320754716981,52.0,1.0,52.0,0.0,0.0,52.0,0.0,0.0,52.0
11,230,VREP,0.02835128,0.81723315,0.175,0.215,0.23,0.265,0.295,0.165,0.105,199.0,1.0,199.0,0.0,0.0,199.0,0.0,0.0,199.0
11,231,VREP,0.00078050565,0.10931988,0.0,0.0,0.0,0.0,0.0,0.9807692307692307,0.9807692307692307,51.0,1.0,51.0,0.0,0.0,51.0,0.0,0.0,51.0
11,232,VREP,0.94525385,0.98613274,0.0,0.0,0.0,0.0,0.2891891891891892,0.05405405405405406,0.051351351351351354,369.0,1.0,369.0,0.0,0.0,369.0,0.0,0.0,369.0
11,233,VREP,0.615106,0.016270394,0.445,0.39,0.215,0.0,0.0,0.265,0.49,199.0,1.0,199.0,0.0,0.0,199.0,0.0,0.0,199.0
11,234,VREP,0.9682339,0.6935328,0.24193548387096775,0.4435483870967742,0.4314516129032258,0.3588709677419355,0.2862903225806452,0.08870967741935484,0.12096774193548387,247.0,1.0,247.0,0.0,0.0,247.0,0.0,0.0,247.0
11,235,VREP,0.24882607,0.9731996,0.29,0.29,0.38,0.42,0.33,0.15,0.095,199.0,1.0,199.0,0.0,0.0,199.0,0.0,0.0,199.0
11,236,VREP,0.01347971,0.9959014,0.27,0.255,0.245,0.245,0.26,0.14,0.09,199.0,1.0,199.0,0.0,0.0,199.0,0.0,0.0,199.0
11,237,VREP,0.8775546,0.99469405,0.31793960923623443,0.152753108348135,0.14564831261101244,0.06394316163410302,0.0,0.037300177619893425,0.03374777975133215,341.0,0.5412698412698412,630.0,289.0,0.4587301587301587,630.0,0.0,0.0,630.0
11,238,VREP,0.94097555,0.581904,0.0,0.11166666666666666,0.24666666666666667,0.36666666666666664,0.425,0.155,0.12333333333333334,599.0,1.0,599.0,0.0,0.0,599.0,0.0,0.0,599.0
11,239,VREP,0.96169597,0.94435614,0.40443213296398894,0.31024930747922436,0.0,0.0,0.0,0.04986149584487535,0.05263157894736842,360.0,1.0,360.0,0.0,0.0,360.0,0.0,0.0,360.0
11,240,VREP,0.88420266,0.9994397,0.13211009174311927,0.14678899082568808,0.14128440366972478,0.08807339449541285,0.0,0.03853211009174312,0.03486238532110092,330.0,0.541871921182266,609.0,279.0,0.458128078817734,609.0,0.0,0.0,609.0
11,227,THYMIO,0.10543997,0.40644312,0.24358974358974358,0.19230769230769232,0.0,0.0,0.0,0.6794871794871795,0.3717948717948718,78.0,1.0,78.0,0.0,0.0,78.0,0.0,0.0,78.0
11,233,THYMIO,0.63245386,0.011922499,0.0,0.2764378478664193,0.1038961038961039,0.10760667903525047,0.05009276437847866,0.0,0.0,539.0,1.0,539.0,0.0,0.0,539.0,0.0,0.0,539.0
11,237,THYMIO,0.8967336,0.99389434,0.0,0.20833333333333334,0.2638888888888889,0.16666666666666666,0.0,0.0,0.0,72.0,1.0,72.0,0.0,0.0,72.0,0.0,0.0,72.0
11,240,THYMIO,0.83874124,0.99928194,0.0,0.2571428571428571,0.2714285714285714,0.18571428571428572,0.0,0.0,0.0,70.0,1.0,70.0,0.0,0.0,70.0,0.0,0.0,70.0
12,241,VREP,0.19873352,0.01426331,0.0,0.0,0.0,0.0,0.0,0.9821428571428571,0.9821428571428571,55.0,1.0,55.0,0.0,0.0,55.0,0.0,0.0,55.0
12,242,VREP,0.016870033,0.74877656,0.12,0.195,0.33,0.37,0.39,0.295,0.205,199.0,1.0,199.0,0.0,0.0,199.0,0.0,0.0,199.0
12,243,VREP,0.33004394,0.9871602,0.345,0.295,0.24,0.135,0.1125,0.2725,0.31,399.0,1.0,399.0,0.0,0.0,399.0,0.0,0.0,399.0
12,244,VREP,0.00037002,0.0030246957,0.0,0.0,0.0,0.0,0.0,0.9811320754716981,0.9811320754716981,52.0,1.0,52.0,0.0,0.0,52.0,0.0,0.0,52.0
12,245,VREP,0.8294976,0.06720926,0.34,0.335,0.32,0.27,0.18,0.14,0.205,199.0,1.0,199.0,0.0,0.0,199.0,0.0,0.0,199.0
12,246,VREP,0.9854265,0.9897534,0.0881057268722467,0.12555066079295155,0.14977973568281938,0.0,0.0,0.039647577092511016,0.039647577092511016,453.0,1.0,453.0,0.0,0.0,453.0,0.0,0.0,453.0
12,247,VREP,0.18497413,0.9999938,0.245,0.3,0.265,0.23,0.235,0.155,0.105,199.0,1.0,199.0,0.0,0.0,199.0,0.0,0.0,199.0
12,248,VREP,0.97552675,0.0009508878,0.255,0.245,0.24,0.245,0.26,0.09,0.145,199.0,1.0,199.0,0.0,0.0,199.0,0.0,0.0,199.0
12,249,VREP,0.7649643,0.80140257,0.3069207622868606,0.2938816449348044,0.2296890672016048,0.18956870611835505,0.15045135406218657,0.023069207622868605,0.023069207622868605,472.0,0.43703703703703706,1080.0,608.0,0.562962962962963,1080.0,0.0,0.0,1080.0
12,250,VREP,0.073458895,0.0003340243,0.0,0.0,0.0,0.0,0.0,0.9811320754716981,0.9811320754716981,52.0,1.0,52.0,0.0,0.0,52.0,0.0,0.0,52.0
12,251,VREP,0.75087863,0.98233664,0.0,0.0,0.1693121693121693,0.4074074074074074,0.6031746031746031,0.13756613756613756,0.1111111111111111,188.0,1.0,188.0,0.0,0.0,188.0,0.0,0.0,188.0
12,252,VREP,0.9058901,0.9997284,0.4364326375711575,0.12333965844402277,0.1347248576850095,0.11195445920303605,0.04364326375711575,0.04174573055028463,0.036053130929791274,332.0,0.5608108108108109,592.0,260.0,0.4391891891891892,592.0,0.0,0.0,592.0
12,253,VREP,0.057272505,0.63348174,0.0,0.0,0.145,0.34,0.44,0.25,0.16,199.0,1.0,199.0,0.0,0.0,199.0,0.0,0.0,199.0
12,254,VREP,0.9413004,0.9996174,0.0,0.0,0.1758957654723127,0.1270358306188925,0.0,0.06188925081433225,0.05863192182410423,306.0,1.0,306.0,0.0,0.0,306.0,0.0,0.0,306.0
12,255,VREP,0.046169866,0.677787,0.0,0.04,0.18,0.335,0.415,0.255,0.175,199.0,1.0,199.0,0.0,0.0,199.0,0.0,0.0,199.0
12,256,VREP,0.041748293,0.04074477,0.0,0.0,0.0,0.0,0.0,0.9830508474576272,0.9830508474576272,58.0,1.0,58.0,0.0,0.0,58.0,0.0,0.0,58.0
12,257,VREP,0.9998411,0.99886024,0.08636363636363636,0.125,0.14772727272727273,0.0,0.0,0.038636363636363635,0.038636363636363635,439.0,1.0,439.0,0.0,0.0,439.0,0.0,0.0,439.0
12,258,VREP,0.98787063,0.74671596,0.375,0.4708333333333333,0.3958333333333333,0.31666666666666665,0.24583333333333332,0.08333333333333333,0.10833333333333334,239.0,1.0,239.0,0.0,0.0,239.0,0.0,0.0,239.0
12,259,VREP,0.1787297,0.05430991,0.0,0.0,0.0,0.0,0.0,0.9836065573770492,0.9836065573770492,60.0,1.0,60.0,0.0,0.0,60.0,0.0,0.0,60.0
12,260,VREP,0.99637413,0.99845093,0.08390022675736962,0.12244897959183673,0.14512471655328799,0.0,0.0,0.04081632653061224,0.03854875283446712,440.0,1.0,440.0,0.0,0.0,440.0,0.0,0.0,440.0
12,242,THYMIO,0.015454983,0.80502576,0.1509433962264151,0.2811320754716981,0.15283018867924528,0.1830188679245283,0.12264150943396226,0.0,0.020754716981132074,530.0,1.0,530.0,0.0,0.0,530.0,0.0,0.0,530.0
12,243,THYMIO,0.41232687,0.9809515,0.0755813953488372,0.20155038759689922,0.16666666666666666,0.3236434108527132,0.3546511627906977,0.029069767441860465,0.0562015503875969,516.0,1.0,516.0,0.0,0.0,516.0,0.0,0.0,516.0
12,249,THYMIO,0.693277,0.57271135,0.0,0.8725868725868726,0.8552123552123552,0.8146718146718147,0.0,0.0,0.0,518.0,1.0,518.0,0.0,0.0,518.0,0.0,0.0,518.0
12,252,THYMIO,0.8936168,0.9997142,0.0,0.2777777777777778,0.25,0.1111111111111111,0.0,0.0,0.0,72.0,1.0,72.0,0.0,0.0,72.0,0.0,0.0,72.0
12,253,THYMIO,0.063211866,0.60436624,0.2411214953271028,0.32897196261682243,0.03364485981308411,0.04672897196261682,0.0,0.009345794392523364,0.011214953271028037,535.0,1.0,535.0,0.0,0.0,535.0,0.0,0.0,535.0
12,255,THYMIO,0.09680643,0.57110614,0.6451612903225806,0.5806451612903226,0.5,0.43548387096774194,0.3387096774193548,0.5967741935483871,0.5,62.0,1.0,62.0,0.0,0.0,62.0,0.0,0.0,62.0
13,261,VREP,0.99205446,0.9752969,0.15301724137931033,0.08836206896551724,0.13793103448275862,0.14870689655172414,0.12931034482758622,0.03879310344827586,0.03879310344827586,463.0,1.0,463.0,0.0,0.0,463.0,0.0,0.0,463.0
13,262,VREP,0.9880927,0.9029399,0.37407407407407406,0.2962962962962963,0.17037037037037037,0.02962962962962963,0.0,0.06666666666666667,0.07407407407407407,269.0,1.0,269.0,0.0,0.0,269.0,0.0,0.0,269.0
13,263,VREP,0.8572793,0.99805135,0.05442176870748299,0.08503401360544217,0.11224489795918367,0.11904761904761904,0.08673469387755102,0.04251700680272109,0.034013605442176874,290.0,0.45241809672386896,641.0,351.0,0.5475819032761311,641.0,0.0,0.0,641.0
13,264,VREP,0.5192553,0.29964218,0.0,0.0,0.0,0.0,0.0,0.915,0.995,199.0,1.0,199.0,0.0,0.0,199.0,0.0,0.0,199.0
13,265,VREP,0.87844384,0.21768053,0.345,0.32,0.215,0.12,0.025,0.13,0.205,199.0,1.0,199.0,0.0,0.0,199.0,0.0,0.0,199.0
13,266,VREP,0.9305531,0.84663707,0.30412371134020616,0.21391752577319587,0.14175257731958762,0.07989690721649484,0.01288659793814433,0.05412371134020619,0.061855670103092786,387.0,1.0,387.0,0.0,0.0,387.0,0.0,0.0,387.0
13,267,VREP,0.8947292,0.9650751,0.0,0.0,0.0,0.14004914004914004,0.35135135135135137,0.044226044226044224,0.044226044226044224,406.0,1.0,406.0,0.0,0.0,406.0,0.0,0.0,406.0
13,268,VREP,0.9863324,0.33962744,0.28,0.24,0.14,0.055,0.0,0.11,0.175,199.0,1.0,199.0,0.0,0.0,199.0,0.0,0.0,199.0
13,269,VREP,0.28522694,0.038053393,0.0,0.0,0.0,0.0,0.0,0.9838709677419355,0.9838709677419355,61.0,1.0,61.0,0.0,0.0,61.0,0.0,0.0,61.0
13,270,VREP,0.9974488,0.96327764,0.2765432098765432,0.17777777777777778,0.04197530864197531,0.0,0.0,0.044444444444444446,0.04691358024691358,404.0,1.0,404.0,0.0,0.0,404.0,0.0,0.0,404.0
13,271,VREP,0.8865039,0.9693131,0.4142857142857143,0.336734693877551,0.0,0.0,0.0,0.044897959183673466,0.04081632653061224,381.0,0.675531914893617,564.0,183.0,0.324468085106383,564.0,0.0,0.0,564.0
13,272,VREP,0.9429929,0.9608522,0.09480519480519481,0.1,0.08701298701298701,0.05064935064935065,0.05584415584415584,0.024675324675324677,0.024675324675324677,597.0,0.7227602905569007,826.0,0.0,0.0,826.0,229.0,0.2772397094430993,826.0
13,273,VREP,0.9932841,0.9998727,0.09049773755656108,0.12669683257918551,0.14705882352941177,0.0,0.0,0.04072398190045249,0.04072398190045249,441.0,1.0,441.0,0.0,0.0,441.0,0.0,0.0,441.0
13,274,VREP,0.0021579016,0.25749472,0.0,0.0,0.0,0.0,0.0,0.9821428571428571,0.9821428571428571,55.0,1.0,55.0,0.0,0.0,55.0,0.0,0.0,55.0
13,275,VREP,0.023211434,0.36450207,0.0,0.0,0.0,0.23902439024390243,0.4585365853658537,0.8195121951219512,0.6731707317073171,204.0,1.0,204.0,0.0,0.0,204.0,0.0,0.0,204.0
13,276,VREP,0.04378236,0.0008615267,0.0,0.0,0.0,0.0,0.0,0.9814814814814815,0.9814814814814815,53.0,1.0,53.0,0.0,0.0,53.0,0.0,0.0,53.0
13,277,VREP,0.47763485,0.65894777,0.0,0.0,0.0,0.0,0.0,0.43,0.22,199.0,1.0,199.0,0.0,0.0,199.0,0.0,0.0,199.0
13,278,VREP,0.897416,0.48288956,0.115,0.18333333333333332,0.23166666666666666,0.3233333333333333,0.4666666666666667,0.18833333333333332,0.15666666666666668,599.0,1.0,599.0,0.0,0.0,599.0,0.0,0.0,599.0
13,279,VREP,0.4257166,0.1895012,0.0,0.0,0.0,0.0,0.0,0.9069767441860465,0.9922480620155039,128.0,1.0,128.0,0.0,0.0,128.0,0.0,0.0,128.0
13,280,VREP,0.6184876,0.99580663,0.3089887640449438,0.39325842696629215,0.47752808988764045,0.5561797752808989,0.06179775280898876,0.19662921348314608,0.12921348314606743,177.0,1.0,177.0,0.0,0.0,177.0,0.0,0.0,177.0
13,263,THYMIO,0.8569784,0.9977591,0.0,0.0,0.06756756756756757,0.2702702702702703,0.16216216216216217,0.0,0.0,74.0,1.0,74.0,0.0,0.0,74.0,0.0,0.0,74.0
13,271,THYMIO,0.87653166,0.9709267,0.0,0.28205128205128205,0.23076923076923078,0.038461538461538464,0.0,0.0,0.0,78.0,1.0,78.0,0.0,0.0,78.0,0.0,0.0,78.0
13,275,THYMIO,0.019334942,0.4015167,0.3723404255319149,0.3723404255319149,0.2712765957446808,0.22872340425531915,0.0,0.44680851063829785,0.11170212765957446,188.0,1.0,188.0,0.0,0.0,188.0,0.0,0.0,188.0
13,277,THYMIO,0.5710513,0.5278905,0.9566037735849057,0.9452830188679245,0.9283018867924528,0.0,0.0,0.0,0.0,530.0,1.0,530.0,0.0,0.0,530.0,0.0,0.0,530.0
14,281,VREP,0.9337915,0.7669434,0.42016806722689076,0.4117647058823529,0.3445378151260504,0.25630252100840334,0.15966386554621848,0.10504201680672269,0.14285714285714285,237.0,1.0,237.0,0.0,0.0,237.0,0.0,0.0,237.0
14,282,VREP,0.99814874,0.9598824,0.3205882352941177,0.2088235294117647,0.06764705882352941,0.0,0.0,0.05588235294117647,0.058823529411764705,339.0,1.0,339.0,0.0,0.0,339.0,0.0,0.0,339.0
14,283,VREP,0.0008606388,0.007378513,0.0,0.0,0.0,0.0,0.0,0.9814814814814815,0.9814814814814815,53.0,1.0,53.0,0.0,0.0,53.0,0.0,0.0,53.0
14,284,VREP,0.7995537,0.9271947,0.23285899094437257,0.16688227684346701,0.18628719275549807,0.18369987063389392,0.0,0.03363518758085381,0.028460543337645538,338.0,0.40673886883273164,831.0,493.0,0.5932611311672683,831.0,0.0,0.0,831.0
14,285,VREP,0.012162513,0.0063660564,0.0,0.0,0.0,0.0,0.0,0.9814814814814815,0.9814814814814815,53.0,1.0,53.0,0.0,0.0,53.0,0.0,0.0,53.0
14,286,VREP,0.47328347,0.99571145,0.49795918367346936,0.46122448979591835,0.33877551020408164,0.42448979591836733,0.5224489795918368,0.14285714285714285,0.09387755102040816,244.0,1.0,244.0,0.0,0.0,244.0,0.0,0.0,244.0
14,287,VREP,0.9920954,0.9924649,0.07399103139013453,0.11434977578475336,0.14349775784753363,0.11210762331838565,0.0,0.03811659192825112,0.03811659192825112,445.0,1.0,445.0,0.0,0.0,445.0,0.0,0.0,445.0
14,288,VREP,0.9999457,0.93666416,0.3473684210526316,0.256140350877193,0.12280701754385964,0.0,0.0,0.06666666666666667,0.07017543859649122,284.0,1.0,284.0,0.0,0.0,284.0,0.0,0.0,284.0
14,289,VREP,0.8710434,0.6597514,0.2529411764705882,0.5264705882352941,0.4647058823529412,0.39705882352941174,0.32941176470588235,0.09117647058823529,0.12352941176470589,339.0,1.0,339.0,0.0,0.0,339.0,0.0,0.0,339.0
14,290,VREP,0.7489441,0.8926039,0.0,0.0,0.0,0.06640625,0.51171875,0.140625,0.125,255.0,1.0,255.0,0.0,0.0,255.0,0.0,0.0,255.0
14,291,VREP,0.90327835,0.9831562,0.0650887573964497,0.16272189349112426,0.17455621301775148,0.0,0.0,0.0621301775147929,0.05917159763313609,337.0,0.9492957746478873,355.0,18.0,0.05070422535211268,355.0,0.0,0.0,355.0
14,292,VREP,0.10701367,0.03886529,0.0,0.0,0.0,0.0,0.0,0.9827586206896551,0.9827586206896551,57.0,1.0,57.0,0.0,0.0,57.0,0.0,0.0,57.0
14,293,VREP,0.9918516,0.9984365,0.1036036036036036,0.1373873873873874,0.0,0.0,0.0,0.04054054054054054,0.04054054054054054,443.0,1.0,443.0,0.0,0.0,443.0,0.0,0.0,443.0
14,294,VREP,0.0024515246,0.0076543624,0.0,0.0,0.0,0.0,0.0,0.9811320754716981,0.9811320754716981,52.0,1.0,52.0,0.0,0.0,52.0,0.0,0.0,52.0
14,295,VREP,0.00092532067,0.2719437,0.0,0.0,0.0,0.0,0.0,0.9818181818181818,0.9818181818181818,54.0,1.0,54.0,0.0,0.0,54.0,0.0,0.0,54.0
14,296,VREP,0.9933034,0.8575845,0.36272040302267,0.2695214105793451,0.17632241813602015,0.11838790931989925,0.07808564231738035,0.04534005037783375,0.04785894206549118,396.0,1.0,396.0,0.0,0.0,396.0,0.0,0.0,396.0
14,297,VREP,0.0043541864,0.009345502,0.0,0.0,0.0,0.0,0.0,0.9811320754716981,0.9811320754716981,52.0,1.0,52.0,0.0,0.0,52.0,0.0,0.0,52.0
14,298,VREP,0.84609973,0.9678352,0.22836879432624113,0.09078014184397164,0.1049645390070922,0.08936170212765958,0.04680851063829787,0.032624113475177303,0.029787234042553193,334.0,0.43774574049803405,763.0,429.0,0.562254259501966,763.0,0.0,0.0,763.0
14,299,VREP,0.9978258,0.09373269,0.27,0.255,0.255,0.265,0.28,0.095,0.145,199.0,1.0,199.0,0.0,0.0,199.0,0.0,0.0,199.0
14,300,VREP,0.14955053,0.9998054,0.275,0.32,0.31,0.315,0.325,0.145,0.095,199.0,1.0,199.0,0.0,0.0,199.0,0.0,0.0,199.0
14,284,THYMIO,0.739171,0.87473917,0.0,0.0,0.09302325581395349,0.313953488372093,0.13953488372093023,0.0,0.0,86.0,1.0,86.0,0.0,0.0,86.0,0.0,0.0,86.0
14,298,THYMIO,0.86867934,0.96702814,0.0,0.14864864864864866,0.22972972972972974,0.17567567567567569,0.0,0.0,0.0,74.0,1.0,74.0,0.0,0.0,74.0,0.0,0.0,74.0
15,301,VREP,0.025421552,0.0659355,0.0,0.0,0.0,0.0,0.0,0.9824561403508771,0.9824561403508771,56.0,1.0,56.0,0.0,0.0,56.0,0.0,0.0,56.0
15,302,VREP,0.9940876,0.99244213,0.07657657657657657,0.11936936936936937,0.14414414414414414,0.038288288288288286,0.0,0.038288288288288286,0.04054054054054054,443.0,1.0,443.0,0.0,0.0,443.0,0.0,0.0,443.0
15,303,VREP,0.049289998,0.06112856,0.0,0.0,0.0,0.0,0.0,0.9830508474576272,0.9830508474576272,58.0,1.0,58.0,0.0,0.0,58.0,0.0,0.0,58.0
15,304,VREP,0.99676806,0.9908943,0.05333333333333334,0.10444444444444445,0.14222222222222222,0.14666666666666667,0.08,0.03777777777777778,0.03777777777777778,449.0,1.0,449.0,0.0,0.0,449.0,0.0,0.0,449.0
15,305,VREP,0.99824464,0.89967906,0.39748953974895396,0.32217573221757323,0.19246861924686193,0.0502092050209205,0.0,0.0794979079497908,0.09205020920502092,238.0,1.0,238.0,0.0,0.0,238.0,0.0,0.0,238.0
15,306,VREP,0.8056416,0.811692,0.0,0.0,0.0,0.15864022662889518,0.1643059490084986,0.056657223796033995,0.05524079320113314,705.0,1.0,705.0,0.0,0.0,705.0,0.0,0.0,705.0
15,307,VREP,0.80648875,0.85316926,0.0,0.0,0.030476190476190476,0.36,0.28,0.045714285714285714,0.04380952380952381,524.0,1.0,524.0,0.0,0.0,524.0,0.0,0.0,524.0
15,308,VREP,0.7898849,0.9954438,0.0,0.0,0.0,0.33519553072625696,0.5865921787709497,0.12849162011173185,0.10614525139664804,178.0,1.0,178.0,0.0,0.0,178.0,0.0,0.0,178.0
15,309,VREP,0.80545247,0.99302524,0.0,0.0,0.0,0.0,0.6022099447513812,0.143646408839779,0.11049723756906077,180.0,1.0,180.0,0.0,0.0,180.0,0.0,0.0,180.0
15,310,VREP,0.47578236,0.08533657,0.31,0.26,0.0,0.0,0.0,0.21333333333333335,0.30666666666666664,599.0,1.0,599.0,0.0,0.0,599.0,0.0,0.0,599.0
15,311,VREP,0.99657243,0.8058255,0.4444444444444444,0.41545893719806765,0.33816425120772947,0.2463768115942029,0.13526570048309178,0.0966183574879227,0.12077294685990338,206.0,1.0,206.0,0.0,0.0,206.0,0.0,0.0,206.0
15,312,VREP,0.3681458,0.9318995,0.28,0.315,0.075,0.11,0.245,0.21,0.135,199.0,1.0,199.0,0.0,0.0,199.0,0.0,0.0,199.0
15,313,VREP,0.0074981106,0.8160532,0.2,0.25,0.25,0.28,0.32,0.21,0.14,199.0,1.0,199.0,0.0,0.0,199.0,0.0,0.0,199.0
15,314,VREP,0.717362,0.98828185,0.0,0.16201117318435754,0.3687150837988827,0.5251396648044693,0.6256983240223464,0.16201117318435754,0.11731843575418995,178.0,1.0,178.0,0.0,0.0,178.0,0.0,0.0,178.0
15,315,VREP,0.4651834,0.00010313605,0.4908256880733945,0.3853211009174312,0.22935779816513763,0.0,0.0,0.6284403669724771,0.8394495412844036,217.0,1.0,217.0,0.0,0.0,217.0,0.0,0.0,217.0
15,316,VREP,0.7915057,0.8552642,0.1258741258741259,0.11538461538461539,0.06876456876456877,0.02097902097902098,0.0,0.039627039627039624,0.038461538461538464,511.0,0.5390295358649789,948.0,437.0,0.4609704641350211,948.0,0.0,0.0,948.0
15,317,VREP,0.8930954,0.0376135,0.285,0.275,0.26,0.26,0.27,0.105,0.165,199.0,1.0,199.0,0.0,0.0,199.0,0.0,0.0,199.0
15,318,VREP,0.4683928,0.05314197,0.387434554973822,0.24083769633507854,0.0,0.0,0.0,0.7958115183246073,0.8900523560209425,190.0,1.0,190.0,0.0,0.0,190.0,0.0,0.0,190.0
15,319,VREP,0.5829589,0.9992484,0.28426395939086296,0.40609137055837563,0.5279187817258884,0.5583756345177665,0.4416243654822335,0.16243654822335024,0.1065989847715736,196.0,1.0,196.0,0.0,0.0,196.0,0.0,0.0,196.0
15,320,VREP,0.999864,0.9882946,0.06651884700665188,0.09977827050997783,0.1419068736141907,0.14855875831485588,0.12195121951219512,0.03991130820399113,0.03991130820399113,450.0,1.0,450.0,0.0,0.0,450.0,0.0,0.0,450.0
15,310,THYMIO,0.56509465,0.06264026,0.23333333333333334,0.3466666666666667,0.3466666666666667,0.35333333333333333,0.34,0.18,0.16,150.0,1.0,150.0,0.0,0.0,150.0,0.0,0.0,150.0
15,315,THYMIO,0.5748569,0.0002245031,0.0,0.045454545454545456,0.09090909090909091,0.15151515151515152,0.22727272727272727,0.6818181818181818,0.8939393939393939,66.0,1.0,66.0,0.0,0.0,66.0,0.0,0.0,66.0
15,316,THYMIO,0.81176925,0.86796707,0.0,0.16129032258064516,0.22580645161290322,0.10752688172043011,0.0,0.0,0.0,93.0,1.0,93.0,0.0,0.0,93.0,0.0,0.0,93.0
15,318,THYMIO,0.42823717,0.05872921,0.0,0.0,0.0,0.22330097087378642,0.3106796116504854,0.20388349514563106,0.44660194174757284,103.0,1.0,103.0,0.0,0.0,103.0,0.0,0.0,103.0
16,321,VREP,0.9568373,0.98356533,0.12062256809338522,0.11024643320363164,0.07263294422827497,0.01556420233463035,0.11802853437094682,0.023346303501945526,0.023346303501945526,555.0,0.6468531468531469,858.0,0.0,0.0,858.0,303.0,0.3531468531468531,858.0
16,322,VREP,0.016535548,0.0049449084,0.0,0.0,0.0,0.0,0.0,0.9814814814814815,0.9814814814814815,53.0,1.0,53.0,0.0,0.0,53.0,0.0,0.0,53.0
16,323,VREP,0.41909316,0.9994915,0.4475,0.3975,0.335,0.2225,0.075,0.2925,0.3525,399.0,1.0,399.0,0.0,0.0,399.0,0.0,0.0,399.0
16,324,VREP,0.9988783,0.3765016,0.1525,0.15,0.1525,0.1675,0.2725,0.2,0.1675,399.0,1.0,399.0,0.0,0.0,399.0,0.0,0.0,399.0
16,325,VREP,0.9872964,0.9877654,0.08444444444444445,0.12222222222222222,0.14222222222222222,0.0,0.0,0.03777777777777778,0.04,449.0,1.0,449.0,0.0,0.0,449.0,0.0,0.0,449.0
16,326,VREP,0.8641687,0.71706736,0.4326241134751773,0.4858156028368794,0.43617021276595747,0.33687943262411346,0.10283687943262411,0.08156028368794327,0.12411347517730496,281.0,1.0,281.0,0.0,0.0,281.0,0.0,0.0,281.0
16,327,VREP,0.9042886,0.83589774,0.3735763097949886,0.2733485193621868,0.17084282460136674,0.09111617312072894,0.0,0.05694760820045558,0.06150341685649203,438.0,1.0,438.0,0.0,0.0,438.0,0.0,0.0,438.0
16,328,VREP,0.5836145,0.9165038,0.34,0.28,0.21166666666666667,0.24166666666666667,0.24,0.18833333333333332,0.22333333333333333,599.0,1.0,599.0,0.0,0.0,599.0,0.0,0.0,599.0
16,329,VREP,0.011066653,0.75198716,0.15,0.215,0.28,0.32,0.365,0.225,0.15,199.0,1.0,199.0,0.0,0.0,199.0,0.0,0.0,199.0
16,330,VREP,0.9991338,0.005646627,0.25,0.235,0.24,0.245,0.26,0.09,0.14,199.0,1.0,199.0,0.0,0.0,199.0,0.0,0.0,199.0
16,331,VREP,0.009350891,0.021018539,0.0,0.0,0.0,0.0,0.0,0.9814814814814815,0.9814814814814815,53.0,1.0,53.0,0.0,0.0,53.0,0.0,0.0,53.0
16,332,VREP,0.917752,0.34065005,0.265,0.155,0.01,0.0,0.0,0.145,0.225,199.0,1.0,199.0,0.0,0.0,199.0,0.0,0.0,199.0
16,333,VREP,0.99565583,0.97966737,0.1735357917570499,0.0911062906724512,0.13882863340563992,0.14967462039045554,0.1301518438177874,0.039045553145336226,0.039045553145336226,460.0,1.0,460.0,0.0,0.0,460.0,0.0,0.0,460.0
16,334,VREP,0.90496236,0.68089986,0.4141689373297003,0.37329700272479566,0.55858310626703,0.5967302452316077,0.555858310626703,0.06267029972752043,0.08991825613079019,366.0,1.0,366.0,0.0,0.0,366.0,0.0,0.0,366.0
16,335,VREP,0.86300707,0.97392017,0.15789473684210525,0.14770797962648557,0.0899830220713073,0.0,0.0,0.03395585738539898,0.03225806451612903,335.0,0.5169753086419753,648.0,313.0,0.48302469135802467,648.0,0.0,0.0,648.0
16,336,VREP,0.999844,0.9018423,0.39035087719298245,0.32456140350877194,0.20614035087719298,0.043859649122807015,0.0,0.07894736842105263,0.09210526315789473,227.0,1.0,227.0,0.0,0.0,227.0,0.0,0.0,227.0
16,337,VREP,0.27167508,0.96826226,0.345,0.325,0.25,0.36,0.39,0.17,0.105,199.0,1.0,199.0,0.0,0.0,199.0,0.0,0.0,199.0
16,338,VREP,0.9881117,0.9993806,0.10067114093959731,0.1319910514541387,0.0,0.0,0.0,0.040268456375838924,0.040268456375838924,446.0,1.0,446.0,0.0,0.0,446.0,0.0,0.0,446.0
16,339,VREP,0.82033926,0.67629373,0.28270042194092826,0.2848101265822785,0.21308016877637131,0.16244725738396623,0.12025316455696203,0.10548523206751055,0.09282700421940929,473.0,1.0,473.0,0.0,0.0,473.0,0.0,0.0,473.0
16,340,VREP,0.0039574485,0.9964686,0.265,0.255,0.245,0.245,0.26,0.14,0.09,199.0,1.0,199.0,0.0,0.0,199.0,0.0,0.0,199.0
16,321,THYMIO,0.9553059,0.8802275,0.702048417132216,0.7243947858472998,0.7374301675977654,0.7467411545623837,0.7430167597765364,0.00558659217877095,0.00558659217877095,137.0,0.24909090909090909,550.0,0.0,0.0,550.0,413.0,0.7509090909090909,550.0
16,323,THYMIO,0.57052326,0.9985775,0.046511627906976744,0.5232558139534884,0.6395348837209303,0.6976744186046512,0.627906976744186,0.0,0.0,86.0,1.0,86.0,0.0,0.0,86.0,0.0,0.0,86.0
16,335,THYMIO,0.871034,0.98083425,0.0,0.041666666666666664,0.18055555555555555,0.3194444444444444,0.2222222222222222,0.0,0.0,72.0,0.9863013698630136,73.0,1.0,0.0136986301369863,73.0,0.0,0.0,73.0
17,341,VREP,0.9997171,0.96986055,0.2846153846153846,0.18974358974358974,0.035897435897435895,0.0,0.0,0.046153846153846156,0.04871794871794872,389.0,1.0,389.0,0.0,0.0,389.0,0.0,0.0,389.0
17,342,VREP,0.9977781,0.7925135,0.4481132075471698,0.419811320754717,0.3490566037735849,0.25943396226415094,0.1650943396226415,0.09433962264150944,0.11320754716981132,211.0,1.0,211.0,0.0,0.0,211.0,0.0,0.0,211.0
17,343,VREP,0.9915419,0.99555117,0.07829977628635347,0.12080536912751678,0.15212527964205816,0.1476510067114094,0.0,0.03803131991051454,0.040268456375838924,446.0,1.0,446.0,0.0,0.0,446.0,0.0,0.0,446.0
17,344,VREP,0.009788452,0.15546362,0.0,0.0,0.0,0.0,0.0,0.9818181818181818,0.9818181818181818,54.0,1.0,54.0,0.0,0.0,54.0,0.0,0.0,54.0
17,345,VREP,0.9797991,0.9956877,0.16642120765832105,0.09867452135493372,0.09572901325478646,0.06921944035346098,0.030927835051546393,0.026509572901325478,0.025036818851251842,528.0,0.7262723521320495,727.0,0.0,0.0,727.0,199.0,0.2737276478679505,727.0
17,346,VREP,0.8371676,0.9241411,0.14852941176470588,0.13088235294117648,0.07205882352941176,0.0,0.0,0.041176470588235294,0.03676470588235294,390.0,0.520694259012016,749.0,359.0,0.47930574098798395,749.0,0.0,0.0,749.0
17,347,VREP,0.92572314,0.23335321,0.335,0.34,0.26,0.155,0.075,0.12,0.185,199.0,1.0,199.0,0.0,0.0,199.0,0.0,0.0,199.0
17,348,VREP,0.98056847,0.9690969,0.31837606837606836,0.20512820512820512,0.10042735042735043,0.11752136752136752,0.10042735042735043,0.038461538461538464,0.038461538461538464,467.0,1.0,467.0,0.0,0.0,467.0,0.0,0.0,467.0
17,349,VREP,0.6106163,0.679982,0.0,0.0,0.0,0.0,0.45322245322245325,0.04677754677754678,0.04365904365904366,961.0,0.891465677179963,1078.0,117.0,0.10853432282003711,1078.0,0.0,0.0,1078.0
17,350,VREP,0.013463319,0.0032675485,0.0,0.0,0.0,0.0,0.0,0.9814814814814815,0.9814814814814815,53.0,1.0,53.0,0.0,0.0,53.0,0.0,0.0,53.0
17,351,VREP,0.7173319,0.9660141,0.0,0.0,0.22330097087378642,0.5436893203883495,0.6553398058252428,0.1262135922330097,0.0970873786407767,205.0,1.0,205.0,0.0,0.0,205.0,0.0,0.0,205.0
17,352,VREP,0.83909863,0.91925913,0.22720478325859492,0.22122571001494767,0.1554559043348281,0.07174887892376682,0.0029895366218236174,0.0343796711509716,0.03139013452914798,353.0,0.4815825375170532,733.0,380.0,0.5184174624829468,733.0,0.0,0.0,733.0
17,353,VREP,0.8063625,0.8682317,0.1453416149068323,0.15279503105590062,0.1267080745341615,0.0422360248447205,0.0,0.040993788819875775,0.034782608695652174,476.0,0.5306577480490524,897.0,421.0,0.4693422519509476,897.0,0.0,0.0,897.0
17,354,VREP,0.9974417,0.6817608,0.02414654454621149,0.08492922564529559,0.22231473771856786,0.32722731057452126,0.46794338051623646,0.13738551207327226,0.07826810990840966,1200.0,1.0,1200.0,0.0,0.0,1200.0,0.0,0.0,1200.0
17,355,VREP,0.30560267,0.04029018,0.0,0.0,0.0,0.0,0.0,0.9855072463768116,0.9855072463768116,68.0,1.0,68.0,0.0,0.0,68.0,0.0,0.0,68.0
17,356,VREP,0.44928372,0.9953051,0.495,0.4425,0.3125,0.1925,0.14,0.12,0.2875,399.0,1.0,399.0,0.0,0.0,399.0,0.0,0.0,399.0
17,357,VREP,0.88115335,0.65471977,0.018691588785046728,0.24610591900311526,0.4236760124610592,0.35514018691588783,0.2803738317757009,0.102803738317757,0.14953271028037382,320.0,1.0,320.0,0.0,0.0,320.0,0.0,0.0,320.0
17,358,VREP,0.5651667,0.35621408,0.0,0.0,0.0,0.0,0.0,0.5,0.9,199.0,1.0,199.0,0.0,0.0,199.0,0.0,0.0,199.0
17,359,VREP,0.93276453,0.98780036,0.0,0.0,0.1308411214953271,0.16199376947040497,0.0,0.06230529595015576,0.059190031152647975,320.0,1.0,320.0,0.0,0.0,320.0,0.0,0.0,320.0
17,360,VREP,0.025860306,0.0034254163,0.0,0.0,0.0,0.0,0.0,0.9814814814814815,0.9814814814814815,53.0,1.0,53.0,0.0,0.0,53.0,0.0,0.0,53.0
17,346,THYMIO,0.8554546,0.9350853,0.0,0.13513513513513514,0.25675675675675674,0.22972972972972974,0.0,0.0,0.0,74.0,1.0,74.0,0.0,0.0,74.0,0.0,0.0,74.0
17,352,THYMIO,0.8451817,0.9678686,0.0,0.0,0.21052631578947367,0.25,0.13157894736842105,0.0,0.0,76.0,1.0,76.0,0.0,0.0,76.0,0.0,0.0,76.0
17,353,THYMIO,0.8365541,0.8862017,0.0056179775280898875,0.8801498127340824,0.8539325842696629,0.8183520599250936,0.0,0.0,0.0,534.0,1.0,534.0,0.0,0.0,534.0,0.0,0.0,534.0
18,361,VREP,0.98622304,0.35063633,0.325,0.25,0.145,0.045,0.0,0.11,0.175,199.0,1.0,199.0,0.0,0.0,199.0,0.0,0.0,199.0
18,362,VREP,0.984944,0.9997788,0.12334801762114538,0.11013215859030837,0.0,0.0,0.0,0.039647577092511016,0.039647577092511016,453.0,1.0,453.0,0.0,0.0,453.0,0.0,0.0,453.0
18,363,VREP,0.99694824,0.9998859,0.08616780045351474,0.12471655328798185,0.1473922902494331,0.0,0.0,0.03854875283446712,0.03854875283446712,440.0,1.0,440.0,0.0,0.0,440.0,0.0,0.0,440.0
18,364,VREP,0.8710343,0.9512483,0.0,0.010443864229765013,0.1174934725848564,0.26370757180156656,0.0,0.06005221932114883,0.057441253263707574,382.0,1.0,382.0,0.0,0.0,382.0,0.0,0.0,382.0
18,365,VREP,0.8068995,0.8016283,0.1542111506524318,0.2918149466192171,0.2930011862396204,0.17793594306049823,0.0,0.027283511269276393,0.027283511269276393,842.0,1.0,842.0,0.0,0.0,842.0,0.0,0.0,842.0
18,366,VREP,0.6764048,0.9271856,0.13063063063063063,0.24774774774774774,0.4009009009009009,0.49099099099099097,0.5540540540540541,0.17117117117117117,0.12612612612612611,221.0,1.0,221.0,0.0,0.0,221.0,0.0,0.0,221.0
18,367,VREP,0.9128937,0.5352767,0.013303769401330377,0.15077605321507762,0.3259423503325942,0.3082039911308204,0.4567627494456763,0.06430155210643015,0.10199556541019955,450.0,1.0,450.0,0.0,0.0,450.0,0.0,0.0,450.0
18,368,VREP,0.99545735,0.9960609,0.08843537414965986,0.12471655328798185,0.1473922902494331,0.0,0.0,0.03854875283446712,0.03854875283446712,440.0,1.0,440.0,0.0,0.0,440.0,0.0,0.0,440.0
18,369,VREP,0.9327803,0.9832351,0.0,0.0,0.09785932721712538,0.2018348623853211,0.03058103975535168,0.0581039755351682,0.0581039755351682,326.0,1.0,326.0,0.0,0.0,326.0,0.0,0.0,326.0
18,370,VREP,0.8306608,0.99839586,0.0,0.0,0.0,0.0,0.02877697841726619,0.08273381294964029,0.0683453237410072,277.0,0.8710691823899371,318.0,41.0,0.1289308176100629,318.0,0.0,0.0,318.0
18,371,VREP,0.993463,0.50268006,0.2889733840304182,0.376425855513308,0.30798479087452474,0.24334600760456274,0.2509505703422053,0.08745247148288973,0.13688212927756654,262.0,1.0,262.0,0.0,0.0,262.0,0.0,0.0,262.0
18,372,VREP,0.5315403,0.88712543,0.48833333333333334,0.445,0.35,0.16166666666666665,0.01,0.07166666666666667,0.22666666666666666,599.0,1.0,599.0,0.0,0.0,599.0,0.0,0.0,599.0
18,373,VREP,0.8621225,0.4789962,0.0,0.025,0.13833333333333334,0.22833333333333333,0.3333333333333333,0.085,0.09166666666666666,599.0,1.0,599.0,0.0,0.0,599.0,0.0,0.0,599.0
18,374,VREP,0.99842453,0.98595625,0.14537444933920704,0.10352422907488987,0.14757709251101322,0.15418502202643172,0.1299559471365639,0.037444933920704845,0.039647577092511016,453.0,1.0,453.0,0.0,0.0,453.0,0.0,0.0,453.0
18,375,VREP,0.0014372297,0.05489946,0.0,0.0,0.0,0.0,0.0,0.9811320754716981,0.9811320754716981,52.0,1.0,52.0,0.0,0.0,52.0,0.0,0.0,52.0
18,376,VREP,0.11994499,0.83544904,0.12,0.185,0.285,0.315,0.35,0.205,0.13,199.0,1.0,199.0,0.0,0.0,199.0,0.0,0.0,199.0
18,377,VREP,0.06293029,0.17305203,0.0,0.0,0.0,0.0,0.0,0.984375,0.984375,63.0,1.0,63.0,0.0,0.0,63.0,0.0,0.0,63.0
18,378,VREP,0.908547,0.7561476,0.4192708333333333,0.3541666666666667,0.2786458333333333,0.21875,0.1640625,0.0703125,0.07552083333333333,383.0,1.0,383.0,0.0,0.0,383.0,0.0,0.0,383.0
18,379,VREP,0.6359241,0.999962,0.2937853107344633,0.3954802259887006,0.4858757062146893,0.5649717514124294,0.096045197740113,0.1807909604519774,0.12429378531073447,176.0,1.0,176.0,0.0,0.0,176.0,0.0,0.0,176.0
18,380,VREP,0.96705467,0.12028194,0.34,0.335,0.32,0.32,0.265,0.095,0.145,199.0,1.0,199.0,0.0,0.0,199.0,0.0,0.0,199.0
18,372,THYMIO,0.48590815,0.8750912,0.01098901098901099,0.13553113553113552,0.06593406593406594,0.22527472527472528,0.18315018315018314,0.0,0.0,546.0,1.0,546.0,0.0,0.0,546.0,0.0,0.0,546.0
19,381,VREP,0.9920003,0.8735315,0.41333333333333333,0.3466666666666667,0.23555555555555555,0.09777777777777778,0.0,0.08444444444444445,0.10222222222222223,224.0,1.0,224.0,0.0,0.0,224.0,0.0,0.0,224.0
19,382,VREP,0.9980711,0.94221514,0.3134715025906736,0.20984455958549222,0.08808290155440414,0.010362694300518135,0.0,0.04404145077720207,0.046632124352331605,385.0,1.0,385.0,0.0,0.0,385.0,0.0,0.0,385.0
19,383,VREP,0.97760737,0.693791,0.0,0.3924050632911392,0.47257383966244726,0.4050632911392405,0.34177215189873417,0.08860759493670886,0.12658227848101267,236.0,1.0,236.0,0.0,0.0,236.0,0.0,0.0,236.0
19,384,VREP,0.93908936,0.9696561,0.0,0.0,0.0,0.25142857142857145,0.16,0.06285714285714286,0.05714285714285714,349.0,1.0,349.0,0.0,0.0,349.0,0.0,0.0,349.0
19,385,VREP,0.8389383,0.62146765,0.4827586206896552,0.43908045977011495,0.3724137931034483,0.5770114942528736,0.5540229885057472,0.06206896551724138,0.09425287356321839,434.0,1.0,434.0,0.0,0.0,434.0,0.0,0.0,434.0
19,386,VREP,0.9454719,0.67144805,0.2757475083056478,0.3654485049833887,0.48172757475083056,0.4119601328903654,0.34551495016611294,0.06976744186046512,0.09302325581395349,300.0,1.0,300.0,0.0,0.0,300.0,0.0,0.0,300.0
19,387,VREP,0.7563423,0.91870576,0.0,0.0,0.0,0.49295774647887325,0.6431924882629108,0.14553990610328638,0.107981220657277,212.0,1.0,212.0,0.0,0.0,212.0,0.0,0.0,212.0
19,388,VREP,0.99996483,0.6849314,0.05603448275862069,0.2413793103448276,0.46120689655172414,0.4051724137931034,0.34051724137931033,0.09482758620689655,0.13793103448275862,231.0,1.0,231.0,0.0,0.0,231.0,0.0,0.0,231.0
19,389,VREP,0.69715196,0.95131755,0.0049261083743842365,0.1724137931034483,0.3793103448275862,0.5714285714285714,0.6699507389162561,0.1625615763546798,0.11330049261083744,202.0,1.0,202.0,0.0,0.0,202.0,0.0,0.0,202.0
19,390,VREP,0.86772496,0.782191,0.22867737948084055,0.2138442521631644,0.32138442521631644,0.3226205191594561,0.28553770086526575,0.038318912237330034,0.032138442521631644,808.0,1.0,808.0,0.0,0.0,808.0,0.0,0.0,808.0
19,391,VREP,0.19928375,0.08707785,0.0,0.0,0.0,0.0,0.0,0.9857142857142858,0.9857142857142858,69.0,1.0,69.0,0.0,0.0,69.0,0.0,0.0,69.0
19,392,VREP,0.029959563,0.061403424,0.0,0.0,0.0,0.0,0.0,0.9824561403508771,0.9824561403508771,56.0,1.0,56.0,0.0,0.0,56.0,0.0,0.0,56.0
19,393,VREP,0.7271,0.987675,0.0,0.0,0.38414634146341464,0.49390243902439024,0.5914634146341463,0.20121951219512196,0.13414634146341464,163.0,1.0,163.0,0.0,0.0,163.0,0.0,0.0,163.0
19,394,VREP,0.70899564,0.9984359,0.0,0.1744186046511628,0.4127906976744186,0.5232558139534884,0.622093023255814,0.16279069767441862,0.11627906976744186,171.0,1.0,171.0,0.0,0.0,171.0,0.0,0.0,171.0
19,395,VREP,0.8337724,0.9928137,0.0,0.0,0.0,0.0,0.5268817204301075,0.12903225806451613,0.10752688172043011,185.0,1.0,185.0,0.0,0.0,185.0,0.0,0.0,185.0
19,396,VREP,0.99187416,0.49342328,0.3793103448275862,0.39846743295019155,0.31800766283524906,0.24904214559386972,0.1839080459770115,0.08045977011494253,0.12643678160919541,260.0,1.0,260.0,0.0,0.0,260.0,0.0,0.0,260.0
19,397,VREP,0.78479046,0.9718694,0.0,0.0,0.0,0.47953216374269003,0.6023391812865497,0.16374269005847952,0.12280701754385964,170.0,1.0,170.0,0.0,0.0,170.0,0.0,0.0,170.0
19,398,VREP,0.975377,0.9982473,0.10325318246110325,0.10325318246110325,0.08062234794908062,0.03536067892503536,0.036775106082036775,0.02545968882602546,0.02545968882602546,543.0,0.7154150197628458,759.0,0.0,0.0,759.0,216.0,0.2845849802371542,759.0
19,399,VREP,0.98572224,0.95526993,0.30434782608695654,0.20380434782608695,0.04891304347826087,0.0,0.0,0.051630434782608696,0.05434782608695652,367.0,1.0,367.0,0.0,0.0,367.0,0.0,0.0,367.0
19,400,VREP,0.5020736,0.5410295,0.0,0.0,0.0,0.0,0.0,0.995,0.995,199.0,1.0,199.0,0.0,0.0,199.0,0.0,0.0,199.0
