15,194,15.255296562803377
15,287,0.06626632338248804
15,288,0.2714338498363206
15,289,3.4139755890211395e-06
15,290,14.870884144029095
15,291,1.0550804775258231
15,292,0.7917849397933157
15,293,5.865625424958639
15,294,1.1197683673117855
15,295,0.038841627333414196
15,296,14.777157805096241
15,297,7.832696185335809e-07
15,298,0.00013318513825366887
15,299,0.07284518973184552
15,300,5.8566044878434
15,301,5.876206908319917
15,302,1.7189150648664162
15,303,1.266749751613695
15,304,4.144419720300543e-13
15,305,5.832041890170805
