5,49,12.333784592662903
5,97,8.266872692483808e-10
5,98,12.6726929177553
5,99,3.6681622073204636
5,100,5.472523121510946
5,101,5.8042805336305605
5,102,0.08739114978472876
5,103,1.5947908036675638e-05
5,104,0.9650043470176909
5,105,1.5573733627384059
5,106,5.597542040441391
5,107,4.368816452894762e-07
5,108,4.138145006717647e-07
5,109,1.1043091256719868
5,110,13.455085230321714
5,111,1.542329959034829e-05
5,112,8.40904010389479
5,113,3.061621075601294
5,114,5.758531172420686
5,115,1.3613158089859563
