12,194,15.255296562803377
12,230,2.470788464375002
12,231,5.624171918905804
12,232,0.0038800690086146605
12,233,14.475333280945385
12,234,0.01047498808235215
12,235,1.0120593265546591
12,236,2.4187210973609106
12,237,2.6456142822933504e-07
12,238,13.601210012109972
12,239,0.0033246686773497646
12,240,1.1696148916893523
12,241,1.2043108146215233
12,242,0.26752074929838315
12,243,4.018216798810239e-05
12,244,0.014327074727717649
12,245,1.2250506100857999
12,246,4.952472623403561
12,247,1.4384373539067955e-05
12,248,11.938007734594903
