16,250,35.340074910957505
16,306,19.845236263021874
16,307,24.606777423084047
16,308,35.10071290502135
16,309,34.97989798122702
16,310,21.846926760121825
16,311,13.508458717396923
16,312,16.601467409330304
16,313,20.185246978259823
16,314,4.586026657295765
16,315,34.598674951873924
16,316,5.774187227057845
16,317,31.532985094469957
16,318,19.977991137667946
16,319,19.05455209635177
16,320,23.119988798870704
16,321,15.232696762635552
16,322,31.589579022720855
16,323,14.948939081196931
16,324,19.89500938216655
