10,117,32.5951670264354
10,192,17.05058507576418
10,193,0.004437425643836528
10,194,5.530465854457962
10,195,19.626908740120385
10,196,5.79096718330693
10,197,33.58242533615729
10,198,0.5826268324820636
10,199,10.83427866501301
10,200,16.95785145422311
10,201,3.0272242233443394
10,202,17.36214179563962
10,203,9.29012256514814
10,204,12.995760215435647
10,205,26.476309033488484
10,206,8.43023889532939
10,207,18.63951597767654
10,208,28.719261080215762
10,209,2.991998222951623
10,210,24.08144489511672
