8,117,32.405456205075275
8,154,29.431192405473983
8,155,2.3272523672229295
8,156,2.7198679600966376
8,157,3.6725669098196927
8,158,29.353541188719426
8,159,15.294146429673942
8,160,0.0027495674267589347
8,161,1.8570646677297438
8,162,26.745081286656347
8,163,1.2418751402858652
8,164,12.964454268281873
8,165,5.304673082047393
8,166,3.4980572824417395
8,167,26.872183624597525
8,168,5.733976879757914
8,169,10.074811663555188
8,170,6.034590011752043
8,171,16.294347247540042
8,172,1.1743328587512787
