13,215,34.334575209667065
13,249,20.201059114609254
13,250,26.43923459201926
13,251,1.1202242978287917
13,252,21.866920831000865
13,253,33.42725674553132
13,254,8.844206101039015
13,255,9.559428583264314
13,256,9.005180561386736
13,257,0.0305856178693535
13,258,5.533198017172909
13,259,30.447848907521
13,260,32.95665181880993
13,261,1.2081869980328164
13,262,31.09828019080324
13,263,1.099092129319135
13,264,34.03308596575824
13,265,11.753339521837104
13,266,31.59473057067584
13,267,24.48871657741503
