14,217,29.63079657575828
14,268,28.49287491187912
14,269,17.15865206241967
14,270,1.1860222041923678
14,271,29.542658902216278
14,272,18.98908135325773
14,273,26.763327878077696
14,274,15.353044716770729
14,275,27.637580164958454
14,276,19.47798857283953
14,277,17.418106963772836
14,278,1.9642367212118381
14,279,1.9283417890169745
14,280,5.778107476329825
14,281,22.638537253844603
14,282,0.019167587012624228
14,283,30.685843771576415
14,284,17.595156272819185
14,285,28.44276468804517
14,286,16.75659428702056
