13,217,29.63079657575828
13,249,16.631154983581364
13,250,12.761744517125305
13,251,25.429803494179314
13,252,5.6611651443302025
13,253,24.895347674172125
13,254,5.57690995265519
13,255,21.27787941467926
13,256,10.28524976733433
13,257,5.853073596808344
13,258,0.49544984505447137
13,259,5.693867156807541
13,260,5.621896663169923
13,261,5.6235972891672565
13,262,5.523557645941756
13,263,28.25699931843517
13,264,20.269089363387522
13,265,0.16685876712304534
13,266,1.4922972203588534
13,267,0.16745668689908402
