14,262,7.46339765284237
14,268,0.00028891274366979236
14,269,0.011874257708398683
14,270,7.08539074706049
14,271,4.0026277548652835
14,272,1.8281722073497375
14,273,3.810694596392362
14,274,4.062413631609341
14,275,0.00026964861901829413
14,276,4.180329136747067
14,277,1.5729430009944045
14,278,2.8260726530350277
14,279,7.034077876403143
14,280,6.245107329890695
14,281,2.5496253138701936
14,282,6.90231335690764
14,283,6.842985941137613
14,284,6.9191791757399805
14,285,6.44411908388774
14,286,1.3632566983464762
