12,213,6.8480870153100835
12,230,6.9974786460938665
12,231,0.13899099588563749
12,232,0.07871056897540095
12,233,7.6946242484497365
12,234,4.300897380149386
12,235,1.270039635197498
12,236,2.837823059349274
12,237,1.363667195817637
12,238,0.02221921955796404
12,239,4.544509760531818
12,240,1.2073122705084333e-05
12,241,1.306251677594689
12,242,1.0332602500407706e-06
12,243,2.825121554716804
12,244,0.9273402806380421
12,245,6.968168393925341
12,246,0.0033161068500677147
12,247,8.597493996328986e-08
12,248,0.0012523980177841546
