17,93,36.16593328891635
17,134,0.07214092625609352
17,135,14.988129737888041
17,136,1.87156336471444
17,137,34.886673384794705
17,138,35.87473206118228
17,139,18.75688670106949
17,140,25.567707233521396
17,141,36.39128477730081
17,142,36.109331633417376
17,143,34.75937432086463
17,144,26.513492592054035
17,145,0.002006924007067261
17,146,36.39634433621418
17,147,4.619681797774684
17,148,1.202094447318598
17,149,35.08234600614865
17,150,27.43863396813281
17,151,24.978740869143184
17,152,0.13864366842642464
