13,124,0.139743375810035
13,153,0.9518800640570295
13,154,5.745232057592906
13,155,5.470822839797543
13,156,0.7883494627212542
13,157,5.912988823930285
13,158,0.42362851829421
13,159,3.0463341187577915
13,160,0.022942907030504143
13,161,0.002479002041798942
13,162,0.8094434998240415
13,163,3.139291598822159
13,164,4.888009905515384
13,165,0.29113664138215617
13,166,6.407305786495153
13,167,1.3757508776422303
13,168,0.06075602652806423
13,169,6.223853122105355
13,170,5.6733251047118936
13,171,0.797729965804775
