0,1,0.061784384463856874,0.2102755772725864,1.7874716499633017
0,2,0.061784384463856874,0.2102755772725864,1.7874716499633017
0,3,0.061784384463856874,0.2102755772725864,1.7874716499633017
0,4,0.061784384463856874,0.2102755772725864,1.7874716499633017
0,5,0.061784384463856874,0.2102755772725864,1.7874716499633017
0,6,0.061784384463856874,0.2102755772725864,1.7874716499633017
0,7,0.061784384463856874,0.2102755772725864,1.7874716499633017
0,8,0.061784384463856874,0.2102755772725864,1.7874716499633017
0,9,0.061784384463856874,0.2102755772725864,1.7874716499633017
0,10,0.061784384463856874,0.2102755772725864,1.7874716499633017
0,11,0.061784384463856874,0.2102755772725864,1.7874716499633017
0,12,0.061784384463856874,0.2102755772725864,1.7874716499633017
0,13,0.061784384463856874,0.2102755772725864,1.7874716499633017
0,14,0.061784384463856874,0.2102755772725864,1.7874716499633017
0,15,0.061784384463856874,0.2102755772725864,1.7874716499633017
0,16,0.061784384463856874,0.2102755772725864,1.7874716499633017
0,17,0.061784384463856874,0.2102755772725864,1.7874716499633017
0,18,0.061784384463856874,0.2102755772725864,1.7874716499633017
0,19,0.061784384463856874,0.2102755772725864,1.7874716499633017
0,20,0.061784384463856874,0.2102755772725864,1.7874716499633017
1,21,6.95209915596609,0.2102755772725864,1.6011025428394787
1,22,1.5022559424910726,0.2102755772725864,1.6137586934434154
1,23,4.50380118495092,0.2102755772725864,1.7045671386678691
1,24,0.02376170967848943,0.2102755772725864,1.7876629911782442
1,25,2.1398536506884795,0.2102755772725864,1.551890799323375
1,26,6.639245308012789,0.2102755772725864,1.489158670596136
1,27,6.909278229872385,0.2102755772725864,1.5575142456700763
1,28,7.065510243958096,0.2102755772725864,1.5861860372382615
1,29,3.647152353307965,0.2102755772725864,1.6734531074139052
1,30,1.5858401123941737,0.2102755772725864,1.5596969610811813
1,31,0.09253036619578191,0.2102755772725864,1.7874921229455076
1,32,2.2709930842595174,0.2102755772725864,1.7672695715562736
1,33,4.894177143889596,0.2102755772725864,1.7092189969797187
1,34,0.023463423975145656,0.2102755772725864,1.787502152340342
1,35,2.386512080667418,0.2102755772725864,1.765421165333272
1,36,0.007791095350024391,0.2102755772725864,1.7876475764125246
1,37,0.10424389093188821,0.2102755772725864,1.7875443892695309
1,38,2.299280448560852,0.2102755772725864,1.7617721345850252
1,39,0.0021460669452060916,0.2102755772725864,1.787652665144911
1,40,1.445050139061736,0.2102755772725864,1.6714576527088165
2,41,1.9344861671543858,0.3071709981797116,0.5203482829162868
2,42,2.2468773365546872,0.3071709981797116,0.6044765752300236
2,43,0.9990904723737998,0.3071709981797116,0.2845062201743873
2,44,1.882897212677736,0.3071709981797116,0.46770189340499974
2,45,3.573674940201142,0.3071709981797116,0.47146157709052494
2,46,1.2371888219407314,0.3071709981797116,0.34363749619919653
2,47,2.4898286393609586,0.3071709981797116,0.6003451267634948
2,48,8.789344684788993,0.3071709981797116,0.6316191931239376
2,49,1.355015122788047,0.3071709981797116,0.5941562234009354
2,50,4.811046914921328,0.3071709981797116,0.5302908734734346
2,51,2.9271989119681554,0.3071709981797116,0.35565947510987944
2,52,1.076092336489832,0.3071709981797116,0.3530171125436143
2,53,5.799628132349325,0.3071709981797116,0.4803774343304769
2,54,1.2607707221868993,0.3071709981797116,0.44257431879945974
2,55,1.0412332344963562,0.3071709981797116,0.324642129875982
2,56,1.890532979314987,0.3071709981797116,0.640484895938531
2,57,1.9487105290335882,0.3071709981797116,0.2249199926415358
2,58,1.0006913099645949,0.3071709981797116,0.2360153209758425
2,59,1.4201868858828164,0.3071709981797116,0.20558415853847378
2,60,6.499977472855114,0.3071709981797116,0.34035343927312467
3,61,1.7021910301846164,0.330050574098917,0.28956601873522264
3,62,1.2580104653541848,0.330050574098917,0.40948152250298847
3,63,2.871983069769672,0.330050574098917,0.388865984076277
3,64,4.794406677461994,0.330050574098917,0.45679273825332484
3,65,0.005901656452699918,0.330050574098917,0.004813270224701673
3,66,1.9672900490389604,0.330050574098917,0.5922568872022542
3,67,1.6207490240076103,0.330050574098917,0.18166667591587082
3,68,6.8083158092299945,0.330050574098917,0.4544906048006634
3,69,1.0146365072122974,0.330050574098917,0.27161240013502697
3,70,1.3485342486933038,0.330050574098917,0.38509325357462604
3,71,1.0720039874112979,0.330050574098917,0.429259966297901
3,72,1.048300510557394,0.330050574098917,0.3155451043788349
3,73,0.697634038748518,0.330050574098917,0.26097736502822344
3,74,1.066454218609812,0.330050574098917,0.3080396347137674
3,75,6.335077333462129,0.330050574098917,0.2939579830811243
3,76,1.5280176028952084,0.330050574098917,0.615870299953025
3,77,4.087147080154259,0.330050574098917,0.40756397788327525
3,78,2.1251389237314724,0.330050574098917,0.5800459127396757
3,79,7.361253124355324,0.330050574098917,0.25525517014986177
3,80,1.866541309758682,0.330050574098917,0.30923925836119337
4,81,1.4276559555350181,0.3268021552923966,0.28522801000254244
4,82,1.4221104318120927,0.3268021552923966,0.46032725514701844
4,83,4.426202711000399,0.3268021552923966,0.35229974228207345
4,84,1.2457549694735595,0.3268021552923966,0.35207923207252817
4,85,3.3189903861538586,0.3268021552923966,0.33313384976472227
4,86,2.736586259930222,0.3268021552923966,0.4451202084463903
4,87,1.1652747814772548,0.3268021552923966,0.49929551783710246
4,88,5.480302811935696,0.3268021552923966,0.26300158687850644
4,89,2.8587031904905387,0.3268021552923966,0.36479536353251246
4,90,2.442965864124639,0.3268021552923966,0.2465053465403632
4,91,0.8165415203766739,0.3268021552923966,0.3237461462280039
4,92,4.450168159254796,0.3268021552923966,0.3829499512105645
4,93,1.9566551234750862,0.3268021552923966,0.21589448845901693
4,94,3.535340825609582,0.3268021552923966,0.5522324587461193
4,95,5.500306817980042,0.3268021552923966,0.2693456977481852
4,96,2.2281619892627136,0.3268021552923966,0.23537817231201663
4,97,2.4483660596020997,0.3268021552923966,0.2362781510759487
4,98,3.985853094712341,0.3268021552923966,0.2086576985697966
4,99,1.1406646225730281,0.3268021552923966,0.3439307557688063
4,100,3.365222339507549,0.3268021552923966,0.5694705118977178
5,101,3.387798137518927,0.33187683597691514,0.3120859517024606
5,102,1.9754959398411434,0.33187683597691514,0.4005228112902157
5,103,1.3582325526029222,0.33187683597691514,0.3009847238080116
5,104,5.6880443614745,0.33187683597691514,0.46493687412669044
5,105,0.6769499094622888,0.33187683597691514,0.3351008976651907
5,106,1.1390382421789564,0.33187683597691514,0.38852705035452356
5,107,6.872124344025013,0.33187683597691514,0.20015224010003227
5,108,3.7169501436343904,0.33187683597691514,0.4860564909535031
5,109,1.438298624184258,0.33187683597691514,0.3661437723968829
5,110,3.0704956370320255,0.33187683597691514,0.5274782044714098
5,111,1.9838046635160917,0.33187683597691514,0.477790131032158
5,112,6.758405697215888,0.33187683597691514,0.25195545678038095
5,113,2.0191840446149123,0.33187683597691514,0.5556389111446431
5,114,3.3889351452299064,0.33187683597691514,0.37077570747012434
5,115,8.852660066945743,0.33187683597691514,0.5745117889642386
5,116,0.8033520453407562,0.33187683597691514,0.4023038954423783
5,117,1.1108362689034896,0.33187683597691514,0.47269311844013234
5,118,2.0072376719189418,0.33187683597691514,0.26963815375152617
5,119,2.3218220473282387,0.33187683597691514,0.25970023903385586
5,120,7.149947183803148,0.33187683597691514,0.5217438050749315
6,121,11.043979627825463,0.40817033109891865,0.5974320252513432
6,122,4.083241812569322,0.40817033109891865,0.40851523241508064
6,123,0.8957670911376998,0.40817033109891865,0.2800169236445117
6,124,3.092030635550157,0.40817033109891865,0.37005717928948006
6,125,5.009177034550436,0.40817033109891865,0.44518796126117
6,126,1.4286907756829492,0.40817033109891865,0.21712769178921798
6,127,2.038022027708675,0.40817033109891865,0.3919198221985244
6,128,1.2911730668757746,0.40817033109891865,0.45418806400656037
6,129,4.156311013044585,0.40817033109891865,0.46084375707944036
6,130,3.1063963858344925,0.40817033109891865,0.3406163978822617
6,131,1.7077640698814813,0.40817033109891865,0.29574964707460744
6,132,2.8804773176667724,0.40817033109891865,0.3832984842207911
6,133,4.163441369451809,0.40817033109891865,0.405293368468112
6,134,3.6864335248822253,0.40817033109891865,0.2611595867913829
6,135,2.378147311706299,0.40817033109891865,0.27043907270292655
6,136,1.5972931437400069,0.40817033109891865,0.1910400106017218
6,137,2.047753204844372,0.40817033109891865,0.33538415370576896
6,138,1.6829356657988832,0.40817033109891865,0.4126988629666621
6,139,1.4685744153833644,0.40817033109891865,0.45469165304341824
6,140,0.9745002134199888,0.40817033109891865,0.33301601027539884
7,141,0.8316995902013337,0.3527802885613313,0.3370076500276694
7,142,2.2715829012890167,0.3527802885613313,0.46186222387627796
7,143,7.577134603506598,0.3527802885613313,0.47695372431654337
7,144,6.086809796107494,0.3527802885613313,0.3409263490156212
7,145,1.6421974371820154,0.3527802885613313,0.21481679376978358
7,146,1.2614656351722688,0.3527802885613313,0.4641764745395216
7,147,3.7267183681901455,0.3527802885613313,0.23129398848337976
7,148,1.6738573849452056,0.3527802885613313,0.17139800223756607
7,149,9.089240440779657,0.3527802885613313,0.6077207037965451
7,150,3.692295979240057,0.3527802885613313,0.43025225058767697
7,151,7.157251929834458,0.3527802885613313,0.1568519121620227
7,152,1.8582560205348233,0.3527802885613313,0.3402313185377526
7,153,0.7399299825883585,0.3527802885613313,0.4566141544604266
7,154,1.5697311249597306,0.3527802885613313,0.40968621570700225
7,155,1.8897944749785145,0.3527802885613313,0.20862612106106734
7,156,1.5476890790351803,0.3527802885613313,0.19652818579007097
7,157,2.558022314811969,0.3527802885613313,0.35219437129533476
7,158,1.8898019936833035,0.3527802885613313,0.2526014888954683
7,159,1.6265688618100633,0.3527802885613313,0.18468286677863452
7,160,0.05389494410847787,0.3527802885613313,0.026855095879999992
8,161,6.978955946458805,0.3477190948070839,0.30410135654059467
8,162,1.6193887286715,0.3477190948070839,0.2460715109238789
8,163,2.385927968652366,0.3477190948070839,0.41597162686294475
8,164,3.326206379789971,0.3477190948070839,0.3333179570405763
8,165,1.1766856637914702,0.3477190948070839,0.4621468440129879
8,166,3.9401807853012754,0.3477190948070839,0.36155116038361385
8,167,4.285718624187228,0.3477190948070839,0.45339266904529635
8,168,4.005661629737174,0.3477190948070839,0.5106116581714369
8,169,2.871528228699489,0.3477190948070839,0.48347464506099913
8,170,1.230933986388061,0.3477190948070839,0.27676585353736555
8,171,8.384272827022333,0.3477190948070839,0.38068496494177967
8,172,3.391263663412967,0.3477190948070839,0.403550754582111
8,173,2.1409244339217413,0.3477190948070839,0.29596536123749134
8,174,3.355255338013715,0.3477190948070839,0.2854644433337698
8,175,7.475879282710692,0.3477190948070839,0.22550031419233538
8,176,2.932342732726865,0.3477190948070839,0.43907666753091434
8,177,1.4584720002662486,0.3477190948070839,0.2033616706652868
8,178,1.21372235210607,0.3477190948070839,0.452348678767954
8,179,3.0644490194684577,0.3477190948070839,0.40214304600582207
8,180,1.0267811462302243,0.3477190948070839,0.4873072114800072
9,181,3.6419466533268707,0.34951297258250974,0.40909178024089654
9,182,6.316132468134314,0.34951297258250974,0.2649265731576099
9,183,8.231520955428847,0.34951297258250974,0.33046760956675636
9,184,8.707560621139946,0.34951297258250974,0.5700112391563144
9,185,7.723247395694642,0.34951297258250974,0.31774424732897677
9,186,3.1126259674557177,0.34951297258250974,0.4012132251471964
9,187,1.2078004177321617,0.34951297258250974,0.44572959853073374
9,188,2.177924304437809,0.34951297258250974,0.4479479236906278
9,189,3.665945220616541,0.34951297258250974,0.3985207928185311
9,190,1.509766456830805,0.34951297258250974,0.4694978477915379
9,191,5.482150311501869,0.34951297258250974,0.4099562200279984
9,192,1.9651517118464783,0.34951297258250974,0.3817447764248459
9,193,2.1715460021930864,0.34951297258250974,0.4027711249333266
9,194,6.855155687095951,0.34951297258250974,0.34244570903046206
9,195,4.0155049438839745,0.34951297258250974,0.37861867647329006
9,196,2.465733224203321,0.34951297258250974,0.30122036864995483
9,197,2.9195896329371873,0.34951297258250974,0.43761649705204075
9,198,6.6559803138329805,0.34951297258250974,0.18065180379005166
9,199,1.7488516310268418,0.34951297258250974,0.27910561280611695
9,200,1.8774155694899715,0.34951297258250974,0.3006260739917163
10,201,0.679853686370166,0.34752349116182757,0.3223552518199868
10,202,1.8398633299326173,0.34752349116182757,0.2795611087281703
10,203,3.078917424315089,0.34752349116182757,0.33396526849483105
10,204,2.001125785861618,0.34752349116182757,0.23759574800445
10,205,2.7125800727245166,0.34752349116182757,0.40522332888612334
10,206,1.8424161000550148,0.34752349116182757,0.3021946764775494
10,207,4.778498635559926,0.34752349116182757,0.17215821951468982
10,208,9.484574161391686,0.34752349116182757,0.6025105997943931
10,209,2.1588729338219754,0.34752349116182757,0.3892516349462989
10,210,8.011515267149472,0.34752349116182757,0.5835852203307148
10,211,1.8359342341977898,0.34752349116182757,0.3326949437141215
10,212,3.5055919657491357,0.34752349116182757,0.2909689929905275
10,213,1.7012406246378944,0.34752349116182757,0.4606919611324134
10,214,1.1205989320842504,0.34752349116182757,0.4369542385481436
10,215,2.936935989716944,0.34752349116182757,0.4291687581813501
10,216,1.2378425990517734,0.34752349116182757,0.26812619749749506
10,217,0.6757535539431382,0.34752349116182757,0.3124008113389328
10,218,1.3169655227318378,0.34752349116182757,0.2405371829040054
10,219,1.4519048718709826,0.34752349116182757,0.20556421990071894
10,220,1.4341449424489667,0.34752349116182757,0.4298997554849088
11,221,2.520292342534168,0.341864428240568,0.41057112147166375
11,222,7.370429449637194,0.341864428240568,0.3004752663822949
11,223,1.5948205321268139,0.341864428240568,0.31613732581424714
11,224,6.083140217162306,0.341864428240568,0.34486392047522374
11,225,1.9885443027540874,0.341864428240568,0.2958025241216858
11,226,1.388564005927877,0.341864428240568,0.21118380202048467
11,227,2.884659230364001,0.341864428240568,0.4658530649414078
11,228,1.0965693467027888,0.341864428240568,0.47239774360078385
11,229,6.212796569904241,0.341864428240568,0.2810127354853649
11,230,1.007934209332104,0.341864428240568,0.30094905785564313
11,231,8.685251226659835,0.341864428240568,0.5715287820190706
11,232,2.6673370791657285,0.341864428240568,0.3906964781823859
11,233,3.5446418467089935,0.341864428240568,0.37985374241063397
11,234,3.300795002481643,0.341864428240568,0.2369898615556112
11,235,8.925002681675583,0.341864428240568,0.535955330421899
11,236,7.376677658439904,0.341864428240568,0.28293594932249966
11,237,2.039676672500181,0.341864428240568,0.40531158348652213
11,238,4.229979217172531,0.341864428240568,0.25980532946376983
11,239,2.057546806553792,0.341864428240568,0.23366292789937193
11,240,0.853582770219678,0.341864428240568,0.27495498179723077
12,241,3.9881527152256817,0.3421854229530757,0.18199106729382925
12,242,1.5286267974263652,0.3421854229530757,0.21286911159620855
12,243,2.6488755633593195,0.3421854229530757,0.3885243128479898
12,244,2.4821064002748447,0.3421854229530757,0.34646728305370733
12,245,0.7912239370120029,0.3421854229530757,0.24758039323063374
12,246,4.589442418582199,0.3421854229530757,0.32554030378710036
12,247,2.1580534224871806,0.3421854229530757,0.40511885423603405
12,248,2.774841418650268,0.3421854229530757,0.41016359901432364
12,249,0.6958151891805345,0.3421854229530757,0.26337880113143597
12,250,3.020304779543159,0.3421854229530757,0.3306357393387358
12,251,1.7741477725374717,0.3421854229530757,0.36345901882601617
12,252,6.279914039987434,0.3421854229530757,0.29081516002499336
12,253,1.892236142285357,0.3421854229530757,0.2629298200458671
12,254,1.0753156065233958,0.3421854229530757,0.4094889848418172
12,255,2.2987615869779954,0.3421854229530757,0.4127249692835421
12,256,3.5176408660489886,0.3421854229530757,0.3576932110452814
12,257,2.0966434463205674,0.3421854229530757,0.40032379786181255
12,258,3.9075794309282363,0.3421854229530757,0.25536438083522506
12,259,6.611177648900268,0.3421854229530757,0.2538115221618927
12,260,0.8788631333895438,0.3421854229530757,0.32644494874492636
13,261,3.5155555252527066,0.3421854229530757,0.4162126605983514
13,262,1.5948304033699103,0.3421854229530757,0.3334609468269163
13,263,0.8494617840677818,0.3421854229530757,0.43041826212714634
13,264,5.560621688674595,0.3421854229530757,0.5139076234724358
13,265,1.1177477391329096,0.3421854229530757,0.4041995416656358
13,266,3.115609629894719,0.3421854229530757,0.3435488748045253
13,267,2.9694376030857086,0.3421854229530757,0.40714100804116504
13,268,1.6817993886605174,0.3421854229530757,0.41473289561078636
13,269,3.471140871950831,0.3421854229530757,0.3873314643105294
13,270,11.122331321515935,0.3421854229530757,0.5986561620906256
13,271,4.843348991771641,0.3421854229530757,0.42820281822988565
13,272,1.9096892563232968,0.3421854229530757,0.5551246390312109
13,273,1.420600782416732,0.3421854229530757,0.22550394950530186
13,274,2.708717526812407,0.3421854229530757,0.41638534635123425
13,275,1.5980155419656603,0.3421854229530757,0.18258045870570255
13,276,5.529867355969478,0.3421854229530757,0.21237471026828844
13,277,1.681348835449666,0.3421854229530757,0.17571039260992016
13,278,5.257280979260582,0.3421854229530757,0.43426073436213486
13,279,4.232347564360965,0.3421854229530757,0.16866993500714153
13,280,2.5689559101890285,0.3421854229530757,0.3997543209017861
14,281,1.2352601778657246,0.33992761557509504,0.26876789381856325
14,282,8.578743824321554,0.33992761557509504,0.581769322598135
14,283,4.096423255044036,0.33992761557509504,0.4015162291657322
14,284,3.2226613293966313,0.33992761557509504,0.3958843745440577
14,285,1.947394449236102,0.33992761557509504,0.4903953188021117
14,286,2.419626775702661,0.33992761557509504,0.3240095504584147
14,287,7.0181980040305,0.33992761557509504,0.27611966825410367
14,288,2.145016626492231,0.33992761557509504,0.40569598546627494
14,289,2.3652962759834475,0.33992761557509504,0.4535533694444428
14,290,6.282302651708937,0.33992761557509504,0.286606349529171
14,291,4.231365293138152,0.33992761557509504,0.3994231481207657
14,292,2.0562763208553165,0.33992761557509504,0.2521101501804047
14,293,6.112121898931485,0.33992761557509504,0.4915277366705728
14,294,7.629716905589997,0.33992761557509504,0.4491124151465599
14,295,9.246785819772576,0.33992761557509504,0.5140481829106611
14,296,2.7339231371820847,0.33992761557509504,0.4046038738511772
14,297,1.7518367452329622,0.33992761557509504,0.41257423393474707
14,298,6.889703174055096,0.33992761557509504,0.2525790297637696
14,299,1.4257851173971317,0.33992761557509504,0.24625815294200243
14,300,8.896381533179335,0.33992761557509504,0.6012790244401132
15,301,4.258713345286869,0.3529644804105973,0.3540248125333144
15,302,3.380030121266514,0.3529644804105973,0.23907704661753962
15,303,2.59425936967356,0.3529644804105973,0.35218770572198643
15,304,6.4812130721931265,0.3529644804105973,0.2927777729055215
15,305,7.090953121766083,0.3529644804105973,0.2736901653795473
15,306,6.630561749874413,0.3529644804105973,0.1601605090086116
15,307,3.4212382850374223,0.3529644804105973,0.3890228612529154
15,308,2.627860711039752,0.3529644804105973,0.4135924926443088
15,309,7.1758809949706945,0.3529644804105973,0.30647067720450166
15,310,0.8173919811342272,0.3529644804105973,0.28424162967333694
15,311,7.076254103479376,0.3529644804105973,0.2282558914627402
15,312,1.7228946928250617,0.3529644804105973,0.3441640896692611
15,313,4.543455390568238,0.3529644804105973,0.3311428967429086
15,314,9.056057188248824,0.3529644804105973,0.48694505254964376
15,315,1.3313620470355099,0.3529644804105973,0.46066185644684376
15,316,5.026291895581223,0.3529644804105973,0.3361847885556119
15,317,6.3368088351540575,0.3529644804105973,0.21666943140281766
15,318,5.26374030411063,0.3529644804105973,0.1803883320821163
15,319,1.238363101631042,0.3529644804105973,0.2948874496507467
15,320,3.3436227076461384,0.3529644804105973,0.2935972979621067
16,321,0.678566138881518,0.3529644804105973,0.2865911171123368
16,322,1.2799816521537026,0.3529644804105973,0.21236329522984695
16,323,2.3900518113635982,0.3529644804105973,0.3802680620493409
16,324,6.075084661359806,0.3529644804105973,0.24220052651455817
16,325,3.810070744037095,0.3529644804105973,0.2202711841597428
16,326,4.319913077390843,0.3529644804105973,0.39765511564975353
16,327,1.407993990982665,0.3529644804105973,0.2705101427987038
16,328,2.603875283260894,0.3529644804105973,0.36829019941531255
16,329,1.3362763500475372,0.3529644804105973,0.44503892851585347
16,330,3.555160244346182,0.3529644804105973,0.2657095142984038
16,331,1.4572032837398419,0.3529644804105973,0.22589433272617893
16,332,4.858748821518924,0.3529644804105973,0.292779164721696
16,333,7.121321745729641,0.3529644804105973,0.32646239106141095
16,334,1.7894979339077683,0.3529644804105973,0.42668669432590667
16,335,10.0367283147084,0.3529644804105973,0.5723204946239252
16,336,3.641310509932066,0.3529644804105973,0.3961843391425783
16,337,6.496877468426351,0.3529644804105973,0.44142752894010706
16,338,3.0733382339456368,0.3529644804105973,0.21969627572783554
16,339,6.010233493737574,0.3529644804105973,0.2733249735480896
16,340,3.080825797519447,0.3529644804105973,0.40462500520488126
17,341,8.233461573242957,0.3580954522947534,0.2503501357845549
17,342,1.1338996560878756,0.3580954522947534,0.2621339084904763
17,343,1.283911998690804,0.3580954522947534,0.44104001968239487
17,344,4.004152242671205,0.3580954522947534,0.23554110232379863
17,345,1.133345095868165,0.3580954522947534,0.47922368183108466
17,346,4.80571417006068,0.3580954522947534,0.29361466606338343
17,347,1.229175779117521,0.3580954522947534,0.4177396813180175
17,348,3.7655545675547857,0.3580954522947534,0.38883984944949634
17,349,6.7007543947898105,0.3580954522947534,0.24795345281968587
17,350,1.5429615318377836,0.3580954522947534,0.4203296717818039
17,351,6.603396926356946,0.3580954522947534,0.1650592694373952
17,352,6.911247954698555,0.3580954522947534,0.28846957824681346
17,353,1.0913771104812857,0.3580954522947534,0.3106769339156964
17,354,9.617238895737273,0.3580954522947534,0.5688433504461913
17,355,0.7416722668759401,0.3580954522947534,0.45468838521691385
17,356,2.6077373548791685,0.3580954522947534,0.3761816793627881
17,357,4.47320641486009,0.3580954522947534,0.5370888319127376
17,358,1.4458368221899167,0.3580954522947534,0.2691529197214958
17,359,1.417224828524984,0.3580954522947534,0.2448161649385277
17,360,1.4410561954022307,0.3580954522947534,0.2765461540748354
18,361,3.3799655093576186,0.38490100386466464,0.24897707398951602
18,362,1.4381423504439985,0.38490100386466464,0.3856625114222172
18,363,3.8907191504407193,0.38490100386466464,0.18395981328883093
18,364,1.4663764615425186,0.38490100386466464,0.368383143887742
18,365,1.7245343530936277,0.38490100386466464,0.4340693212086175
18,366,4.41780494805339,0.38490100386466464,0.35475574111523667
18,367,9.340611124052467,0.38490100386466464,0.5345151537448675
18,368,1.359463851768351,0.38490100386466464,0.47290119378868195
18,369,1.4254424295171437,0.38490100386466464,0.3343168100785134
18,370,2.585559067787754,0.38490100386466464,0.40254034488622203
18,371,1.5889197703614821,0.38490100386466464,0.20689687322049552
18,372,1.3906635704739887,0.38490100386466464,0.4349219342229245
18,373,1.7194726068409063,0.38490100386466464,0.2927630640013823
18,374,1.5003482824467034,0.38490100386466464,0.33984376962377155
18,375,1.1174717575581667,0.38490100386466464,0.46288007187853486
18,376,3.7143261586433116,0.38490100386466464,0.22734861164384268
18,377,5.829841274770792,0.38490100386466464,0.2825103264960826
18,378,1.3177912778117953,0.38490100386466464,0.2752572998718362
18,379,6.120996971173634,0.38490100386466464,0.251798053261436
18,380,2.5863861245391604,0.38490100386466464,0.345036709245888
19,381,2.868660863614854,0.3573375964577037,0.3410969449777274
19,382,1.594377754576898,0.3573375964577037,0.26534617571906155
19,383,1.7526775887030757,0.3573375964577037,0.20506365260794587
19,384,8.794996671661476,0.3573375964577037,0.47546995353076876
19,385,1.8117420868565597,0.3573375964577037,0.2905300132674852
19,386,0.9695672182725211,0.3573375964577037,0.2649470328680899
19,387,7.082689157456475,0.3573375964577037,0.24454023213826323
19,388,1.6609532894799814,0.3573375964577037,0.17671827781562593
19,389,1.277802925501511,0.3573375964577037,0.2901788171266008
19,390,2.365994482765942,0.3573375964577037,0.4224621736582727
19,391,1.1569465274606585,0.3573375964577037,0.4613770830603569
19,392,2.5420435278855584,0.3573375964577037,0.28544076578753674
19,393,5.749357756514147,0.3573375964577037,0.47358261741136404
19,394,2.7229644146694665,0.3573375964577037,0.2745199075280731
19,395,2.4282756032794386,0.3573375964577037,0.44293269066047647
19,396,2.9706321368134385,0.3573375964577037,0.39677544281832144
19,397,9.531734729519806,0.3573375964577037,0.46781310619815136
19,398,1.477941560853392,0.3573375964577037,0.41646927170941256
19,399,1.9304092305765392,0.3573375964577037,0.4355445589760811
19,400,2.236172683678667,0.3573375964577037,0.4037613520299387
