3,41,1.2875013828949267
3,57,1.2791707067790647
3,58,0.0019140672130979965
3,59,1.2242314731218717
3,60,1.2498887711041702
3,61,1.2387353577377351
3,44,9.076943157505701
3,62,8.365249324604038
3,63,5.756243602129628
3,64,5.543420078118791
3,65,4.712984182694871e-08
3,66,5.550079848778045
3,67,3.4988388037747464
3,68,5.755875308181898
3,69,0.4244131400400935
3,70,0.5287034286437802
3,71,3.165843505494227
3,72,3.45997289778237e-05
3,73,8.941320690504964
3,74,8.594890984128499
3,32,12.098622223527464
3,59,1.4551097476303114e-14
3,60,13.192751633830174
3,61,5.890717610481958
3,62,1.466576947274101
3,63,5.837787639899514
3,64,6.5762110648697085
3,65,5.506143020371822
3,66,5.777389102699195
3,67,2.0466325538498142
3,68,5.154515723402573
3,69,1.426164448461489
3,70,0.30382042549089044
3,71,13.341006267063568
3,72,0.047805704181261975
3,73,4.973544741224256
3,74,2.438122847282031
3,75,12.424954444131005
3,76,1.9088454380009778
3,77,0.15904513412522892
3,44,10.445132271910293
3,59,0.004584824399749469
3,60,5.838242720939408
3,61,5.132689415165307
3,62,11.73019108405734
3,63,1.1927140619814203
3,64,4.0164357903383765
3,65,3.226536398271248
3,66,0.11938600497305203
3,67,5.851810880122835
3,68,5.614634356356345
3,69,0.2522397583148212
3,70,1.1647714642956144
3,71,3.5847288882503334
3,72,0.3315094800884188
3,73,0.12539590392813205
3,74,5.775076688212954
3,75,5.528292130000059
3,76,2.7543976734218583
3,77,5.782009485710603
3,30,8.314999198347186
3,59,1.1437170763583886
3,60,9.252764455801226e-05
3,61,2.031685941130108
3,62,5.909029114508617
3,63,11.013518568121416
3,64,0.4279051884571606
3,65,5.728734332239043
3,66,3.367682244957036
3,67,1.4460086530433638
3,68,3.3715488430629876
3,69,1.977512114242745
3,70,5.60730962140637
3,71,5.823797553737682
3,72,5.753859052103393
3,73,1.0096453673430223
3,74,3.7662241126399
3,75,2.8789619644563653
3,76,5.844977779957498
3,77,0.043694028118495126
3,53,6.020142117238502
3,59,0.014041831956909601
3,60,4.977410208292995
3,61,5.905497763983299
3,62,0.9094925253010427
3,63,5.754380125454264
3,64,4.337385437557978e-15
3,65,5.899528152263516
3,66,5.921281411756889
3,67,1.4296236748838909
3,68,4.218823095567571
3,69,2.641797324256198
3,70,2.6313933374527907
3,71,5.209394876206253
3,72,2.493062699017142
3,73,7.650347295437831
3,74,1.6361762323667233
3,75,0.7893652104562651
3,76,2.8926706660364565
3,77,5.762352658635882
