2,8,1.2726621660765005
2,39,1.2659750885939767
2,40,1.1811592242827953
2,41,1.2875013828949267
2,42,1.2237293479622384
2,26,8.994594783052086
2,43,0.0024640214114587103
2,44,9.076943157505701
2,45,0.005740983563946298
2,46,6.262455507994425
2,47,5.513217445520384
2,48,4.294033773676924
2,49,0.5004746896742199
2,50,0.00012638663466601937
2,51,0.0010482704785349103
2,52,3.216000166200911
2,53,0.003819194956967478
2,54,2.6881757368568504
2,55,0.0014422591071627433
2,56,3.1253089858563516
2,32,12.098622223527464
2,40,5.847825958697389
2,41,0.9954955947098209
2,42,0.0015816067995923443
2,43,5.547791272545475
2,44,5.753955261578508
2,45,3.7052769119544604
2,46,0.004874838726099264
2,47,1.0841403691789055
2,48,11.281954960335854
2,49,1.025337707470788
2,50,5.860542298965064
2,51,1.235551456230065
2,52,5.9127942948414445
2,53,0.8066957488881852
2,54,5.309808451480465
2,55,5.846663106181951
2,56,2.1505335955951934
2,57,8.527883630688235
2,58,1.2371362115712352
2,27,7.862048838196417
2,40,3.436036546654425
2,41,5.555558065755131
2,42,0.16345870516708608
2,43,1.0120017823200778
2,44,10.445132271910293
2,45,0.6038330362904301
2,46,5.2278583207767895
2,47,0.6130423075311593
2,48,8.30122987303483
2,49,5.233632710828771
2,50,5.8110999033373485
2,51,3.674905258240605
2,52,3.992647687557664
2,53,5.092472043174506
2,54,4.516256481647573
2,55,5.761917966652127
2,56,5.570817842807311
2,57,9.799266403435608
2,58,5.5099581182575115
2,30,8.314999198347186
2,40,5.852486004394475
2,41,5.079120541949304
2,42,2.609030634308302
2,43,5.49084343782801
2,44,5.489864326939544
2,45,5.342167789788282
2,46,1.047917373274221
2,47,5.800186951810034
2,48,2.6046524212186695
2,49,4.044865968014257
2,50,5.481424566068591
2,51,5.621753295039383
2,52,5.661378830744436
2,53,5.15424956572694
2,54,1.2017747875102178
2,55,5.588594004201819
2,56,1.03522957887432
2,57,0.6522457361334747
2,58,0.7553005170377302
2,21,5.944252550714807
2,40,2.356607546108507
2,41,5.806063543363556
2,42,1.0770915818723061
2,43,5.903229989832793
2,44,5.725690633463457
2,45,1.1753568973189267e-07
2,46,2.9595676189690265
2,47,5.751672851032158
2,48,1.645612350245407
2,49,0.9236450917882543
2,50,5.802393522981985
2,51,5.446530277671519
2,52,4.558701269096505
2,53,6.020142117238502
2,54,0.101049158589469
2,55,5.8437697373355055
2,56,5.235881491961825
2,57,0.027487636047485255
2,58,0.8743266255823198
