15,112,2.496083783072803
15,273,0.000977035694233423
15,274,2.6419936214447586
15,268,15.518108085141048
15,275,5.516054007447256
15,276,4.761375365144207
15,277,14.525583458901655
15,278,13.357263383356504
15,279,13.83950882458244
15,280,15.240569439694328
15,281,15.081137631717304
15,282,15.222950296775
15,283,0.39744461689092514
15,284,11.544345953478595
15,285,5.86063090305042
15,286,14.810743652542804
15,287,3.537457816969614
15,288,9.022018328863366
15,289,13.618768350424238
15,290,2.4400185850249786e-08
15,132,14.487747933188148
15,287,8.359302444741031
15,288,13.84279542826967
15,289,13.985620706101491
15,290,10.133349870072491
15,291,5.772829452017566
15,292,5.6378044567798264
15,293,6.033350116372381
15,294,13.121628589019583
15,295,5.727168473984509
15,296,13.821018594900279
15,297,4.371407746368498
15,298,13.791820405531018
15,299,5.794779194616031
15,300,5.548650199642335
15,301,13.720495616478471
15,302,13.143630759622583
15,303,6.222440362117194
15,304,5.846055522202154
15,305,13.760191336013005
15,271,14.872072926128677
15,287,13.613086197872349
15,288,14.704666572613512
15,289,14.658599729869367
15,290,13.986154762810012
15,291,14.879376571115879
15,292,14.856225139114652
15,293,14.71018158922266
15,294,14.625849398469112
15,295,5.7308879871072085
15,296,0.0049628370874450125
15,297,14.723131806701224
15,298,14.81051439102175
15,299,5.842272322720324
15,300,9.588602441947698
15,301,5.843060754331302
15,302,0.0005473654152653475
15,303,5.837039768380419
15,304,14.601610137297138
15,305,14.575315318795969
15,229,14.308356850751876
15,287,13.27242640485866
15,288,13.467357494205718
15,289,2.5088232917679156
15,290,5.860128031031172
15,291,13.105740213705788
15,292,13.603863239192684
15,293,13.59697536876237
15,294,5.7421791329558385
15,295,14.338635243084495
15,296,13.480704655445011
15,297,13.098983750212229
15,298,6.211565234196021
15,299,12.10898419349
15,300,5.8046234997626165
15,301,11.91699462580541
15,302,13.71544966791956
15,303,12.53818257390216
15,304,13.343022519431328
15,305,13.626881673561687
15,185,13.317992442004169
15,287,5.189211635785726
15,288,0.2823585808130325
15,289,13.23136294357297
15,290,5.759743562828894
15,291,5.88885175977906
15,292,2.6778281471816783
15,293,8.146886379104542
15,294,3.0558782767352626
15,295,8.627457524475274
15,296,5.233308042177848
15,297,10.656332664860091
15,298,1.1622186771256453
15,299,5.510182121791419
15,300,5.743347378328064
15,301,7.573129255524955
15,302,11.58027966078854
15,303,11.475470587598215
15,304,5.758820775853533
15,305,5.736966645206113
