9,112,2.496083783072803
9,165,1.1390299817279976
9,166,0.39568348141385834
9,167,0.004040718964475458
9,146,14.767729587710285
9,168,5.705598451817867
9,169,5.8499215593852
9,170,7.794979559900012
9,171,8.832899049213305
9,172,14.382646158419655
9,173,1.9319027048062931
9,174,5.90264266929269
9,175,5.892230444307624
9,176,5.86752351259
9,177,0.14418392895266158
9,178,0.10058917864574689
9,179,14.940983932816312
9,180,5.843220834179215
9,181,3.0008429844052658
9,182,1.2550830060049118
9,132,14.487747933188148
9,173,5.294547195140111
9,174,13.180091675774122
9,175,10.964134030256131
9,176,5.813345301407519
9,177,13.541342030363847
9,178,5.802682050319254
9,179,12.07872732092255
9,180,10.82659343802495
9,181,0.00018378826839710553
9,182,10.95113555971975
9,183,3.4155721104360404
9,184,13.55613983734639
9,185,3.6230445770646673
9,186,13.345365715615463
9,187,11.724649859082712
9,188,12.170940856314864
9,189,12.77049278157068
9,190,5.660083409254429
9,191,5.83953239462583
9,150,14.041692579868915
9,173,5.542292164655364
9,174,5.284210028409478
9,175,8.914963432785251
9,176,5.0300450047998275
9,177,5.741592782657296
9,178,9.201685824389664
9,179,5.558733275853391
9,180,13.413256154307733
9,181,1.974085110375686
9,182,4.3552645167085755
9,183,3.078314075518475
9,184,4.8155028141504035
9,185,13.201903859115639
9,186,10.932548872497987
9,187,5.107773233729811
9,188,14.056740651553561
9,189,0.6185037960433956
9,190,4.087339392820007
9,191,10.574194577092582
9,155,14.133277614902237
9,173,5.816753605542482
9,174,0.9546588357557713
9,175,5.892989488022135
9,176,0.16467649646541074
9,177,5.8567997095186115
9,178,0.6667908273346731
9,179,1.0263915795217733
9,180,5.83939105464126
9,181,5.763110824882192
9,182,5.853488676556917
9,183,7.447963078550411
9,184,12.975261741335743
9,185,13.164165144761196
9,186,2.3892899970765638
9,187,13.7138257426505
9,188,5.522042913526846
9,189,6.393832236298532
9,190,0.0013345806438694598
9,191,13.900281439442544
9,112,12.185814661124253
9,173,3.0891832878654975
9,174,11.434337035918555
9,175,0.8389405257580231
9,176,5.330693662428076
9,177,4.5745146260508465
9,178,11.327715407429388
9,179,0.9353021225460876
9,180,12.70380351299597
9,181,4.993409820425142
9,182,0.02494086807608004
9,183,1.8374956836181453
9,184,8.601164609118985
9,185,13.317992442004169
9,186,3.2739442120267217
9,187,5.192795566854513
9,188,1.9137990863886145
9,189,0.49673970914038856
9,190,5.667628499456797
9,191,4.339537137271701
