12,112,2.496083783072803
12,219,0.03389791054176101
12,179,14.940983932816312
12,220,5.4459051848896385
12,221,0.018334652122966522
12,222,9.41638711432978
12,223,0.04127344859265512
12,224,0.7484657916923204
12,225,13.482811034731954
12,226,14.333277063120924
12,227,0.00140059820385615
12,228,13.316646519961543
12,229,5.814571882590868
12,230,13.608668451687464
12,231,2.658355530361057
12,232,5.853508063938307
12,233,14.172411103301272
12,234,14.733077864446448
12,235,13.80263005130657
12,236,5.83707859142558
12,132,14.487747933188148
12,230,6.503253930871667e-06
12,231,5.824808217308826
12,232,2.1808854107850095
12,233,10.065927765537587
12,234,12.799009470295891
12,235,5.671437013998147
12,236,12.438375631938316
12,237,10.00783210951527
12,238,11.70918681380078
12,239,13.570235922218398
12,240,5.343895852856094
12,241,7.988487386109068
12,242,5.260307981599334
12,243,13.857279933665158
12,244,13.814096630064592
12,245,3.0200904498805228
12,246,6.094868406373704
12,247,14.057892074211502
12,248,5.771963362189078
12,221,14.116555388012554
12,230,3.173266136436536
12,231,13.206378534168373
12,232,12.59408979993038
12,233,2.615139552599604e-05
12,234,5.803886440576603
12,235,13.398944002786424
12,236,5.6516406276856435
12,237,0.31388590037661435
12,238,2.85860545988366
12,239,12.813893313517866
12,240,0.000811450905297705
12,241,13.580693279506477
12,242,0.711266288925937
12,243,14.086758510262163
12,244,0.0002600080318644807
12,245,14.304792729820893
12,246,0.11917610607348438
12,247,13.177972616949209
12,248,14.240478487430115
12,229,14.308356850751876
12,230,5.888156181200581
12,231,5.785408107217044
12,232,0.0005523948715650043
12,233,3.51255997380478
12,234,12.915973436484204
12,235,1.0015797538824134e-05
12,236,2.8067617603045063
12,237,12.38382496729439
12,238,14.190740426513882
12,239,4.848528067471529e-05
12,240,13.486993867510524
12,241,0.5522454648595613
12,242,13.022440912104347
12,243,5.917546218025473
12,244,3.3245948715074616
12,245,0.09366904530422553
12,246,1.557463982692956e-07
12,247,0.21689309301679216
12,248,2.992357272707986e-07
12,185,13.317992442004169
12,230,5.658463525947761
12,231,2.960795819957084
12,232,12.911483582714801
12,233,12.335873806718821
12,234,2.3066346576081203
12,235,12.476090605762028
12,236,5.405055322837715
12,237,5.663372617664025
12,238,2.734015787744965
12,239,5.476141574050812
12,240,8.381676165474344
12,241,0.642157588542164
12,242,3.7730837018115846
12,243,5.629543708187062
12,244,12.067619945817956
12,245,1.5806050604849717
12,246,5.509775441040331
12,247,3.806259125162247
12,248,2.588920936715628
