16,195,6.301668702157376
16,210,5.539534449671924
16,211,0.019615716851069397
16,212,6.010154368634304
16,213,0.13390278571504435
16,214,3.6364868482247894e-10
16,215,6.486343422579371
16,216,1.3136761797388026
16,217,6.183342174014372
16,218,6.3856767277694795
16,219,0.9428765972787436
16,220,0.7437017733131056
16,221,0.04982090013378245
16,222,6.314780629554453
16,223,0.46499747030502286
16,224,0.9070249767895926
16,225,0.9103105299254992
16,226,6.356775138678974
16,227,5.962324483082328
16,228,5.178238426456272
