18,310,15.044356723829697
18,344,5.818898520033472
18,345,3.033923248768951
18,346,14.02067957067473
18,347,6.488694911654988
18,348,10.589008058820536
18,349,5.855540588845987
18,350,5.872957842648225
18,351,5.749033093659359
18,352,3.1440209328464808
18,353,14.71704870274527
18,354,5.86880120049254
18,355,2.3590905188116624e-05
18,356,11.677287315505101
18,357,5.545396483391692
18,358,14.02921496498803
18,359,14.223844218064494
18,360,5.903883158061567
18,361,12.913849189253767
18,362,11.603023643404608
