19,165,34.927058308806444
19,363,5.657321251140948
19,364,12.616663502630702
19,365,6.024159519487515
19,366,21.35762148779225
19,367,0.7987052128083485
19,368,5.65188512051299
19,369,6.711649841334199
19,370,10.986774836617803
19,371,34.19506242296393
19,372,33.447075599648585
19,373,2.1090493900565095
19,374,0.7267755526333536
19,375,5.322284628660939
19,376,0.19230271403479096
19,377,5.474376364969818
19,378,0.22578212090687091
19,379,5.272138938805048
19,380,0.07114456689967802
19,381,7.366562824404506
