19,353,36.568060784275666
19,363,0.027553180815120613
19,364,0.12087093769805766
19,365,14.273953536605378
19,366,36.51182251687246
19,367,0.0006736676971011887
19,368,11.63925876339988
19,369,35.48037427188677
19,370,6.4577673138929566
19,371,33.50716366304975
19,372,35.77463916754973
19,373,0.25045726207453956
19,374,5.844266328388795
19,375,5.827372258309017
19,376,34.604074505351605
19,377,15.602708173816259
19,378,35.912460932677924
19,379,5.826582061413101
19,380,35.3673331326936
19,381,34.16948969327685
