12,167,35.38619726823063
12,230,15.741320265606083
12,231,34.25822129760812
12,232,32.23347621664041
12,233,0.0
12,234,27.592348445116848
12,235,32.50248644998963
12,236,23.253506868986396
12,237,3.8349386452042777
12,238,14.752271913971043
12,239,24.388783661288617
12,240,2.9445363646335778e-05
12,241,2.7300245750745527
12,242,12.282390016477807
12,243,3.4024502446110336
12,244,36.17677985040838
12,245,26.57960761672174
12,246,32.98926729789017
12,247,21.188248999777034
12,248,2.546454112638949
