-1,1,THYMIO,0.8960885524827573,0.9999277264267515,0.0,0.09090909090909091,0.23376623376623376,0.2727272727272727,0.0,0.0,0.0,77.0,0.9871794871794872,78.0,1.0,0.01282051282051282,78.0,0.0,0.0,78.0
-1,2,THYMIO,0.5349257383630477,0.6634877987443863,0.26548672566371684,0.0,0.0,0.0,0.0,0.0,0.0,226.0,0.795774647887324,284.0,58.0,0.20422535211267606,284.0,0.0,0.0,284.0
-1,3,THYMIO,0.4049786636932606,0.909045470100522,0.3821138211382114,0.45528455284552843,0.35772357723577236,0.34959349593495936,0.13008130081300814,0.0,0.0,123.0,1.0,123.0,0.0,0.0,123.0,0.0,0.0,123.0
-1,4,THYMIO,0.08647553444610309,0.05094753627072522,0.0,0.0,0.0,0.0,0.0,0.717948717948718,0.6153846153846154,39.0,1.0,39.0,0.0,0.0,39.0,0.0,0.0,39.0
-1,5,THYMIO,0.984976051182908,0.0006410158912366742,0.3373015873015873,0.44047619047619047,0.4642857142857143,0.4742063492063492,0.38293650793650796,0.06746031746031746,0.041666666666666664,504.0,1.0,504.0,0.0,0.0,504.0,0.0,0.0,504.0
-1,6,THYMIO,0.0002840472729729712,0.05006908913478051,0.0,0.0,0.0,0.0,0.0,0.5405405405405406,0.3783783783783784,37.0,1.0,37.0,0.0,0.0,37.0,0.0,0.0,37.0
-1,7,THYMIO,0.9994842937553196,0.853606650112179,0.13333333333333333,0.16666666666666666,0.18888888888888888,0.2222222222222222,0.28888888888888886,0.0,0.0,90.0,1.0,90.0,0.0,0.0,90.0,0.0,0.0,90.0
-1,8,THYMIO,1.707481927114916e-05,0.023372201927020882,0.0,0.0,0.0,0.0,0.0,0.4230769230769231,0.2692307692307692,26.0,1.0,26.0,0.0,0.0,26.0,0.0,0.0,26.0
-1,9,THYMIO,0.999958296194565,0.011205133783497063,0.28544061302681994,0.4329501915708812,0.4425287356321839,0.4272030651340996,0.2739463601532567,0.0,0.0,522.0,1.0,522.0,0.0,0.0,522.0,0.0,0.0,522.0
-1,10,THYMIO,0.07362898290882473,2.2992794380817046e-05,0.0,0.0,0.0,0.0,0.0,0.9869158878504672,0.9794392523364486,535.0,1.0,535.0,0.0,0.0,535.0,0.0,0.0,535.0
-1,11,THYMIO,0.9973158568481254,0.9948730558357366,0.0625,0.11458333333333333,0.13541666666666666,0.22916666666666666,0.3020833333333333,0.041666666666666664,0.0,96.0,1.0,96.0,0.0,0.0,96.0,0.0,0.0,96.0
-1,12,THYMIO,0.9753993212826003,0.6210983585923987,0.09375,0.9588815789473685,0.8930921052631579,0.7845394736842105,0.0,0.0,0.0,608.0,1.0,608.0,0.0,0.0,608.0,0.0,0.0,608.0
-1,13,THYMIO,0.7259646855638848,6.979750027222466e-07,0.0,0.0,0.14358974358974358,0.15213675213675212,0.039316239316239315,0.0,0.0,585.0,1.0,585.0,0.0,0.0,585.0,0.0,0.0,585.0
-1,14,THYMIO,0.001404925859668785,0.9907717481723096,0.03690685413005272,0.08260105448154657,0.1968365553602812,0.0984182776801406,0.01054481546572935,0.0,0.0,569.0,1.0,569.0,0.0,0.0,569.0,0.0,0.0,569.0
-1,15,THYMIO,0.0764768590936572,0.9540475108597496,0.0,0.10445205479452055,0.15753424657534246,0.10273972602739725,0.0,0.0,0.0,584.0,1.0,584.0,0.0,0.0,584.0,0.0,0.0,584.0
-1,16,THYMIO,0.9998317823535455,0.9334560166948985,0.0,0.047619047619047616,0.14285714285714285,0.27380952380952384,0.36904761904761907,0.10714285714285714,0.08333333333333333,84.0,1.0,84.0,0.0,0.0,84.0,0.0,0.0,84.0
-1,17,THYMIO,0.8526582179496053,0.21076100998198882,0.012455516014234875,0.06761565836298933,0.13523131672597866,0.06405693950177936,0.01601423487544484,0.0,0.0,562.0,1.0,562.0,0.0,0.0,562.0,0.0,0.0,562.0
-1,18,THYMIO,0.9879542940826512,1.0125417748403824e-05,0.0,0.10613598673300166,0.16086235489220563,0.11774461028192372,0.0,0.0,0.0,603.0,1.0,603.0,0.0,0.0,603.0,0.0,0.0,603.0
-1,19,THYMIO,0.5856313241268686,0.46320439704115574,0.08522727272727272,0.14772727272727273,0.25,0.3125,0.2159090909090909,0.0,0.0,176.0,1.0,176.0,0.0,0.0,176.0,0.0,0.0,176.0
-1,20,THYMIO,0.025202711697410438,0.30343746772185365,0.02127659574468085,0.0,0.0,0.0,0.0,0.6170212765957447,0.06382978723404255,47.0,1.0,47.0,0.0,0.0,47.0,0.0,0.0,47.0
-1,11,THYMIO,0.997457718485458,0.9949667918076147,0.02912621359223301,0.0970873786407767,0.10679611650485436,0.21359223300970873,0.3300970873786408,0.0,0.0,103.0,1.0,103.0,0.0,0.0,103.0,0.0,0.0,103.0
-1,21,THYMIO,0.8764032479016977,0.9999304782842315,0.0,0.05194805194805195,0.3116883116883117,0.19480519480519481,0.0,0.0,0.0,77.0,1.0,77.0,0.0,0.0,77.0,0.0,0.0,77.0
-1,22,THYMIO,0.8756825379415782,0.9781942405031867,0.09009009009009009,0.16216216216216217,0.18018018018018017,0.1981981981981982,0.5405405405405406,0.0,0.0,81.0,0.6377952755905512,127.0,46.0,0.36220472440944884,127.0,0.0,0.0,127.0
-1,23,THYMIO,0.013187366712329734,0.20342337375469274,0.0,0.0,0.0,0.0,0.0,0.2765957446808511,0.14893617021276595,47.0,1.0,47.0,0.0,0.0,47.0,0.0,0.0,47.0
-1,24,THYMIO,0.9926988438695037,0.8794269277734255,0.0,0.10909090909090909,0.2545454545454545,0.4,0.509090909090909,0.0,0.0,55.0,1.0,55.0,0.0,0.0,55.0,0.0,0.0,55.0
-1,25,THYMIO,0.9987375832387191,0.7808959476078842,0.12195121951219512,0.3902439024390244,0.5609756097560976,0.6341463414634146,0.6341463414634146,0.0,0.0,41.0,1.0,41.0,0.0,0.0,41.0,0.0,0.0,41.0
-1,26,THYMIO,0.9936520396508476,0.019939910245631225,0.02819548872180451,0.07330827067669173,0.11466165413533834,0.08458646616541353,0.022556390977443608,0.0,0.0,532.0,1.0,532.0,0.0,0.0,532.0,0.0,0.0,532.0
-1,27,THYMIO,0.997617341034372,0.9458413452377967,0.20909090909090908,0.2636363636363636,0.2727272727272727,0.2727272727272727,0.3,0.0,0.0,110.0,1.0,110.0,0.0,0.0,110.0,0.0,0.0,110.0
-1,28,THYMIO,0.9999736773843152,0.9982477464977897,0.19801980198019803,0.27722772277227725,0.297029702970297,0.24752475247524752,0.18811881188118812,0.0,0.0,101.0,1.0,101.0,0.0,0.0,101.0,0.0,0.0,101.0
-1,29,THYMIO,0.8765063148689942,0.9995145596915612,0.0,0.0,0.08045977011494253,0.2413793103448276,0.39080459770114945,0.0,0.0,82.0,0.82,100.0,18.0,0.18,100.0,0.0,0.0,100.0
-1,30,THYMIO,0.5361183126911859,0.9994885367279386,0.07407407407407407,0.48148148148148145,0.8518518518518519,0.8024691358024691,0.6790123456790124,0.0,0.0,81.0,1.0,81.0,0.0,0.0,81.0,0.0,0.0,81.0
-1,31,THYMIO,0.8966734848054424,0.9986042186695194,0.0,0.0625,0.1375,0.3125,0.425,0.0,0.0,65.0,0.6565656565656566,99.0,34.0,0.3434343434343434,99.0,0.0,0.0,99.0
-1,32,THYMIO,0.9999759990493463,0.9443010238000938,0.24770642201834864,0.3119266055045872,0.3211009174311927,0.27522935779816515,0.23853211009174313,0.0,0.0,109.0,1.0,109.0,0.0,0.0,109.0,0.0,0.0,109.0
-1,33,THYMIO,0.9973625123931895,0.9904816389407594,0.23008849557522124,0.2743362831858407,0.2920353982300885,0.2920353982300885,0.3274336283185841,0.0,0.0,113.0,1.0,113.0,0.0,0.0,113.0,0.0,0.0,113.0
-1,34,THYMIO,0.9699747076041201,0.9999837371915256,0.8019639934533551,0.8199672667757774,0.8297872340425532,0.8346972176759411,0.8248772504091653,0.0,0.0,81.0,0.1296,625.0,544.0,0.8704,625.0,0.0,0.0,625.0
-1,35,THYMIO,0.9959338812755552,0.8287478556654649,0.19931271477663232,0.17525773195876287,0.1134020618556701,0.07216494845360824,0.048109965635738834,0.0,0.0,582.0,1.0,582.0,0.0,0.0,582.0,0.0,0.0,582.0
-1,36,THYMIO,0.9663036168658948,0.7914896724765322,0.2268041237113402,0.25773195876288657,0.28865979381443296,0.3402061855670103,0.20618556701030927,0.0,0.0,97.0,1.0,97.0,0.0,0.0,97.0,0.0,0.0,97.0
-1,37,THYMIO,0.9998427558160716,0.8828613146205637,0.21495327102803738,0.2523364485981308,0.27102803738317754,0.24299065420560748,0.24299065420560748,0.0,0.0,107.0,1.0,107.0,0.0,0.0,107.0,0.0,0.0,107.0
-1,38,THYMIO,0.22100833757383215,0.41419141755617905,0.02666666666666667,0.0,0.0,0.0,0.0,0.29333333333333333,0.08,75.0,1.0,75.0,0.0,0.0,75.0,0.0,0.0,75.0
-1,39,THYMIO,0.38580515762696305,0.3809629698407537,0.0,0.0,0.0,0.0,0.0,0.14388489208633093,0.2589928057553957,139.0,1.0,139.0,0.0,0.0,139.0,0.0,0.0,139.0
-1,35,THYMIO,0.9985755626625183,0.8771671426442098,0.02040816326530612,0.09183673469387756,0.11224489795918367,0.19387755102040816,0.3163265306122449,0.0,0.0,98.0,1.0,98.0,0.0,0.0,98.0,0.0,0.0,98.0
-1,40,THYMIO,0.9981561295202095,0.8740804724158677,0.03773584905660377,0.22641509433962265,0.33962264150943394,0.41509433962264153,0.41509433962264153,0.0,0.0,53.0,1.0,53.0,0.0,0.0,53.0,0.0,0.0,53.0
-1,41,THYMIO,0.9787390242279017,0.825323254949926,0.23834196891191708,0.1692573402417962,0.14507772020725387,0.09499136442141623,0.044905008635578586,0.0,0.0,579.0,1.0,579.0,0.0,0.0,579.0,0.0,0.0,579.0
-1,42,THYMIO,0.5595324659872738,0.6123958331768435,0.7218543046357616,0.7781456953642384,0.7847682119205298,0.5016556291390728,0.0,0.0,0.0,87.0,0.1403225806451613,620.0,533.0,0.8596774193548387,620.0,0.0,0.0,620.0
-1,43,THYMIO,0.9889137349559234,0.9949473614425903,0.19811320754716982,0.27358490566037735,0.2830188679245283,0.2358490566037736,0.1792452830188679,0.0,0.0,106.0,1.0,106.0,0.0,0.0,106.0,0.0,0.0,106.0
-1,44,THYMIO,0.9717741906201052,0.9999353530213776,0.0,0.0,0.0,0.26126126126126126,0.21621621621621623,0.0,0.0,111.0,1.0,111.0,0.0,0.0,111.0,0.0,0.0,111.0
-1,45,THYMIO,0.9985702384832301,0.9961732639320166,0.24347826086956523,0.30434782608695654,0.3130434782608696,0.2782608695652174,0.2608695652173913,0.0,0.0,115.0,1.0,115.0,0.0,0.0,115.0,0.0,0.0,115.0
-1,46,THYMIO,0.9610889237144944,0.8393257439657934,0.3153846153846154,0.36923076923076925,0.3769230769230769,0.35384615384615387,0.33076923076923076,0.0,0.0,130.0,1.0,130.0,0.0,0.0,130.0,0.0,0.0,130.0
-1,47,THYMIO,0.9998609712456321,0.9834332107453244,0.16666666666666666,0.21568627450980393,0.22549019607843138,0.22549019607843138,0.27450980392156865,0.0,0.0,102.0,1.0,102.0,0.0,0.0,102.0,0.0,0.0,102.0
-1,48,THYMIO,0.9883794968008786,0.6953949920602926,0.1746031746031746,0.15873015873015872,0.19047619047619047,0.2222222222222222,0.2698412698412698,0.0,0.0,63.0,1.0,63.0,0.0,0.0,63.0,0.0,0.0,63.0
-1,49,THYMIO,0.9844874828856501,0.8142239329074212,0.23452768729641693,0.14332247557003258,0.11237785016286644,0.08957654723127036,0.07166123778501629,0.0,0.0,614.0,1.0,614.0,0.0,0.0,614.0,0.0,0.0,614.0
-1,50,THYMIO,0.9997673873635736,0.9754815202251716,0.1568627450980392,0.20588235294117646,0.21568627450980393,0.27450980392156865,0.3333333333333333,0.0,0.0,102.0,1.0,102.0,0.0,0.0,102.0,0.0,0.0,102.0
-1,51,THYMIO,0.997266594864,0.8853192406683726,0.14634146341463414,0.1951219512195122,0.1951219512195122,0.21951219512195122,0.25609756097560976,0.0,0.0,82.0,1.0,82.0,0.0,0.0,82.0,0.0,0.0,82.0
-1,52,THYMIO,0.9878119616816863,0.9290312878182232,0.0,0.0,0.09876543209876543,0.2962962962962963,0.35802469135802467,0.0,0.0,81.0,1.0,81.0,0.0,0.0,81.0,0.0,0.0,81.0
-1,53,THYMIO,0.9802960036224183,0.9433854558071019,0.1810344827586207,0.2413793103448276,0.3017241379310345,0.28448275862068967,0.1206896551724138,0.0,0.0,116.0,1.0,116.0,0.0,0.0,116.0,0.0,0.0,116.0
-1,54,THYMIO,0.9999545103019253,0.7411688412348965,0.2830188679245283,0.39622641509433965,0.49056603773584906,0.5849056603773585,0.5849056603773585,0.0,0.0,53.0,1.0,53.0,0.0,0.0,53.0,0.0,0.0,53.0
-1,55,THYMIO,0.9389250109538582,0.9825140531847055,0.06944444444444445,0.3333333333333333,0.19444444444444445,0.0,0.0,0.0,0.0,72.0,1.0,72.0,0.0,0.0,72.0,0.0,0.0,72.0
-1,56,THYMIO,0.9978538542451583,0.9896344489568784,0.19090909090909092,0.24545454545454545,0.2545454545454545,0.2636363636363636,0.3090909090909091,0.0,0.0,110.0,1.0,110.0,0.0,0.0,110.0,0.0,0.0,110.0
-1,57,THYMIO,0.9905322084669174,0.9983010719430916,0.10526315789473684,0.2894736842105263,0.35526315789473684,0.23684210526315788,0.0,0.0,0.0,76.0,0.987012987012987,77.0,1.0,0.012987012987012988,77.0,0.0,0.0,77.0
-1,58,THYMIO,0.9996433278745361,0.695918406698972,0.09615384615384616,0.11538461538461539,0.1381118881118881,0.16433566433566432,0.10139860139860139,0.0,0.0,572.0,1.0,572.0,0.0,0.0,572.0,0.0,0.0,572.0
-1,49,THYMIO,0.997658768996376,0.7901923466676314,0.1282051282051282,0.13675213675213677,0.13675213675213677,0.1794871794871795,0.2222222222222222,0.0,0.0,117.0,1.0,117.0,0.0,0.0,117.0,0.0,0.0,117.0
-1,59,THYMIO,0.9967322987635221,0.9190175908299817,0.23148148148148148,0.2777777777777778,0.2777777777777778,0.26851851851851855,0.2962962962962963,0.0,0.0,108.0,1.0,108.0,0.0,0.0,108.0,0.0,0.0,108.0
-1,60,THYMIO,0.9999882363999029,0.8394569575237081,0.36428571428571427,0.17142857142857143,0.16428571428571428,0.11428571428571428,0.08571428571428572,0.0,0.0,140.0,1.0,140.0,0.0,0.0,140.0,0.0,0.0,140.0
-1,61,THYMIO,0.9729219421262644,0.7556592485701656,0.15384615384615385,0.1258741258741259,0.06993006993006994,0.06293706293706294,0.03496503496503497,0.0,0.0,286.0,1.0,286.0,0.0,0.0,286.0,0.0,0.0,286.0
-1,62,THYMIO,0.9999159081161677,0.9962699519595187,0.23684210526315788,0.2894736842105263,0.2894736842105263,0.2719298245614035,0.2631578947368421,0.0,0.0,114.0,1.0,114.0,0.0,0.0,114.0,0.0,0.0,114.0
-1,63,THYMIO,0.9996153154844909,1.0680790918646244e-05,0.0,0.10264900662251655,0.1672185430463576,0.11423841059602649,0.0,0.0,0.0,604.0,1.0,604.0,0.0,0.0,604.0,0.0,0.0,604.0
-1,64,THYMIO,0.0,0.7560180814057981,0.06622516556291391,0.06456953642384106,0.011589403973509934,0.0,0.0,0.0033112582781456954,0.0,604.0,1.0,604.0,0.0,0.0,604.0,0.0,0.0,604.0
-1,65,THYMIO,0.7988548557490572,0.9670027785630829,0.011532125205930808,0.10378912685337727,0.1828665568369028,0.4184514003294893,0.515650741350906,0.0,0.0,290.0,0.445468509984639,651.0,0.0,0.0,651.0,361.0,0.554531490015361,651.0
-1,66,THYMIO,0.999997372713113,0.00031168140995660833,0.0,0.09306260575296109,0.17089678510998307,0.10829103214890017,0.0,0.0,0.0,591.0,1.0,591.0,0.0,0.0,591.0,0.0,0.0,591.0
-1,67,THYMIO,0.9415167835072377,0.9918258843908593,0.0,0.0,0.0,0.07692307692307693,0.2076923076923077,0.0,0.0,130.0,1.0,130.0,0.0,0.0,130.0,0.0,0.0,130.0
-1,68,THYMIO,0.8427912460985721,0.8523944084112807,0.18518518518518517,0.07407407407407407,0.14814814814814814,0.0,0.0,0.0,0.0,81.0,1.0,81.0,0.0,0.0,81.0,0.0,0.0,81.0
-1,69,THYMIO,0.999996179381111,0.7943102986239816,0.2631578947368421,0.3157894736842105,0.2982456140350877,0.23684210526315788,0.21052631578947367,0.0,0.0,114.0,1.0,114.0,0.0,0.0,114.0,0.0,0.0,114.0
-1,70,THYMIO,0.9998622219712782,0.9622844295143739,0.2604166666666667,0.3229166666666667,0.3333333333333333,0.28125,0.22916666666666666,0.0,0.0,96.0,1.0,96.0,0.0,0.0,96.0,0.0,0.0,96.0
-1,71,THYMIO,0.5008236894153043,0.5301067269490912,0.5533661740558292,0.9556650246305419,0.9507389162561576,0.014778325123152709,0.0,0.0,0.0,609.0,1.0,609.0,0.0,0.0,609.0,0.0,0.0,609.0
-1,72,THYMIO,0.9797315740792264,0.0005037463533738821,0.15048543689320387,0.23462783171521034,0.30906148867313915,0.2783171521035599,0.14724919093851133,0.011326860841423949,0.003236245954692557,618.0,1.0,618.0,0.0,0.0,618.0,0.0,0.0,618.0
-1,73,THYMIO,0.5724045727257175,0.6205182140164888,0.0,0.31683168316831684,0.1419141914191419,0.12706270627062707,0.3564356435643564,0.0,0.0,125.0,0.20161290322580644,620.0,495.0,0.7983870967741935,620.0,0.0,0.0,620.0
-1,74,THYMIO,0.5372280099682307,0.5376923257137444,0.0,0.46656050955414013,0.9092356687898089,0.46178343949044587,0.0,0.0,0.0,628.0,1.0,628.0,0.0,0.0,628.0,0.0,0.0,628.0
-1,75,THYMIO,0.9999002686916906,0.02780328011674647,0.013136288998357963,0.11330049261083744,0.16584564860426929,0.11658456486042693,0.0,0.0,0.0,609.0,1.0,609.0,0.0,0.0,609.0,0.0,0.0,609.0
-1,76,THYMIO,0.5594184954829907,0.5411846488932451,0.860128617363344,0.6752411575562701,0.03536977491961415,0.024115755627009645,0.024115755627009645,0.0,0.0,622.0,1.0,622.0,0.0,0.0,622.0,0.0,0.0,622.0
-1,77,THYMIO,0.9141433237393364,0.7765773628063669,0.1266233766233766,0.11201298701298701,0.15097402597402598,0.08441558441558442,0.1396103896103896,0.0,0.0,616.0,1.0,616.0,0.0,0.0,616.0,0.0,0.0,616.0
-1,77,THYMIO,0.9579422713148319,0.79784208556925,0.15979381443298968,0.1254295532646048,0.0979381443298969,0.08247422680412371,0.04639175257731959,0.0,0.0,582.0,1.0,582.0,0.0,0.0,582.0,0.0,0.0,582.0
-1,78,THYMIO,0.567858483048632,0.5544469402359709,0.025380710659898477,0.8510998307952623,0.8612521150592216,0.2673434856175973,0.0,0.0,0.0,591.0,1.0,591.0,0.0,0.0,591.0,0.0,0.0,591.0
-1,79,THYMIO,0.7194241314604338,0.7124679233715917,0.5813953488372093,0.0,0.0,0.0,0.0,0.0,0.0,86.0,1.0,86.0,0.0,0.0,86.0,0.0,0.0,86.0
-1,80,THYMIO,0.8804953279045467,0.31919235413154207,0.011764705882352941,0.09915966386554621,0.1411764705882353,0.12436974789915967,0.011764705882352941,0.0,0.0,595.0,1.0,595.0,0.0,0.0,595.0,0.0,0.0,595.0
-1,81,THYMIO,0.9740460917942934,0.6755444720457136,0.09539473684210527,0.11677631578947369,0.13157894736842105,0.12828947368421054,0.07401315789473684,0.0,0.0,608.0,1.0,608.0,0.0,0.0,608.0,0.0,0.0,608.0
-1,82,THYMIO,0.8884827428793262,0.6157297976372458,0.972176759410802,0.8248772504091653,0.0032733224222585926,0.0,0.0,0.0,0.0,474.0,0.6574202496532594,721.0,247.0,0.34257975034674065,721.0,0.0,0.0,721.0
-1,83,THYMIO,0.004226556080774417,0.707677918297815,0.08485856905158069,0.11813643926788686,0.064891846921797,0.0,0.0,0.0,0.0,601.0,1.0,601.0,0.0,0.0,601.0,0.0,0.0,601.0
-1,84,THYMIO,0.16199690949231468,0.8074120765583811,0.030448717948717948,0.14743589743589744,0.15384615384615385,0.0,0.0,0.0,0.0,624.0,1.0,624.0,0.0,0.0,624.0,0.0,0.0,624.0
-1,85,THYMIO,0.11721972130849688,0.8644765011222428,0.025,0.11166666666666666,0.155,0.0,0.0,0.0,0.0,600.0,1.0,600.0,0.0,0.0,600.0,0.0,0.0,600.0
-1,86,THYMIO,0.7896617130553691,0.3949865638209516,0.0,0.07154471544715447,0.13821138211382114,0.10894308943089431,0.004878048780487805,0.0,0.0,615.0,1.0,615.0,0.0,0.0,615.0,0.0,0.0,615.0
-1,87,THYMIO,0.9999305849315724,0.8302580186082692,0.23674242424242425,0.15151515151515152,0.09659090909090909,0.07765151515151515,0.04734848484848485,0.0,0.0,528.0,1.0,528.0,0.0,0.0,528.0,0.0,0.0,528.0
-1,88,THYMIO,0.9201378927247588,0.07197574766655986,0.0,0.11428571428571428,0.18319327731092436,0.11932773109243698,0.0,0.0,0.0,595.0,1.0,595.0,0.0,0.0,595.0,0.0,0.0,595.0
-1,89,THYMIO,0.748327671138558,0.9117903335613164,0.017915309446254073,0.06026058631921824,0.11563517915309446,0.20195439739413681,0.2296416938110749,0.0,0.0,322.0,0.4916030534351145,655.0,0.0,0.0,655.0,333.0,0.5083969465648855,655.0
-1,90,THYMIO,0.8737183484034337,0.9204529543885344,0.0,0.0,0.11888111888111888,0.36363636363636365,0.38461538461538464,0.0,0.0,143.0,1.0,143.0,0.0,0.0,143.0,0.0,0.0,143.0
-1,91,THYMIO,0.8115085341088931,0.8140569406484539,0.326984126984127,0.10158730158730159,0.09523809523809523,0.047619047619047616,0.047619047619047616,0.0,0.0,102.0,0.2991202346041056,341.0,239.0,0.7008797653958945,341.0,0.0,0.0,341.0
-1,92,THYMIO,0.9318398912592195,0.8046603453883429,0.18699186991869918,0.2682926829268293,0.2682926829268293,0.2764227642276423,0.2032520325203252,0.0,0.0,123.0,1.0,123.0,0.0,0.0,123.0,0.0,0.0,123.0
-1,93,THYMIO,0.5601770101819306,0.5640485365670124,0.0,0.8591065292096219,0.8608247422680413,0.8608247422680413,0.8676975945017182,0.0,0.0,582.0,1.0,582.0,0.0,0.0,582.0,0.0,0.0,582.0
-1,94,THYMIO,0.9364061978838578,0.32545220808573355,0.001652892561983471,0.08264462809917356,0.1256198347107438,0.09256198347107437,0.0,0.0,0.0,605.0,1.0,605.0,0.0,0.0,605.0,0.0,0.0,605.0
-1,95,THYMIO,0.9365374117110543,0.8902276683521291,0.0,0.19090909090909092,0.22727272727272727,0.2636363636363636,0.07272727272727272,0.0,0.0,110.0,1.0,110.0,0.0,0.0,110.0,0.0,0.0,110.0
-1,96,THYMIO,0.965476380438197,0.829057114768363,0.19765494137353434,0.17420435510887772,0.1273031825795645,0.04187604690117253,0.01507537688442211,0.0033500837520938024,0.0,597.0,1.0,597.0,0.0,0.0,597.0,0.0,0.0,597.0
-1,77,THYMIO,0.9412651522213723,0.7771279343746021,0.1370309951060359,0.12561174551386622,0.13866231647634583,0.10603588907014681,0.12398042414355628,0.0,0.0,613.0,1.0,613.0,0.0,0.0,613.0,0.0,0.0,613.0
-1,97,THYMIO,0.5047550161715002,0.49285639254172675,0.0,0.0214168039538715,0.7199341021416804,0.9752883031301482,0.6754530477759473,0.0,0.0,607.0,1.0,607.0,0.0,0.0,607.0,0.0,0.0,607.0
-1,98,THYMIO,0.9386645201350837,0.8172385847989347,0.36187845303867405,0.13812154696132597,0.13259668508287292,0.12154696132596685,0.06629834254143646,0.0055248618784530384,0.0,346.0,0.8671679197994987,399.0,53.0,0.13283208020050125,399.0,0.0,0.0,399.0
-1,99,THYMIO,0.8244336977482264,0.3319090275640297,0.0,0.0,0.17491749174917492,0.16501650165016502,0.0049504950495049506,0.0,0.0,606.0,1.0,606.0,0.0,0.0,606.0,0.0,0.0,606.0
-1,100,THYMIO,0.5199826356375714,0.531745327679541,0.8952536824877251,0.18821603927986907,0.006546644844517185,0.0,0.0,0.0,0.0,611.0,1.0,611.0,0.0,0.0,611.0,0.0,0.0,611.0
-1,101,THYMIO,0.9327050508698336,0.1641937253558023,0.0392156862745098,0.08823529411764706,0.17483660130718953,0.0784313725490196,0.016339869281045753,0.0,0.0,612.0,1.0,612.0,0.0,0.0,612.0,0.0,0.0,612.0
-1,102,THYMIO,0.8580481365208883,0.8697315676958385,0.2611464968152866,0.22929936305732485,0.27388535031847133,0.3057324840764331,0.27388535031847133,0.06369426751592357,0.03821656050955414,103.0,0.5628415300546448,183.0,80.0,0.4371584699453552,183.0,0.0,0.0,183.0
-1,103,THYMIO,0.9817853265784126,0.8455625845683136,0.1497504159733777,0.23128119800332778,0.24126455906821964,0.129783693843594,0.024958402662229616,0.013311148086522463,0.0,601.0,1.0,601.0,0.0,0.0,601.0,0.0,0.0,601.0
-1,104,THYMIO,0.9999500590631691,0.9803587088007583,0.2037037037037037,0.25,0.26851851851851855,0.26851851851851855,0.32407407407407407,0.0,0.0,108.0,1.0,108.0,0.0,0.0,108.0,0.0,0.0,108.0
-1,105,THYMIO,0.9999205457576014,0.8319552700914651,0.26124567474048443,0.14705882352941177,0.10207612456747404,0.07439446366782007,0.04671280276816609,0.0,0.0,578.0,1.0,578.0,0.0,0.0,578.0,0.0,0.0,578.0
-1,106,THYMIO,0.9919294933432825,0.8439900066757551,0.2247557003257329,0.20521172638436483,0.12052117263843648,0.05211726384364821,0.035830618892508145,0.0,0.0,307.0,1.0,307.0,0.0,0.0,307.0,0.0,0.0,307.0
-1,107,THYMIO,0.9996364887784461,0.73003065764133,0.12244897959183673,0.12585034013605442,0.11564625850340136,0.10034013605442177,0.04931972789115646,0.0,0.0,588.0,1.0,588.0,0.0,0.0,588.0,0.0,0.0,588.0
-1,108,THYMIO,0.5655495778362313,0.5692659548308827,0.0,0.0,0.34941763727121466,0.11813643926788686,0.5640599001663894,0.0,0.0,601.0,1.0,601.0,0.0,0.0,601.0,0.0,0.0,601.0
-1,109,THYMIO,0.5115663178679268,0.4963706164791699,0.0,0.0,0.0,0.3792,0.2576,0.0,0.0,625.0,1.0,625.0,0.0,0.0,625.0,0.0,0.0,625.0
-1,110,THYMIO,0.6061836010316138,0.7866938661728086,0.8870967741935484,0.25806451612903225,0.016129032258064516,0.0,0.0,0.0,0.0,62.0,1.0,62.0,0.0,0.0,62.0,0.0,0.0,62.0
-1,111,THYMIO,0.8863606993420832,0.9862981399260576,0.0,0.03571428571428571,0.12857142857142856,0.2857142857142857,0.35,0.0,0.0,140.0,1.0,140.0,0.0,0.0,140.0,0.0,0.0,140.0
-1,112,THYMIO,0.9713338173321201,0.6267358332768533,0.07855973813420622,0.13747954173486088,0.14402618657937807,0.15384615384615385,0.07855973813420622,0.0,0.0,611.0,1.0,611.0,0.0,0.0,611.0,0.0,0.0,611.0
-1,113,THYMIO,0.7363426051326956,0.7821440781869095,0.0,0.0,0.0743801652892562,0.30578512396694213,0.8181818181818182,0.0,0.0,242.0,1.0,242.0,0.0,0.0,242.0,0.0,0.0,242.0
-1,114,THYMIO,0.9997745477430743,0.827768205238984,0.312,0.312,0.208,0.16,0.136,0.0,0.0,125.0,1.0,125.0,0.0,0.0,125.0,0.0,0.0,125.0
-1,115,THYMIO,0.9988973627530701,0.7527291078404815,0.0975609756097561,0.14634146341463414,0.1951219512195122,0.3048780487804878,0.3170731707317073,0.0,0.0,82.0,1.0,82.0,0.0,0.0,82.0,0.0,0.0,82.0
-1,103,THYMIO,0.9822700369597354,0.8348272859898329,0.1596330275229358,0.24403669724770644,0.24954128440366974,0.14128440366972478,0.05321100917431193,0.007339449541284404,0.0,545.0,1.0,545.0,0.0,0.0,545.0,0.0,0.0,545.0
-1,116,THYMIO,0.9979777774404246,0.6932262945469433,0.13106796116504854,0.18122977346278318,0.17637540453074432,0.15372168284789645,0.05663430420711974,0.0,0.0,618.0,0.9478527607361963,652.0,34.0,0.05214723926380368,652.0,0.0,0.0,652.0
-1,117,THYMIO,0.6725753758516885,0.8758002653932224,0.4827586206896552,0.0,0.0,0.0,0.0,0.0,0.0,58.0,1.0,58.0,0.0,0.0,58.0,0.0,0.0,58.0
-1,118,THYMIO,0.8431108150087402,0.9745290827544438,0.0,0.0688622754491018,0.11377245508982035,0.23053892215568864,0.4311377245508982,0.0,0.0,183.0,0.5027472527472527,364.0,0.0,0.0,364.0,181.0,0.49725274725274726,364.0
-1,119,THYMIO,0.224836645679612,0.8804005813094138,0.001652892561983471,0.0859504132231405,0.14049586776859505,0.09256198347107437,0.0,0.0,0.0,605.0,1.0,605.0,0.0,0.0,605.0,0.0,0.0,605.0
-1,120,THYMIO,0.6356670205499235,0.6579079552841037,0.0,0.14427860696517414,0.29519071310116085,0.6683250414593698,0.6782752902155887,0.0,0.0,182.0,0.2898089171974522,628.0,0.0,0.0,628.0,446.0,0.7101910828025477,628.0
-1,121,THYMIO,0.999289080848834,0.43425573456035377,0.06829268292682927,0.14634146341463414,0.14796747967479676,0.1040650406504065,0.004878048780487805,0.0,0.0,615.0,1.0,615.0,0.0,0.0,615.0,0.0,0.0,615.0
-1,122,THYMIO,0.5591375301053262,0.5848018794575293,0.0,0.0,0.467687074829932,0.32653061224489793,0.0,0.0,0.0,588.0,1.0,588.0,0.0,0.0,588.0,0.0,0.0,588.0
-1,123,THYMIO,0.0010364963330888096,0.9997897843419657,0.0,0.11677631578947369,0.18585526315789475,0.09703947368421052,0.0,0.0,0.0,608.0,1.0,608.0,0.0,0.0,608.0,0.0,0.0,608.0
-1,124,THYMIO,0.9999806337337138,0.84225320406484,0.3333333333333333,0.17424242424242425,0.1590909090909091,0.11363636363636363,0.12121212121212122,0.0,0.0,132.0,1.0,132.0,0.0,0.0,132.0,0.0,0.0,132.0
-1,125,THYMIO,0.8926759269470788,0.9995869027037749,0.0,0.03816793893129771,0.10687022900763359,0.25190839694656486,0.24427480916030533,0.0,0.0,131.0,1.0,131.0,0.0,0.0,131.0,0.0,0.0,131.0
-1,126,THYMIO,0.7980040080228372,0.2563081550200183,0.0,0.001658374792703151,0.21227197346600332,0.14096185737976782,0.006633499170812604,0.0,0.0,603.0,1.0,603.0,0.0,0.0,603.0,0.0,0.0,603.0
-1,127,THYMIO,0.7894576020372045,0.8101499855955763,0.0,0.0,0.06521739130434782,0.5217391304347826,0.5434782608695652,0.0,0.0,92.0,1.0,92.0,0.0,0.0,92.0,0.0,0.0,92.0
-1,128,THYMIO,0.7847352424381968,0.6293638066556916,0.32323232323232326,0.10353535353535354,0.22474747474747475,0.08585858585858586,0.050505050505050504,0.0,0.0,396.0,1.0,396.0,0.0,0.0,396.0,0.0,0.0,396.0
-1,129,THYMIO,0.0013103024660300387,0.7340943617147061,0.04982817869415808,0.08419243986254296,0.04639175257731959,0.0,0.0,0.0,0.0,582.0,1.0,582.0,0.0,0.0,582.0,0.0,0.0,582.0
-1,130,THYMIO,0.8423136029047633,0.8385083409747963,0.0,0.0,0.046153846153846156,0.6153846153846154,0.6615384615384615,0.0,0.0,65.0,1.0,65.0,0.0,0.0,65.0,0.0,0.0,65.0
-1,131,THYMIO,0.5331204898901198,0.5433283600066577,0.0,0.0,0.9239482200647249,0.9207119741100324,0.7135922330097088,0.0,0.0,618.0,0.6106719367588933,1012.0,394.0,0.3893280632411067,1012.0,0.0,0.0,1012.0
-1,132,THYMIO,0.5364015090287555,0.5276893851054082,0.0,0.0,0.8822553897180763,0.6600331674958541,0.04311774461028192,0.0,0.0,603.0,1.0,603.0,0.0,0.0,603.0,0.0,0.0,603.0
-1,133,THYMIO,0.8635961765313127,0.7190772475039559,0.06611570247933884,0.1322314049586777,0.1652892561983471,0.1322314049586777,0.6776859504132231,0.0,0.0,121.0,1.0,121.0,0.0,0.0,121.0,0.0,0.0,121.0
-1,134,THYMIO,0.9909083363726338,0.7632013657600261,0.08972267536704731,0.11256117455138662,0.13050570962479607,0.14518760195758565,0.10929853181076672,0.0,0.0,613.0,0.9745627980922098,629.0,16.0,0.025437201907790145,629.0,0.0,0.0,629.0
-1,103,THYMIO,0.9820320932131718,0.8181038271133383,0.16910569105691056,0.25853658536585367,0.25853658536585367,0.14471544715447154,0.056910569105691054,0.008130081300813009,0.0,615.0,1.0,615.0,0.0,0.0,615.0,0.0,0.0,615.0
-1,135,THYMIO,0.8596331072809993,0.9579886880475026,0.19023136246786632,0.10539845758354756,0.14138817480719795,0.2647814910025707,0.2853470437017995,0.015424164524421594,0.0,223.0,0.5334928229665071,418.0,0.0,0.0,418.0,195.0,0.4665071770334928,418.0
-1,136,THYMIO,0.9991763268595598,0.45787104706217074,0.1111111111111111,0.1824212271973466,0.1890547263681592,0.05140961857379768,0.009950248756218905,0.0,0.0,603.0,1.0,603.0,0.0,0.0,603.0,0.0,0.0,603.0
-1,137,THYMIO,0.9999045443352129,0.803551752367386,0.22988505747126436,0.27586206896551724,0.28735632183908044,0.2988505747126437,0.19540229885057472,0.0,0.0,87.0,1.0,87.0,0.0,0.0,87.0,0.0,0.0,87.0
-1,138,THYMIO,0.8568776480177765,0.9798531711732208,0.0,0.11428571428571428,0.35714285714285715,0.45714285714285713,0.5,0.0,0.0,140.0,1.0,140.0,0.0,0.0,140.0,0.0,0.0,140.0
-1,139,THYMIO,0.9985928950252131,0.7303023940868253,0.09791332263242375,0.11717495987158909,0.11075441412520064,0.0898876404494382,0.038523274478330656,0.0,0.0,623.0,1.0,623.0,0.0,0.0,623.0,0.0,0.0,623.0
-1,140,THYMIO,0.9999041097398318,0.1295969947801834,0.0,0.1188118811881188,0.1782178217821782,0.10726072607260725,0.0,0.0,0.0,606.0,1.0,606.0,0.0,0.0,606.0,0.0,0.0,606.0
-1,141,THYMIO,0.6241806242973589,0.6535632135948835,0.6486042692939245,0.3727422003284072,0.06896551724137931,0.5090311986863711,0.16748768472906403,0.0,0.0,164.0,0.26198083067092653,626.0,0.0,0.0,626.0,462.0,0.7380191693290735,626.0
-1,142,THYMIO,0.4698346818920268,0.5317146843165445,0.8862068965517241,0.9,0.08620689655172414,0.06551724137931035,0.0,0.0,0.0,580.0,1.0,580.0,0.0,0.0,580.0,0.0,0.0,580.0
-1,143,THYMIO,0.9508831057010175,0.7830785956894912,0.1323024054982818,0.24914089347079038,0.2422680412371134,0.13402061855670103,0.061855670103092786,0.006872852233676976,0.0,582.0,1.0,582.0,0.0,0.0,582.0,0.0,0.0,582.0
-1,144,THYMIO,0.00017822437868437785,0.9697788469093049,0.0,0.1232638888888889,0.18229166666666666,0.1076388888888889,0.0,0.0,0.0,576.0,1.0,576.0,0.0,0.0,576.0,0.0,0.0,576.0
-1,145,THYMIO,0.2421608709121542,0.572998989846828,0.37681159420289856,0.13043478260869565,0.0,0.0,0.0,0.5507246376811594,0.043478260869565216,69.0,1.0,69.0,0.0,0.0,69.0,0.0,0.0,69.0
-1,146,THYMIO,0.7740487603740119,0.780961864133654,0.24797843665768193,0.2803234501347709,0.1778975741239892,0.29649595687331537,0.3288409703504043,0.0,0.0,169.0,0.43333333333333335,390.0,0.0,0.0,390.0,221.0,0.5666666666666667,390.0
-1,147,THYMIO,0.8736114849455183,0.9660691206093184,0.20863309352517986,0.13189448441247004,0.16786570743405277,0.1750599520383693,0.21342925659472423,0.023980815347721823,0.007194244604316547,238.0,0.5324384787472036,447.0,0.0,0.0,447.0,209.0,0.46756152125279643,447.0
-1,148,THYMIO,0.5558309307562236,0.5668539079120268,0.0,0.0,0.6558966074313409,0.3037156704361874,0.0420032310177706,0.0,0.0,619.0,1.0,619.0,0.0,0.0,619.0,0.0,0.0,619.0
-1,149,THYMIO,0.9512217834247223,0.8077161683768163,0.3114754098360656,0.36885245901639346,0.3770491803278688,0.2540983606557377,0.22131147540983606,0.0,0.0,122.0,1.0,122.0,0.0,0.0,122.0,0.0,0.0,122.0
-1,150,THYMIO,0.3617870683304812,0.8110488257977034,0.003179650238473768,0.05564387917329094,0.1685214626391097,0.17329093799682035,0.02384737678855326,0.0,0.0,629.0,1.0,629.0,0.0,0.0,629.0,0.0,0.0,629.0
-1,151,THYMIO,0.9905584781942685,0.8596812850893568,0.17983193277310924,0.22521008403361345,0.23697478991596638,0.0957983193277311,0.011764705882352941,0.020168067226890758,0.0,595.0,1.0,595.0,0.0,0.0,595.0,0.0,0.0,595.0
-1,152,THYMIO,0.992066119436353,0.6455434511262298,0.12418300653594772,0.1781045751633987,0.1895424836601307,0.2042483660130719,0.1323529411764706,0.0,0.0,612.0,1.0,612.0,0.0,0.0,612.0,0.0,0.0,612.0
-1,153,THYMIO,0.974854791228502,0.8104062589193823,0.137987012987013,0.18668831168831168,0.17045454545454544,0.15584415584415584,0.11201298701298701,0.0,0.0,616.0,1.0,616.0,0.0,0.0,616.0,0.0,0.0,616.0
-1,153,THYMIO,0.9830115067108093,0.8200019531920653,0.1423785594639866,0.16917922948073702,0.1624790619765494,0.11892797319932999,0.06365159128978225,0.0,0.0,597.0,1.0,597.0,0.0,0.0,597.0,0.0,0.0,597.0
-1,154,THYMIO,0.9609960606834005,0.7997084700218636,0.10242085661080075,0.1564245810055866,0.1527001862197393,0.10242085661080075,0.0595903165735568,0.0037243947858473,0.0,537.0,1.0,537.0,0.0,0.0,537.0,0.0,0.0,537.0
-1,155,THYMIO,0.9863739988977507,0.8092197612544407,0.10166666666666667,0.16166666666666665,0.15833333333333333,0.08166666666666667,0.06833333333333333,0.0033333333333333335,0.0,600.0,1.0,600.0,0.0,0.0,600.0,0.0,0.0,600.0
-1,156,THYMIO,0.5764854990062138,0.8802521298365988,0.09895833333333333,0.3072916666666667,0.390625,0.140625,0.0,0.0,0.0,384.0,1.0,384.0,0.0,0.0,384.0,0.0,0.0,384.0
-1,157,THYMIO,0.990610597991417,0.00010125351888990527,0.088379705400982,0.14402618657937807,0.19148936170212766,0.15548281505728315,0.0851063829787234,0.0,0.0,611.0,1.0,611.0,0.0,0.0,611.0,0.0,0.0,611.0
-1,158,THYMIO,0.9565293811995127,0.7840347134432046,0.11276948590381426,0.19237147595356552,0.208955223880597,0.12769485903814262,0.1111111111111111,0.0,0.0,603.0,1.0,603.0,0.0,0.0,603.0,0.0,0.0,603.0
-1,159,THYMIO,0.976900630646502,0.8500504291636446,0.1737012987012987,0.20616883116883117,0.21103896103896103,0.13474025974025974,0.045454545454545456,0.022727272727272728,0.0,616.0,1.0,616.0,0.0,0.0,616.0,0.0,0.0,616.0
-1,160,THYMIO,0.9948750004463124,0.8273366380795236,0.3228346456692913,0.31496062992125984,0.31496062992125984,0.1732283464566929,0.07874015748031496,0.0,0.0,127.0,1.0,127.0,0.0,0.0,127.0,0.0,0.0,127.0
-1,161,THYMIO,0.9298957215576757,0.9902487769438951,0.24166666666666667,0.325,0.3333333333333333,0.3,0.25833333333333336,0.0,0.0,120.0,1.0,120.0,0.0,0.0,120.0,0.0,0.0,120.0
-1,162,THYMIO,0.5877631338028363,0.6036398426729399,0.4114671163575042,0.8549747048903878,0.8566610455311973,0.8482293423271501,0.6644182124789207,0.0,0.0,593.0,1.0,593.0,0.0,0.0,593.0,0.0,0.0,593.0
-1,163,THYMIO,0.6897903475447077,0.9489863366162808,0.053763440860215055,0.0,0.0,0.0,0.0,0.0,0.0,93.0,0.8691588785046729,107.0,14.0,0.1308411214953271,107.0,0.0,0.0,107.0
-1,164,THYMIO,0.9980162704347999,0.4277694876262374,0.09650582362728785,0.18801996672212978,0.1930116472545757,0.0632279534109817,0.0,0.0,0.0,601.0,1.0,601.0,0.0,0.0,601.0,0.0,0.0,601.0
-1,165,THYMIO,0.5569334153610797,0.5560350418397823,0.85,0.8661290322580645,0.8693548387096774,0.8596774193548387,0.8451612903225807,0.0,0.0,620.0,1.0,620.0,0.0,0.0,620.0,0.0,0.0,620.0
-1,166,THYMIO,0.869155951479191,0.8644116391942855,0.044444444444444446,0.06666666666666667,0.1111111111111111,0.25555555555555554,0.4,0.0,0.0,89.0,0.8317757009345794,107.0,18.0,0.16822429906542055,107.0,0.0,0.0,107.0
-1,167,THYMIO,0.986998053808123,0.8206781886275526,0.3178294573643411,0.37209302325581395,0.37209302325581395,0.31007751937984496,0.24806201550387597,0.015503875968992248,0.0,129.0,1.0,129.0,0.0,0.0,129.0,0.0,0.0,129.0
-1,168,THYMIO,0.9997867643223419,0.8330385956416902,0.20294599018003273,0.2618657937806874,0.26677577741407527,0.15711947626841244,0.031096563011456628,0.008183306055646482,0.0,611.0,1.0,611.0,0.0,0.0,611.0,0.0,0.0,611.0
-1,169,THYMIO,0.5713746273891179,0.5813252419264804,0.0,0.008319467554076539,0.389351081530782,0.8502495840266223,0.8435940099833611,0.0,0.0,601.0,1.0,601.0,0.0,0.0,601.0,0.0,0.0,601.0
-1,170,THYMIO,0.9908314886631838,0.02726488493018528,0.0,0.1174496644295302,0.16610738255033558,0.11577181208053691,0.0,0.0,0.0,596.0,1.0,596.0,0.0,0.0,596.0,0.0,0.0,596.0
-1,171,THYMIO,0.9829944501834801,0.6611622561144512,0.10696920583468396,0.1539708265802269,0.1539708265802269,0.1053484602917342,0.05186385737439222,0.0,0.0,617.0,1.0,617.0,0.0,0.0,617.0,0.0,0.0,617.0
-1,172,THYMIO,0.7988848790975748,0.6938908452328865,0.20949263502454993,0.32242225859247137,0.3158756137479542,0.12438625204582651,0.11456628477905073,0.0,0.0,611.0,1.0,611.0,0.0,0.0,611.0,0.0,0.0,611.0
-1,168,THYMIO,0.9997594631283613,0.8634040213246962,0.16638655462184873,0.23361344537815126,0.24873949579831933,0.1495798319327731,0.031932773109243695,0.018487394957983194,0.0,595.0,1.0,595.0,0.0,0.0,595.0,0.0,0.0,595.0
-1,173,THYMIO,0.9999323835541447,0.8543183771461244,0.19137931034482758,0.2517241379310345,0.2517241379310345,0.1724137931034483,0.10172413793103448,0.006896551724137931,0.0,580.0,1.0,580.0,0.0,0.0,580.0,0.0,0.0,580.0
-1,174,THYMIO,0.9859099398118766,0.0,0.0,0.08768971332209106,0.1551433389544688,0.10792580101180438,0.0,0.0,0.0,593.0,1.0,593.0,0.0,0.0,593.0,0.0,0.0,593.0
-1,175,THYMIO,0.9625018459279678,0.8397755162644015,0.1564245810055866,0.24022346368715083,0.2541899441340782,0.18156424581005587,0.07541899441340782,0.008379888268156424,0.0,358.0,1.0,358.0,0.0,0.0,358.0,0.0,0.0,358.0
-1,176,THYMIO,0.00018004564506297308,0.8834445845936945,0.0,0.14918032786885246,0.1918032786885246,0.12622950819672132,0.0,0.0,0.0,610.0,1.0,610.0,0.0,0.0,610.0,0.0,0.0,610.0
-1,177,THYMIO,0.9780687044122442,0.9704077848602995,0.0,0.0,0.03614457831325301,0.24096385542168675,0.3855421686746988,0.0,0.0,83.0,1.0,83.0,0.0,0.0,83.0,0.0,0.0,83.0
-1,178,THYMIO,0.9731748298360887,0.9731155538196934,0.12121212121212122,0.1717171717171717,0.1919191919191919,0.2727272727272727,0.32323232323232326,0.0,0.0,99.0,1.0,99.0,0.0,0.0,99.0,0.0,0.0,99.0
-1,179,THYMIO,0.03305031113959681,0.7071656166023954,0.05821917808219178,0.136986301369863,0.14554794520547945,0.015410958904109588,0.0,0.0,0.0,584.0,1.0,584.0,0.0,0.0,584.0,0.0,0.0,584.0
-1,180,THYMIO,0.9601845111853062,0.8141244032248749,0.2733812949640288,0.18705035971223022,0.17985611510791366,0.11510791366906475,0.08633093525179857,0.0,0.0,139.0,1.0,139.0,0.0,0.0,139.0,0.0,0.0,139.0
-1,181,THYMIO,0.5244580268428005,0.5479472474579653,0.0,0.0,0.7023411371237458,0.6705685618729097,0.0,0.0,0.0,598.0,1.0,598.0,0.0,0.0,598.0,0.0,0.0,598.0
-1,182,THYMIO,0.9993523589239104,0.8209704197050086,0.12074829931972789,0.19047619047619047,0.195578231292517,0.08333333333333333,0.04591836734693878,0.0,0.0,588.0,1.0,588.0,0.0,0.0,588.0,0.0,0.0,588.0
-1,183,THYMIO,0.5836770753780827,0.9805397708930564,0.0,0.04462474645030426,0.8336713995943205,0.845841784989858,0.8559837728194726,0.0,0.0,493.0,1.0,493.0,0.0,0.0,493.0,0.0,0.0,493.0
-1,184,THYMIO,0.9999257956515164,0.24123148313665774,0.0,0.14006514657980457,0.17100977198697068,0.06677524429967427,0.0,0.0,0.0,614.0,1.0,614.0,0.0,0.0,614.0,0.0,0.0,614.0
-1,185,THYMIO,0.9999776746245465,0.8800142528617255,0.020833333333333332,0.0625,0.09375,0.1875,0.3020833333333333,0.0,0.0,96.0,1.0,96.0,0.0,0.0,96.0,0.0,0.0,96.0
-1,186,THYMIO,0.9872847354404204,0.9426572290178348,0.1527777777777778,0.18055555555555555,0.0,0.0,0.0,0.0,0.0,72.0,1.0,72.0,0.0,0.0,72.0,0.0,0.0,72.0
-1,187,THYMIO,0.9993931395687815,0.8422436507263225,0.2905982905982906,0.3333333333333333,0.3333333333333333,0.1794871794871795,0.1452991452991453,0.0,0.0,117.0,1.0,117.0,0.0,0.0,117.0,0.0,0.0,117.0
-1,188,THYMIO,0.9950611863476222,0.7517764766214551,0.12378640776699029,0.1650485436893204,0.17718446601941748,0.1262135922330097,0.0970873786407767,0.0,0.0,412.0,0.9739952718676123,423.0,11.0,0.026004728132387706,423.0,0.0,0.0,423.0
-1,189,THYMIO,0.9839844382223435,0.8469684822779235,0.3064516129032258,0.3172043010752688,0.32526881720430106,0.21774193548387097,0.03225806451612903,0.05913978494623656,0.026881720430107527,372.0,1.0,372.0,0.0,0.0,372.0,0.0,0.0,372.0
-1,190,THYMIO,0.124982265424524,0.7901048090443561,0.0,0.1360655737704918,0.1721311475409836,0.07049180327868852,0.0,0.0,0.0,610.0,1.0,610.0,0.0,0.0,610.0,0.0,0.0,610.0
-1,191,THYMIO,0.9562671409603927,0.99999770715726,0.0,0.21052631578947367,0.2894736842105263,0.2631578947368421,0.19298245614035087,0.0,0.0,114.0,1.0,114.0,0.0,0.0,114.0,0.0,0.0,114.0
-1,168,THYMIO,0.9997193193563928,0.8331889211049777,0.18537414965986396,0.21768707482993196,0.20068027210884354,0.16666666666666666,0.141156462585034,0.0,0.0,588.0,1.0,588.0,0.0,0.0,588.0,0.0,0.0,588.0
-1,192,THYMIO,0.9956617106666692,0.8081388845103264,0.11274509803921569,0.16176470588235295,0.15196078431372548,0.0915032679738562,0.06372549019607843,0.0016339869281045752,0.0,612.0,1.0,612.0,0.0,0.0,612.0,0.0,0.0,612.0
-1,193,THYMIO,0.922991696068847,0.9534998638224224,0.0,0.0,0.0,0.375,0.48863636363636365,0.0,0.0,88.0,1.0,88.0,0.0,0.0,88.0,0.0,0.0,88.0
-1,194,THYMIO,0.9993286004852734,0.0009292744708819295,0.052132701421800945,0.0995260663507109,0.12164296998420221,0.10268562401263823,0.053712480252764615,0.0,0.0,633.0,1.0,633.0,0.0,0.0,633.0,0.0,0.0,633.0
-1,195,THYMIO,0.9983484663724213,0.6885513945969185,0.11452991452991453,0.1606837606837607,0.1675213675213675,0.10598290598290598,0.07008547008547009,0.0,0.0,585.0,1.0,585.0,0.0,0.0,585.0,0.0,0.0,585.0
-1,196,THYMIO,0.9999893001375517,0.8583887523921379,0.3247863247863248,0.24216524216524216,0.2621082621082621,0.11965811965811966,0.02564102564102564,0.002849002849002849,0.0,351.0,1.0,351.0,0.0,0.0,351.0,0.0,0.0,351.0
-1,197,THYMIO,0.8170335587778151,0.9477280542646822,0.15158924205378974,0.2273838630806846,0.28117359413202936,0.2616136919315403,0.31784841075794623,0.0,0.0024449877750611247,244.0,0.5661252900232019,431.0,0.0,0.0,431.0,187.0,0.43387470997679817,431.0
-1,198,THYMIO,0.9999608430788334,0.8302187898201604,0.2066115702479339,0.26611570247933886,0.2611570247933884,0.17024793388429751,0.05785123966942149,0.011570247933884297,0.0,605.0,1.0,605.0,0.0,0.0,605.0,0.0,0.0,605.0
-1,199,THYMIO,0.9999999761766308,0.6681133985199743,0.1186161449752883,0.1614497528830313,0.17298187808896212,0.14662273476112025,0.057660626029654036,0.0,0.0,607.0,0.9529042386185244,637.0,30.0,0.04709576138147567,637.0,0.0,0.0,637.0
-1,200,THYMIO,0.9999791252303685,0.8342165896535017,0.1875,0.24305555555555555,0.22916666666666666,0.1684027777777778,0.09895833333333333,0.006944444444444444,0.0,576.0,1.0,576.0,0.0,0.0,576.0,0.0,0.0,576.0
-1,201,THYMIO,0.9994314741410155,0.8294530105433942,0.1632,0.232,0.2192,0.1472,0.064,0.0,0.0,625.0,1.0,625.0,0.0,0.0,625.0,0.0,0.0,625.0
-1,202,THYMIO,0.9999797719842446,0.8643507967671914,0.20032310177705978,0.2407108239095315,0.24717285945072698,0.1260096930533118,0.022617124394184167,0.014539579967689823,0.0,619.0,1.0,619.0,0.0,0.0,619.0,0.0,0.0,619.0
-1,203,THYMIO,0.9999529665861139,0.8311017622896427,0.12171052631578948,0.17598684210526316,0.18914473684210525,0.054276315789473686,0.039473684210526314,0.004934210526315789,0.0,608.0,1.0,608.0,0.0,0.0,608.0,0.0,0.0,608.0
-1,204,THYMIO,0.9999887534522853,0.8566836714975175,0.15658362989323843,0.22241992882562278,0.23665480427046262,0.16548042704626334,0.051601423487544484,0.0035587188612099642,0.0,562.0,1.0,562.0,0.0,0.0,562.0,0.0,0.0,562.0
-1,205,THYMIO,0.999999997706712,0.9568591323876617,0.0,0.012658227848101266,0.1518987341772152,0.34177215189873417,0.4050632911392405,0.0,0.0,79.0,1.0,79.0,0.0,0.0,79.0,0.0,0.0,79.0
-1,206,THYMIO,0.9844891754319085,0.811845166596701,0.1342062193126023,0.20130932896890344,0.22749590834697217,0.07201309328968904,0.04582651391162029,0.0,0.0,611.0,1.0,611.0,0.0,0.0,611.0,0.0,0.0,611.0
-1,207,THYMIO,0.09609550045921646,0.9202478173341351,0.0016750418760469012,0.11390284757118928,0.15912897822445563,0.11725293132328309,0.0,0.0,0.0,597.0,1.0,597.0,0.0,0.0,597.0,0.0,0.0,597.0
-1,208,THYMIO,0.9999999999980717,0.21446964426340173,0.006896551724137931,0.1310344827586207,0.16379310344827586,0.07413793103448275,0.0034482758620689655,0.0,0.0,580.0,1.0,580.0,0.0,0.0,580.0,0.0,0.0,580.0
-1,209,THYMIO,0.9988129923829454,0.767066030424655,0.10344827586206896,0.12643678160919541,0.1417624521072797,0.13793103448275862,0.10727969348659004,0.0,0.0,522.0,1.0,522.0,0.0,0.0,522.0,0.0,0.0,522.0
-1,210,THYMIO,0.9677520073505793,0.8545853415857927,0.14882506527415143,0.20887728459530025,0.23237597911227154,0.13315926892950392,0.0,0.0391644908616188,0.0026109660574412533,383.0,1.0,383.0,0.0,0.0,383.0,0.0,0.0,383.0
-1,201,THYMIO,0.9995020077858849,0.8258997317993731,0.16881028938906753,0.22990353697749197,0.22186495176848875,0.1382636655948553,0.05627009646302251,0.006430868167202572,0.003215434083601286,622.0,1.0,622.0,0.0,0.0,622.0,0.0,0.0,622.0
-1,211,THYMIO,0.8666461206303628,0.9643554193711951,0.0,0.18518518518518517,0.30864197530864196,0.1111111111111111,0.0,0.0,0.0,81.0,1.0,81.0,0.0,0.0,81.0,0.0,0.0,81.0
-1,212,THYMIO,0.5741519378034683,0.8386513064202896,0.19852941176470587,0.0,0.0,0.0,0.0,0.0,0.0,136.0,0.7640449438202247,178.0,42.0,0.23595505617977527,178.0,0.0,0.0,178.0
-1,213,THYMIO,0.9999919215246983,0.8595916897569037,0.22018348623853212,0.27522935779816515,0.27522935779816515,0.28440366972477066,0.23853211009174313,0.0,0.0,109.0,1.0,109.0,0.0,0.0,109.0,0.0,0.0,109.0
-1,214,THYMIO,0.9998940535709917,0.9963198723627469,0.23636363636363636,0.2909090909090909,0.3,0.2545454545454545,0.23636363636363636,0.0,0.0,110.0,1.0,110.0,0.0,0.0,110.0,0.0,0.0,110.0
-1,215,THYMIO,0.9999999999998923,0.8268898395418011,0.23387096774193547,0.25806451612903225,0.25,0.20967741935483872,0.1935483870967742,0.024193548387096774,0.0,124.0,1.0,124.0,0.0,0.0,124.0,0.0,0.0,124.0
-1,216,THYMIO,0.9984512580180935,0.8512143140863362,0.3875,0.2125,0.2625,0.2875,0.1625,0.0,0.0,80.0,0.7476635514018691,107.0,27.0,0.2523364485981308,107.0,0.0,0.0,107.0
-1,217,THYMIO,0.9951290361646228,0.5877559553208394,0.14661654135338345,0.2274436090225564,0.23308270676691728,0.10150375939849623,0.018796992481203006,0.0,0.0,532.0,1.0,532.0,0.0,0.0,532.0,0.0,0.0,532.0
-1,218,THYMIO,0.9999490845417652,0.834309143357715,0.16065573770491803,0.23442622950819672,0.22459016393442624,0.14098360655737704,0.047540983606557376,0.001639344262295082,0.0,610.0,1.0,610.0,0.0,0.0,610.0,0.0,0.0,610.0
-1,219,THYMIO,0.9999711885101458,0.8498100949866647,0.2617124394184168,0.23909531502423265,0.23263327948303716,0.15024232633279483,0.03877221324717286,0.01615508885298869,0.0,619.0,1.0,619.0,0.0,0.0,619.0,0.0,0.0,619.0
-1,220,THYMIO,0.99998445044283,0.8343164090471125,0.30327868852459017,0.36065573770491804,0.3360655737704918,0.27049180327868855,0.22950819672131148,0.040983606557377046,0.0,122.0,1.0,122.0,0.0,0.0,122.0,0.0,0.0,122.0
-1,221,THYMIO,0.2985820206643055,0.9999999976052125,0.0032414910858995136,0.027552674230145867,0.14910858995137763,0.13452188006482982,0.02106969205834684,0.0,0.0,617.0,1.0,617.0,0.0,0.0,617.0,0.0,0.0,617.0
-1,222,THYMIO,0.5523951273454467,0.007041106475299178,0.0,0.003246753246753247,0.05194805194805195,0.1737012987012987,0.11363636363636363,0.003246753246753247,0.0,616.0,1.0,616.0,0.0,0.0,616.0,0.0,0.0,616.0
-1,223,THYMIO,0.999983915978215,0.8407683001073605,0.13559322033898305,0.18305084745762712,0.1864406779661017,0.21694915254237288,0.23389830508474577,0.0,0.0,295.0,1.0,295.0,0.0,0.0,295.0,0.0,0.0,295.0
-1,224,THYMIO,0.9991569136042119,0.834517459391931,0.17504051863857376,0.23500810372771475,0.23987034035656402,0.14424635332252836,0.05672609400324149,0.012965964343598054,0.0,617.0,1.0,617.0,0.0,0.0,617.0,0.0,0.0,617.0
-1,225,THYMIO,0.8366384289320593,0.9995248408733213,0.0,0.2857142857142857,0.2857142857142857,0.012987012987012988,0.0,0.0,0.0,77.0,1.0,77.0,0.0,0.0,77.0,0.0,0.0,77.0
-1,226,THYMIO,0.9999189185768665,0.38873657813223317,0.3151041666666667,0.2890625,0.24479166666666666,0.17447916666666666,0.059895833333333336,0.013020833333333334,0.0,384.0,1.0,384.0,0.0,0.0,384.0,0.0,0.0,384.0
-1,227,THYMIO,0.9999999725405632,0.8029592044555207,0.2033898305084746,0.22033898305084745,0.211864406779661,0.211864406779661,0.2288135593220339,0.0,0.0,118.0,1.0,118.0,0.0,0.0,118.0,0.0,0.0,118.0
-1,228,THYMIO,0.9999996418603263,0.8297030638152126,0.1676300578034682,0.20616570327552985,0.20423892100192678,0.1811175337186898,0.14450867052023122,0.0,0.0,519.0,1.0,519.0,0.0,0.0,519.0,0.0,0.0,519.0
-1,229,THYMIO,0.9765286461318871,0.11851105429860981,0.23588039867109634,0.3272425249169435,0.3521594684385382,0.2541528239202658,0.14950166112956811,0.0,0.0,602.0,1.0,602.0,0.0,0.0,602.0,0.0,0.0,602.0
-1,201,THYMIO,0.9995841748182938,0.932057159401492,0.0,0.07692307692307693,0.09615384615384616,0.18269230769230768,0.2692307692307692,0.125,0.10576923076923077,104.0,1.0,104.0,0.0,0.0,104.0,0.0,0.0,104.0
-1,230,THYMIO,0.9999599318065646,0.8294975589948994,0.19087837837837837,0.25506756756756754,0.26013513513513514,0.14189189189189189,0.02702702702702703,0.015202702702702704,0.0016891891891891893,592.0,1.0,592.0,0.0,0.0,592.0,0.0,0.0,592.0
-1,231,THYMIO,0.6682026775926475,0.633405150733148,0.3159851301115242,0.7063197026022305,0.7063197026022305,0.7211895910780669,0.7211895910780669,0.0,0.0,538.0,1.0,538.0,0.0,0.0,538.0,0.0,0.0,538.0
-1,232,THYMIO,0.9999999999914133,0.8793429070799227,0.11702127659574468,0.18085106382978725,0.19148936170212766,0.23404255319148937,0.3191489361702128,0.0,0.0,94.0,1.0,94.0,0.0,0.0,94.0,0.0,0.0,94.0
-1,233,THYMIO,0.0809051644160408,0.0011667589163107004,0.0,0.0,0.0,0.0,0.9223300970873787,0.9449838187702265,0.9401294498381877,618.0,1.0,618.0,0.0,0.0,618.0,0.0,0.0,618.0
-1,234,THYMIO,0.9668170727619985,0.8282151090381019,0.1815068493150685,0.2602739726027397,0.2585616438356164,0.17123287671232876,0.06164383561643835,0.017123287671232876,0.00684931506849315,584.0,1.0,584.0,0.0,0.0,584.0,0.0,0.0,584.0
-1,235,THYMIO,0.9993404501767424,0.939574148509553,0.2222222222222222,0.28703703703703703,0.3055555555555556,0.25,0.2037037037037037,0.0,0.0,108.0,1.0,108.0,0.0,0.0,108.0,0.0,0.0,108.0
-1,236,THYMIO,0.9999823802899073,0.8526396819434918,0.1744186046511628,0.25249169435215946,0.25083056478405313,0.1461794019933555,0.044850498338870434,0.016611295681063124,0.0033222591362126247,602.0,1.0,602.0,0.0,0.0,602.0,0.0,0.0,602.0
-1,237,THYMIO,0.9999823176826597,0.8878262696456615,0.13157894736842105,0.15204678362573099,0.2309941520467836,0.16374269005847952,0.0847953216374269,0.008771929824561403,0.0,342.0,1.0,342.0,0.0,0.0,342.0,0.0,0.0,342.0
-1,238,THYMIO,0.9999564109312001,0.8306924143553969,0.1354515050167224,0.19732441471571907,0.17725752508361203,0.1254180602006689,0.07859531772575251,0.0,0.0,598.0,1.0,598.0,0.0,0.0,598.0,0.0,0.0,598.0
-1,239,THYMIO,0.016314289789486357,0.9785813954135637,0.0,0.12980769230769232,0.1875,0.1362179487179487,0.0,0.0,0.0,624.0,1.0,624.0,0.0,0.0,624.0,0.0,0.0,624.0
-1,240,THYMIO,0.999986485380366,0.9719711038213606,0.0,0.0,0.0,0.18181818181818182,0.3522727272727273,0.045454545454545456,0.022727272727272728,88.0,1.0,88.0,0.0,0.0,88.0,0.0,0.0,88.0
-1,241,THYMIO,0.526229965287882,0.5138002024647739,0.0,0.8832236842105263,0.90625,0.6759868421052632,0.029605263157894735,0.0,0.0,608.0,1.0,608.0,0.0,0.0,608.0,0.0,0.0,608.0
-1,242,THYMIO,0.9999975528126557,0.8505506309337005,0.14748784440842788,0.2188006482982172,0.233387358184765,0.12965964343598055,0.019448946515397084,0.019448946515397084,0.0,617.0,1.0,617.0,0.0,0.0,617.0,0.0,0.0,617.0
-1,243,THYMIO,0.9996745769341157,1.9493474842357035e-05,0.0,0.11974110032362459,0.16181229773462782,0.11326860841423948,0.0,0.0,0.0,618.0,1.0,618.0,0.0,0.0,618.0,0.0,0.0,618.0
-1,244,THYMIO,0.99999994817928,0.8978167828749857,0.08737864077669903,0.14563106796116504,0.1650485436893204,0.20388349514563106,0.32038834951456313,0.0,0.0,103.0,1.0,103.0,0.0,0.0,103.0,0.0,0.0,103.0
-1,245,THYMIO,0.9999864715802949,0.969050765372886,0.0,0.0,0.15789473684210525,0.2631578947368421,0.10526315789473684,0.0,0.0,95.0,1.0,95.0,0.0,0.0,95.0,0.0,0.0,95.0
-1,246,THYMIO,0.9988493272476014,0.9986362788434785,0.24324324324324326,0.2972972972972973,0.3063063063063063,0.2702702702702703,0.25225225225225223,0.0,0.0,111.0,1.0,111.0,0.0,0.0,111.0,0.0,0.0,111.0
-1,247,THYMIO,0.9999722490947544,0.8314496713288916,0.14715719063545152,0.18896321070234115,0.17558528428093645,0.14715719063545152,0.13377926421404682,0.0,0.0,598.0,1.0,598.0,0.0,0.0,598.0,0.0,0.0,598.0
-1,248,THYMIO,0.9973682109689959,0.8514613935004774,0.14,0.2,0.2,0.25,0.3,0.0,0.0,100.0,1.0,100.0,0.0,0.0,100.0,0.0,0.0,100.0
-1,247,THYMIO,0.9999745212617422,0.8297584210022396,0.15789473684210525,0.2014519056261343,0.18874773139745918,0.15245009074410162,0.12341197822141561,0.0,0.0,551.0,1.0,551.0,0.0,0.0,551.0,0.0,0.0,551.0
-1,249,THYMIO,0.9999811586436829,0.8338070083633825,0.12416107382550336,0.18624161073825504,0.18959731543624161,0.08892617449664429,0.0587248322147651,0.003355704697986577,0.0,596.0,1.0,596.0,0.0,0.0,596.0,0.0,0.0,596.0
-1,250,THYMIO,0.9999996516088494,0.8262395065649251,0.13815789473684212,0.20394736842105263,0.19736842105263158,0.11019736842105263,0.049342105263157895,0.004934210526315789,0.0,608.0,1.0,608.0,0.0,0.0,608.0,0.0,0.0,608.0
-1,251,THYMIO,0.9999659706549345,0.7893046225109744,0.22608695652173913,0.24347826086956523,0.23478260869565218,0.20869565217391303,0.23478260869565218,0.0,0.0,115.0,1.0,115.0,0.0,0.0,115.0,0.0,0.0,115.0
-1,252,THYMIO,0.9999831847946342,0.8686134777099762,0.2711864406779661,0.3135593220338983,0.3135593220338983,0.2966101694915254,0.17796610169491525,0.0,0.0,118.0,1.0,118.0,0.0,0.0,118.0,0.0,0.0,118.0
-1,253,THYMIO,0.9997619923082967,0.8009222469076059,0.21052631578947367,0.2543859649122807,0.2719298245614035,0.19298245614035087,0.09649122807017543,0.0,0.0,114.0,1.0,114.0,0.0,0.0,114.0,0.0,0.0,114.0
-1,254,THYMIO,0.45907732408259033,0.512732950006466,0.7425742574257426,0.5247524752475248,0.35148514851485146,0.15346534653465346,0.07425742574257425,0.13861386138613863,0.0,202.0,1.0,202.0,0.0,0.0,202.0,0.0,0.0,202.0
-1,255,THYMIO,0.9983394642662289,0.8290252940289369,0.25757575757575757,0.24242424242424243,0.24242424242424243,0.21212121212121213,0.19696969696969696,0.0,0.0,132.0,1.0,132.0,0.0,0.0,132.0,0.0,0.0,132.0
-1,256,THYMIO,0.9999993387490971,0.8678304442670862,0.3135593220338983,0.2655367231638418,0.2824858757062147,0.1694915254237288,0.0423728813559322,0.011299435028248588,0.0,354.0,1.0,354.0,0.0,0.0,354.0,0.0,0.0,354.0
-1,257,THYMIO,0.9994093943240506,0.7731518097339922,0.11320754716981132,0.1457975986277873,0.1509433962264151,0.14922813036020582,0.09777015437392796,0.0,0.0,583.0,1.0,583.0,0.0,0.0,583.0,0.0,0.0,583.0
-1,258,THYMIO,0.9998857152988053,0.9975313764746042,0.18085106382978725,0.22340425531914893,0.24468085106382978,0.19148936170212766,0.1595744680851064,0.0,0.0,94.0,1.0,94.0,0.0,0.0,94.0,0.0,0.0,94.0
-1,259,THYMIO,0.9998577703412626,0.8289193506785759,0.1331168831168831,0.20616883116883117,0.21103896103896103,0.09902597402597403,0.037337662337662336,0.00487012987012987,0.0,616.0,1.0,616.0,0.0,0.0,616.0,0.0,0.0,616.0
-1,260,THYMIO,0.9999979780679871,0.8334237005818808,0.15859766277128548,0.24040066777963273,0.23205342237061768,0.1302170283806344,0.04340567612687813,0.001669449081803005,0.0,599.0,1.0,599.0,0.0,0.0,599.0,0.0,0.0,599.0
-1,261,THYMIO,0.999981632581099,0.8211778486282905,0.1867816091954023,0.22413793103448276,0.22126436781609196,0.1810344827586207,0.15229885057471265,0.0,0.0,348.0,1.0,348.0,0.0,0.0,348.0,0.0,0.0,348.0
-1,262,THYMIO,0.999898079143547,0.8503586440094869,0.14929577464788732,0.22816901408450704,0.24788732394366197,0.16056338028169015,0.04225352112676056,0.014084507042253521,0.0,355.0,1.0,355.0,0.0,0.0,355.0,0.0,0.0,355.0
-1,263,THYMIO,0.9999943582329183,0.0035354886599845547,0.0,0.11494252873563218,0.17569786535303777,0.11494252873563218,0.0,0.0,0.0,609.0,1.0,609.0,0.0,0.0,609.0,0.0,0.0,609.0
-1,264,THYMIO,0.9856241005044015,0.8488391969098944,0.18904109589041096,0.2328767123287671,0.2602739726027397,0.19726027397260273,0.12876712328767123,0.010958904109589041,0.0,365.0,1.0,365.0,0.0,0.0,365.0,0.0,0.0,365.0
-1,265,THYMIO,0.5609047108967671,0.5658055519631877,0.0,0.0,0.8571428571428571,0.8604651162790697,0.8471760797342193,0.0,0.0,602.0,1.0,602.0,0.0,0.0,602.0,0.0,0.0,602.0
-1,266,THYMIO,0.998527824170792,0.8585185078151157,0.35494880546075086,0.2883959044368601,0.2935153583617747,0.189419795221843,0.040955631399317405,0.04778156996587031,0.015358361774744027,586.0,1.0,586.0,0.0,0.0,586.0,0.0,0.0,586.0
-1,267,THYMIO,0.9999945712299431,0.8716882145776015,0.14363143631436315,0.24390243902439024,0.26287262872628725,0.16802168021680217,0.06233062330623306,0.013550135501355014,0.0027100271002710027,369.0,1.0,369.0,0.0,0.0,369.0,0.0,0.0,369.0
-1,249,THYMIO,0.9999876412082164,0.8298837281632561,0.13430127041742287,0.22141560798548093,0.2250453720508167,0.10344827586206896,0.032667876588021776,0.003629764065335753,0.0,551.0,1.0,551.0,0.0,0.0,551.0,0.0,0.0,551.0
-1,268,THYMIO,0.9999997762872304,0.8036661494712504,0.1282051282051282,0.1794871794871795,0.17094017094017094,0.11282051282051282,0.08034188034188035,0.0,0.0,585.0,1.0,585.0,0.0,0.0,585.0,0.0,0.0,585.0
-1,269,THYMIO,0.9999302005419729,0.43369066524714556,0.23684210526315788,0.3157894736842105,0.3684210526315789,0.3684210526315789,0.47368421052631576,0.0,0.0,38.0,1.0,38.0,0.0,0.0,38.0,0.0,0.0,38.0
-1,270,THYMIO,0.9998183455466074,0.7838629952155721,0.11726384364820847,0.16938110749185667,0.1758957654723127,0.09771986970684039,0.06840390879478828,0.0,0.0,307.0,1.0,307.0,0.0,0.0,307.0,0.0,0.0,307.0
-1,271,THYMIO,0.36289475869443577,0.4551542385843743,0.056572379367720464,0.013311148086522463,0.0,0.0,0.0,0.0,0.0,601.0,1.0,601.0,0.0,0.0,601.0,0.0,0.0,601.0
-1,272,THYMIO,0.9999941178955045,0.6220051069897627,0.14261460101867574,0.19864176570458403,0.19864176570458403,0.12054329371816638,0.057724957555178265,0.0,0.0,589.0,1.0,589.0,0.0,0.0,589.0,0.0,0.0,589.0
-1,273,THYMIO,0.9999993626123497,0.7611154309793599,0.12956810631229235,0.20764119601328904,0.19102990033222592,0.132890365448505,0.08637873754152824,0.0,0.0,602.0,1.0,602.0,0.0,0.0,602.0,0.0,0.0,602.0
-1,274,THYMIO,0.9999794489052556,0.7893795933495218,0.11643835616438356,0.17123287671232876,0.15924657534246575,0.10273972602739725,0.07534246575342465,0.0,0.0,584.0,1.0,584.0,0.0,0.0,584.0,0.0,0.0,584.0
-1,275,THYMIO,0.9999941529007617,0.17403137293327253,0.058419243986254296,0.27491408934707906,0.3281786941580756,0.211340206185567,0.048109965635738834,0.00859106529209622,0.0,582.0,1.0,582.0,0.0,0.0,582.0,0.0,0.0,582.0
-1,276,THYMIO,0.9999178247854736,0.6613376662386862,0.12238325281803543,0.14814814814814814,0.1610305958132045,0.13687600644122383,0.10628019323671498,0.0,0.0,621.0,1.0,621.0,0.0,0.0,621.0,0.0,0.0,621.0
-1,277,THYMIO,0.9999996239131034,0.9922249472454481,0.24561403508771928,0.2982456140350877,0.2982456140350877,0.2807017543859649,0.2982456140350877,0.0,0.0,114.0,1.0,114.0,0.0,0.0,114.0,0.0,0.0,114.0
-1,278,THYMIO,0.9999992494904998,0.8207188293868178,0.13957307060755336,0.2200328407224959,0.22495894909688013,0.10180623973727422,0.031198686371100164,0.006568144499178982,0.0,609.0,1.0,609.0,0.0,0.0,609.0,0.0,0.0,609.0
-1,279,THYMIO,0.9999982905538787,0.8268849285935481,0.18360655737704917,0.25573770491803277,0.25245901639344265,0.11639344262295082,0.03278688524590164,0.004918032786885246,0.0,610.0,1.0,610.0,0.0,0.0,610.0,0.0,0.0,610.0
-1,280,THYMIO,0.9999999996477245,0.8291547579323165,0.13517915309446255,0.19055374592833876,0.18729641693811075,0.1254071661237785,0.06026058631921824,0.0,0.0,614.0,1.0,614.0,0.0,0.0,614.0,0.0,0.0,614.0
-1,281,THYMIO,0.997268510318037,0.8501970315362986,0.4131054131054131,0.3076923076923077,0.3162393162393162,0.16809116809116809,0.03418803418803419,0.022792022792022793,0.0,351.0,1.0,351.0,0.0,0.0,351.0,0.0,0.0,351.0
-1,282,THYMIO,0.9999905016282763,0.8540823311873796,0.14355628058727568,0.21044045676998369,0.2267536704730832,0.08809135399673736,0.011419249592169658,0.01631321370309951,0.0,613.0,1.0,613.0,0.0,0.0,613.0,0.0,0.0,613.0
-1,283,THYMIO,0.9999906250206565,0.8253456699565825,0.14446227929373998,0.21990369181380418,0.22632423756019263,0.08667736757624397,0.019261637239165328,0.0,0.0,623.0,1.0,623.0,0.0,0.0,623.0,0.0,0.0,623.0
-1,284,THYMIO,0.9999944027334993,0.7094149744981966,0.15352697095435686,0.21369294605809128,0.22406639004149378,0.22614107883817428,0.10995850622406639,0.0,0.0,482.0,1.0,482.0,0.0,0.0,482.0,0.0,0.0,482.0
-1,285,THYMIO,0.9999900901099383,0.511212076561764,0.15384615384615385,0.21739130434782608,0.22742474916387959,0.12374581939799331,0.0,0.0,0.0,598.0,1.0,598.0,0.0,0.0,598.0,0.0,0.0,598.0
-1,286,THYMIO,0.9999868930990126,0.834813310432966,0.1737704918032787,0.23770491803278687,0.23934426229508196,0.15901639344262294,0.06229508196721312,0.03278688524590164,0.009836065573770493,610.0,1.0,610.0,0.0,0.0,610.0,0.0,0.0,610.0
-1,286,THYMIO,0.9999958524670896,0.8438212533794388,0.18638573743922204,0.26094003241491087,0.27228525121555913,0.17828200972447325,0.024311183144246355,0.03079416531604538,0.004862236628849271,617.0,1.0,617.0,0.0,0.0,617.0,0.0,0.0,617.0
-1,287,THYMIO,0.9999965668835163,0.8054725033409039,0.06666666666666667,0.13333333333333333,0.17777777777777778,0.2777777777777778,0.3333333333333333,0.0,0.0,90.0,1.0,90.0,0.0,0.0,90.0,0.0,0.0,90.0
-1,288,THYMIO,0.999999892558199,0.841651680712497,0.3942766295707472,0.2686804451510334,0.24006359300476948,0.09379968203497616,0.006359300476947536,0.017488076311605722,0.0,629.0,1.0,629.0,0.0,0.0,629.0,0.0,0.0,629.0
-1,289,THYMIO,0.09378131229424748,0.956979361446391,0.08603896103896104,0.28084415584415584,0.35714285714285715,0.28733766233766234,0.08116883116883117,0.0,0.0,616.0,1.0,616.0,0.0,0.0,616.0,0.0,0.0,616.0
-1,290,THYMIO,4.368815757003878e-05,0.7013710580348916,0.65,0.55,0.45,0.3,0.0,0.55,0.35,20.0,1.0,20.0,0.0,0.0,20.0,0.0,0.0,20.0
-1,291,THYMIO,0.9998488659535628,0.8354318412133285,0.1375,0.1625,0.2125,0.2,0.0375,0.0,0.0,80.0,0.851063829787234,94.0,14.0,0.14893617021276595,94.0,0.0,0.0,94.0
-1,292,THYMIO,0.9999994847929773,0.8332358157179197,0.1362179487179487,0.20833333333333334,0.20833333333333334,0.05608974358974359,0.020833333333333332,0.00641025641025641,0.0,624.0,1.0,624.0,0.0,0.0,624.0,0.0,0.0,624.0
-1,293,THYMIO,0.9999999973095121,0.8210968369147148,0.1362179487179487,0.20512820512820512,0.1987179487179487,0.09294871794871795,0.038461538461538464,0.0,0.0,624.0,1.0,624.0,0.0,0.0,624.0,0.0,0.0,624.0
-1,294,THYMIO,0.009417652473830213,0.900857878439495,0.0050335570469798654,0.13758389261744966,0.16946308724832215,0.08557046979865772,0.0,0.0,0.0,596.0,1.0,596.0,0.0,0.0,596.0,0.0,0.0,596.0
-1,295,THYMIO,0.9999999999833894,0.7763512690311327,0.125,0.16826923076923078,0.1778846153846154,0.19230769230769232,0.125,0.0,0.0,208.0,1.0,208.0,0.0,0.0,208.0,0.0,0.0,208.0
-1,296,THYMIO,0.9999807877626898,0.8248955086657886,0.18699186991869918,0.22926829268292684,0.22601626016260162,0.15609756097560976,0.0910569105691057,0.00975609756097561,0.0,615.0,1.0,615.0,0.0,0.0,615.0,0.0,0.0,615.0
-1,297,THYMIO,0.9998539744128357,0.836774952914514,0.29591836734693877,0.35714285714285715,0.3673469387755102,0.32653061224489793,0.11224489795918367,0.0,0.0,98.0,1.0,98.0,0.0,0.0,98.0,0.0,0.0,98.0
-1,298,THYMIO,0.9999999471662475,0.8317209296420524,0.3153846153846154,0.3769230769230769,0.3923076923076923,0.33076923076923076,0.13846153846153847,0.007692307692307693,0.0,130.0,1.0,130.0,0.0,0.0,130.0,0.0,0.0,130.0
-1,299,THYMIO,0.9999999999976721,0.6949874150286088,0.15358361774744028,0.20477815699658702,0.2150170648464164,0.21843003412969283,0.10238907849829351,0.0,0.0,293.0,1.0,293.0,0.0,0.0,293.0,0.0,0.0,293.0
-1,300,THYMIO,0.9999792714344672,0.9994398764909388,0.20967741935483872,0.2661290322580645,0.27419354838709675,0.22580645161290322,0.20161290322580644,0.008064516129032258,0.0,124.0,1.0,124.0,0.0,0.0,124.0,0.0,0.0,124.0
-1,301,THYMIO,0.9999977296510131,0.8319701931291494,0.16039279869067102,0.2225859247135843,0.22913256955810146,0.09492635024549918,0.04091653027823241,0.019639934533551555,0.0,611.0,1.0,611.0,0.0,0.0,611.0,0.0,0.0,611.0
-1,302,THYMIO,0.9998904543701,0.897016873560915,0.21929824561403508,0.2807017543859649,0.2982456140350877,0.2543859649122807,0.20175438596491227,0.0,0.0,114.0,1.0,114.0,0.0,0.0,114.0,0.0,0.0,114.0
-1,303,THYMIO,0.9999996145311613,0.8753286508462613,0.125,0.21666666666666667,0.2361111111111111,0.17222222222222222,0.06111111111111111,0.025,0.005555555555555556,360.0,1.0,360.0,0.0,0.0,360.0,0.0,0.0,360.0
-1,304,THYMIO,0.9999999995742272,0.029312606100207052,0.0,0.10362694300518134,0.21243523316062177,0.09844559585492228,0.0,0.0,0.0,579.0,1.0,579.0,0.0,0.0,579.0,0.0,0.0,579.0
-1,305,THYMIO,0.9972349293416273,0.8327671970175974,0.13355048859934854,0.21172638436482086,0.20846905537459284,0.0781758957654723,0.03745928338762215,0.003257328990228013,0.0,614.0,1.0,614.0,0.0,0.0,614.0,0.0,0.0,614.0
-1,286,THYMIO,0.9999915333608937,0.8330065017378634,0.18485523385300667,0.24053452115812918,0.24721603563474387,0.18485523385300667,0.053452115812917596,0.024498886414253896,0.0066815144766146995,449.0,1.0,449.0,0.0,0.0,449.0,0.0,0.0,449.0
-1,306,THYMIO,0.9998912481078529,0.8288501028531868,0.27941176470588236,0.3014705882352941,0.3014705882352941,0.23529411764705882,0.10294117647058823,0.04411764705882353,0.007352941176470588,136.0,1.0,136.0,0.0,0.0,136.0,0.0,0.0,136.0
-1,307,THYMIO,0.999201203918112,0.8660836537043629,0.1685761047463175,0.19803600654664485,0.20949263502454993,0.10801963993453355,0.01309328968903437,0.03273322422258593,0.006546644844517185,611.0,1.0,611.0,0.0,0.0,611.0,0.0,0.0,611.0
-1,308,THYMIO,0.9999483089799646,0.7992348731946963,0.11737089201877934,0.18779342723004694,0.19248826291079812,0.2112676056338028,0.14553990610328638,0.0,0.0,213.0,1.0,213.0,0.0,0.0,213.0,0.0,0.0,213.0
-1,309,THYMIO,0.8553378534889553,0.9498245214344979,0.09090909090909091,0.25,0.3181818181818182,0.09090909090909091,0.0,0.0,0.0,88.0,1.0,88.0,0.0,0.0,88.0,0.0,0.0,88.0
-1,310,THYMIO,0.9999415635322892,0.8921816495050732,0.22038567493112948,0.27823691460055094,0.2892561983471074,0.19559228650137742,0.06887052341597796,0.024793388429752067,0.005509641873278237,363.0,1.0,363.0,0.0,0.0,363.0,0.0,0.0,363.0
-1,311,THYMIO,0.99997912805438,0.7943838999741988,0.12559241706161137,0.16824644549763032,0.17061611374407584,0.16113744075829384,0.0971563981042654,0.0,0.0,422.0,1.0,422.0,0.0,0.0,422.0,0.0,0.0,422.0
-1,312,THYMIO,0.9950499100778214,0.689755337764402,0.132569558101473,0.18494271685761046,0.16366612111292964,0.09001636661211129,0.0425531914893617,0.0,0.0,611.0,1.0,611.0,0.0,0.0,611.0,0.0,0.0,611.0
-1,313,THYMIO,0.9961349494751162,0.8546865788368408,0.1921182266009852,0.25779967159277506,0.25779967159277506,0.1592775041050903,0.027914614121510674,0.034482758620689655,0.011494252873563218,609.0,1.0,609.0,0.0,0.0,609.0,0.0,0.0,609.0
-1,314,THYMIO,0.016231043961317283,0.3649880316748536,0.390625,0.359375,0.21875,0.0,0.0,0.328125,0.109375,64.0,1.0,64.0,0.0,0.0,64.0,0.0,0.0,64.0
-1,315,THYMIO,0.9971701796960056,0.776261802700016,0.11556982343499198,0.16211878009630817,0.15569823434991975,0.14125200642054575,0.09630818619582665,0.0,0.0,623.0,1.0,623.0,0.0,0.0,623.0,0.0,0.0,623.0
-1,316,THYMIO,0.9984278601573844,0.00018274846147355673,0.09866220735785954,0.25752508361204013,0.29431438127090304,0.2709030100334448,0.11204013377926421,0.0,0.0,598.0,1.0,598.0,0.0,0.0,598.0,0.0,0.0,598.0
-1,317,THYMIO,0.9999950726977117,0.017624314958647917,0.3813559322033898,0.46271186440677964,0.47966101694915253,0.4559322033898305,0.376271186440678,0.07457627118644068,0.01694915254237288,590.0,1.0,590.0,0.0,0.0,590.0,0.0,0.0,590.0
-1,318,THYMIO,0.9999547015727588,0.7790001965949875,0.16806722689075632,0.22857142857142856,0.2184873949579832,0.16638655462184873,0.12436974789915967,0.0,0.0,595.0,1.0,595.0,0.0,0.0,595.0,0.0,0.0,595.0
-1,319,THYMIO,0.9999337810494772,0.944320297678483,0.20930232558139536,0.26356589147286824,0.2713178294573643,0.23255813953488372,0.1937984496124031,0.031007751937984496,0.031007751937984496,129.0,1.0,129.0,0.0,0.0,129.0,0.0,0.0,129.0
-1,320,THYMIO,0.9999993960033912,0.8311827235846347,0.12695652173913044,0.18608695652173912,0.18782608695652173,0.06260869565217392,0.02782608695652174,0.0017391304347826088,0.0,575.0,1.0,575.0,0.0,0.0,575.0,0.0,0.0,575.0
-1,321,THYMIO,0.9991985361321709,0.8246015233943047,0.13884297520661157,0.2066115702479339,0.20330578512396694,0.1024793388429752,0.07768595041322314,0.0,0.0,605.0,1.0,605.0,0.0,0.0,605.0,0.0,0.0,605.0
-1,322,THYMIO,0.9999617842905019,0.030889235922367912,0.0,0.10833333333333334,0.16833333333333333,0.09166666666666666,0.0,0.0,0.0,600.0,1.0,600.0,0.0,0.0,600.0,0.0,0.0,600.0
-1,323,THYMIO,0.0,0.0,0.0,0.0,0.0,0.0,0.0,0.9343434343434344,0.9242424242424242,198.0,1.0,198.0,0.0,0.0,198.0,0.0,0.0,198.0
-1,324,THYMIO,0.0,0.9296140472479143,0.20133111480865223,0.2529118136439268,0.2146422628951747,0.17637271214642264,0.08319467554076539,0.016638935108153077,0.008319467554076539,601.0,1.0,601.0,0.0,0.0,601.0,0.0,0.0,601.0
-1,307,THYMIO,0.9992980541940218,0.8472056058998514,0.14411764705882352,0.2323529411764706,0.2529411764705882,0.16176470588235295,0.026470588235294117,0.014705882352941176,0.0029411764705882353,340.0,1.0,340.0,0.0,0.0,340.0,0.0,0.0,340.0
-1,325,THYMIO,0.7673221513906957,0.9701542587989209,0.10048622366288493,0.1685575364667747,0.2188006482982172,0.24311183144246354,0.22366288492706646,0.0,0.0032414910858995136,365.0,0.5447761194029851,670.0,0.0,0.0,670.0,305.0,0.4552238805970149,670.0
-1,326,THYMIO,0.9996175073241403,0.8373422716817646,0.13376835236541598,0.20717781402936378,0.20880913539967375,0.06688417618270799,0.02936378466557912,0.0032626427406199023,0.0,613.0,1.0,613.0,0.0,0.0,613.0,0.0,0.0,613.0
-1,327,THYMIO,0.999985219590059,0.8567811762339269,0.2987012987012987,0.25,0.24512987012987014,0.09740259740259741,0.011363636363636364,0.008116883116883116,0.0,616.0,1.0,616.0,0.0,0.0,616.0,0.0,0.0,616.0
-1,328,THYMIO,0.9999993786552269,0.8378079211852038,0.2644628099173554,0.2727272727272727,0.2644628099173554,0.2066115702479339,0.11570247933884298,0.0,0.0,121.0,1.0,121.0,0.0,0.0,121.0,0.0,0.0,121.0
-1,329,THYMIO,0.9981021856516807,0.8116577701273983,0.19282511210762332,0.21524663677130046,0.2242152466367713,0.24663677130044842,0.25112107623318386,0.0,0.0,223.0,1.0,223.0,0.0,0.0,223.0,0.0,0.0,223.0
-1,330,THYMIO,0.0021881177713729758,0.9374778265977372,0.054514480408858604,0.2061328790459966,0.303236797274276,0.20442930153321975,0.0,0.010221465076660987,0.0068143100511073255,587.0,1.0,587.0,0.0,0.0,587.0,0.0,0.0,587.0
-1,331,THYMIO,0.0,0.4627889456785497,0.9310344827586207,0.8275862068965517,0.5517241379310345,0.10344827586206896,0.0,0.27586206896551724,0.10344827586206896,29.0,1.0,29.0,0.0,0.0,29.0,0.0,0.0,29.0
-1,332,THYMIO,0.989340434444181,0.8254845738731922,0.1386481802426343,0.20623916811091855,0.2097053726169844,0.07625649913344887,0.03466204506065858,0.0,0.0,577.0,1.0,577.0,0.0,0.0,577.0,0.0,0.0,577.0
-1,333,THYMIO,0.9469473051960182,0.839414107148296,0.1350210970464135,0.1729957805907173,0.189873417721519,0.1729957805907173,0.04219409282700422,0.029535864978902954,0.016877637130801686,143.0,0.5607843137254902,255.0,0.0,0.0,255.0,112.0,0.4392156862745098,255.0
-1,334,THYMIO,0.9998870833388269,0.013122190959852502,0.0,0.11224489795918367,0.17857142857142858,0.11054421768707483,0.0,0.0,0.0,588.0,1.0,588.0,0.0,0.0,588.0,0.0,0.0,588.0
-1,335,THYMIO,0.965606063432022,0.7964729375310473,0.08737864077669903,0.14563106796116504,0.17475728155339806,0.1941747572815534,0.2524271844660194,0.0,0.0,103.0,1.0,103.0,0.0,0.0,103.0,0.0,0.0,103.0
-1,336,THYMIO,0.9184836344149488,0.8289570261549359,0.07751937984496124,0.07751937984496124,0.09302325581395349,0.15503875968992248,0.12403100775193798,0.0,0.0,129.0,1.0,129.0,0.0,0.0,129.0,0.0,0.0,129.0
-1,337,THYMIO,0.9999695943837016,0.8404630479295933,0.14516129032258066,0.2161290322580645,0.2403225806451613,0.0967741935483871,0.016129032258064516,0.01129032258064516,0.0016129032258064516,620.0,1.0,620.0,0.0,0.0,620.0,0.0,0.0,620.0
-1,338,THYMIO,0.7377898868166699,0.6997244147113613,0.3641207815275311,0.18650088809946713,0.15630550621669628,0.1669626998223801,0.1438721136767318,0.047957371225577264,0.0,193.0,0.33275862068965517,580.0,0.0,0.0,580.0,387.0,0.6672413793103448,580.0
-1,339,THYMIO,0.9999996792966643,0.8788802754755635,0.14285714285714285,0.1924198250728863,0.2303206997084548,0.15743440233236153,0.04956268221574344,0.01749271137026239,0.0029154518950437317,343.0,1.0,343.0,0.0,0.0,343.0,0.0,0.0,343.0
-1,340,THYMIO,0.9986741665899966,0.8164551898777735,0.18604651162790697,0.20465116279069767,0.20930232558139536,0.22325581395348837,0.2186046511627907,0.0,0.0,215.0,1.0,215.0,0.0,0.0,215.0,0.0,0.0,215.0
-1,341,THYMIO,0.7049798215930145,0.7880956880482376,0.3901192504258944,0.41396933560477,0.4190800681431005,0.47189097103918226,0.13798977853492334,0.01192504258943782,0.008517887563884156,423.0,0.6923076923076923,611.0,0.0,0.0,611.0,188.0,0.3076923076923077,611.0
-1,342,THYMIO,0.9995923422768848,0.824867873137333,0.17667238421955403,0.23499142367066894,0.2281303602058319,0.15780445969125215,0.07032590051457976,0.00686106346483705,0.0,583.0,1.0,583.0,0.0,0.0,583.0,0.0,0.0,583.0
-1,343,THYMIO,0.5761716189405582,0.566613673748547,0.008417508417508417,0.8198653198653199,0.8417508417508418,0.7929292929292929,0.3265993265993266,0.0,0.0,594.0,1.0,594.0,0.0,0.0,594.0,0.0,0.0,594.0
-1,326,THYMIO,0.9996108607672002,0.8276279388458507,0.146218487394958,0.22521008403361345,0.23025210084033612,0.08067226890756303,0.018487394957983194,0.0,0.0,595.0,1.0,595.0,0.0,0.0,595.0,0.0,0.0,595.0
-1,344,THYMIO,0.999813575551217,0.8547530486023858,0.33001658374792703,0.22553897180762852,0.20729684908789386,0.12769485903814262,0.04477611940298507,0.008291873963515755,0.0,603.0,1.0,603.0,0.0,0.0,603.0,0.0,0.0,603.0
-1,345,THYMIO,0.9996799817367034,0.8240302910334819,0.11336717428087986,0.17258883248730963,0.17089678510998307,0.08121827411167512,0.05583756345177665,0.0,0.0,591.0,1.0,591.0,0.0,0.0,591.0,0.0,0.0,591.0
-1,346,THYMIO,0.9999703184682488,0.8240657602149155,0.127831715210356,0.1941747572815534,0.19093851132686085,0.10517799352750809,0.06796116504854369,0.0,0.0,618.0,1.0,618.0,0.0,0.0,618.0,0.0,0.0,618.0
-1,347,THYMIO,0.9998605426538659,0.5751490687595622,0.12418300653594772,0.15849673202614378,0.18137254901960784,0.19117647058823528,0.09477124183006536,0.0,0.0,612.0,1.0,612.0,0.0,0.0,612.0,0.0,0.0,612.0
-1,348,THYMIO,0.9998436667948735,0.8280342203585191,0.15321252059308071,0.20757825370675453,0.2158154859967051,0.04612850082372323,0.013179571663920923,0.0,0.0,607.0,1.0,607.0,0.0,0.0,607.0,0.0,0.0,607.0
-1,349,THYMIO,0.9998030679991244,0.987672302222279,0.19230769230769232,0.25,0.25,0.25961538461538464,0.3076923076923077,0.0,0.0,104.0,1.0,104.0,0.0,0.0,104.0,0.0,0.0,104.0
-1,350,THYMIO,0.0026621403999419037,0.947881739552549,0.0,0.1270096463022508,0.1832797427652733,0.1382636655948553,0.0,0.0,0.0,622.0,1.0,622.0,0.0,0.0,622.0,0.0,0.0,622.0
-1,351,THYMIO,0.9978984111176715,0.8288855537289352,0.13752122241086587,0.19524617996604415,0.1935483870967742,0.1035653650254669,0.06621392190152801,0.0050933786078098476,0.003395585738539898,589.0,1.0,589.0,0.0,0.0,589.0,0.0,0.0,589.0
-1,352,THYMIO,0.9999999471017017,0.7765394349644794,0.14545454545454545,0.19090909090909092,0.19090909090909092,0.22727272727272727,0.2318181818181818,0.0,0.0,220.0,1.0,220.0,0.0,0.0,220.0,0.0,0.0,220.0
-1,353,THYMIO,0.9999554639344265,0.8552369700830955,0.13787638668779714,0.17432646592709986,0.18541996830427893,0.06656101426307448,0.0,0.014263074484944533,0.001584786053882726,631.0,1.0,631.0,0.0,0.0,631.0,0.0,0.0,631.0
-1,354,THYMIO,0.986068001064644,0.7914270766793988,0.1799163179916318,0.22594142259414227,0.2301255230125523,0.2510460251046025,0.24686192468619247,0.0,0.0,239.0,1.0,239.0,0.0,0.0,239.0,0.0,0.0,239.0
-1,355,THYMIO,0.9996821171713652,0.828335926399856,0.13980263157894737,0.19572368421052633,0.19407894736842105,0.08552631578947369,0.03618421052631579,0.0,0.0,608.0,1.0,608.0,0.0,0.0,608.0,0.0,0.0,608.0
-1,356,THYMIO,0.9978169639730602,0.8200511339000345,0.30708661417322836,0.33070866141732286,0.3228346456692913,0.2440944881889764,0.14173228346456693,0.047244094488188976,0.007874015748031496,127.0,1.0,127.0,0.0,0.0,127.0,0.0,0.0,127.0
-1,357,THYMIO,0.9999997882463473,0.8660507699576673,0.17733990147783252,0.20032840722495895,0.20361247947454844,0.10837438423645321,0.021346469622331693,0.026272577996715927,0.0049261083743842365,609.0,1.0,609.0,0.0,0.0,609.0,0.0,0.0,609.0
-1,358,THYMIO,0.9986409986509229,0.8630819355609772,0.2916666666666667,0.3416666666666667,0.35,0.23333333333333334,0.19166666666666668,0.0,0.0,120.0,1.0,120.0,0.0,0.0,120.0,0.0,0.0,120.0
-1,359,THYMIO,0.23217611212498204,0.9993452929050087,0.003179650238473768,0.151033386327504,0.26073131955484896,0.21462639109697934,0.07313195548489666,0.0,0.0,629.0,1.0,629.0,0.0,0.0,629.0,0.0,0.0,629.0
-1,360,THYMIO,0.999999987453624,0.8639572740654029,0.13677811550151975,0.22188449848024316,0.2553191489361702,0.19756838905775076,0.02735562310030395,0.00911854103343465,0.0,329.0,1.0,329.0,0.0,0.0,329.0,0.0,0.0,329.0
-1,361,THYMIO,0.999985556889224,0.998279991029184,0.23423423423423423,0.2882882882882883,0.3063063063063063,0.26126126126126126,0.21621621621621623,0.0,0.0,111.0,1.0,111.0,0.0,0.0,111.0,0.0,0.0,111.0
-1,362,THYMIO,0.9987944964378178,0.8185521074443913,0.16062176165803108,0.20207253886010362,0.19689119170984457,0.13989637305699482,0.06735751295336788,0.0034542314335060447,0.0,579.0,1.0,579.0,0.0,0.0,579.0,0.0,0.0,579.0
-1,357,THYMIO,0.9999997864349498,0.8721766468724281,0.18114602587800369,0.18853974121996303,0.1977818853974122,0.09057301293900184,0.018484288354898338,0.031423290203327174,0.005545286506469501,541.0,1.0,541.0,0.0,0.0,541.0,0.0,0.0,541.0
-1,363,THYMIO,0.9985212996530987,0.8128054779314756,0.10961214165261383,0.15008431703204048,0.15177065767284992,0.07588532883642496,0.05902192242833052,0.0,0.0,593.0,1.0,593.0,0.0,0.0,593.0,0.0,0.0,593.0
-1,364,THYMIO,0.11874041849033637,0.9823135692465652,0.009966777408637873,0.20431893687707642,0.3073089700996678,0.2558139534883721,0.0,0.0,0.0,602.0,1.0,602.0,0.0,0.0,602.0,0.0,0.0,602.0
-1,365,THYMIO,0.9999351444584528,0.8499694594341938,0.3333333333333333,0.3333333333333333,0.1937984496124031,0.13178294573643412,0.09302325581395349,0.05426356589147287,0.046511627906976744,129.0,1.0,129.0,0.0,0.0,129.0,0.0,0.0,129.0
-1,366,THYMIO,0.9999976012850506,0.0035844880159652515,0.0,0.0975609756097561,0.23739837398373984,0.11056910569105691,0.0,0.0,0.0,615.0,1.0,615.0,0.0,0.0,615.0,0.0,0.0,615.0
-1,367,THYMIO,0.9988305211824148,0.8120169661559868,0.16901408450704225,0.20657276995305165,0.19718309859154928,0.22065727699530516,0.2347417840375587,0.0,0.0,213.0,1.0,213.0,0.0,0.0,213.0,0.0,0.0,213.0
-1,368,THYMIO,0.9999997779075442,0.8863597902320287,0.23846153846153847,0.27692307692307694,0.2846153846153846,0.2692307692307692,0.15384615384615385,0.06153846153846154,0.046153846153846156,130.0,1.0,130.0,0.0,0.0,130.0,0.0,0.0,130.0
-1,369,THYMIO,0.9999998115005028,0.8696243366888389,0.23646723646723647,0.21082621082621084,0.23931623931623933,0.1623931623931624,0.045584045584045586,0.02849002849002849,0.0,351.0,1.0,351.0,0.0,0.0,351.0,0.0,0.0,351.0
-1,370,THYMIO,0.977218263162103,0.8434081286995246,0.1212624584717608,0.16777408637873753,0.17940199335548174,0.06478405315614617,0.006644518272425249,0.02823920265780731,0.011627906976744186,602.0,1.0,602.0,0.0,0.0,602.0,0.0,0.0,602.0
-1,371,THYMIO,0.9999873351461728,0.8022169156881346,0.14634146341463414,0.2146341463414634,0.2,0.16260162601626016,0.12195121951219512,0.0,0.0,615.0,1.0,615.0,0.0,0.0,615.0,0.0,0.0,615.0
-1,372,THYMIO,0.9992738121802396,0.9983286928518872,0.0,0.0,0.0,0.1917808219178082,0.4657534246575342,0.0,0.0,73.0,1.0,73.0,0.0,0.0,73.0,0.0,0.0,73.0
-1,373,THYMIO,0.9999535432520228,0.8338274519230469,0.10099337748344371,0.15397350993377484,0.152317880794702,0.059602649006622516,0.0380794701986755,0.0,0.0,604.0,1.0,604.0,0.0,0.0,604.0,0.0,0.0,604.0
-1,374,THYMIO,0.9995954788633069,0.829305303356875,0.12151067323481117,0.18883415435139572,0.180623973727422,0.09359605911330049,0.054187192118226604,0.0,0.0,609.0,1.0,609.0,0.0,0.0,609.0,0.0,0.0,609.0
-1,375,THYMIO,0.9997232319146078,0.8308442376334336,0.1331168831168831,0.19805194805194806,0.18831168831168832,0.11038961038961038,0.06168831168831169,0.003246753246753247,0.0,616.0,1.0,616.0,0.0,0.0,616.0,0.0,0.0,616.0
-1,376,THYMIO,0.005874484789756687,0.9905301497481459,0.0,0.12876254180602006,0.1939799331103679,0.12374581939799331,0.0,0.0,0.0,598.0,1.0,598.0,0.0,0.0,598.0,0.0,0.0,598.0
-1,377,THYMIO,0.9895287668174396,0.8887991482354943,0.17473118279569894,0.1693548387096774,0.24731182795698925,0.16666666666666666,0.06451612903225806,0.043010752688172046,0.013440860215053764,372.0,1.0,372.0,0.0,0.0,372.0,0.0,0.0,372.0
-1,378,THYMIO,0.9978200437627205,0.8271077923677658,0.13192182410423453,0.19055374592833876,0.19381107491856678,0.07654723127035831,0.03745928338762215,0.0,0.0,614.0,1.0,614.0,0.0,0.0,614.0,0.0,0.0,614.0
-1,379,THYMIO,0.9999985950419833,0.833520178876501,0.14566284779050737,0.23240589198036007,0.24058919803600654,0.09328968903436989,0.019639934533551555,0.006546644844517185,0.0,611.0,1.0,611.0,0.0,0.0,611.0,0.0,0.0,611.0
-1,380,THYMIO,0.99999967578005,0.8268673826949131,0.1188118811881188,0.15841584158415842,0.1485148514851485,0.066006600660066,0.024752475247524754,0.0,0.0,606.0,1.0,606.0,0.0,0.0,606.0,0.0,0.0,606.0
-1,381,THYMIO,0.13980782541901382,0.9986376380285262,0.0,0.08072487644151564,0.20593080724876442,0.12685337726523888,0.0,0.0,0.0,607.0,1.0,607.0,0.0,0.0,607.0,0.07.00,0.0,6