10,168,7.561461458266778
10,192,6.752212411125767
10,193,0.7270380153154511
10,194,3.17349126266246e-06
10,195,4.0569964916189
10,196,4.084750658786778
10,197,3.896431499564298
10,198,7.268513914489466
10,199,3.457534960962662
10,200,7.3674436874063876
10,201,8.071116342048207
10,202,7.553709969072307
10,203,6.976831669597643
10,204,7.17478182289186
10,205,0.6495994842301495
10,206,7.1320460146406175
10,207,0.26497922943073954
10,208,0.23273529160324408
10,209,4.711797915632622
10,210,3.9656330703091935
