11,201,7.9793409628320076
11,211,0.5075654053380078
11,212,0.2541586287147614
11,213,1.1490490945817284
11,214,1.3632662727773999
11,215,1.5109494386959608
11,216,0.7625606186742347
11,217,2.4420594266620745
11,218,7.4095567547357275
11,219,7.738613389050807
11,220,1.3887163457743787
11,221,0.4658457797684712
11,222,1.0895590822891217
11,223,3.424809796709887
11,224,7.674776600661759
11,225,0.5793363471051547
11,226,0.47707005833127847
11,227,1.347656011684699
11,228,6.478396222978708
11,229,0.18098262485229194
