9,3,7.431998790622883
9,20,2.870738255060717
9,21,3.814492590320015
9,22,7.1690632517704245
9,23,2.437410049694466
9,24,6.275560587296014
9,25,1.443337652196331
9,26,1.4314023638014732
9,27,3.626507827057274
9,28,7.222937566761641
9,29,7.042939190399574
9,30,2.9921887593607215
9,31,0.09625902648206057
9,32,0.8845734388803044
9,33,5.756507777475974
9,34,0.3699399943465867
9,35,2.8637807825425483
9,36,2.1363203357312615
9,37,6.644793759443346
9,38,3.162711278526658
9,3,7.320496801347568
9,20,2.56653729678945
9,21,3.763618309149377
9,22,7.506636515306241
9,23,1.4189704104345326
9,24,6.326500116312962
9,25,1.4645754488416067
9,26,1.4564901349457624
9,27,3.4335998786324806
9,28,7.19994871971514
9,29,7.163651154179541
9,30,2.8618281481948475
9,31,0.10214140763123518
9,32,7.01160842692265
9,33,5.120038200967254
9,34,0.3660454895814785
9,35,4.262399637006996
9,36,2.3783708817900684
9,37,6.950060794645501
9,38,4.348851478087684
