10,176,30.95417087549015
10,192,18.033644697198806
10,193,23.260835965512758
10,194,0.13308565297743424
10,195,0.8728982253927118
10,196,0.9479562620931088
10,197,29.859213972730284
10,198,0.49008667617637375
10,199,29.58301772384946
10,200,28.074256386228413
10,201,28.471598222368016
10,202,30.90455859332113
10,203,25.662432260235345
10,204,2.73424811036904
10,205,0.2232025653738233
10,206,27.743156383918663
10,207,27.6712008524013
10,208,20.963237842842226
10,209,14.294793945705184
10,210,9.173465083053395
