11,176,30.35068592179112
11,211,1.132828496081431
11,212,5.942192471915675
11,213,24.641877561675017
11,214,30.036176304098127
11,215,2.8383492919487563
11,216,31.62199659486633
11,217,29.829006233882225
11,218,19.539069514232445
11,219,31.68004300481258
11,220,18.596309389216163
11,221,31.481796100290882
11,222,1.8056974039878815
11,223,31.14794408236042
11,224,0.006524707729911859
11,225,1.8256524406599994
11,226,0.014628840689787311
11,227,9.178471265997882
11,228,1.1125332970511035
11,229,4.1390347623413835
